-2.16133670221 0.798824510978
-2.17236754114 0.892032000736
-2.1687321352 0.871652486927
-2.16010462786 0.900442164384
-2.15178057754 0.838455380182
-2.20653840479 0.907380652912
-2.16713086576 0.939381892974
-2.13766327654 0.840994919287
-2.14931015475 0.86674616034
-2.20584162143 0.896213895877
-2.15608423968 0.868677830964
-2.16820858269 0.853142033961
-2.13002035803 0.851887914614
-2.2040369789 0.984590550054
-2.19949859943 0.926734134284
-2.21147738528 0.88614361346
-2.14809713753 0.833500748692
-2.20638951578 0.921808827558
-2.24337724827 0.940262383274
-2.13726151735 0.879435379943
-2.11148488568 0.792398051671
-2.17272897823 0.888128915706
-2.20367345736 0.922504510814
-2.16566554615 0.846005950143
-2.21061628274 0.850675073681
-2.1702924408 0.899253794734
-2.18178448198 0.879696260147
-2.16947177455 0.822814876048
-2.15987776429 0.851995714518
-2.19109942913 0.852678138561
-2.15051288716 0.864989375895
-2.1765322885 0.836776749954
-2.23191623596 0.919907654861
-2.16851743949 0.994089428139
-2.2155783456 0.936377395692
-2.16294889379 0.815879182772
-2.19411728553 0.891576036797
-2.1687569902 0.904714269195
-2.16195048888 0.878539900298
-2.11387758455 0.849394035318
-2.18730112241 0.9165569606
-2.2113168086 0.811521998421
-2.15753574245 0.922235092801
-2.22025320512 0.886550928116
-2.16758296665 0.927821820741
-2.19696153674 0.884621039909
-2.14563356866 0.857393617521
-2.17370653005 0.833992467397
-2.17380082367 0.845793906224
-2.18548959583 0.868415085742
-2.17627403613 0.880604195375
-2.13101395395 0.921032102826
-2.19338697008 0.931112158229
-2.154328826 0.906077902323
-2.15398170334 0.895630382947
-2.18988931947 0.924034356407
-2.14740477401 0.74763141993
-2.16340675102 0.836960070985
-2.11244387895 0.882103327355
-2.15190939969 0.84322542698
-2.15019755997 0.876057202648
-2.19268218363 0.835127457542
-2.22871649708 0.901397465737
-2.16687036711 0.897465302314
-2.13191661797 0.898017111096
-2.15542053812 0.848155860863
-2.21534517769 0.960130863557
-2.18923927633 0.896139723213
-2.19994497612 0.835509355932
-2.24372311699 0.928969113837
-2.19675659959 0.847068351633
-2.18722255194 0.883143065457
-2.1812753706 0.909202877895
-2.17526733756 0.877070771948
-2.18568419274 0.843077712514
-2.16974855625 0.891932080229
-2.18377885317 0.917030132321
-2.19508141998 0.869765733305
-2.17672792881 0.886578770108
-2.18829694194 0.878346399849
-2.22203894767 0.917535192364
-2.19861173511 0.837527366427
-2.16871207077 0.92730020305
-2.15190520714 0.850936072067
-2.20268870802 0.889987278221
-2.15122173102 0.841618255824
-2.18870542911 0.820865003396
-2.15159980305 0.93894674408
-2.17422160222 0.898862334179
-2.15548611518 0.913486220705
-2.1761926884 0.844557610726
-2.1918913758 0.924095054663
-2.174187223 0.930756178601
-2.17239892481 0.811262651803
-2.14173968426 0.880209886496
-2.18237237378 0.850081286996
-2.15259698941 0.904885982067
-2.20706942547 0.900549541361
-2.20005520017 0.920861029466
-2.11196137534 0.811048331477
-2.20270120136 0.892319171323
-2.20334844688 0.878023965492
-2.18661393295 0.990594291325
-2.15900054857 0.822971956573
-2.12735397971 0.890507706075
-2.19665669666 0.84250093633
-2.13550230428 0.830087256061
-2.17925003389 0.896743011894
-2.16354857555 0.87094932327
-2.19788431258 0.866302599808
-2.21326865935 0.864327240922
-2.18183234264 0.834672733267
-2.14965326195 0.929645549409
-2.17103000195 0.834327522134
-2.13190882983 0.878510363233
-2.14508662332 0.824140018204
-2.16872609532 0.875154655233
-2.17679086096 0.86902306938
-2.1305117291 0.817507119536
-2.19250095718 0.850514762447
-2.15516473733 0.892028060026
-2.17790253359 0.924061538701
-2.13337711845 0.850448352898
-2.17514796738 0.8709798467
-2.21555357704 0.900032424155
-2.15994235547 0.86238334815
-2.1578432441 0.813731675835
-2.18356497454 0.929097538641
-2.18198400197 0.855550665025
-2.15184595183 0.955515480009
-2.20102754258 0.917424185901
-2.13567091794 0.863661973565
-2.19919889652 0.921205874301
-2.15296669682 0.926740137436
-2.18986995621 0.944307409757
-2.18234836937 0.95247203542
-2.16151845498 0.815504168176
-2.22271968259 0.884227019088
-2.1839059173 0.943558626168
-2.15587472209 0.79303026928
-2.21048456091 0.954522153022
-2.16686922694 0.815546370575
-2.17792475917 0.843750465172
-2.20325304277 0.947916159443
-2.15047758583 0.869923741541
-2.20134615392 0.866458654158
-2.22501240249 0.880245569173
-2.14666642907 0.868603044837
-2.15749218545 0.876016985079
-2.15544190127 0.938026453263
-2.20104046384 0.854165548014
-2.1504439372 0.909619836185
-2.14110364157 0.831648969778
-2.16956764523 0.798566699674
-2.17359609271 0.841649188481
-2.16868731365 0.865822432543
-2.14918305977 0.872934052809
-2.2178069079 0.940594944642
-2.17721382186 0.918697210042
-2.18653534222 0.935752952479
-2.18747194879 0.857147353361
-2.17178359256 0.871060106654
-2.14578459424 0.872937358229
-2.17086642322 0.919632460958
-2.19728758762 0.95128561648
-2.16527069636 0.865563173931
-2.16953226873 0.870786255412
-2.14837775339 0.844326941506
-2.15734259786 0.829603262349
-2.18058836355 0.877863710805
-2.18507938316 0.907100267564
-2.23571667168 0.929628709691
-2.17313752133 0.855049401929
-2.16280395457 0.794307884606
-2.19046241153 0.916304449045
-2.20133191435 0.887124703165
-2.19310354912 0.868521390623
-2.20122842276 0.875330674767
-2.16702525641 0.833250500144
-2.19850630353 0.873323843258
-2.18519167828 0.872445707042
-2.14888384729 0.85097023445
-2.19725208457 0.87316826594
-2.2111549756 0.861065424337
-2.19997347396 0.881727403449
-2.18027561549 0.912639147654
-2.23127645856 0.912015338247
-2.21817015329 0.906833306291
-2.20063492852 0.91996243744
-2.17054614653 0.8592818411
-2.15909095396 0.893475075704
-2.15210026102 0.888444227235
-2.16871018106 0.80376101989
-2.17718595447 0.871929093649
-2.20532924463 0.893743050197
-2.21508609512 0.868282319833
-2.22168970973 0.952022267836
-2.14761994945 0.897556982236
-2.16788190222 0.895311741361
-2.11829220491 0.859851611633
-2.17115008224 0.823577591443
-2.17186852917 0.934212738173
-2.1481686447 0.887360283562
-2.14039093407 0.862975805645
-2.15703828289 0.85337942008
-2.16477465312 0.875088460082
-2.16182297547 0.826602839297
-2.14150473291 0.825355893318
-2.17058022803 0.927788565067
-2.16639559899 0.901729045167
-2.18028248132 0.895250927645
-2.14596118451 0.920400505239
-2.18999952442 0.901952085188
-2.16931287664 0.788742808594
-2.17085598969 0.883738435621
-2.19698874044 0.910435035238
-2.1506941995 0.863346575099
-2.17873804549 0.910553661187
-2.21231332904 0.870215941568
-2.14848362264 0.925534992901
-2.22326652524 0.890999713505
-2.17533992368 0.848194054783
-2.15016847581 0.821973292999
-2.19675527362 0.903315299421
-2.14761696987 0.909826871561
-2.18993831588 0.882440660785
-2.21142130748 0.887221006514
-2.1786614458 0.846535081806
-2.18954639194 0.889171077864
-2.17400624662 0.950490790842
-2.14673783523 0.878913351417
-2.15782042904 0.832554585708
-2.13661994372 0.880075133834
-2.1517593032 0.869678241671
-2.15901651476 0.798697008764
-2.17707374257 0.872142808362
-2.13101803858 0.830942945408
-2.2030095718 0.882177250482
-2.19218772809 0.887464255073
-2.15992830247 0.861116898891
-2.17979474173 0.843023068535
-2.16703416864 0.931226961476
-2.13588772476 0.834589009429
-2.19387180106 0.933388213445
-2.16604980908 0.871396270642
-2.19074229249 0.877061191303
-2.14111643768 0.810206458797
-2.21014783706 0.875911994108
-2.21330460462 0.906766889906
-2.18107516008 0.88936035034
-2.12719844505 0.7717929099
-2.12610209945 0.848546379566
-2.20789809442 0.901386833029
-2.20151148175 0.867453924308
-2.19253956874 0.928581566823
-2.18658546277 0.851481317962
-2.23002504643 0.916389537873
-2.21951107266 0.894258996182
-2.15819931326 0.848624269353
-2.17190786138 0.933875664304
-2.18595533229 0.9091516076
-2.14567589696 0.864139297205
-2.21772151294 0.95443478258
-2.18497051301 0.86599604074
-2.21735466306 0.91746939086
-2.18603939653 0.891075202486
-2.14078979456 0.812487363974
-2.1497494261 0.868300122416
-2.11702620845 0.857436531189
-2.19161854234 0.869406724642
-2.24742058046 0.917053697916
-2.16827754125 0.901357179701
-2.15572338508 0.882629514854
-2.17630271724 0.900898340949
-2.18172153049 0.850139647264
-2.17174249548 0.883119712923
-2.1561457208 0.848403588033
-2.20091654796 0.885736498911
-2.17676505857 0.958739425257
-2.1677951286 0.90558484844
-2.17467687645 0.873109696942
-2.19085924273 0.903741124893
-2.15824245735 0.878564624004
-2.1249038144 0.90441284653
-2.15542436056 0.816498539154
-2.15680353832 0.865651446955
-2.21692656579 0.895526646672
-2.13136108108 0.88517578622
-2.18614404627 0.948228529567
-2.16816614378 0.878352213563
-2.1130264885 0.850308313085
-2.20192611472 0.824323767296
-2.18856089218 0.963395124779
-2.23125143106 0.92632463515
-2.2284803586 0.936281972481
-2.21480367335 0.901247745334
-2.19594111621 0.861235946281
-2.16452271549 0.854067499447
-2.16471500172 0.854341476433
-2.16707927278 0.823256409028
-2.18485667347 0.918083990749
-2.18075195537 0.878015066277
-2.15468063615 0.940211900852
-2.1816184299 0.895742906781
-2.17716011735 0.885533332994
-2.14774231922 0.918150975815
-2.15695189244 0.883812810575
-2.16586504607 0.845045042564
-2.15669881389 0.761761475589
-2.19525926954 0.884523786938
-2.18546506545 0.807930277589
-2.17535678836 0.824954878126
-2.20513114609 0.877341541852
-2.21848031702 0.911070886209
-2.16675111349 0.885998387439
-2.16519682531 0.862922330871
-2.16761805154 0.904856262392
-2.17684286551 0.905259304329
-2.16303683244 0.808528479341
-2.13526648707 0.846494070141
-2.15800876295 0.947411507761
-2.15643386077 0.831117593402
-2.14972401702 0.887588107825
-2.16586550589 0.912400706996
-2.1348724775 0.859701183182
-2.18038151371 0.906398702621
-2.15168859169 0.843017230787
-2.18444198215 0.876449870719
-2.17307537663 0.844389109343
-2.17616308859 0.909504214462
-2.18187459353 0.894188315231
-2.18796338677 0.836003415929
-2.19444074934 0.950443756381
-2.21759410808 0.868233852706
-2.17358492681 0.86487504586
-2.15381375679 0.84853032991
-2.19324319135 0.902063817493
-2.14576302793 0.917451996639
-2.15705187553 0.952757264881
-2.15412264564 0.846465897771
-2.19649251676 0.866332882224
-2.20334397185 0.966713125404
-2.18358610096 0.881855788978
-2.1470941938 0.894698547645
-2.17587141983 0.814694288338
-2.14923665837 0.889464689071
-2.11061235761 0.833199515868
-2.18001245551 0.87498404022
-2.19266663684 0.928512130404
-2.18419336638 0.920697780834
-2.18260348115 0.92981561035
-2.20478085062 0.919866720247
-2.18510798144 0.889755239459
-2.20930786414 0.930232023857
-2.1712060279 0.942268088699
-2.16616027662 0.876455293156
-2.15588608198 0.927734791665
-2.14577243234 0.835712850941
-2.15538715861 0.818972966743
-2.16243183205 0.882043867961
-2.13634437637 0.804961724418
-2.20317308576 0.92850731256
-2.18745512538 0.908529385002
-2.1639465591 0.804783806824
-2.19199950226 0.883126363076
-2.21552264507 0.88025923195
-2.12759269318 0.871581818787
-2.14973642707 0.915808960912
-2.18496286145 0.883945439425
-2.17858375612 0.899982084272
-2.2135170846 0.872441175619
-2.14886358656 0.89852396104
-2.15732584821 0.921733412751
-2.1850655119 0.906810685587
-2.19262050839 0.962683369201
-2.18766198305 0.854748490743
-2.21091661634 0.83069977384
-2.17978123392 0.908506573153
-2.15054670109 0.836521890946
-2.14926644478 0.854356274512
-2.14561664813 0.852990218045
-2.18059040376 0.887328936284
-2.22495934659 0.922150431635
-2.14440053173 0.88588653044
-2.206296008 0.940856706957
-2.09448814985 0.77525295441
-2.16442770152 0.898876908751
-2.15508654384 0.88918416355
-2.15300749119 0.944471349265
-2.15392868697 0.834947618063
-2.16207410938 0.793902495544
-2.17599075039 0.920970266747
-2.12119453764 0.971299756886
-2.15138834792 0.918046206136
-2.20730850986 0.922262146589
-2.18394244859 0.888216040637
-2.21282469696 0.885454840601
-2.16454836493 0.897044200359
-2.18180447803 0.902989786422
-2.16349590731 0.858554363018
-2.14719216085 0.82366563806
-2.19803667544 0.931212815882
-2.18007071414 0.891501100956
-2.19086520387 0.844974434981
-2.1139155466 0.921627518284
-2.16627785958 0.871097465229
-2.1506419888 0.886927974529
-2.14873636413 0.877118052386
-2.20598674064 0.775984481299
-2.20866546239 0.938197346581
-2.12616933952 0.880302630341
-2.2072199921 0.878398130501
-2.12697314916 0.913692187171
-2.19933147145 0.927197950087
-2.2079360401 0.867787163364
-2.15587467813 0.845527139345
-2.17938535992 0.895247230171
-2.17167543541 0.893011646273
-2.2089746104 0.884322024631
-2.19794693583 0.916339136266
-2.19528149624 0.950534825075
-2.1826707657 0.928845248935
-2.17346414285 0.903914000009
-2.19088137486 0.845901061198
-2.1355115873 0.871861011006
-2.20563389182 0.89141515151
-2.14394126657 0.877237307045
-2.1587702524 0.952363411463
-2.17313976898 0.925146661999
-2.16413636596 0.865358129374
-2.12959419243 0.865858066893
-2.18507278127 0.892864402783
-2.17303430282 0.856724399894
-2.13000810512 0.833391405349
-2.2277037839 0.848081266513
-2.20701764539 0.920120812906
-2.16906321415 0.869002564428
-2.14619168103 0.887068520802
-2.15886218647 0.855416180761
-2.19480219512 0.92794251558
-2.1506081653 0.880365227443
-2.13727507285 0.840722117567
-2.14028143965 0.865957291785
-2.13863097855 0.835394263781
-2.22688443415 0.925117149959
-2.20468534998 0.897241776021
-2.20304598133 0.896177391132
-2.20003141704 0.927170576586
-2.17353539409 0.922739652217
-2.13686450115 0.832214336987
-2.16220792877 0.908665260604
-2.15500300094 0.793670663088
-2.15870371207 0.837954597364
-2.16801503303 0.883341799861
-2.13651073869 0.880492724686
-2.17691955058 0.855864855139
-2.16278787785 0.858706604746
-2.18721381838 0.892351053405
-2.14422309157 0.891620700362
-2.18444973383 0.913779146689
-2.18429738304 0.924739277697
-2.1133993642 0.855471385525
-2.19668435055 0.908693778874
-2.19585618637 0.870572959172
-2.17909066135 0.914492604343
-2.19125864669 0.866403385478
-2.18849344775 0.926546560615
-2.19729916524 0.90310917437
-2.18976606568 0.943331732714
-2.19133602707 0.876547069607
-2.14097142365 0.856645776214
-2.17678132546 0.854506341632
-2.15172843444 0.833173760602
-2.16423252123 0.902823203998
-2.18158407979 0.768312919314
-2.13861293343 0.870485847122
-2.16705813514 0.874978344627
-2.18262177452 0.908696239608
-2.19304778855 0.916907375775
-2.14459043162 0.85742174745
-2.18197108134 0.930339343721
-2.17349232808 0.894116911444
-2.17166489354 0.886527741485
-2.18210367194 0.916583243039
-2.15321530639 0.957515597294
-2.16612324376 0.892528306678
-2.22838312512 0.819778507991
-2.16472906581 0.889375081436
-2.2103362897 0.90625478029
-2.17619083766 0.908063898088
-2.18816226181 0.921391209308
-2.15559924954 0.912457852698
-2.14462604306 0.889330174617
-2.1840441562 0.908679298501
-2.20215213575 0.930923597974
-2.16328738764 0.853264713335
-2.21057185866 0.887080302504
-2.19110992896 0.911963168067
-2.14949573321 0.910112487633
-2.15670643955 0.921006894947