0.38880733945,1.0132426639,0.880920596438,0.733584426979,1.0,1.0,1.0
0.5124872579,0.7140409123,1.58793355393,0.384946802111,1.0,0.982,0.948
0.309653414883,0.41356461572,0.665696365031,0.246809876899,0.992,0.876,0.766
0.361039755352,0.53937790124,1.24703940832,0.644280022878,1.0,1.0,1.0
0.295953109072,0.52039587301,0.650639713777,0.634253066545,1.0,0.998,0.96
0.244097859327,0.48211228229,0.588573222913,0.398507045295,1.0,0.876,0.626
0.207767584098,0.12166202382,0.561721223217,0.053405305235,0.178,0.0,0.0
0.476809378186,0.479246563104,1.24188793546,0.339721428454,0.998,0.982,0.844
0.420244648318,0.375466365868,0.786519915599,0.197136022932,0.976,0.674,0.5
0.720672782875,0.970933850215,0.804224477931,0.760595953869,1.0,1.0,1.0
0.514923547401,0.335730441225,1.09171932448,0.143556503165,0.908,0.526,0.186
0.297431192661,0.209689224168,0.690524431612,0.126728089305,0.866,0.188,0.11
0.454373088685,0.1749285776,0.715926327651,0.0813382101288,0.606,0.044,0.008
1.06462793068,0.400062190133,1.62253715916,0.0718735625461,0.456,0.012,0.0
0.42002038736,0.2795312764,0.56885561944,0.182602888962,0.96,0.108,0.104
0.66369011213,0.319294238916,0.527820237622,0.264904674607,0.996,0.404,0.118
0.467828746177,0.544779413159,0.616094704336,0.524302361258,1.0,1.0,0.996
0.0266941,0.0231407225683,0.0445457799089,0.0159081509837,0.0,0.0,0.0
0.0344134,0.0551726422989,0.052076062532,0.0459347568632,0.06,0.0,0.0
0.0882146,0.0720493688547,0.179498750166,0.0380663237134,0.05,0.0,0.0
0.0763655,0.0719866278152,0.2436171978,0.0529850625877,0.176,0.0,0.0
0.0302376,0.0323864476877,0.0804666245851,0.0189501557378,0.0,0.0,0.0
0.0295575,0.0197651120808,0.0900002089952,0.00827906743225,0.0,0.0,0.0
0.05324,0.0531044953997,0.15103510269,0.0378765890401,0.028,0.0,0.0
0.0283003,0.110213598327,0.0734140862154,0.0438561530022,0.068,0.0,0.0
0.133641,0.136850809081,0.573552508703,0.0999313510566,0.634,0.09,0.054
0.106624,0.115005934817,0.437711099109,0.091057015245,0.498,0.016,0.002
0.2573848,0.163127679279,0.958057921759,0.170016276963,0.934,0.166,0.108
0.1142694,0.11167128645,0.321141277365,0.110750391749,0.526,0.04,0.002
0.13207,0.20694690248,0.497235670649,0.163834805116,0.856,0.138,0.116
0.208729,0.55205829551,0.911019050995,0.233340494264,0.986,0.688,0.414
0.183978,0.154932336566,0.796983291043,0.138654122414,0.822,0.42,0.188
0.130738,0.109542242569,0.283733010353,0.108894564884,0.794,0.14,0.084
0.0970053,0.115532355318,0.287615372476,0.130665708788,0.85,0.1,0.064
0.0858322,0.15357063362,0.225000082453,0.150453132038,0.936,0.616,0.206
0.0887493,0.0908611525484,0.168947100381,0.128430505519,0.844,0.106,0.092
0.136761,0.195173130767,0.268404006421,0.276153810218,0.996,0.832,0.236
0.181922,0.276505661581,0.546216922692,0.203925898065,0.978,0.72,0.228
0.149747,0.197771185865,0.3936093447,0.147027681968,0.92,0.214,0.168
0.145812,0.176731127663,0.301638031539,0.21651276737,0.98,0.126,0.112
0.189655,0.236429973951,0.557010036403,0.17522230409,0.956,0.112,0.106
0.156082,0.140136533497,0.486863157635,0.117912844936,0.734,0.04,0.008
0.173062,0.171709458343,0.618912344414,0.0925616823874,0.644,0.052,0.014
0.0239675,0.0518410733191,0.0538668792051,0.0255996703775,0.016,0.0,0.0
0.0370702,0.0524800800352,0.101102539894,0.0417987186194,0.042,0.0,0.0
0.08023599,0.0359508166521,0.105846558711,0.0148361623387,0.002,0.0,0.0
0.0603227,0.0485538388687,0.134129482835,0.0208405932192,0.004,0.0,0.0
0.0909962,0.0594734822826,0.303665182703,0.0443903126681,0.09,0.0,0.0
0.130532,0.104864740756,0.329433587753,0.052523777332,0.288,0.018,0.002
0.126049,0.141921328173,0.175281714093,0.108572549949,0.768,0.094,0.08
0.106076,0.0648990111218,0.28117301671,0.0364487095332,0.04,0.0,0.0
0.5137029,0.201543363832,1.19531298484,0.0931198900541,0.702,0.094,0.088
0.9700658,0.365013283046,2.31847419748,0.0938288180222,0.54,0.032,0.004
0.0231414,0.0271381599005,0.0904726850193,0.0116612747123,0.0,0.0,0.0
0.0143188,0.00961850082713,0.0571758726964,0.00675048679845,0.0,0.0,0.0
0.0289197,0.0133791750269,0.0311697386486,0.00759194032927,0.0,0.0,0.0
0.0296317,0.0124554431487,0.035791956162,0.0125140901908,0.0,0.0,0.0
0.208837,0.135478040038,0.257000595813,0.132077377411,0.9,0.154,0.114
0.177386,0.156567821354,0.347200829764,0.125031139582,0.84,0.086,0.042
0.164539,0.0489761564022,0.0932178782538,0.0380212214542,0.062,0.0,0.0
0.160712,0.123493507896,0.185463065181,0.0935374469044,0.606,0.086,0.054
0.0491193,0.0351860356451,0.087904020332,0.0232778190687,0.008,0.0,0.0
0.068514,0.0417765566515,0.252661469856,0.0368116206674,0.038,0.0,0.0
0.0619189,0.106570732812,0.174143684963,0.137148012243,0.788,0.082,0.032
0.0904709,0.085455370014,0.185681974778,0.0842511105406,0.5,0.016,0.0
0.125183,0.0933111206272,0.265124776191,0.120530475905,0.77,0.094,0.086
0.2290717,0.204515039693,0.491291375374,0.10721418617,0.794,0.124,0.096
0.0325718,0.0153504730726,0.0545167439151,0.00841841350434,0.0,0.0,0.0
0.0376053,0.0128655294579,0.0593336578386,0.00380506555507,0.0,0.0,0.0
0.1319861,0.127350658938,0.243629380573,0.0963967557888,0.65,0.076,0.056
0.1336049,0.133826746294,0.289262106372,0.11437541815,0.764,0.112,0.098
0.248326,0.191868945465,0.496008726445,0.164808307179,0.926,0.122,0.092
0.174995,0.194053692275,0.582082501484,0.117741972675,0.844,0.106,0.086
0.08162404,0.0701677982115,0.211897383753,0.0916248610584,0.522,0.034,0.006
0.07840922,0.0225282430162,0.127494446103,0.0127851153875,0.0,0.0,0.0
0.162811,0.0697951959066,0.451387208301,0.0253695527376,0.004,0.0,0.0
0.3513287,0.22036520815,0.797298030172,0.168214169065,0.94,0.112,0.104
0.3148085,0.307968351474,0.656493163519,0.139357962839,0.874,0.102,0.054
0.549562,0.368717792088,1.35474430836,0.361875225133,0.998,0.926,0.28
0.3997109,0.445300526586,0.998356952539,0.314319772275,0.998,0.564,0.13
0.1149856,0.182961636051,0.305526107114,0.134672694124,0.848,0.172,0.14
0.1460816,0.199869736402,0.367997698109,0.159184787331,0.944,0.448,0.224
0.218836,0.176945621808,0.248726718802,0.0905700998019,0.548,0.02,0.002
0.1499,0.395686946438,0.295336151019,0.134131593082,0.822,0.116,0.104
0.1048348,0.223865356625,0.209505555536,0.217426694777,0.95,0.11,0.1
0.1637513,0.161603059112,0.542429613096,0.0875606922628,0.648,0.04,0.008
0.2486652,0.400258259696,0.587591362874,0.241719149655,0.992,0.382,0.138
0.1848818,0.332270124976,0.564428805886,0.494146103299,1.0,0.992,0.514
0.155899,0.138955910871,0.214068813015,0.0873855903803,0.524,0.032,0.018
0.115962,0.17225165562,0.267059710114,0.14953793325,0.862,0.102,0.062
0.179767,0.154644757253,0.214803690384,0.139850528017,0.892,0.14,0.1
0.246931,0.145435347716,0.451239547532,0.151150335246,0.894,0.168,0.106
0.357855,0.463597658877,0.607700455845,0.407822613487,1.0,0.908,0.528
0.258332,0.408698453182,0.358676838935,0.309911484297,0.998,0.976,0.942
0.0264183,0.0136410001832,0.059087452747,0.00554834608819,0.0,0.0,0.0
0.0259309,0.0135529161624,0.0691679102616,0.00572916981384,0.0,0.0,0.0
0.181045,0.299293686623,0.373577336479,0.193656182434,0.978,0.622,0.57
0.207194,0.345460014685,0.576359535735,0.457050202305,1.0,0.984,0.952
0.121255,0.0947412393332,0.420536887757,0.146118938208,0.874,0.1,0.086
0.185827,0.206186213508,0.626476656772,0.24113349388,0.988,0.27,0.118
0.3771807,0.438801367787,0.880208278112,0.437458025658,1.0,0.982,0.9
0.118727,0.0786300946579,0.259663510974,0.0659950502293,0.388,0.04,0.028
0.166598,0.182522025496,0.381020162356,0.175571151532,0.962,0.134,0.11
0.171838,0.234692128952,0.374480742663,0.152147116281,0.95,0.192,0.166
0.210859,0.310125876106,0.648952222531,0.449201660266,1.0,0.906,0.404
0.04647187,0.0747807897667,0.106092392746,0.0895528158117,0.606,0.09,0.068
0.1076789,0.09329924766,0.222512657903,0.0655546548181,0.37,0.05,0.046
0.727581,0.564440467772,2.19847485161,0.358673163387,1.0,0.988,0.94
0.822429,0.621012117183,1.05997841754,0.535490181733,1.0,0.992,0.898
0.1188845,0.128795763541,0.252758791817,0.102544350126,0.67,0.082,0.036
0.09017417,0.0959658217961,0.217563471992,0.0657823989335,0.424,0.012,0.004
0.0448628,0.11484132572,0.0926884244507,0.117516554178,0.762,0.204,0.078
0.0523895,0.0878056420208,0.113305186119,0.0895223664076,0.586,0.078,0.048
0.0453118,0.0806504544989,0.120042647414,0.084053037266,0.644,0.092,0.08
0.0575026,0.0904403953907,0.147169554152,0.060566015378,0.46,0.056,0.04
0.1352645,0.258068258116,0.246948761233,0.115152425197,0.856,0.106,0.1
0.102807,0.102943058228,0.17951245535,0.0881681978028,0.548,0.016,0.002
0.0888654,0.115481691337,0.148836762709,0.0605264624358,0.296,0.0,0.0
0.1033966,0.198039375015,0.171776704623,0.160642341545,0.892,0.114,0.088
0.246241,0.101916654997,0.289394488147,0.0825953591347,0.54,0.02,0.0
0.272641,0.113108373465,0.492409849013,0.078070563988,0.49,0.04,0.01
0.0989598,0.0492169150801,0.209334490618,0.0600759588442,0.15,0.0,0.0
0.141564,0.0813230836996,0.372754261535,0.143056735162,0.78,0.056,0.012
0.149524,0.247986499294,0.283707857717,0.237969900674,0.988,0.734,0.148
0.0918478,0.155923424434,0.307891738442,0.127528874706,0.882,0.316,0.224
0.2828255,0.256476928776,1.08926490109,0.156422475333,0.914,0.116,0.108
0.4168895,0.423472235917,1.12797324204,0.42151344395,1.0,0.606,0.152
0.1788016,0.183698416063,0.351689232399,0.0746684854077,0.448,0.012,0.0
0.0290887,0.0549420380183,0.0518364813617,0.0706525742883,0.292,0.004,0.0
0.0247405,0.102364690431,0.0444407517538,0.0413878552404,0.074,0.0,0.0
0.6211852,0.315825479979,0.84614009556,0.407721959867,1.0,0.61,0.134
0.5872983,0.198481162383,0.6948623804,0.100415835948,0.738,0.096,0.088
0.0165064,0.0378477305962,0.0329579898201,0.0165132609825,0.002,0.0,0.0
0.00723708,0.0323617697843,0.022233094326,0.00959867501356,0.0,0.0,0.0
0.0900686,0.247802408709,0.292484606438,0.116763199917,0.772,0.14,0.094
0.0832313,0.177092011136,0.213535869472,0.117097688716,0.824,0.1,0.09
0.1708721,0.200411215767,0.386680646926,0.147413955769,0.91,0.11,0.106
0.1540366,0.208977737534,0.385017186329,0.21240797146,0.974,0.406,0.122
0.128846,0.198584268644,0.244359353613,0.178635701033,0.96,0.494,0.144
0.127227,0.214376271865,0.246869631191,0.0862219715115,0.742,0.546,0.218
0.3573153,0.22604900956,0.381844203826,0.109019400125,0.66,0.092,0.024
0.312128,0.58852860693,0.668448795233,0.24194348136,0.99,0.874,0.768
0.357876,0.464008551544,1.24752752265,0.664473929348,1.0,1.0,1.0
0.0966679,0.139611836174,0.26908708821,0.092338409317,0.528,0.07,0.01
0.0863255,0.10570798526,0.220698413978,0.0793628403906,0.354,0.04,0.004
0.106334,0.10759535161,0.174687525144,0.0752330670071,0.478,0.008,0.0
0.0899111,0.148766747081,0.217310445523,0.140995409923,0.874,0.102,0.058
0.06878179,0.146698098871,0.129348246461,0.184644534627,0.966,0.182,0.112
0.15404,0.201502532553,0.444470388523,0.182199908,0.954,0.422,0.118
0.178212,0.282368839495,0.322239345376,0.308275245114,0.998,0.862,0.37
0.187002,0.185218851514,0.411953915812,0.099586111308,0.664,0.038,0.008
0.1592802,0.148656773425,0.473395304718,0.0594860632865,0.15,0.0,0.0
0.116109,0.299343887704,0.266247496912,0.132275077968,0.908,0.376,0.288
0.114031,0.216925768228,0.230878585757,0.160430472051,0.914,0.256,0.166
0.0252385,0.023912946766,0.0793079482412,0.03195560946,0.016,0.0,0.0
0.0207863,0.0318803342886,0.043107780108,0.0342573876904,0.022,0.0,0.0
0.102575,0.0337477138762,0.0939744484906,0.0150819735364,0.002,0.0,0.0
0.4339443,0.492345922986,0.622915203807,0.319028277358,1.0,0.738,0.132
0.244079,0.503066272658,0.490389441699,0.144249798838,0.896,0.138,0.132
0.137248,0.29694276572,0.309047325938,0.132706518264,0.864,0.12,0.092
0.1319405,0.0877043976121,0.363148166001,0.0731177034617,0.372,0.048,0.038
0.128176,0.153924012775,0.375749143636,0.0730091035119,0.454,0.042,0.012
0.0784359,0.132998380328,0.2352291048,0.0835386959021,0.568,0.052,0.008
0.115407,0.124751361563,0.259506624646,0.0910039078357,0.604,0.068,0.012
0.128053,0.156254020725,0.32197389942,0.0809958097112,0.482,0.044,0.008
0.274843,0.212357731498,0.593182870568,0.12645922709,0.834,0.104,0.078
0.201947,0.159630810221,0.527081871625,0.171328080485,0.932,0.144,0.114
0.237759,0.260009054167,0.595438267346,0.166109037239,0.964,0.782,0.388
0.351119,0.330033063761,0.75894226845,0.303463415016,0.998,0.984,0.95
0.139489,0.158441020773,0.295807836005,0.0695500397328,0.452,0.048,0.044
0.134398,0.106922599827,0.275059461755,0.0532319293646,0.218,0.022,0.01
0.26633,0.468350676743,0.669336927997,0.286171605332,0.998,0.938,0.834
0.221071,0.398808439306,0.363621980544,0.161916778103,0.896,0.142,0.122
0.4852552,0.37394252445,0.992553489758,0.347102254665,1.0,0.982,0.95
0.51913,0.468737080137,0.967981452905,0.316498363798,1.0,0.946,0.856
0.143328,0.175794198242,0.327566567857,0.167818929478,0.946,0.278,0.128
0.116267,0.218088744789,0.319253207945,0.134029262368,0.868,0.126,0.11
0.116962,0.147143103886,0.299039478378,0.100222446295,0.704,0.108,0.07
0.139065,0.12978031756,0.440475595431,0.10544537313,0.688,0.088,0.064
0.0424411,0.0320645448823,0.0766409798498,0.020459691707,0.002,0.0,0.0
0.0567726,0.0538753978071,0.18105933243,0.0417530462592,0.066,0.0,0.0
0.109164,0.0514970198925,0.149198198462,0.0224666337045,0.004,0.0,0.0
0.195422,0.0877452100812,0.257999150724,0.0471669922111,0.062,0.0,0.0
0.0877931,0.116373692498,0.203716252205,0.156128453217,0.914,0.106,0.086
0.0959223,0.0973519438509,0.204579326237,0.131049208114,0.78,0.064,0.016
0.0918703,0.102339322755,0.26449810359,0.154140503448,0.906,0.104,0.074
0.0981388,0.102551394233,0.257767410331,0.0958817206656,0.702,0.05,0.012
0.0880978,0.118727593283,0.197520051351,0.159718174993,0.918,0.106,0.09
0.089403,0.086586650097,0.185666959179,0.115527888956,0.714,0.05,0.008
0.141369,0.156410993938,0.233226146308,0.173559094131,0.948,0.118,0.11
0.147591,0.154117173936,0.37227775903,0.0881604759488,0.482,0.012,0.0
0.08696707,0.145740563179,0.21427691943,0.129034105002,0.858,0.454,0.122
0.1563454,0.125153051667,0.46428060181,0.0927368042534,0.66,0.04,0.006
0.0438885,0.0770444879879,0.0887501437709,0.0457812249799,0.076,0.0,0.0
0.053208,0.0899926467407,0.0893554364896,0.0464883678347,0.08,0.0,0.0
0.1361623,0.288615070171,0.279315623023,0.321950064255,1.0,0.968,0.666
0.09811634,0.160282469949,0.267128969165,0.194326266033,0.94,0.76,0.178
0.219541,0.297772343857,1.08570984385,0.245455973241,0.988,0.904,0.662
0.152082,0.226033696409,0.513566070972,0.199925448326,0.972,0.692,0.162
0.2736971,0.274556863181,0.7000280684,0.369042157288,1.0,0.638,0.126
0.2840311,0.430551285972,0.726313507383,0.458524053187,1.0,0.994,0.754
0.1326988,0.0775936537996,0.244828186898,0.0229885958531,0.002,0.0,0.0
0.251447,0.187365479819,0.604159224937,0.183201083382,0.962,0.756,0.426
0.34472,0.276630585138,0.819978552934,0.247161472085,0.992,0.95,0.854
0.5985144,0.743551576391,1.21968541048,0.448022800998,1.0,0.982,0.944
0.06018802,0.197412291998,0.117863947117,0.135554948661,0.916,0.148,0.118
0.1264644,0.0681883222755,0.230390485396,0.0469998941181,0.148,0.0,0.0
0.1253264,0.230515379094,0.340428059102,0.0812130130005,0.636,0.106,0.072
0.08799876,0.0174434173536,0.104216834976,0.00192440373756,0.0,0.0,0.0
0.1203836,0.0928062957842,0.583947554896,0.0361937663493,0.05,0.0,0.0
0.0564257,0.163446109844,0.181466162127,0.0661831161916,0.274,0.01,0.0
0.04396531,0.0658176605935,0.0615550154508,0.0218562250003,0.014,0.0,0.0
0.187906,0.166438506459,0.325599472583,0.180542575069,0.976,0.158,0.116
0.140461,0.201881398387,0.36503503976,0.252826131786,0.994,0.63,0.142
0.0696466,0.0435343694922,0.202022345694,0.0188224881809,0.002,0.0,0.0
0.0523755,0.0473944926093,0.0807663206631,0.0355538913486,0.036,0.0,0.0
0.5093376,0.372881749266,1.30466785215,0.216044239354,0.98,0.424,0.32
0.5027494,0.366225496596,1.06296809232,0.18902959242,0.984,0.832,0.506
0.135777,0.110303062582,0.318376092077,0.130105633403,0.864,0.204,0.112
0.133655,0.14461660148,0.338994133769,0.190503191283,0.974,0.516,0.154
0.02413834,0.0269219586955,0.0523512107271,0.0292171329736,0.01,0.0,0.0
0.0814049,0.0484281479409,0.226034763706,0.0253114363968,0.004,0.0,0.0
0.0593784,0.0319789336312,0.148726429655,0.010066445464,0.0,0.0,0.0
0.5683221,0.518283967877,1.19087973179,0.401576641567,1.0,0.998,0.94
0.5142601,0.520226333652,1.44233164741,0.518349083847,1.0,1.0,0.988
0.0786731,0.183046984588,0.178037365611,0.141436932237,0.93,0.122,0.106
0.0635208,0.170044261288,0.218440326267,0.131810830073,0.848,0.224,0.124
0.06683115,0.127984292917,0.227745393447,0.115707313149,0.828,0.648,0.21
0.07566682,0.108952045451,0.193091724367,0.134593384589,0.826,0.114,0.056
0.03511372,0.0829423212024,0.100221684894,0.0514406024172,0.158,0.012,0.01
0.5489271,0.418751178498,1.4987768643,0.304609718157,0.996,0.218,0.11
0.2432332,0.377949488147,0.428362308598,0.318873166927,0.998,0.34,0.246
0.2119157,0.278965990463,0.517037547542,0.263606442139,0.998,0.636,0.144
0.228508,0.0691914828661,0.293267073328,0.0134659249492,0.0,0.0,0.0
0.188766,0.0630073425268,0.260037675319,0.0262072778257,0.004,0.0,0.0
0.10134,0.0777752126948,0.206218675025,0.079511684765,0.326,0.012,0.0
0.0684822,0.0899689527469,0.207851144836,0.0925347456674,0.552,0.034,0.002
0.04988171,0.0373423153793,0.0687156078741,0.0230149711656,0.002,0.0,0.0
0.04014831,0.0507322084998,0.051509408495,0.0246469489193,0.008,0.0,0.0
0.0810278,0.0651541378426,0.218307601337,0.0680521881296,0.298,0.0,0.0
0.0696529,0.051041974375,0.267468372266,0.048237464917,0.218,0.0,0.0
0.3764332,0.794947094004,0.870450375842,0.290591497271,0.998,0.932,0.822
0.0348568,0.0277504411502,0.105201790418,0.0251967675879,0.002,0.0,0.0
0.0362796,0.0437377538784,0.0773390862527,0.0192713672942,0.016,0.0,0.0
0.357355,0.21478630738,0.62971480286,0.103449824893,0.69,0.036,0.006
0.271779,0.150036406285,0.79787197859,0.124667885172,0.748,0.062,0.028
0.2448031,0.51408137847,0.372768292518,0.545463326779,1.0,0.998,0.728
0.151528,0.297093637158,0.462826241489,0.328202108786,0.996,0.354,0.124
0.267661,0.657398260421,0.589174597584,0.385749517615,1.0,0.928,0.798
0.348991,0.621770347903,0.637512568457,0.627464213532,1.0,1.0,0.986
0.1080476,0.18520069536,0.22204387564,0.13266213034,0.874,0.116,0.11
0.1102446,0.152407438736,0.278973776884,0.10116203906,0.696,0.084,0.042
