0.05    0.000330904809881
0.09    0.00116095227214
0.13    0.00315239347581
0.17    0.00639229987024
0.21    0.0148068853524
0.25    0.0172808924915
0.29    0.0331810270968
0.33    0.0359004960781
0.37    0.0283085052937
0.41    0.0301439422176
0.45    0.0368797169777
0.49    0.0537478331728
0.53    0.0669645695748
0.57    0.0793566610745
0.61    0.0924030286916
0.65    0.119332616732
0.69    0.129226316566
0.73    0.12831486249
0.77    0.13390389471
0.81    0.134503410168
0.85    0.129964961632
0.89    0.132336298926
0.93    0.14146559456
0.97    0.150365800343
1.01    0.158858063006
1.05    0.166694195131
1.09    0.1733522164
1.13    0.178194915554
1.17    0.180875662779
1.21    0.181300619801
1.25    0.17962075569
1.29    0.176168330788
1.33    0.171373438022
1.37    0.16586579874
1.41    0.161965061554
1.45    0.164591261978
1.49    0.16809247851
1.53    0.171844484929
1.57    0.179709029435
1.61    0.201187551055
1.65    0.217448935088
1.69    0.22838070213
1.73    0.245126334643
1.77    0.270245899555
1.81    0.294332055373
1.85    0.317007366554
1.89    0.337928140666
1.93    0.356897955985
1.97    0.374122250072
2.01    0.389775519666
2.05    0.403978750289
2.09    0.416624872019
2.13    0.427567379285
2.17    0.436351472961
2.21    0.443022103936
2.25    0.447491359288
2.29    0.450052488056
2.33    0.451383395548
2.37    0.452660157908
2.41    0.454750403212
2.45    0.456552994554
2.49    0.457392385504
2.53    0.457013795269
2.57    0.455553635682
2.61    0.453140243596
2.65    0.449972676814
2.69    0.458187770653
2.73    0.470681832314
2.77    0.471163858124
2.81    0.470054989892
2.85    0.471954981743
2.89    0.474204694809
2.93    0.474026255315
2.97    0.487788669971
3.01    0.498248439172
3.05    0.505587562089
3.09    0.509153932778
3.13    0.508757173982
3.17    0.504989250188
3.21    0.498951351826
3.25    0.491244599822
3.29    0.482421922536
3.33    0.47231397393
3.37    0.460357261039
3.41    0.446437305855
3.45    0.430641099166
3.49    0.413167946585
3.53    0.401825760989
3.57    0.39715859514
3.61    0.392244560808
3.65    0.387265100559
3.69    0.382126797663
3.73    0.376841933653
3.77    0.371537612482
3.81    0.366172724764
3.85    0.360737642825
3.89    0.355256355235
3.93    0.349820671485
3.97    0.344397756934
4.01    0.338979115402
4.05    0.333580603561
4.09    0.328216284834
4.13    0.322905679757
4.17    0.317702375802
4.21    0.312560518042
4.25    0.307488723088
4.29    0.302494425022
4.33    0.297583980168
4.37    0.292762764827
4.41    0.288035266196
4.45    0.283405166735
4.49    0.278875422292
4.53    0.27444833426
4.57    0.270125616134
4.61    0.265919578117
4.65    0.261821714569
4.69    0.257828193946
4.73    0.253939123607
4.77    0.250154270096
4.81    0.246473099204
4.85    0.242894812479
4.89    0.239418380479
4.93    0.237850351851
4.97    0.236937486976
5.01    0.236016811891
5.05    0.235089919643
5.09    0.234180264066
5.13    0.233272556087
5.17    0.232361619729
5.21    0.231448663518
5.25    0.230534802831
5.29    0.229621065878
5.33    0.228730188977
5.37    0.227841362455
5.41    0.226954408984
5.45    0.22607009767
5.49    0.225189133892
5.53    0.224312163496
5.57    0.223439776739
5.61    0.222579597957
5.65    0.221734971469
5.69    0.22089574845
5.73    0.220062358658
5.77    0.219235191459
5.81    0.218414598555
5.85    0.21760089656
5.89    0.216794369405
5.93    0.215995270591
5.97    0.21520382531
6.01    0.21443238816
6.05    0.213668784799
6.09    0.212912921928
6.13    0.212164947735
6.17    0.211424990074
6.21    0.210693157917
6.25    0.209969542726
6.29    0.209254219727
6.33    0.208547249108
6.37    0.207848677142
6.41    0.207158537229
6.45    0.206476850879
6.49    0.205808625244
6.53    0.205151879081
6.57    0.204503313009
6.61    0.20386292021
6.65    0.203230685548
6.69    0.202606586244
6.73    0.201990592505
6.77    0.201382668106
6.81    0.200782770941
6.85    0.200190853532
6.89    0.19960686351
6.93    0.199030744054
6.97    0.198462434314
7.01    0.197901869788
7.05    0.197348982693
7.09    0.196803702295
7.13    0.196265955224
7.17    0.195735665764
7.21    0.195212756126
7.25    0.19469989632
7.29    0.194195934505
7.33    0.193698972157
7.37    0.19320893046
7.41    0.192725729428
7.45    0.192249288079
7.49    0.191779524608
7.53    0.191316356546
7.57    0.190859700899
7.61    0.190409474286
7.65    0.189965593065
7.69    0.189527973441
7.73    0.189096531582
7.77    0.188671183707
7.81    0.188251846179
7.85    0.187838435594
7.89    0.187430868847
7.93    0.187029063208
7.97    0.186632936384
8.01    0.186242406578
8.05    0.185857392539
8.09    0.185477813615
8.13    0.185103589794
8.17    0.184734641743
8.21    0.184370890847
8.25    0.184012259238
8.29    0.183658669823
8.33    0.183310046315
8.37    0.182966313248
8.41    0.182627396004
8.45    0.182293220824
8.49    0.181963714829
8.53    0.18163880603
8.57    0.181318423335
8.61    0.181002496565
8.65    0.180690956457
8.69    0.180383734669
8.73    0.180080763787
8.77    0.179781977324
8.81    0.179487309723
8.85    0.179196696359
8.89    0.17891062885
8.93    0.178629424036
8.97    0.178352049548
9.01    0.178078445535
9.05    0.177808553028
9.09    0.177542313935
9.13    0.177279671029
9.17    0.177020567955
9.21    0.176764949212
9.25    0.176512760156
9.29    0.176263946988
9.33    0.176018456749
9.37    0.175776237312
9.41    0.175537237372
9.45    0.17530140644
9.49    0.175068694836
9.53    0.174839053674
9.57    0.174612434859
9.61    0.174388791075
9.65    0.174168075776
9.69    0.173950243175
9.73    0.173735248239
9.77    0.173523046672
9.81    0.173313594911
9.85    0.173106850113
9.89    0.172902770147
9.93    0.172701313581
9.97    0.172502439677
