0.05    0.000257131280268
0.09    0.000953513139608
0.13    0.00217016398218
0.17    0.00410684906577
0.21    0.00777670729473
0.25    0.0121103061499
0.29    0.0182736425465
0.33    0.0219558462853
0.37    0.0270134668261
0.41    0.0310986796469
0.45    0.0358051224134
0.49    0.0389408544462
0.53    0.0444850250832
0.57    0.054998664443
0.61    0.0682438120391
0.65    0.0804516941346
0.69    0.0915436025828
0.73    0.104238572357
0.77    0.119844889285
0.81    0.137451558534
0.85    0.155439622223
0.89    0.172894106281
0.93    0.189731512241
0.97    0.206097853318
1.01    0.22198700699
1.05    0.237494326826
1.09    0.252541799575
1.13    0.266679639897
1.17    0.279732870106
1.21    0.29167274291
1.25    0.302604674395
1.29    0.312788078198
1.33    0.323020463652
1.37    0.333507964719
1.41    0.344744886484
1.45    0.357084935189
1.49    0.375053912124
1.53    0.40110113184
1.57    0.427945029877
1.61    0.455060480848
1.65    0.482029832322
1.69    0.508413297404
1.73    0.533771190883
1.77    0.558054847724
1.81    0.581493275066
1.85    0.603194403341
1.89    0.622432586815
1.93    0.638936194324
1.97    0.6523433334
2.01    0.662859855535
2.05    0.671075681358
2.09    0.678189595623
2.13    0.68539603013
2.17    0.692126236762
2.21    0.697895226494
2.25    0.702948360023
2.29    0.70743152354
2.33    0.711216947838
2.37    0.714052415875
2.41    0.715525775704
2.45    0.715237439831
2.49    0.713111513954
2.53    0.709243134471
2.57    0.703863832238
2.61    0.69703434093
2.65    0.688767743622
2.69    0.679384506151
2.73    0.668938073075
2.77    0.657861319848
2.81    0.646448898303
2.85    0.634806203961
2.89    0.623083866201
2.93    0.611438170557
2.97    0.60312527685
3.01    0.596750265758
3.05    0.590020630599
3.09    0.582977793248
3.13    0.575659725968
3.17    0.568099092089
3.21    0.56032440666
3.25    0.552362328087
3.29    0.544240332759
3.33    0.536040475655
3.37    0.527778973863
3.41    0.519443752206
3.45    0.511059366207
3.49    0.50274011247
3.53    0.494413296063
3.57    0.486093897434
3.61    0.47789130927
3.65    0.469705490735
3.69    0.461636503414
3.73    0.453626103328
3.77    0.445749055318
3.81    0.441068941944
3.85    0.439161819718
3.89    0.437202515389
3.93    0.435198759206
3.97    0.433160078809
4.01    0.431168366469
4.05    0.429147677837
4.09    0.427103679405
4.13    0.425041556378
4.17    0.422966046867
4.21    0.420881474045
4.25    0.418815675628
4.29    0.416782003128
4.33    0.414747131951
4.37    0.412714156591
4.41    0.410685881975
4.45    0.408664845302
4.49    0.406653336395
4.53    0.404653416675
4.57    0.40266693682
4.61    0.400695553194
4.65    0.398778160604
4.69    0.396877114008
4.73    0.394993349765
4.77    0.393127978394
4.81    0.391281977715
4.85    0.389456203583
4.89    0.387651399845
4.93    0.385868207559
4.97    0.384107173543
5.01    0.382368758282
5.05    0.380653343254
5.09    0.378961237705
5.13    0.37729268491
5.17    0.375647867968
5.21    0.374026915153
5.25    0.37243323241
5.29    0.370878178681
5.33    0.369346249342
5.37    0.36783744029
5.41    0.366351711692
5.45    0.364888991403
5.49    0.363449178104
5.53    0.362032144215
5.57    0.360637738561
5.61    0.359265788839
5.65    0.357916103888
5.69    0.356588475767
5.73    0.355282681684
5.77    0.353998485752
5.81    0.352735640608
5.85    0.351493888905
5.89    0.350272964672
5.93    0.349072594561
5.97    0.347892498998
6.01    0.346732393226
6.05    0.345591988263
6.09    0.344470991777
6.13    0.343369108882
6.17    0.342286042869
6.21    0.341221495862
6.25    0.340175169423
6.29    0.339146765096
6.33    0.338135984902
6.37    0.337142531782
6.41    0.336166110005
6.45    0.335206425527
6.49    0.334263186318
6.53    0.333336102653
6.57    0.332424887371
6.61    0.331529256111
6.65    0.330648927508
6.69    0.32978362338
6.73    0.328933068886
6.77    0.328096992657
6.81    0.327275126918
6.85    0.326467207591
6.89    0.325672974378
6.93    0.32489217083
6.97    0.324124544407
7.01    0.323369846521
7.05    0.322627832574
7.09    0.321898261977
7.13    0.321180898169
7.17    0.320475508623
7.21    0.319781864844
7.25    0.319099742361
7.29    0.318428920717
7.33    0.317769183445
7.37    0.317120318045
7.41    0.316482115957
7.45    0.315854372528
7.49    0.315236886972
7.53    0.314629462335
7.57    0.31403190545
7.61    0.313444026892
7.65    0.312865640932
7.69    0.312296565488
7.73    0.311736622074
7.77    0.31118563575
7.81    0.310644100017
7.85    0.3101116596
7.89    0.309587625027
7.93    0.309071836949
7.97    0.308564139201
8.01    0.308064378757
8.05    0.307572405673
8.09    0.307088073035
8.13    0.306611236907
8.17    0.306141756277
8.21    0.305679493004
8.25    0.305224311767
8.29    0.304776080008
8.33    0.304334667886
8.37    0.30389994822
8.41    0.30347179644
8.45    0.303050090535
8.49    0.302634711003
8.53    0.302225540804
8.57    0.301822465302
8.61    0.301425372226
8.65    0.301034151618
8.69    0.300648695785
8.73    0.300268899253
8.77    0.299894658719
8.81    0.299525873012
8.85    0.29916244304
8.89    0.298804271752
8.93    0.298451264094
8.97    0.298103326965
9.01    0.297760369176
9.05    0.297422301409
9.09    0.297089036182
9.13    0.296760487799
9.17    0.296436572321
9.21    0.296117207525
9.25    0.295802312866
9.29    0.29549180944
9.33    0.295185619953
9.37    0.29488366868
9.41    0.294585881436
9.45    0.294292185537
9.49    0.294002509775
9.53    0.293716784378
9.57    0.293434940982
9.61    0.293156912601
9.65    0.292882633597
9.69    0.292612039649
9.73    0.292345067724
9.77    0.29208165605
9.81    0.29182174409
9.85    0.29156527251
9.89    0.291312183158
9.93    0.291062419036
9.97    0.290815924275
