0.05    0.000159846660785
0.09    0.000537364345165
0.13    0.00148890144575
0.17    0.0044562504604
0.21    0.00468917460896
0.25    0.0082196196854
0.29    0.0133364014091
0.33    0.0154342042767
0.37    0.019615828772
0.41    0.0237182598548
0.45    0.0355484048505
0.49    0.037537945452
0.53    0.0562686272206
0.57    0.0603179342847
0.61    0.0693711410724
0.65    0.0743938296175
0.69    0.0869432675408
0.73    0.0930700973769
0.77    0.0987398904563
0.81    0.103006908531
0.85    0.0986980628173
0.89    0.0909280606047
0.93    0.0828921224772
0.97    0.0819740515612
1.01    0.083731977755
1.05    0.0989377963556
1.09    0.104011821305
1.13    0.104919698214
1.17    0.114353838735
1.21    0.147429970396
1.25    0.174895846911
1.29    0.185883335758
1.33    0.180676901099
1.37    0.161418490922
1.41    0.155113132319
1.45    0.15095826677
1.49    0.144811145495
1.53    0.138185678635
1.57    0.131634782658
1.61    0.123830578539
1.65    0.131262699462
1.69    0.140701802767
1.73    0.148789612863
1.77    0.154801328941
1.81    0.158996470745
1.85    0.162281812616
1.89    0.170215065226
1.93    0.179301855463
1.97    0.186847731382
2.01    0.205574433141
2.05    0.240010547147
2.09    0.269109295319
2.13    0.291202573977
2.17    0.305538478117
2.21    0.31180445109
2.25    0.31040718049
2.29    0.302549660631
2.33    0.331241781688
2.37    0.353122750157
2.41    0.365640337948
2.45    0.369753700557
2.49    0.365612858256
2.53    0.367085663582
2.57    0.379164892531
2.61    0.393844957331
2.65    0.407451010752
2.69    0.420257170178
2.73    0.432596261606
2.77    0.444728084751
2.81    0.45682476704
2.85    0.469078916567
2.89    0.481687148161
2.93    0.494750481237
2.97    0.508425613357
3.01    0.522782086835
3.05    0.537852522196
3.09    0.553570863604
3.13    0.583728928438
3.17    0.637282512178
3.21    0.689619295173
3.25    0.739619694904
3.29    0.786230692135
3.33    0.828013225035
3.37    0.864804817689
3.41    0.896973586199
3.45    0.925869307208
3.49    0.964648189889
3.53    1.00018426109
3.57    1.02893440669
3.61    1.05105572225
3.65    1.06669621269
3.69    1.07580392327
3.73    1.07842167872
3.77    1.07502237807
3.81    1.06601888469
3.85    1.05168356642
3.89    1.03261118799
3.93    1.00958997428
3.97    0.983279679915
4.01    0.953709867338
4.05    0.921129380062
4.09    0.89562049914
4.13    0.869661041447
4.17    0.841901580726
4.21    0.813103909893
4.25    0.783770552325
4.29    0.754236946961
4.33    0.72462642091
4.37    0.695054820972
4.41    0.665798978013
4.45    0.637280489507
4.49    0.615422425558
4.53    0.597680349782
4.57    0.582611524557
4.61    0.567379781476
4.65    0.552167176963
4.69    0.537113836451
4.73    0.522319125377
4.77    0.507927137173
4.81    0.493951839932
4.85    0.480508649566
4.89    0.467611931503
4.93    0.455301440783
4.97    0.443603804362
5.01    0.432534385337
5.05    0.422095938353
5.09    0.412326273613
5.13    0.403176193041
5.17    0.394678231432
5.21    0.386778575588
5.25    0.379485439066
5.29    0.372770871177
5.33    0.366590814347
5.37    0.360915893161
5.41    0.355721205951
5.45    0.350980082965
5.49    0.346639156468
5.53    0.342662518805
5.57    0.339014433482
5.61    0.335659901519
5.65    0.332565640338
5.69    0.329718228305
5.73    0.327067921908
5.77    0.32458645435
5.81    0.3222477011
5.85    0.320027764633
5.89    0.317905009573
5.93    0.31586506899
5.97    0.31390198343
6.01    0.311984523951
6.05    0.310099664162
6.09    0.308236315588
6.13    0.306385208478
6.17    0.30453876357
6.21    0.3026977767
6.25    0.300864564552
6.29    0.299021627741
6.33    0.297166740688
6.37    0.295298700322
6.41    0.293417200331
6.45    0.291522711178
6.49    0.289616366728
6.53    0.287705227911
6.57    0.285796948803
6.61    0.283882430034
6.65    0.281964461982
6.69    0.280046049005
6.73    0.278130341237
6.77    0.276220573658
6.81    0.2743200122
6.85    0.272431906506
6.89    0.270559448975
6.93    0.268705739721
6.97    0.266873757014
7.01    0.265067293331
7.05    0.263295037528
7.09    0.261551866963
7.13    0.259840099003
7.17    0.258161850131
7.21    0.25651903046
7.25    0.255363515513
7.29    0.254815839953
7.33    0.25427162457
7.37    0.253729897106
7.41    0.253189812235
7.45    0.252650642276
7.49    0.252111768296
7.53    0.251572671624
7.57    0.251032925771
7.61    0.250492188743
7.65    0.249950195769
7.69    0.24940675241
7.73    0.248861728065
7.77    0.248315049848
7.81    0.247766696836
7.85    0.247216694679
7.89    0.246665110544
7.93    0.246112048398
7.97    0.24555764461
8.01    0.245004446122
8.05    0.244451778753
8.09    0.243898246693
8.13    0.243344076
8.17    0.242789507801
8.21    0.242234795522
8.25    0.241680202323
8.29    0.241125998769
8.33    0.240572460691
8.37    0.240019867235
8.41    0.239468499103
8.45    0.238918636957
8.49    0.238370559972
8.53    0.237824544554
8.57    0.237280863175
8.61    0.236739783357
8.65    0.236201566766
8.69    0.23566646841
8.73    0.235134735958
8.77    0.234606609136
8.81    0.234082319228
8.85    0.233562088644
8.89    0.233046130572
8.93    0.232534648695
8.97    0.232029508763
9.01    0.231529474007
9.05    0.231034393504
9.09    0.230544433281
9.13    0.230059749309
9.17    0.22958048753
9.21    0.229106783903
9.25    0.228638764489
9.29    0.228176545564
9.33    0.22772023376
9.37    0.227269926219
9.41    0.22682571078
9.45    0.226387666173
9.49    0.225955862235
9.53    0.225530360135
9.57    0.225111212608
9.61    0.224698464207
9.65    0.224292151551
9.69    0.223892303587
9.73    0.223498941854
9.77    0.223112080747
9.81    0.222731727789
9.85    0.2223578839
9.89    0.221990543665
9.93    0.221629695605
9.97    0.221275322446
