0.05    0.000212473266297
0.09    0.000702491060956
0.13    0.00177092816203
0.17    0.00341270102376
0.21    0.00528075206778
0.25    0.00891101688884
0.29    0.0139699196709
0.33    0.0231529260265
0.37    0.0351688289028
0.41    0.0418370091474
0.45    0.0386249697537
0.49    0.0382712934635
0.53    0.0537632270511
0.57    0.0644576318571
0.61    0.0708810984199
0.65    0.0722420590416
0.69    0.069982202662
0.73    0.0679154060663
0.77    0.0711503802769
0.81    0.0722069755419
0.85    0.0801391728157
0.89    0.0892952259804
0.93    0.0974875633762
0.97    0.104434696646
1.01    0.108686639929
1.05    0.10993751667
1.09    0.108723030728
1.13    0.105701377081
1.17    0.101854540815
1.21    0.0988847770257
1.25    0.101942023762
1.29    0.105033192988
1.33    0.108456232863
1.37    0.112331133754
1.41    0.116881512899
1.45    0.12182726512
1.49    0.129275639526
1.53    0.132386349389
1.57    0.13733878251
1.61    0.142496931838
1.65    0.147892358395
1.69    0.154673100313
1.73    0.163201425472
1.77    0.171595303943
1.81    0.179759592337
1.85    0.195450512036
1.89    0.213298468373
1.93    0.238032861983
1.97    0.262501312169
2.01    0.284172258414
2.05    0.30226308296
2.09    0.316891765122
2.13    0.328431881353
2.17    0.336480855801
2.21    0.34039116112
2.25    0.340869819317
2.29    0.338102943579
2.33    0.331347303736
2.37    0.320653893125
2.41    0.306741653824
2.45    0.290546524755
2.49    0.273031277384
2.53    0.25519254148
2.57    0.247345072015
2.61    0.254079729067
2.65    0.258062807725
2.69    0.260266736423
2.73    0.261974603759
2.77    0.264394460478
2.81    0.268766907612
2.85    0.276207905572
2.89    0.287520129533
2.93    0.303080663385
2.97    0.322820694238
3.01    0.346281113799
3.05    0.372693710536
3.09    0.401136843014
3.13    0.430653102538
3.17    0.460318837097
3.21    0.489241310412
3.25    0.51659865795
3.29    0.541692154638
3.33    0.564244647737
3.37    0.585068188611
3.41    0.605035131203
3.45    0.624155229262
3.49    0.642034628274
3.53    0.661705607301
3.57    0.681880754342
3.61    0.698118095216
3.65    0.709685167798
3.69    0.715991186825
3.73    0.716932760203
3.77    0.712746898638
3.81    0.704155436807
3.85    0.691799935646
3.89    0.676330252288
3.93    0.662126894955
3.97    0.6525933148
4.01    0.640798648761
4.05    0.626933106878
4.09    0.611180349696
4.13    0.593831512227
4.17    0.575127805523
4.21    0.555468231188
4.25    0.535082821831
4.29    0.514242672174
4.33    0.493175383697
4.37    0.479327714388
4.41    0.469341970528
4.45    0.458958513717
4.49    0.448261259327
4.53    0.437314167941
4.57    0.426247407543
4.61    0.415123246832
4.65    0.40403591324
4.69    0.393114187303
4.73    0.382394459489
4.77    0.371926498907
4.81    0.361845746486
4.85    0.352105371699
4.89    0.342829794636
4.93    0.333982766757
4.97    0.325586927656
5.01    0.317702746113
5.05    0.310290861113
5.09    0.303348553625
5.13    0.296869897544
5.17    0.290843361665
5.21    0.28525294823
5.25    0.280092379633
5.29    0.275326231281
5.33    0.270928879669
5.37    0.266875954319
5.41    0.263142501105
5.45    0.259703471621
5.49    0.256534127196
5.53    0.253610365969
5.57    0.250908981262
5.61    0.24840785933
5.65    0.246086124156
5.69    0.243924236536
5.73    0.24190405414
5.77    0.24000885872
5.81    0.238223356024
5.85    0.236533653444
5.89    0.234927219851
5.93    0.23339283152
5.97    0.231920507595
6.01    0.230501438024
6.05    0.229127906498
6.09    0.227794282614
6.13    0.226500643716
6.17    0.225235158804
6.21    0.223993652418
6.25    0.222772646748
6.29    0.221569288607
6.33    0.220381280039
6.37    0.219206812919
6.41    0.218044507828
6.45    0.216893357319
6.49    0.215752673655
6.53    0.214622040952
6.57    0.213501271667
6.61    0.212390367281
6.65    0.211289482991
6.69    0.210198896231
6.73    0.209118978784
6.77    0.208050172245
6.81    0.206992966612
6.85    0.205947881761
6.89    0.204915451547
6.93    0.203896210323
6.97    0.202890681639
7.01    0.201899368892
7.05    0.200923812027
7.09    0.199966225544
7.13    0.199023965531
7.17    0.198097401405
7.21    0.197186858784
7.25    0.19629261799
7.29    0.195414913362
7.33    0.194553933245
7.37    0.193709820566
7.41    0.19288267388
7.45    0.192072548821
7.49    0.191279459858
7.53    0.190503382308
7.57    0.189744254539
7.61    0.189001980299
7.65    0.18827643115
7.69    0.187567448937
7.73    0.186874848284
7.77    0.186198419077
7.81    0.185537928902
7.85    0.184893125444
7.89    0.18426373879
7.93    0.183649483666
7.97    0.183050061567
8.01    0.182536040045
8.05    0.182041492018
8.09    0.181556032091
8.13    0.181078043843
8.17    0.180607503018
8.21    0.180144378965
8.25    0.179688634749
8.29    0.179240227321
8.33    0.178799107721
8.37    0.17836522132
8.41    0.177938508082
8.45    0.177518902852
8.49    0.177106335654
8.53    0.176700732006
8.57    0.176302013233
8.61    0.175910096795
8.65    0.175524896607
8.69    0.175146323357
8.73    0.174774284825
8.77    0.174408686195
8.81    0.174049430354
8.85    0.173696418188
8.89    0.173349548864
8.93    0.173008720106
8.97    0.172673828454
9.01    0.172344769514
9.05    0.172021438196
9.09    0.171703728939
9.13    0.171391535922
9.17    0.171084753268
9.21    0.170783275225
9.25    0.170486996346
9.29    0.170195811649
9.33    0.169909616775
9.37    0.169628308116
9.41    0.169351782954
9.45    0.169079939575
9.49    0.168812677376
9.53    0.168549896963
9.57    0.168291500242
9.61    0.168037390493
9.65    0.167787472445
9.69    0.167541652334
9.73    0.167299837963
9.77    0.167061938746
9.81    0.166827865745
9.85    0.166597531712
9.89    0.166370851106
9.93    0.166147740128
9.97    0.165928116727
