0.05    0.000234028497401
0.09    0.000863514304118
0.13    0.00261504158684
0.17    0.00439003478074
0.21    0.00728124267723
0.25    0.0148309182442
0.29    0.027418676784
0.33    0.0280073537774
0.37    0.0445587070248
0.41    0.0452543514407
0.45    0.0393991093666
0.49    0.0422409240775
0.53    0.0527706460109
0.57    0.0547002494181
0.61    0.0590672515586
0.65    0.0703048922807
0.69    0.0792701147868
0.73    0.0803887305986
0.77    0.0838635740036
0.81    0.0911242173489
0.85    0.0999569828242
0.89    0.110963895805
0.93    0.123215728565
0.97    0.13631152115
1.01    0.14872834416
1.05    0.160056188865
1.09    0.175729377033
1.13    0.193605497395
1.17    0.212043920904
1.21    0.231760246795
1.25    0.251293248249
1.29    0.268602204699
1.33    0.282563656634
1.37    0.292903267093
1.41    0.299036062537
1.45    0.300579713887
1.49    0.305543475687
1.53    0.31522798054
1.57    0.322753561643
1.61    0.328264040305
1.65    0.332107705227
1.69    0.335002502338
1.73    0.337146980133
1.77    0.339103115008
1.81    0.340869938814
1.85    0.34235643254
1.89    0.343379680522
1.93    0.348786786927
1.97    0.352178390372
2.01    0.35400014841
2.05    0.356940999758
2.09    0.361169503716
2.13    0.363287069655
2.17    0.363278463229
2.21    0.361167090607
2.25    0.357324118701
2.29    0.352142388472
2.33    0.34609000079
2.37    0.339606048674
2.41    0.3329404233
2.45    0.326222730431
2.49    0.319443923187
2.53    0.312685069611
2.57    0.305907031439
2.61    0.299132714015
2.65    0.292438891475
2.69    0.285754612557
2.73    0.279212025219
2.77    0.272738072705
2.81    0.266383909625
2.85    0.260178688644
2.89    0.254122046316
2.93    0.248290284639
2.97    0.242798113104
3.01    0.237729696991
3.05    0.232952396868
3.09    0.230526224285
3.13    0.231490935204
3.17    0.232379895777
3.21    0.233231741123
3.25    0.234062229883
3.29    0.234771971639
3.33    0.235379055185
3.37    0.235927633647
3.41    0.236311032125
3.45    0.236517985873
3.49    0.236635230119
3.53    0.236575255556
3.57    0.236313220533
3.61    0.235858889764
3.65    0.235288883467
3.69    0.234509647361
3.73    0.233523937619
3.77    0.232351526353
3.81    0.235696896473
3.85    0.237189445329
3.89    0.239664876299
3.93    0.245006634976
3.97    0.248558204926
4.01    0.250231248838
4.05    0.250246275324
4.09    0.249274087962
4.13    0.248035857768
4.17    0.246136860543
4.21    0.243132745024
4.25    0.238934393361
4.29    0.233636926445
4.33    0.227417431016
4.37    0.220643941026
4.41    0.220564034613
4.45    0.220416428059
4.49    0.22020330844
4.53    0.219927098564
4.57    0.219590416837
4.61    0.219196039974
4.65    0.218746868574
4.69    0.21824589556
4.73    0.217712713216
4.77    0.217142147876
4.81    0.216528084458
4.85    0.215873628847
4.89    0.215181864823
4.93    0.214455837529
4.97    0.213698539065
5.01    0.21291289607
5.05    0.212101759132
5.09    0.211267893906
5.13    0.210413973786
5.17    0.209547895362
5.21    0.208677030958
5.25    0.207792731787
5.29    0.206897279316
5.33    0.205992845425
5.37    0.205081491627
5.41    0.204165169027
5.45    0.203245718951
5.49    0.202324874135
5.53    0.201404260417
5.57    0.200485398844
5.61    0.199569708146
5.65    0.198658507496
5.69    0.197753019526
5.73    0.196854373528
5.77    0.195963608821
5.81    0.195081678212
5.85    0.194209451553
5.89    0.193347719338
5.93    0.19249719632
5.97    0.191658525125
6.01    0.190832279848
6.05    0.190020712963
6.09    0.189224743441
6.13    0.188442239517
6.17    0.187673552868
6.21    0.18691898306
6.25    0.186178780715
6.29    0.185453150576
6.33    0.184742254464
6.37    0.184046214135
6.41    0.18336511402
6.45    0.182699003855
6.49    0.1820479012
6.53    0.181411793842
6.57    0.18079064209
6.61    0.180184380961
6.65    0.179592922253
6.69    0.179016156514
6.73    0.17845395491
6.77    0.177906170986
6.81    0.177372642336
6.85    0.176853192171
6.89    0.176347630803
6.93    0.17585575703
6.97    0.17537735945
7.01    0.174912217676
7.05    0.174460103492
7.09    0.174020781918
7.13    0.173594012212
7.17    0.1731795488
7.21    0.172777142147
7.25    0.172386539557
7.29    0.172007485922
7.33    0.171639724414
7.37    0.171282997122
7.41    0.170937045639
7.45    0.170601611606
7.49    0.170276437207
7.53    0.169961265626
7.57    0.169655841461
7.61    0.169359911105
7.65    0.169073223087
7.69    0.168795528385
7.73    0.168526580707
7.77    0.16826613674
7.81    0.168013956379
7.85    0.167769802924
7.89    0.167533443259
7.93    0.167304648005
7.97    0.167083191654
8.01    0.166868852687
8.05    0.166661413669
8.09    0.166460661336
8.13    0.166266386654
8.17    0.16607838488
8.21    0.165896455598
8.25    0.165720402746
8.29    0.165550034636
8.33    0.165385163963
8.37    0.165225607796
8.41    0.165071187577
8.45    0.164921729096
8.49    0.164777062471
8.53    0.164637022113
8.57    0.164501446692
8.61    0.164370179095
8.65    0.164243066378
8.69    0.164119959716
8.73    0.164000714347
8.77    0.163885189519
8.81    0.163773248424
8.85    0.163664758137
8.89    0.163559589554
8.93    0.163457617319
8.97    0.163358719761
9.01    0.163262778819
9.05    0.163169679977
9.09    0.163079312187
9.13    0.1629915678
9.17    0.16290634249
9.21    0.162823535186
9.25    0.162743047994
9.29    0.162664786126
9.33    0.16258865783
9.37    0.162514574312
9.41    0.162442449669
9.45    0.162372200816
9.49    0.162303747414
9.53    0.162237011801
9.57    0.162171918923
9.61    0.162108396268
9.65    0.162046373792
9.69    0.161985783859
9.73    0.161926561173
9.77    0.161868642714
9.81    0.161811967675
9.85    0.161756477397
9.89    0.161702115314
9.93    0.161648826887
9.97    0.161596559549
