0.05    0.000192770448944
0.09    0.000734309510995
0.13    0.00155279088507
0.17    0.00293682080926
0.21    0.00559521669327
0.25    0.0122039761114
0.29    0.0151502987746
0.33    0.0166605747777
0.37    0.0205883530173
0.41    0.0285344807735
0.45    0.0289947245567
0.49    0.0264044282211
0.53    0.0308289839948
0.57    0.044800815997
0.61    0.0511059827226
0.65    0.0576218499293
0.69    0.0609252392473
0.73    0.0793404770664
0.77    0.0972804622009
0.81    0.102996237754
0.85    0.0929418477119
0.89    0.0905173293756
0.93    0.0919132817146
0.97    0.0874169156196
1.01    0.104209250292
1.05    0.119006822733
1.09    0.123890487763
1.13    0.141684515674
1.17    0.149134446442
1.21    0.156346212213
1.25    0.182608718394
1.29    0.227039836526
1.33    0.271597818206
1.37    0.30684849272
1.41    0.327132131851
1.45    0.329079131981
1.49    0.312639269008
1.53    0.286057368399
1.57    0.289873080488
1.61    0.286523013882
1.65    0.276507488268
1.69    0.260415580116
1.73    0.239979621772
1.77    0.217272880563
1.81    0.20198104575
1.85    0.204193126265
1.89    0.207169338124
1.93    0.210670219382
1.97    0.21405576146
2.01    0.217924011406
2.05    0.225560162755
2.09    0.228137174295
2.13    0.235031442067
2.17    0.242308040932
2.21    0.247195878267
2.25    0.251138889085
2.29    0.255267822203
2.33    0.260541229574
2.37    0.267956374039
2.41    0.278654050631
2.45    0.293708801254
2.49    0.313919780334
2.53    0.339366902558
2.57    0.36947971787
2.61    0.403121925547
2.65    0.438759295156
2.69    0.474689618075
2.73    0.50932286663
2.77    0.541558840943
2.81    0.571017883776
2.85    0.597492182962
2.89    0.620919756146
2.93    0.64129723194
2.97    0.659139106328
3.01    0.675547286219
3.05    0.692107927856
3.09    0.714805196836
3.13    0.741146174492
3.17    0.76716576561
3.21    0.792022530841
3.25    0.815351826762
3.29    0.837016154052
3.33    0.857233166457
3.37    0.876589939893
3.41    0.894263482973
3.45    0.908938247452
3.49    0.919612142955
3.53    0.925555257722
3.57    0.92652922925
3.61    0.922671902208
3.65    0.914318677883
3.69    0.901667424149
3.73    0.885369002421
3.77    0.880779437529
3.81    0.874488567429
3.85    0.864746928453
3.89    0.851796084025
3.93    0.83595401421
3.97    0.817593893101
4.01    0.797095059433
4.05    0.774925404348
4.09    0.751394327846
4.13    0.726816256827
4.17    0.701614006123
4.21    0.676028589717
4.25    0.650286376977
4.29    0.624505733574
4.33    0.598892823172
4.37    0.57365224458
4.41    0.548967437925
4.45    0.53470218528
4.49    0.525255894987
4.53    0.515174838174
4.57    0.504572719164
4.61    0.493581086267
4.65    0.482413674902
4.69    0.471074495913
4.73    0.4597618168
4.77    0.448525163701
4.81    0.437474952847
4.85    0.42687130952
4.89    0.420062702244
4.93    0.413267029789
4.97    0.406516455045
5.01    0.399812936633
5.05    0.39324601463
5.09    0.386775712987
5.13    0.380478169989
5.17    0.374343599237
5.21    0.368376232029
5.25    0.36263743865
5.29    0.357104508209
5.33    0.35178040093
5.37    0.346674036721
5.41    0.341805083129
5.45    0.337177874602
5.49    0.332774984991
5.53    0.328595621468
5.57    0.324637200006
5.61    0.320895611188
5.65    0.317365464625
5.69    0.314040312229
5.73    0.310912850876
5.77    0.307978195235
5.81    0.305232307306
5.85    0.302657876714
5.89    0.300245979819
5.93    0.297987552924
5.97    0.295873491957
6.01    0.293894738478
6.05    0.292042353172
6.09    0.290307577898
6.13    0.288681887349
6.17    0.28715703133
6.21    0.285725068606
6.25    0.284378393226
6.29    0.283109754162
6.33    0.281912269062
6.37    0.280779432824
6.41    0.279705121687
6.45    0.27868359343
6.49    0.277709484259
6.53    0.276777802877
6.57    0.2758839222
6.61    0.275023569149
6.65    0.274192812846
6.69    0.273392409472
6.73    0.272617668056
6.77    0.271862664851
6.81    0.271124689589
6.85    0.27040130154
6.89    0.269690314185
6.93    0.268989779902
6.97    0.2682979748
7.01    0.267613383785
7.05    0.266934685974
7.09    0.266260740497
7.13    0.26559057278
7.17    0.264923361318
7.21    0.264258425012
7.25    0.263595211054
7.29    0.262933283418
7.33    0.262272311925
7.37    0.261612061923
7.41    0.260952384553
7.45    0.26029320761
7.49    0.259634526981
7.53    0.258976398649
7.57    0.258318931245
7.61    0.257666308983
7.65    0.25701636133
7.69    0.256367502841
7.73    0.255719987741
7.77    0.255074093673
7.81    0.254430117104
7.85    0.25378836914
7.89    0.253149171709
7.93    0.252512854123
7.97    0.251879749953
8.01    0.251250194243
8.05    0.250624521004
8.09    0.250003060989
8.13    0.249386139732
8.17    0.248774075814
8.21    0.248167179357
8.25    0.24756575072
8.29    0.24697007939
8.33    0.246380443034
8.37    0.245797106721
8.41    0.245220322285
8.45    0.244650327821
8.49    0.244087347301
8.53    0.243531590304
8.57    0.242983251838
8.61    0.242442512254
8.65    0.241909537246
8.69    0.241384477912
8.73    0.240867470885
8.77    0.240358638518
8.81    0.239858089123
8.85    0.239365917243
8.89    0.238882203974
8.93    0.238407017304
8.97    0.237940412496
9.01    0.237482432481
9.05    0.237033108269
9.09    0.23659245939
9.13    0.236160494326
9.17    0.235737210964
9.21    0.235322597054
9.25    0.234916630665
9.29    0.234519280645
9.33    0.23413050708
9.37    0.233750261749
9.41    0.233378488577
9.45    0.233015124076
9.49    0.232660097788
9.53    0.232313332709
9.57    0.231974745716
9.61    0.231644247976
9.65    0.231322743505
9.69    0.231009163009
9.73    0.230703347428
9.77    0.230405190691
9.81    0.230114582836
9.85    0.229831410349
9.89    0.229555556502
9.93    0.229286901662
9.97    0.22902532361
