0.05    0.000333856341934
0.09    0.00190786239573
0.13    0.00359098091279
0.17    0.00498028670038
0.21    0.00851103888863
0.25    0.0162307050649
0.29    0.022794513187
0.33    0.0282668570394
0.37    0.0445451906297
0.41    0.0512291018634
0.45    0.0809775732813
0.49    0.0900313715725
0.53    0.0872479086996
0.57    0.0873977091873
0.61    0.0873505763031
0.65    0.0800343785937
0.69    0.0739127710971
0.73    0.0761156052278
0.77    0.0797939781828
0.81    0.0834537890977
0.85    0.0876264650621
0.89    0.0921642145854
0.93    0.0966180599442
0.97    0.100531264022
1.01    0.103577294959
1.05    0.105643230282
1.09    0.106583373306
1.13    0.106282329787
1.17    0.104712959767
1.21    0.104820730606
1.25    0.119124518434
1.29    0.133007997788
1.33    0.147400572889
1.37    0.160184925399
1.41    0.170464593548
1.45    0.178155334889
1.49    0.183338835515
1.53    0.186145469707
1.57    0.186899685555
1.61    0.186317308384
1.65    0.184957722377
1.69    0.183751157886
1.73    0.187837953686
1.77    0.191866572405
1.81    0.194512415006
1.85    0.202028889745
1.89    0.208811730643
1.93    0.212449555262
1.97    0.213089282861
2.01    0.211355481543
2.05    0.208066724261
2.09    0.209135450742
2.13    0.210522326961
2.17    0.211542525758
2.21    0.212202823936
2.25    0.21246066318
2.29    0.21229030103
2.33    0.211698260789
2.37    0.210913198649
2.41    0.210091184617
2.45    0.208884092334
2.49    0.207299837203
2.53    0.205445386718
2.57    0.203423239647
2.61    0.201290714342
2.65    0.199058125512
2.69    0.19673651173
2.73    0.194208513885
2.77    0.191405162539
2.81    0.188355428655
2.85    0.18500546458
2.89    0.181294556188
2.93    0.178441651984
2.97    0.178472333769
3.01    0.178305296411
3.05    0.178062197215
3.09    0.177746733044
3.13    0.177483492475
3.17    0.177295729644
3.21    0.178180939887
3.25    0.180679501342
3.29    0.183330624695
3.33    0.186088937269
3.37    0.188960548476
3.41    0.191968258706
3.45    0.195086273976
3.49    0.198213018866
3.53    0.201281981074
3.57    0.204305538955
3.61    0.207137867177
3.65    0.209685963595
3.69    0.211924038537
3.73    0.213811014619
3.77    0.215223615564
3.81    0.216118931359
3.85    0.216573583786
3.89    0.216478902026
3.93    0.215816066028
3.97    0.214595135351
4.01    0.212943824793
4.05    0.210777919146
4.09    0.208135075387
4.13    0.205059681292
4.17    0.201627955138
4.21    0.197917871584
4.25    0.193924321471
4.29    0.189702193957
4.33    0.185305646421
4.37    0.180787038302
4.41    0.176196052354
4.45    0.171579000491
4.49    0.166978305453
4.53    0.162447190297
4.57    0.158007273078
4.61    0.153679683262
4.65    0.149489593428
4.69    0.145457793975
4.73    0.14252957896
4.77    0.142228311005
4.81    0.14175996449
4.85    0.141144225879
4.89    0.140438282591
4.93    0.139623304148
4.97    0.138713292047
5.01    0.137724731875
5.05    0.136695121328
5.09    0.135624153861
5.13    0.134515131066
5.17    0.13338004051
5.21    0.132229695733
5.25    0.131073759138
5.29    0.129929960764
5.33    0.128805909144
5.37    0.127697225449
5.41    0.126609532182
5.45    0.125547557771
5.49    0.124515202362
5.53    0.123515604852
5.57    0.122551209966
5.61    0.121623834418
5.65    0.120734731341
5.69    0.119884652367
5.73    0.119073906855
5.77    0.118302417911
5.81    0.117576727272
5.85    0.116888745349
5.89    0.116237553056
5.93    0.115622066502
5.97    0.115041036875
6.01    0.11449308491
6.05    0.113976731906
6.09    0.113490427432
6.13    0.113032573881
6.17    0.112601548069
6.21    0.112195720059
6.25    0.11181346942
6.29    0.111453199098
6.33    0.111113347121
6.37    0.110792396318
6.41    0.11048888223
6.45    0.110201399412
6.49    0.109928606282
6.53    0.109669228677
6.57    0.10942206228
6.61    0.109185974045
6.65    0.108959902748
6.69    0.108742858804
6.73    0.108533923435
6.77    0.108332247301
6.81    0.108137048689
6.85    0.107947611329
6.89    0.10776328192
6.93    0.107583467429
6.97    0.107407632212
7.01    0.107235295027
7.05    0.107066025961
7.09    0.106899443327
7.13    0.106735210555
7.17    0.106573033105
7.21    0.106414634306
7.25    0.1062586715
7.29    0.106104058132
7.33    0.105950637492
7.37    0.105798280643
7.41    0.105646883875
7.45    0.105496366274
7.49    0.105346667424
7.53    0.105197745233
7.57    0.105049573886
7.61    0.104902141926
7.65    0.104755450465
7.69    0.104609511514
7.73    0.104464346441
7.77    0.10431998454
7.81    0.104176461717
7.85    0.104033819288
7.89    0.103892102876
7.93    0.103751361409
7.97    0.103611646219
8.01    0.103473010217
8.05    0.103335507169
8.09    0.103199191036
8.13    0.1030641154
8.17    0.102930332947
8.21    0.10279789503
8.25    0.102666851276
8.29    0.102537249258
8.33    0.102409134215
8.37    0.102282548819
8.41    0.102157532985
8.45    0.10203412372
8.49    0.101912355007
8.53    0.101792257722
8.57    0.101673859578
8.61    0.101557185102
8.65    0.101442255623
8.69    0.101329089296
8.73    0.101217701128
8.77    0.101108103037
8.81    0.101000303909
8.85    0.100894309679
8.89    0.100790123419
8.93    0.10068774543
8.97    0.100587173347
9.01    0.10048840225
9.05    0.100391424775
9.09    0.100296231233
9.13    0.100202809729
9.17    0.100111146285
9.21    0.100021224961
9.25    0.0999330279794
9.29    0.0998465358437
9.33    0.0997617274645
9.37    0.0996785802745
9.41    0.099597070348
9.45    0.0995171725155
9.49    0.0994388604752
9.53    0.0993621069021
9.57    0.099286883555
9.61    0.0992131613772
9.65    0.0991409105959
9.69    0.0990701008174
9.73    0.0990007011178
9.77    0.0989326801303
9.81    0.0988660061282
9.85    0.098800647105
9.89    0.0987365708485
9.93    0.0986737450135
9.97    0.098612137189
