0.05    0.00016861024003
0.09    0.0013386109512
0.13    0.00184269481368
0.17    0.00364892720882
0.21    0.00449880596933
0.25    0.00822634251027
0.29    0.011350989494
0.33    0.0136516235783
0.37    0.0167670695165
0.41    0.0171462221934
0.45    0.0135422769448
0.49    0.0130644637613
0.53    0.0160102059337
0.57    0.0253007744439
0.61    0.0254132540728
0.65    0.0229048356274
0.69    0.0184828256899
0.73    0.0167964618084
0.77    0.0174839135156
0.81    0.0182053421683
0.85    0.0188796589519
0.89    0.0195369021411
0.93    0.0202055901062
0.97    0.0208060487185
1.01    0.0212525081136
1.05    0.021539626695
1.09    0.0217918200148
1.13    0.0220555900864
1.17    0.0223765335437
1.21    0.022780453972
1.25    0.0231454244487
1.29    0.02335175539
1.33    0.0233868970458
1.37    0.0237530338566
1.41    0.0247591927126
1.45    0.0252225824052
1.49    0.0251456137956
1.53    0.0246272612988
1.57    0.0237428623484
1.61    0.0225764036565
1.65    0.0212030874465
1.69    0.0225281911533
1.73    0.024571307416
1.77    0.0272256050537
1.81    0.0299279661717
1.85    0.0320656373012
1.89    0.0345684758841
1.93    0.0362431357852
1.97    0.0368445773703
2.01    0.0365742022882
2.05    0.0353478873289
2.09    0.0342137814325
2.13    0.0325230743733
2.17    0.0304479625326
2.21    0.0288309173595
2.25    0.0291462643571
2.29    0.0303569688983
2.33    0.0314574054992
2.37    0.0324294573694
2.41    0.0332489053283
2.45    0.0338973968618
2.49    0.0343927275056
2.53    0.0347785934756
2.57    0.035086051774
2.61    0.0352588144426
2.65    0.0357666962787
2.69    0.0368868007896
2.73    0.0380530756911
2.77    0.039360546707
2.81    0.0404537075954
2.85    0.0413061132097
2.89    0.0419000420619
2.93    0.0422209135035
2.97    0.042329368287
3.01    0.043191728273
3.05    0.0441643805143
3.09    0.044990162591
3.13    0.0457240071929
3.17    0.0463496594753
3.21    0.0469042210055
3.25    0.0473964527651
3.29    0.0478217849213
3.33    0.0481923331935
3.37    0.0487859535098
3.41    0.0507156647603
3.45    0.052388668693
3.49    0.0537462171875
3.53    0.0547636455447
3.57    0.0554060553567
3.61    0.0556441768874
3.65    0.0554732236813
3.69    0.0550900058507
3.73    0.0544966973519
3.77    0.0535485955274
3.81    0.0523701848161
3.85    0.0508520751111
3.89    0.0501003726635
3.93    0.0496010513744
3.97    0.0488128283753
4.01    0.0478130450076
4.05    0.0467367655794
4.09    0.0456762368988
4.13    0.0445203862956
4.17    0.0446708259105
4.21    0.0448622547103
4.25    0.0449055961947
4.29    0.044810418184
4.33    0.044599171317
4.37    0.0442855358543
4.41    0.0438676141115
4.45    0.0433584317736
4.49    0.0427710926712
4.53    0.0421185143553
4.57    0.0414228827657
4.61    0.0406918052884
4.65    0.0399295340169
4.69    0.0391464586839
4.73    0.038503382905
4.77    0.0384075226868
4.81    0.0382690979098
4.85    0.0380934082934
4.89    0.0378855785186
4.93    0.0376505089581
4.97    0.0373928369746
5.01    0.0371169078896
5.05    0.0368326631819
5.09    0.0365390942234
5.13    0.0362378173713
5.17    0.0359319098702
5.21    0.0356241241236
5.25    0.035316896079
5.29    0.035012356957
5.33    0.0347123476138
5.37    0.0344184348918
5.41    0.034131929394
5.45    0.033853904181
5.49    0.0335852139621
5.53    0.0333265144138
5.57    0.0330782813191
5.61    0.032840829275
5.65    0.0326143297665
5.69    0.0323988284464
5.73    0.032194261502
5.77    0.0320004710244
5.81    0.0318172193216
5.85    0.0316442021474
5.89    0.0314810608356
5.93    0.0313273933462
5.97    0.0311827642498
6.01    0.0310467136802
6.05    0.0309187653017
6.09    0.030798433339
6.13    0.0306852287249
6.17    0.0305786644238
6.21    0.0304782599901
6.25    0.0303835454217
6.29    0.0302940643683
6.33    0.0302093767523
6.37    0.0301290608607
6.41    0.0300527149591
6.45    0.0299799584831
6.49    0.0299104328532
6.53    0.0298438019595
6.57    0.0297797523598
6.61    0.0297179932284
6.65    0.0296582560936
6.69    0.0296002943958
6.73    0.0295438828964
6.77    0.0294888169645
6.81    0.0294349117667
6.85    0.0293820013799
6.89    0.0293299378482
6.93    0.0292785901997
6.97    0.0292278434393
7.01    0.0291775975284
7.05    0.029127766366
7.09    0.0290782767762
7.13    0.0290290675153
7.17    0.0289800883008
7.21    0.0289312988705
7.25    0.0288826680748
7.29    0.0288341730069
7.33    0.028785798172
7.37    0.028737534699
7.41    0.0286893795942
7.45    0.0286413350399
7.49    0.0285934077354
7.53    0.028545608283
7.57    0.0284979506159
7.61    0.0284504514688
7.65    0.0284031298897
7.69    0.0283560067905
7.73    0.0283091045373
7.77    0.0282624465756
7.81    0.0282160570922
7.85    0.0281699607088
7.89    0.0281241822085
7.93    0.0280787462905
7.97    0.0280336773535
8.01    0.0279889993056
8.05    0.0279447353972
8.09    0.0279009080779
8.13    0.0278575388735
8.17    0.0278146482826
8.21    0.0277722556915
8.25    0.0277303793046
8.29    0.0276890360903
8.33    0.0276482417407
8.37    0.0276080106428
8.41    0.0275683558619
8.45    0.027529289134
8.49    0.027490820868
8.53    0.0274529601554
8.57    0.0274157147864
8.61    0.0273790912741
8.65    0.0273430948819
8.69    0.0273077296567
8.73    0.0272729984658
8.77    0.0272389030372
8.81    0.0272054440027
8.85    0.0271726209426
8.89    0.0271404324332
8.93    0.0271088760948
8.97    0.0270779486407
9.01    0.0270476459273
9.05    0.0270179630036
9.09    0.0269888941617
9.13    0.0269604329857
9.17    0.0269325724016
9.21    0.0269053047251
9.25    0.0268786217091
9.29    0.0268525145907
9.33    0.026826974136
9.37    0.0268019906843
9.41    0.026777554191
9.45    0.0267536542684
9.49    0.0267302802258
9.53    0.0267074211077
9.57    0.0266850657305
9.61    0.0266632027172
9.65    0.0266418205314
9.69    0.0266209075089
9.73    0.0266004518879
9.77    0.0265804418379
9.81    0.0265608654866
9.85    0.0265417109459
9.89    0.026522966335
9.93    0.0265046198043
9.97    0.0264866595554
