0.05    0.000558415735266
0.09    0.00210714365061
0.13    0.00618139947815
0.17    0.00866523070054
0.21    0.00972627189212
0.25    0.0115378936756
0.29    0.0161340459381
0.33    0.0238445226204
0.37    0.0320332145685
0.41    0.0406563548816
0.45    0.0505018263439
0.49    0.0611190109466
0.53    0.0711750790333
0.57    0.0807428633734
0.61    0.089974017141
0.65    0.099682399422
0.69    0.111615946251
0.73    0.124962070505
0.77    0.139109987531
0.81    0.153723059643
0.85    0.168234938601
0.89    0.182186966723
0.93    0.202661214096
0.97    0.221343843699
1.01    0.237588620104
1.05    0.252737261058
1.09    0.267729085615
1.13    0.282065139235
1.17    0.294981919726
1.21    0.306122509604
1.25    0.316742544025
1.29    0.327075913584
1.33    0.335621514267
1.37    0.343700151598
1.41    0.352459569729
1.45    0.362301339115
1.49    0.372111272083
1.53    0.381516709223
1.57    0.390447563533
1.61    0.398751725487
1.65    0.406220858249
1.69    0.412691341744
1.73    0.418255915265
1.77    0.422980139083
1.81    0.42693258088
1.85    0.430289697377
1.89    0.433143282757
1.93    0.435454318264
1.97    0.4369976382
2.01    0.437706586496
2.05    0.437802931402
2.09    0.437303655779
2.13    0.436242514426
2.17    0.434628794964
2.21    0.432424871374
2.25    0.429646285284
2.29    0.42666995145
2.33    0.424101259347
2.37    0.421803664485
2.41    0.419277247146
2.45    0.416382213312
2.49    0.413236152826
2.53    0.410036439659
2.57    0.406746533955
2.61    0.403452155632
2.65    0.400403213933
2.69    0.397741892516
2.73    0.394847023921
2.77    0.391447470001
2.81    0.387591469753
2.85    0.383372433966
2.89    0.379551703605
2.93    0.38206028143
2.97    0.384225096494
3.01    0.386105187831
3.05    0.387923368589
3.09    0.389654094676
3.13    0.391371955337
3.17    0.393161102661
3.21    0.39508788107
3.25    0.397289166922
3.29    0.399714959858
3.33    0.402334316198
3.37    0.405119411913
3.41    0.408021853494
3.45    0.410976690706
3.49    0.413998730987
3.53    0.416953707169
3.57    0.419717888065
3.61    0.422206048598
3.65    0.424338062144
3.69    0.426099195738
3.73    0.427465706371
3.77    0.428293981836
3.81    0.428546421718
3.85    0.42819869704
3.89    0.427353103309
3.93    0.425930942721
3.97    0.423906501983
4.01    0.421301764608
4.05    0.418205591832
4.09    0.41466619887
4.13    0.410652513532
4.17    0.406212939123
4.21    0.401413710015
4.25    0.396374410825
4.29    0.391059648886
4.33    0.385523122944
4.37    0.379817290075
4.41    0.374028127411
4.45    0.368188391401
4.49    0.362314540442
4.53    0.356448065898
4.57    0.35062672179
4.61    0.344893175934
4.65    0.339283971981
4.69    0.333804164151
4.73    0.328476353569
4.77    0.323319424949
4.81    0.318348724441
4.85    0.313576271435
4.89    0.309010994985
4.93    0.304658986486
4.97    0.30052376148
5.01    0.296606524401
5.05    0.292906431145
5.09    0.289420845265
5.13    0.286145584437
5.17    0.283075154604
5.21    0.28020625419
5.25    0.27753971609
5.29    0.275056026559
5.33    0.272746327817
5.37    0.270601409359
5.41    0.268611844629
5.45    0.266768111703
5.49    0.265060698677
5.53    0.2634801946
5.57    0.262017366885
5.61    0.260663226193
5.65    0.259409079787
5.69    0.258246574403
5.73    0.257167729633
5.77    0.256164962814
5.81    0.255235846974
5.85    0.254374286336
5.89    0.253568001405
5.93    0.252811127272
5.97    0.252098228246
6.01    0.251424289235
6.05    0.250784704202
6.09    0.250175262243
6.13    0.249592131789
6.17    0.249031843357
6.21    0.248491271256
6.25    0.24796761457
6.29    0.247458377734
6.33    0.246961350949
6.37    0.246474590651
6.41    0.245996400231
6.45    0.245525311148
6.49    0.245060064569
6.53    0.244599593636
6.57    0.244143006434
6.61    0.243689569734
6.65    0.243238693536
6.69    0.242789916457
6.73    0.242342891975
6.77    0.241897375523
6.81    0.241453212454
6.85    0.241010326834
6.89    0.240568711075
6.93    0.24012841636
6.97    0.23968954385
7.01    0.239252236627
7.05    0.238816672362
7.09    0.238383056641
7.13    0.237951616949
7.17    0.237522597247
7.21    0.237096253118
7.25    0.236672847444
7.29    0.236252646584
7.33    0.235835917
7.37    0.235422922321
7.41    0.23501392079
7.45    0.234609163079
7.49    0.234208890433
7.53    0.233813333118
7.57    0.23342270914
7.61    0.233037223217
7.65    0.232657065981
7.69    0.232282413371
7.73    0.231913426219
7.77    0.231550249995
7.81    0.231193014687
7.85    0.230841834824
7.89    0.230496809595
7.93    0.23015802307
7.97    0.229825544509
8.01    0.229499428733
8.05    0.22917971656
8.09    0.228866435293
8.13    0.228559599246
8.17    0.228259210301
8.21    0.227965258496
8.25    0.227677722621
8.29    0.227396570843
8.33    0.22712176132
8.37    0.22685324283
8.41    0.226590955394
8.45    0.226334830895
8.49    0.226084793688
8.53    0.225840761199
8.57    0.225602644509
8.61    0.225370348928
8.65    0.225143774546
8.69    0.22492281677
8.73    0.224707366836
8.77    0.224497312313
8.81    0.22429253757
8.85    0.224092924233
8.89    0.22389835162
8.93    0.223708697149
8.97    0.223523836725
9.01    0.223343645115
9.05    0.223167996288
9.09    0.222996763745
9.13    0.222829820823
9.17    0.222667040981
9.21    0.222508298067
9.25    0.222353466563
9.29    0.222202421817
9.33    0.222055040252
9.37    0.221911199562
9.41    0.221770778889
9.45    0.221633658985
9.49    0.221499722363
9.53    0.221368853424
9.57    0.221240938583
9.61    0.221115866368
9.65    0.220993527523
9.69    0.220873815084
9.73    0.220756624454
9.77    0.22064185346
9.81    0.22052940241
9.85    0.220419174133
9.89    0.22031107401
9.93    0.220205010003
9.97    0.220100892671
