0.05    0.000450869983249
0.09    0.0035545909593
0.13    0.00672771149856
0.17    0.00604426526646
0.21    0.00772770426907
0.25    0.0113920094001
0.29    0.0168387748535
0.33    0.017979358984
0.37    0.0177580693838
0.41    0.019028708816
0.45    0.0230904934772
0.49    0.0274870975244
0.53    0.0313397565641
0.57    0.0346606125939
0.61    0.0389980209266
0.65    0.0447567076608
0.69    0.0482765587264
0.73    0.0508338248341
0.77    0.0531495510926
0.81    0.0552772546741
0.85    0.0608312634978
0.89    0.0650789095448
0.93    0.0659477086879
0.97    0.0653583913847
1.01    0.0640855773798
1.05    0.0627659266506
1.09    0.0644551962855
1.13    0.0670002719723
1.17    0.0701049854602
1.21    0.0736704591719
1.25    0.0774742043723
1.29    0.0813067365382
1.33    0.0862607160784
1.37    0.0916799786297
1.41    0.0967751862766
1.45    0.101626716367
1.49    0.106318094422
1.53    0.110712280156
1.57    0.114713139162
1.61    0.118625388369
1.65    0.122716951667
1.69    0.127051842035
1.73    0.131869240464
1.77    0.136829380306
1.81    0.141707225004
1.85    0.147333759351
1.89    0.154330345111
1.93    0.162108680328
1.97    0.170398728192
2.01    0.177980597748
2.05    0.184947221901
2.09    0.192193955579
2.13    0.20005049274
2.17    0.208827959992
2.21    0.218275151449
2.25    0.227930336567
2.29    0.237151126772
2.33    0.245802100961
2.37    0.253926855751
2.41    0.262719284653
2.45    0.27172132301
2.49    0.279877480079
2.53    0.287714474053
2.57    0.296006287313
2.61    0.304142682592
2.65    0.31177567111
2.69    0.31871650134
2.73    0.325019614977
2.77    0.330682007856
2.81    0.335317645178
2.85    0.338835320425
2.89    0.341178658411
2.93    0.342551523886
2.97    0.343224681798
3.01    0.34326247679
3.05    0.342709165283
3.09    0.341903249436
3.13    0.341529513345
3.17    0.341354749933
3.21    0.34118530145
3.25    0.340942704698
3.29    0.340710230501
3.33    0.34063921298
3.37    0.340352284716
3.41    0.340152528579
3.45    0.339755442444
3.49    0.338765784566
3.53    0.33755222302
3.57    0.336545649481
3.61    0.336020467217
3.65    0.337299197149
3.69    0.338439598388
3.73    0.338870431454
3.77    0.339165436611
3.81    0.338767050942
3.85    0.337421796812
3.89    0.335131810342
3.93    0.33189507126
3.97    0.329785273333
4.01    0.327517205456
4.05    0.324406881874
4.09    0.320655434685
4.13    0.316806220448
4.17    0.312335425871
4.21    0.307243757254
4.25    0.301589978726
4.29    0.295472005686
4.33    0.288990373523
4.37    0.282221394981
4.41    0.275231082201
4.45    0.268093733065
4.49    0.260881226151
4.53    0.253647329315
4.57    0.246453474441
4.61    0.243228933597
4.65    0.240816301519
4.69    0.238238121948
4.73    0.23545352074
4.77    0.232502147512
4.81    0.229421151951
4.85    0.22624498599
4.89    0.223005278095
4.93    0.21992816276
4.97    0.217465932067
5.01    0.215351834734
5.05    0.213169995603
5.09    0.210944384155
5.13    0.208696476085
5.17    0.206468601249
5.21    0.204271184618
5.25    0.202098367875
5.29    0.199962780451
5.33    0.197875079654
5.37    0.195844092085
5.41    0.19387695899
5.45    0.191979282737
5.49    0.190155272025
5.53    0.18840788391
5.57    0.186738961074
5.61    0.185149363131
5.65    0.183639091045
5.69    0.182207404018
5.73    0.18085292841
5.77    0.179573758473
5.81    0.178367548813
5.85    0.177231598662
5.89    0.176162928119
5.93    0.175163052987
5.97    0.174229137771
6.01    0.173352117634
6.05    0.172528562935
6.09    0.171755030129
6.13    0.171028097714
6.17    0.170344396845
6.21    0.169700637061
6.25    0.169093627574
6.29    0.168520294522
6.33    0.167977694616
6.37    0.167463025543
6.41    0.166973633511
6.45    0.166507018259
6.49    0.166060835867
6.53    0.165632899642
6.57    0.165221179363
6.61    0.164823799133
6.65    0.164439034047
6.69    0.164065305901
6.73    0.163701178107
6.77    0.163345349983
6.81    0.16299665057
6.85    0.162654032091
6.89    0.162316563179
6.93    0.161983421953
6.97    0.161653889055
7.01    0.161327340688
7.05    0.161003241742
7.09    0.160681139051
7.13    0.16036065482
7.17    0.160041480262
7.21    0.159723369473
7.25    0.159406133563
7.29    0.159089635062
7.33    0.158773782614
7.37    0.158458525957
7.41    0.158143851203
7.45    0.157829776416
7.49    0.157516347474
7.53    0.157203634232
7.57    0.156891726956
7.61    0.156580733038
7.65    0.15627077397
7.69    0.155961982577
7.73    0.155654500491
7.77    0.155348475858
7.81    0.155044061263
7.85    0.154741411867
7.89    0.154440683736
7.93    0.154142032355
7.97    0.153845611319
8.01    0.153551571177
8.05    0.153260058428
8.09    0.152971214664
8.13    0.152685175827
8.17    0.152402071591
8.21    0.152122024856
8.25    0.151845151332
8.29    0.15157155922
8.33    0.151301348971
8.37    0.15103461312
8.41    0.150771436188
8.45    0.150511894644
8.49    0.150256056915
8.53    0.15000398345
8.57    0.14975572682
8.61    0.14951133186
8.65    0.14927083584
8.69    0.149034268657
8.73    0.148801653064
8.77    0.148573004906
8.81    0.148348333375
8.85    0.148127641285
8.89    0.147910925345
8.93    0.147698176449
8.97    0.147489379969
9.01    0.147284516048
9.05    0.147083559894
9.09    0.146886482083
9.13    0.146693248846
9.17    0.146503822362
9.21    0.146318161046
9.25    0.146136219828
9.29    0.145957950427
9.33    0.145783301623
9.37    0.145612219514
9.41    0.145444647767
9.45    0.145280527866
9.49    0.145119799345
9.53    0.144962400014
9.57    0.144808647288
9.61    0.144659133775
9.65    0.14451273139
9.69    0.144369374011
9.73    0.144228994742
9.77    0.144091526086
9.81    0.143956900109
9.85    0.143825048589
9.89    0.143695903165
9.93    0.14356939547
9.97    0.143445457259
