0.05    0.00130046148121
0.09    0.00585333494234
0.13    0.01235657369
0.17    0.0153318788938
0.21    0.0262224059019
0.25    0.0333359602768
0.29    0.0332609419556
0.33    0.0440507152043
0.37    0.0566157897524
0.41    0.048194996598
0.45    0.0418009966691
0.49    0.04218312217
0.53    0.0379398276891
0.57    0.0489290249203
0.61    0.0537309762126
0.65    0.0558101348158
0.69    0.0619453757815
0.73    0.0596263897876
0.77    0.0603403178451
0.81    0.0567897677333
0.85    0.050592937512
0.89    0.043022411413
0.93    0.0436471656608
0.97    0.0455907080206
1.01    0.0465712026398
1.05    0.0466360111472
1.09    0.0456998500214
1.13    0.0441189281088
1.17    0.0418778166366
1.21    0.039155673312
1.25    0.0362549442259
1.29    0.0332564438374
1.33    0.0314011304418
1.37    0.0319602751516
1.41    0.0330780833306
1.45    0.0325821377704
1.49    0.0309460931204
1.53    0.0316050250293
1.57    0.0323740046972
1.61    0.0330571283569
1.65    0.0336465708086
1.69    0.0341428584813
1.73    0.0345536809069
1.77    0.0348918426395
1.81    0.0351729582006
1.85    0.0354195578612
1.89    0.0356658003967
1.93    0.0358969753297
1.97    0.0361235828409
2.01    0.0363530010641
2.05    0.0365895471524
2.09    0.036834778978
2.13    0.0370879416918
2.17    0.037346480147
2.21    0.0376065574943
2.25    0.0378635387628
2.29    0.0381124141816
2.33    0.0383481496602
2.37    0.0385659612187
2.41    0.0387615165772
2.45    0.0389310711044
2.49    0.0390715474388
2.53    0.0391805688341
2.57    0.0392564560952
2.61    0.0392981971892
2.65    0.0393053975196
2.69    0.0392782176156
2.73    0.039217303751
2.77    0.0391237158401
2.81    0.0389988559206
2.85    0.0388443996309
2.89    0.0386622323426
2.93    0.038454390995
2.97    0.0382327814979
3.01    0.0379914653023
3.05    0.0377302532262
3.09    0.0374513470771
3.13    0.0371569078911
3.17    0.0368490333015
3.21    0.0365297396596
3.25    0.0362009483801
3.29    0.0358644759856
3.33    0.0355220273467
3.37    0.0351751916458
3.41    0.0350714497537
3.45    0.0350117435652
3.49    0.0348878117461
3.53    0.0347056830961
3.57    0.0344712755283
3.61    0.0341903362006
3.65    0.0338683940423
3.69    0.0335107233182
3.73    0.0331223168912
3.77    0.0327078679024
3.81    0.0322717586637
3.85    0.0318180556472
3.89    0.0313505095563
3.93    0.0308725595631
3.97    0.0303873408991
4.01    0.030302935624
4.05    0.0302445120683
4.09    0.0301742462468
4.13    0.0300932866459
4.17    0.0300027158265
4.21    0.0299035514177
4.25    0.0297967475218
4.29    0.0296831964498
4.33    0.0295637307168
4.37    0.0294391252336
4.41    0.0293100996436
4.45    0.0291773207586
4.49    0.0290414050534
4.53    0.0289029211888
4.57    0.0287623925341
4.61    0.0286202996664
4.65    0.0284770828287
4.69    0.0283331443324
4.73    0.028188850891
4.77    0.0280445358762
4.81    0.0279005014911
4.85    0.0277570208531
4.89    0.0276143399856
4.93    0.0274726797152
4.97    0.0273322374745
5.01    0.0271931890101
5.05    0.0270556899989
5.09    0.0269198775707
5.13    0.0267858717446
5.17    0.026653776776
5.21    0.0265236824229
5.25    0.0263956651304
5.29    0.0262697891389
5.33    0.0261461075191
5.37    0.0260246631369
5.41    0.0259054895522
5.45    0.025788611855
5.49    0.0256740474419
5.53    0.0255618067363
5.57    0.0254518938566
5.61    0.0253443072341
5.65    0.0252390401845
5.69    0.0251360814358
5.73    0.0250354156154
5.77    0.024937023699
5.81    0.0248408834234
5.85    0.0247469696666
5.89    0.0246552547965
5.93    0.0245657089907
5.97    0.0244783005302
6.01    0.024392996067
6.05    0.0243097608692
6.09    0.0242285590453
6.13    0.0241493537468
6.17    0.0240721073548
6.21    0.0239967816473
6.25    0.0239233379524
6.29    0.0238517372863
6.33    0.0237819404779
6.37    0.0237139082811
6.41    0.0236476014761
6.45    0.0235829809598
6.49    0.0235200078265
6.53    0.0234586434405
6.57    0.0233988494993
6.61    0.0233405880912
6.65    0.0232838217439
6.69    0.023228513469
6.73    0.0231746267991
6.77    0.0231221258208
6.81    0.0230709752022
6.85    0.023021140217
6.89    0.0229725867635
6.93    0.022925281381
6.97    0.0228791912625
7.01    0.0228342842642
7.05    0.0227905289136
7.09    0.0227478944131
7.13    0.0227063506437
7.17    0.022665868165
7.21    0.0226264182147
7.25    0.0225879727053
7.29    0.0225505042211
7.33    0.0225139860119
7.37    0.0224783919879
7.41    0.0224436967112
7.45    0.022409875389
7.49    0.0223769038635
7.53    0.0223558736448
7.57    0.022348276694
7.61    0.0223410353053
7.65    0.0223341346763
7.69    0.022327560609
7.73    0.0223212994848
7.77    0.0223153382406
7.81    0.0223096643468
7.85    0.0223042657847
7.89    0.0222991310263
7.93    0.0222942490135
7.97    0.0222896091396
8.01    0.0222852012304
8.05    0.0222810155263
8.09    0.022277042666
8.13    0.0222732736695
8.17    0.0222696999228
8.21    0.0222663131632
8.25    0.0222631054643
8.29    0.0222600692227
8.33    0.0222571971445
8.37    0.0222544822332
8.41    0.0222519177766
8.45    0.0222494973363
8.49    0.0222472147355
8.53    0.0222450640489
8.57    0.0222430395925
8.61    0.0222411359133
8.65    0.0222393477803
8.69    0.0222376701753
8.73    0.0222360982842
8.77    0.0222346274888
8.81    0.0222332533587
8.85    0.0222319716437
8.89    0.0222307782668
8.93    0.0222296693165
8.97    0.0222286410409
9.01    0.0222276898403
9.05    0.022226812262
9.09    0.0222260049937
9.13    0.022225264858
9.17    0.022224588807
9.21    0.0222239739171
9.25    0.0222234173837
9.29    0.0222229165168
9.33    0.0222224687362
9.37    0.0222220715669
9.41    0.0222217226352
9.45    0.0222214196644
9.49    0.0222211604707
9.53    0.0222209429602
9.57    0.0222207651245
9.61    0.0222206250375
9.65    0.0222205208525
9.69    0.0222204507984
9.73    0.022220413177
9.77    0.0222204063603
9.81    0.022220428787
9.85    0.0222204789607
9.89    0.0222205554466
9.93    0.0222206568695
9.97    0.022220781911
