0.05    0.000507529812888
0.09    0.00183547878256
0.13    0.00606752869243
0.17    0.0135171750948
0.21    0.0134841150257
0.25    0.0129456033238
0.29    0.0220828549179
0.33    0.030013480933
0.37    0.0362854869861
0.41    0.0424271873509
0.45    0.0424514291354
0.49    0.0518246113472
0.53    0.0636286509856
0.57    0.071212258263
0.61    0.075334299363
0.65    0.074061391045
0.69    0.0741745255132
0.73    0.0755613595194
0.77    0.0739462157675
0.81    0.0704600356295
0.85    0.0653147778058
0.89    0.0585448970731
0.93    0.0564838941865
0.97    0.0575866473755
1.01    0.0483940854684
1.05    0.0492114305515
1.09    0.049759200273
1.13    0.0493498514191
1.17    0.0479727538823
1.21    0.0498169168482
1.25    0.0511530764416
1.29    0.0536512340703
1.33    0.0616176944578
1.37    0.0688502561249
1.41    0.0763202300321
1.45    0.084544983747
1.49    0.0917261911547
1.53    0.0982067392958
1.57    0.104308930912
1.61    0.109782269859
1.65    0.114601360368
1.69    0.118828143455
1.73    0.122655324281
1.77    0.126144824497
1.81    0.128862396768
1.85    0.130735127761
1.89    0.132073173329
1.93    0.135618455982
1.97    0.140243356841
2.01    0.144400173325
2.05    0.148142304455
2.09    0.153573606754
2.13    0.159821746889
2.17    0.164186298295
2.21    0.166726664817
2.25    0.167591981217
2.29    0.167520309828
2.33    0.168093028859
2.37    0.167315430028
2.41    0.167810893975
2.45    0.16788729743
2.49    0.167172226533
2.53    0.165769872711
2.57    0.163200203802
2.61    0.167027849066
2.65    0.171950079258
2.69    0.175745763779
2.73    0.178513365542
2.77    0.180384018313
2.81    0.181469520599
2.85    0.181920937863
2.89    0.182029466857
2.93    0.181580375773
2.97    0.180665541259
3.01    0.182227921982
3.05    0.183401373222
3.09    0.184302890734
3.13    0.18489614786
3.17    0.185281027976
3.21    0.185388504497
3.25    0.185298014087
3.29    0.18488810305
3.33    0.18423347392
3.37    0.183198819293
3.41    0.181871243943
3.45    0.180147827991
3.49    0.178127351758
3.53    0.175745617272
3.57    0.173100856406
3.61    0.170128930542
3.65    0.169821765225
3.69    0.170812752498
3.73    0.171762629938
3.77    0.17264680077
3.81    0.173393231881
3.85    0.174002747739
3.89    0.17441156732
3.93    0.174578045862
3.97    0.17442643446
4.01    0.17387646742
4.05    0.172886395622
4.09    0.171534320048
4.13    0.169887656239
4.17    0.167809484485
4.21    0.165253640318
4.25    0.162238369326
4.29    0.159524585025
4.33    0.156416359253
4.37    0.15293752636
4.41    0.149155756104
4.45    0.145466459145
4.49    0.142015716891
4.53    0.139880399443
4.57    0.141369209862
4.61    0.142445100817
4.65    0.143130933761
4.69    0.143455637176
4.73    0.143503680119
4.77    0.143265054587
4.81    0.142769257775
4.85    0.142054066081
4.89    0.141156473155
4.93    0.140111810501
4.97    0.13895306718
5.01    0.137743820824
5.05    0.136476664212
5.09    0.135173304759
5.13    0.133854305916
5.17    0.132536975074
5.21    0.131235517859
5.25    0.129961256592
5.29    0.128722893048
5.33    0.127526797984
5.37    0.126377312506
5.41    0.125277048952
5.45    0.124227181578
5.49    0.123227719684
5.53    0.122277757989
5.57    0.121375700963
5.61    0.120519459402
5.65    0.11970661886
5.69    0.118934580586
5.73    0.1182006764
5.77    0.117502259508
5.81    0.116836773626
5.85    0.11620180298
5.89    0.115595105823
5.93    0.115014634082
5.97    0.114461069118
6.01    0.113932958805
6.05    0.113425902895
6.09    0.112938644416
6.13    0.112470088815
6.17    0.112019285789
6.21    0.111585410062
6.25    0.111167742019
6.29    0.110765648933
6.33    0.110378567331
6.37    0.110005986895
6.41    0.109647436135
6.45    0.109302469992
6.49    0.108970659415
6.53    0.108651582867
6.57    0.108344819696
6.61    0.108049945226
6.65    0.107766527417
6.69    0.107494124915
6.73    0.107232286306
6.77    0.106980550377
6.81    0.106738447222
6.85    0.10650549999
6.89    0.10628122713
6.93    0.106065144981
6.97    0.105856770571
7.01    0.105655624512
7.05    0.105461233884
7.09    0.105273135043
7.13    0.105090876261
7.17    0.104914020161
7.21    0.104742145912
7.25    0.104574851128
7.29    0.104411753496
7.33    0.104252492086
7.37    0.104096728361
7.41    0.103944146904
7.45    0.103794455842
7.49    0.103647387024
7.53    0.103502695932
7.57    0.103360161382
7.61    0.103219585012
7.65    0.1030807906
7.69    0.102943623218
7.73    0.102807948272
7.77    0.102673650418
7.81    0.10254063241
7.85    0.102408813879
7.89    0.102278130069
7.93    0.102148530552
7.97    0.10201997793
8.01    0.101892446555
8.05    0.101765921256
8.09    0.101640396105
8.13    0.101515873227
8.17    0.101392361647
8.21    0.10126987621
8.25    0.101148436546
8.29    0.101028066111
8.33    0.100908791292
8.37    0.100790640578
8.41    0.100673643811
8.45    0.100557831492
8.49    0.100443234174
8.53    0.100329881907
8.57    0.100217803758
8.61    0.100107027393
8.65    0.0999975787153
8.69    0.0998894815653
8.73    0.0997827574723
8.77    0.0996774254576
8.81    0.0995735018835
8.85    0.0994710003454
8.89    0.0993699316046
8.93    0.0992703035557
8.97    0.0991721212269
9.01    0.0990753868091
9.05    0.0989800997104
9.09    0.0988862566339
9.13    0.0987938516721
9.17    0.0987028764216
9.21    0.0986133201087
9.25    0.0985251697265
9.29    0.0984384101821
9.33    0.0983530244499
9.37    0.0982689937289
9.41    0.0981862976035
9.45    0.0981049142061
9.49    0.0980248203784
9.53    0.0979459918314
9.57    0.0978684033043
9.61    0.0977920287167
9.65    0.0977168413192
9.69    0.0976428138369
9.73    0.0975699186076
9.77    0.0974981277134
9.81    0.0974274131054
9.85    0.0973577467214
9.89    0.097289100596
9.93    0.0972214469633
9.97    0.097154758352
