0.05    0.000315244775609
0.09    0.00159964777878
0.13    0.00452745471762
0.17    0.0105687194242
0.21    0.0134504991364
0.25    0.0200014042324
0.29    0.0161076591001
0.33    0.0217032876553
0.37    0.0234124819158
0.41    0.0276567713304
0.45    0.0266126381976
0.49    0.0214469102852
0.53    0.02273546648
0.57    0.0215359049759
0.61    0.0221801280544
0.65    0.0238164595231
0.69    0.0224626643627
0.73    0.0240121906441
0.77    0.027071407393
0.81    0.0319148772836
0.85    0.0385365361807
0.89    0.0459423296763
0.93    0.0457776621857
0.97    0.0481351504115
1.01    0.0525557704282
1.05    0.0510312754149
1.09    0.0495299047147
1.13    0.0474710719423
1.17    0.0474218040786
1.21    0.0462459645163
1.25    0.0439127570357
1.29    0.040573482414
1.33    0.0364983814234
1.37    0.035097633316
1.41    0.0360865471707
1.45    0.037032295117
1.49    0.0413830372579
1.53    0.0440898621934
1.57    0.0451955800374
1.61    0.0448575716911
1.65    0.043269229715
1.69    0.0407299758051
1.73    0.0376540368092
1.77    0.034216187698
1.81    0.0325847465159
1.85    0.0325650068042
1.89    0.0324776410296
1.93    0.0323154865728
1.97    0.0320991218077
2.01    0.03181610505
2.05    0.0314509681491
2.09    0.0310074288844
2.13    0.0304913152729
2.17    0.0299100712132
2.21    0.0292955851173
2.25    0.028633538559
2.29    0.0279307023524
2.33    0.0271965833775
2.37    0.0264403721413
2.41    0.0256707359508
2.45    0.0248956721149
2.49    0.0248394756688
2.53    0.0248317498824
2.57    0.0247965591614
2.61    0.0247359151816
2.65    0.0246519059472
2.69    0.0245466470236
2.73    0.0244222420105
2.77    0.0244507414958
2.81    0.0249077193829
2.85    0.0252813480692
2.89    0.0255643972644
2.93    0.0257532155858
2.97    0.0258472195404
3.01    0.0258483772169
3.05    0.0257607096041
3.09    0.0255898254015
3.13    0.0253424994058
3.17    0.0250262999628
3.21    0.0246570665252
3.25    0.0242403751093
3.29    0.023778015666
3.33    0.0232780020214
3.37    0.0227480296152
3.41    0.0228622291428
3.45    0.0231134052271
3.49    0.0233282401001
3.53    0.0235078904658
3.57    0.0236537735119
3.61    0.0237675064603
3.65    0.0238508535376
3.69    0.0239056799432
3.73    0.0239339123199
3.77    0.0239375051895
3.81    0.023918412803
3.85    0.0243677833581
3.89    0.024977906806
3.93    0.0253501315892
3.97    0.025905571474
4.01    0.02649255548
4.05    0.026989781886
4.09    0.027290143534
4.13    0.0272899860794
4.17    0.0269615047226
4.21    0.0263133600436
4.25    0.0254001415179
4.29    0.0242999980224
4.33    0.0230654423561
4.37    0.0222290203368
4.41    0.0220614458663
4.45    0.0218929406669
4.49    0.0217241626916
4.53    0.0215557026269
4.57    0.0213880880311
4.61    0.021221787444
4.65    0.0210572144307
4.69    0.020894731525
4.73    0.0207346540461
4.77    0.02057725377
4.81    0.0204227624416
4.85    0.0202713751166
4.89    0.0201232533292
4.93    0.0199785280813
4.97    0.0198373026531
5.01    0.0196996552374
5.05    0.0195656414006
5.09    0.0194352963749
5.13    0.0193086371881
5.17    0.0191856646362
5.21    0.0190663651067
5.25    0.0189507484323
5.29    0.0189265565568
5.33    0.0189016937678
5.37    0.0188762690767
5.41    0.0188503838195
5.45    0.0188241320679
5.49    0.0187976010261
5.53    0.018770871413
5.57    0.0187440178287
5.61    0.0187171091054
5.65    0.0186902086439
5.69    0.0186633747342
5.73    0.0186366608622
5.77    0.0186101160008
5.81    0.0185837848873
5.85    0.0185577082875
5.89    0.0185319232454
5.93    0.0185064633205
5.97    0.0184813588129
6.01    0.0184566369757
6.05    0.0184323222161
6.09    0.0184084362859
6.13    0.0183849984606
6.17    0.018362025709
6.21    0.0183395328526
6.25    0.0183175327166
6.29    0.018296036271
6.33    0.0182750527642
6.37    0.0182545898486
6.41    0.0182346536982
6.45    0.0182152491195
6.49    0.0181963796554
6.53    0.0181780476829
6.57    0.0181602545043
6.61    0.0181430004336
6.65    0.0181262848762
6.69    0.0181101064044
6.73    0.0180944628282
6.77    0.0180793512605
6.81    0.0180647681792
6.85    0.0180507094846
6.89    0.0180371705529
6.93    0.0180241462867
6.97    0.0180116311616
7.01    0.0179996192697
7.05    0.0179881043603
7.09    0.0179770798777
7.13    0.0179665389964
7.17    0.0179564746535
7.21    0.0179468795796
7.25    0.0179377463263
7.29    0.017929067293
7.33    0.0179208347506
7.37    0.0179130408642
7.41    0.0179056777136
7.45    0.0178987373126
7.49    0.0178922116268
7.53    0.0178860925896
7.57    0.0178803721172
7.61    0.0178750421228
7.65    0.0178700945286
7.69    0.017865521278
7.73    0.0178613143456
7.77    0.0178574657476
7.81    0.0178539675499
7.85    0.0178508118765
7.89    0.0178479909166
7.93    0.0178454969315
7.97    0.0178433222601
8.01    0.0178414593242
8.05    0.0178399006337
8.09    0.0178386387902
8.13    0.0178376664914
8.17    0.0178369765338
8.21    0.0178365618157
8.25    0.0178364153401
8.29    0.0178365302162
8.33    0.0178368996615
8.37    0.0178375170032
8.41    0.0178383756793
8.45    0.0178394692399
8.49    0.0178407913472
8.53    0.0178423357765
8.57    0.0178440964163
8.61    0.0178460672682
8.65    0.0178482424469
8.69    0.0178506161801
8.73    0.0178531828076
8.77    0.0178559367811
8.81    0.0178588726635
8.85    0.0178619851282
8.89    0.0178652689577
8.93    0.0178687190432
8.97    0.0178723303833
9.01    0.0178760980827
9.05    0.0178800173515
9.09    0.0178840835034
9.13    0.0178882919546
9.17    0.0178926382224
9.21    0.017897117924
9.25    0.0179017267749
9.29    0.0179064605874
9.33    0.0179113152692
9.37    0.017916286822
9.41    0.0179213713397
9.45    0.0179265650071
9.49    0.0179318640982
9.53    0.0179372649751
9.57    0.0179427640856
9.61    0.0179483579625
9.65    0.0179540432216
9.69    0.0179598165603
9.73    0.0179656747558
9.77    0.0179716146639
9.81    0.0179776332176
9.85    0.0179837274249
9.89    0.017989894368
9.93    0.0179961312017
9.97    0.0180024351513
