0.05    0.000441743323493
0.09    0.00149680859336
0.13    0.00379480921002
0.17    0.00558529098982
0.21    0.0126565228599
0.25    0.0109587617243
0.29    0.0125036111898
0.33    0.0165654298334
0.37    0.0289182149601
0.41    0.0399888523253
0.45    0.0598248412217
0.49    0.068676712747
0.53    0.0716594929618
0.57    0.0763816294648
0.61    0.0818410647843
0.65    0.0922063956822
0.69    0.103874998806
0.73    0.109014822143
0.77    0.107162706724
0.81    0.100027251092
0.85    0.0974282587936
0.89    0.0926146646902
0.93    0.0869190241276
0.97    0.0807906085523
1.01    0.0759476517413
1.05    0.0757729475677
1.09    0.0755792133563
1.13    0.075764730824
1.17    0.0762511818882
1.21    0.0771157036928
1.25    0.0782303998213
1.29    0.0792451197243
1.33    0.0801135960172
1.37    0.0804654928555
1.41    0.0803614702042
1.45    0.0795957931166
1.49    0.078302338659
1.53    0.0764599423246
1.57    0.0741950024381
1.61    0.0715949313975
1.65    0.0687821351339
1.69    0.0658082528858
1.73    0.062839166082
1.77    0.0609044580929
1.81    0.0604288144345
1.85    0.0592409910443
1.89    0.0574323610874
1.93    0.0571251879798
1.97    0.057457627073
2.01    0.0577875402583
2.05    0.0580921090198
2.09    0.0583784524917
2.13    0.0586576834554
2.17    0.0589373213639
2.21    0.059221880669
2.25    0.0595134502462
2.29    0.0598301732799
2.33    0.0601665967009
2.37    0.0605055677412
2.41    0.0608444581365
2.45    0.0611802436553
2.49    0.0615097356931
2.53    0.0618297600865
2.57    0.0621372902178
2.61    0.0624295415182
2.65    0.0627098982358
2.69    0.0629896253208
2.73    0.0632470577548
2.77    0.0634807732199
2.81    0.0636896942941
2.85    0.063873071501
2.89    0.0640304603626
2.93    0.0641616946518
2.97    0.0642668575759
3.01    0.0643462522282
3.05    0.064417926263
3.09    0.0644667478379
3.13    0.0644910537997
3.17    0.0644917486078
3.21    0.0669957809955
3.25    0.0697242917428
3.29    0.0719625358983
3.33    0.0737174572747
3.37    0.0749921586682
3.41    0.0757939062915
3.45    0.0761707851986
3.49    0.0761425003666
3.53    0.0757192131594
3.57    0.0749850599276
3.61    0.0739233326621
3.65    0.0725952424984
3.69    0.0710237201447
3.73    0.0692402141591
3.77    0.0672811716676
3.81    0.0651701045915
3.85    0.064121825455
3.89    0.0640692396927
3.93    0.0649632656332
3.97    0.0655999475817
4.01    0.0659659500683
4.05    0.0661197473908
4.09    0.06604433598
4.13    0.0657905430005
4.17    0.0653402770004
4.21    0.064716030842
4.25    0.0639393700055
4.29    0.0630307842274
4.33    0.0620095807191
4.37    0.0608938132646
4.41    0.0597002418766
4.45    0.0586347167549
4.49    0.0583997108821
4.53    0.0581663620372
4.57    0.0579348995277
4.61    0.0577055306796
4.65    0.0574784422099
4.69    0.057253801544
4.73    0.0570317580753
4.77    0.0568124443678
4.81    0.0565959773011
4.85    0.0563824591584
4.89    0.0561719786583
4.93    0.055964611932
4.97    0.0557604234461
5.01    0.0555594668743
5.05    0.0553617859185
5.09    0.0551674150811
5.13    0.0549763803919
5.17    0.0547887000892
5.21    0.0546043852591
5.25    0.0544234404348
5.29    0.0542458641564
5.33    0.0540716494941
5.37    0.0539007845377
5.41    0.0537332528521
5.45    0.0535690339027
5.49    0.0534081034508
5.53    0.0532504339217
5.57    0.0530959947468
5.61    0.0529447526808
5.65    0.0527966720967
5.69    0.0526517152587
5.73    0.0525098425742
5.77    0.0523710128286
5.81    0.0522351834002
5.85    0.0521023104601
5.89    0.0519723491556
5.93    0.0518452537796
5.97    0.0517209779259
6.01    0.0515994746327
6.05    0.051480696513
6.09    0.0513645958753
6.13    0.0512511248333
6.17    0.0511402354061
6.21    0.05103187961
6.25    0.0509260095415
6.29    0.0508225774527
6.33    0.0507215358204
6.37    0.0506228374071
6.41    0.0505264353176
6.45    0.0504322830485
6.49    0.0503403345334
6.53    0.0502505441825
6.57    0.0501628669187
6.61    0.0500772582086
6.65    0.0499936740899
6.69    0.0499120711957
6.73    0.0498324067756
6.77    0.0497546387125
6.81    0.0496787255385
6.85    0.0496046264472
6.89    0.0495323013039
6.93    0.0494617106533
6.97    0.0493928157262
7.01    0.0493255784433
7.05    0.0492599614185
7.09    0.0491959279594
7.13    0.049133442068
7.17    0.0490724684385
7.21    0.0490129724558
7.25    0.0489549201911
7.29    0.0488982783985
7.33    0.0488430145089
7.37    0.0487890966249
7.41    0.0487364935138
7.45    0.0486851746006
7.49    0.0486351099602
7.53    0.0485862703099
7.57    0.0485386270002
7.61    0.0484921520062
7.65    0.0484468179189
7.69    0.0484025979352
7.73    0.0483594658486
7.77    0.0483173960396
7.81    0.0482763634655
7.85    0.0482363436505
7.89    0.0481973126758
7.93    0.048159247169
7.97    0.0481221242945
8.01    0.0480859217427
8.05    0.0480506177203
8.09    0.0480161909399
8.13    0.0479826206099
8.17    0.0479498864245
8.21    0.0479179685537
8.25    0.0478868476334
8.29    0.0478565047554
8.33    0.047826921458
8.37    0.0477980797161
8.41    0.0477699619319
8.45    0.0477425509255
8.49    0.0477158299257
8.53    0.0476897825606
8.57    0.0476643928489
8.61    0.0476396451913
8.65    0.0476155243612
8.69    0.0475920154967
8.73    0.047569104092
8.77    0.047546775989
8.81    0.0475250173696
8.85    0.0475038147475
8.89    0.0474831549605
8.93    0.0474630251626
8.97    0.0474434128171
9.01    0.0474243056886
9.05    0.0474056918363
9.09    0.0473875596068
9.13    0.0473698976271
9.17    0.0473526947982
9.21    0.047335940288
9.25    0.0473196235254
9.29    0.0473037341936
9.33    0.047288262224
9.37    0.0472731977904
9.41    0.0472585313028
9.45    0.047244253402
9.49    0.0472303549533
9.53    0.0472168270421
9.57    0.0472036609673
9.61    0.0471908482371
9.65    0.0471783805631
9.69    0.0471662498558
9.73    0.0471544482196
9.77    0.047142967948
9.81    0.0471318015187
9.85    0.0471209415896
9.89    0.0471103809939
9.93    0.0471001127361
9.97    0.0470901299875
