0.05    0.00059438721418
0.09    0.00419504659865
0.13    0.00860337826918
0.17    0.0104823277888
0.21    0.0103634686508
0.25    0.0124823207639
0.29    0.0115579930567
0.33    0.0138697823727
0.37    0.0149375621441
0.41    0.0206966484964
0.45    0.0294636583221
0.49    0.0361033093668
0.53    0.0357748009815
0.57    0.0385462972022
0.61    0.0520039876076
0.65    0.0773950033632
0.69    0.099784708701
0.73    0.10563765115
0.77    0.0977361194236
0.81    0.0896543667001
0.85    0.0766694180215
0.89    0.0626537299445
0.93    0.0572441869641
0.97    0.0593447672004
1.01    0.0612566148213
1.05    0.0629975658661
1.09    0.0689335700697
1.13    0.0817013582304
1.17    0.0935461949987
1.21    0.103164761899
1.25    0.109920795147
1.29    0.114063102145
1.33    0.117032854878
1.37    0.118777180727
1.41    0.118660736836
1.45    0.116034182933
1.49    0.119510622424
1.53    0.122820022782
1.57    0.124891621137
1.61    0.126186288038
1.65    0.126943163389
1.69    0.126970649724
1.73    0.126237318995
1.77    0.124722632688
1.81    0.1223950575
1.85    0.119448131994
1.89    0.11593835144
1.93    0.112046875016
1.97    0.107699282513
2.01    0.103113182212
2.05    0.0983156756419
2.09    0.0933556557432
2.13    0.0885983512378
2.17    0.0843406678902
2.21    0.0824471893605
2.25    0.0835116319566
2.29    0.0849788551411
2.33    0.0862627822767
2.37    0.0873156387166
2.41    0.0882545598323
2.45    0.0890511424851
2.49    0.089694203992
2.53    0.0901818915887
2.57    0.0905936262405
2.61    0.0908300106918
2.65    0.0908946756181
2.69    0.0908044973449
2.73    0.0905857774738
2.77    0.0903262374796
2.81    0.0899963036306
2.85    0.0895982120252
2.89    0.0891320277598
2.93    0.0885870599921
2.97    0.0879464731977
3.01    0.0871930311052
3.05    0.0863569002569
3.09    0.0853994840724
3.13    0.0843160749891
3.17    0.0831213241874
3.21    0.0818362856176
3.25    0.0804847226176
3.29    0.0790891448981
3.33    0.0786220138897
3.37    0.0791412968765
3.41    0.0796825205598
3.45    0.0802612152659
3.49    0.080887707651
3.53    0.081565744595
3.57    0.0822918683321
3.61    0.0830555133137
3.65    0.0838397261897
3.69    0.0846223663679
3.73    0.0853849468785
3.77    0.0861127593354
3.81    0.0867589284349
3.85    0.0872964022662
3.89    0.0877006539845
3.93    0.0879507887984
3.97    0.0880303525984
4.01    0.0879278350853
4.05    0.0876368813151
4.09    0.0871883212629
4.13    0.0865533821169
4.17    0.0857388486381
4.21    0.0847561865305
4.25    0.0836200579799
4.29    0.0823476230387
4.33    0.0809578335837
4.37    0.0794707503055
4.41    0.07790690663
4.45    0.0762867370572
4.49    0.0746300814374
4.53    0.0729640317876
4.57    0.071297583192
4.61    0.0696447596234
4.65    0.0680198688733
4.69    0.0664353760586
4.73    0.0649018610312
4.77    0.0634280298875
4.81    0.0620207715357
4.85    0.060685250407
4.89    0.0594250268416
4.93    0.0582421973154
4.97    0.057137547502
5.01    0.056110712031
5.05    0.0551651838987
5.09    0.0542957213384
5.13    0.0534978062066
5.17    0.0527679506714
5.21    0.0521022753926
5.25    0.05149662913
5.29    0.0509466953693
5.33    0.0504480857374
5.37    0.0499964203484
5.41    0.0495873955222
5.45    0.0492168395432
5.49    0.0488807572877
5.53    0.0485753646653
5.57    0.0482971138786
5.61    0.0480427105342
5.65    0.0478091236335
5.69    0.0475935894438
5.73    0.0473936102002
5.77    0.0472069485323
5.81    0.047031618435
5.85    0.0468658735311
5.89    0.0467081932942
5.93    0.0465572678205
5.97    0.046411981667
6.01    0.046271397194
6.05    0.0461347377876
6.09    0.0460013712704
6.13    0.045870793753
6.17    0.0457426141249
6.21    0.0456165393372
6.25    0.0454923605911
6.29    0.0453699405056
6.33    0.0452492013125
6.37    0.0451301140975
6.41    0.0450126890871
6.45    0.0448969669605
6.49    0.0447830111563
6.53    0.0446709011279
6.57    0.0445607264963
6.61    0.0444525820439
6.65    0.0443465634861
6.69    0.0442427639586
6.73    0.0441412711558
6.77    0.0440421650564
6.81    0.0439455161764
6.85    0.0438513842869
6.89    0.0437598175423
6.93    0.0436708519643
6.97    0.0435845112323
7.01    0.0435008067325
7.05    0.0434197378262
7.09    0.0433412922949
7.13    0.0432654469297
7.17    0.0431921682329
7.21    0.043121413204
7.25    0.0430531301851
7.29    0.0429872597445
7.33    0.0429237355799
7.37    0.0428624854255
7.41    0.0428034319483
7.45    0.0427464936244
7.49    0.0426915855835
7.53    0.0426386204171
7.57    0.042587508942
7.61    0.0425381609162
7.65    0.042490485704
7.69    0.0424443928882
7.73    0.0423997928281
7.77    0.042356597164
7.81    0.042314719267
7.85    0.042274074638
7.89    0.0422345812547
7.93    0.0421961598694
7.97    0.0421587342618
8.01    0.0421222314457
8.05    0.0420865818355
8.09    0.0420517193736
8.13    0.0420175816223
8.17    0.0419841098215
8.21    0.0419512489179
8.25    0.0419189475655
8.29    0.0418871581019
8.33    0.041855836503
8.37    0.0418249423167
8.41    0.0417944385815
8.45    0.0417642917291
8.49    0.0417344714741
8.53    0.0417049506937
8.57    0.0416757052987
8.61    0.0416467140966
8.65    0.0416179586506
8.69    0.0415894231333
8.73    0.0415610941786
8.77    0.0415329607321
8.81    0.0415050139012
8.85    0.0414772468055
8.89    0.0414496544295
8.93    0.0414222334768
8.97    0.0413949822276
9.01    0.0413679004004
9.05    0.0413409890164
9.09    0.04131425027
9.13    0.0412876874026
9.17    0.0412613045824
9.21    0.0412351067894
9.25    0.0412090997054
9.29    0.0411832896102
9.33    0.0411576832832
9.37    0.0411322879102
9.41    0.0411071109965
9.45    0.0410821602853
9.49    0.0410574436817
9.53    0.0410329691816
9.57    0.0410087448074
9.61    0.0409847785467
9.65    0.0409610782978
9.69    0.0409376518193
9.73    0.0409145066844
9.77    0.0408916502399
9.81    0.0408690895691
9.85    0.0408468314592
9.89    0.0408248823727
9.93    0.0408032484217
9.97    0.040781935347
