0.05    0.00039510757254
0.09    0.00203899689796
0.13    0.00448023838504
0.17    0.00729668787252
0.21    0.00958372008582
0.25    0.0116936042566
0.29    0.0140351078331
0.33    0.0161786056383
0.37    0.0179637661012
0.41    0.0255948991119
0.45    0.0373387651633
0.49    0.0488585089686
0.53    0.0477599654725
0.57    0.0599738952623
0.61    0.0756244202345
0.65    0.0890656365345
0.69    0.0978706639851
0.73    0.105832598656
0.77    0.126137551303
0.81    0.139679913226
0.85    0.148940822247
0.89    0.155344404654
0.93    0.158713163759
0.97    0.159573084899
1.01    0.159809762432
1.05    0.161431623996
1.09    0.164691854536
1.13    0.170198502593
1.17    0.179193216825
1.21    0.192559100996
1.25    0.206015161849
1.29    0.218629284889
1.33    0.22979446527
1.37    0.239210357256
1.41    0.246942547356
1.45    0.253320923741
1.49    0.258506581827
1.53    0.262805390489
1.57    0.266332419279
1.61    0.269229645471
1.65    0.271639113708
1.69    0.273637034128
1.73    0.275253857681
1.77    0.276464387069
1.81    0.27718636947
1.85    0.277349695806
1.89    0.276972371895
1.93    0.276242216785
1.97    0.275699424407
2.01    0.275041090969
2.05    0.274293834756
2.09    0.273559974759
2.13    0.272526862296
2.17    0.27246194725
2.21    0.272556762616
2.25    0.272619198109
2.29    0.272511697936
2.33    0.271714699618
2.37    0.270090259603
2.41    0.267701414136
2.45    0.264493876531
2.49    0.260597167824
2.53    0.25643635135
2.57    0.254634871208
2.61    0.256119194011
2.65    0.257392250682
2.69    0.258426822125
2.73    0.259144104122
2.77    0.25957892124
2.81    0.259697265844
2.85    0.259525447794
2.89    0.259096151736
2.93    0.258432490448
2.97    0.257553755196
3.01    0.256502967444
3.05    0.255302540822
3.09    0.253981126384
3.13    0.252577186364
3.17    0.251061827537
3.21    0.249454993001
3.25    0.24770750173
3.29    0.245818518979
3.33    0.243901074175
3.37    0.241881460506
3.41    0.239784813308
3.45    0.237634952312
3.49    0.235473179094
3.53    0.233344114746
3.57    0.231209753188
3.61    0.229079723816
3.65    0.226959264552
3.69    0.22484961988
3.73    0.222748694564
3.77    0.220651875548
3.81    0.218552932651
3.85    0.216475371934
3.89    0.214390628073
3.93    0.212281721782
3.97    0.210144030493
4.01    0.207974660478
4.05    0.205772679
4.09    0.203539191443
4.13    0.201277283242
4.17    0.198991851554
4.21    0.196689354069
4.25    0.194377502243
4.29    0.192064924482
4.33    0.189760821706
4.37    0.18747463394
4.41    0.185215732482
4.45    0.182993148103
4.49    0.180815341972
4.53    0.178690022608
4.57    0.176624009382
4.61    0.174623140827
4.65    0.172692224337
4.69    0.17083502269
4.73    0.169054272112
4.77    0.167351726315
4.81    0.165728220929
4.85    0.164183753017
4.89    0.162717570771
4.93    0.16132826903
4.97    0.160013886863
5.01    0.158772004088
5.05    0.157599834209
5.09    0.156494311838
5.13    0.155452173191
5.17    0.154470028747
5.21    0.153544427538
5.25    0.152671912888
5.29    0.151849069724
5.33    0.151072563747
5.37    0.150339172973
5.41    0.149645812228
5.45    0.148989551273
5.49    0.148367627268
5.53    0.147777452299
5.57    0.147216616673
5.61    0.146682888668
5.65    0.14617421136
5.69    0.145688697129
5.73    0.14522462036
5.77    0.144780408815
5.81    0.144354634087
5.85    0.143946001485
5.89    0.143553339654
5.93    0.14317559017
5.97    0.142811797325
6.01    0.142461098235
6.05    0.14212271342
6.09    0.141795937921
6.13    0.141480133027
6.17    0.141174718644
6.21    0.140879166317
6.25    0.140592992912
6.29    0.14031575494
6.33    0.140047043495
6.37    0.139786479786
6.41    0.139533711218
6.45    0.139288407977
6.49    0.139050260089
6.53    0.138818974904
6.57    0.138594274955
6.61    0.138375896164
6.65    0.138163586343
6.69    0.13795710396
6.73    0.137756217133
6.77    0.137560702813
6.81    0.137370346138
6.85    0.137184939923
6.89    0.137004284258
6.93    0.136828186207
6.97    0.136656459579
7.01    0.136488924747
7.05    0.136325408524
7.09    0.136165744059
7.13    0.136009770763
7.17    0.135857334239
7.21    0.135708286226
7.25    0.135562484538
7.29    0.135419793004
7.33    0.135280081397
7.37    0.135143225357
7.41    0.1350091063
7.45    0.134877611321
7.49    0.134748633079
7.53    0.134622069677
7.57    0.134497824522
7.61    0.134375806184
7.65    0.134255928237
7.69    0.1341381091
7.73    0.134022271861
7.77    0.133908344103
7.81    0.133796257722
7.85    0.133685948741
7.89    0.133577357119
7.93    0.13347042657
7.97    0.133365104362
8.01    0.133261341141
8.05    0.133159090735
8.09    0.133058309975
8.13    0.132958958514
8.17    0.13286099865
8.21    0.132764395156
8.25    0.132669115114
8.29    0.132575127752
8.33    0.132482404296
8.37    0.132390917817
8.41    0.13230064309
8.45    0.132211556463
8.49    0.132123635728
8.53    0.132036859999
8.57    0.131951209599
8.61    0.131866665952
8.65    0.131783211485
8.69    0.13170082953
8.73    0.131619504241
8.77    0.131539220508
8.81    0.131459963885
8.85    0.13138172052
8.89    0.131304477088
8.93    0.131228220736
8.97    0.131152939026
9.01    0.131078619889
9.05    0.131005251577
9.09    0.130932822627
9.13    0.130861321822
9.17    0.130790738157
9.21    0.130721060818
9.25    0.130652279145
9.29    0.130584382619
9.33    0.130517360839
9.37    0.130451203504
9.41    0.130385900399
9.45    0.130321441385
9.49    0.130257816385
9.53    0.130195015378
9.57    0.13013302839
9.61    0.130071845491
9.65    0.13001145679
9.69    0.129951852432
9.73    0.129893022597
9.77    0.129834957498
9.81    0.129777647381
9.85    0.129721082529
9.89    0.129665253259
9.93    0.129610149927
9.97    0.129555762928
