0.05    3.49633114769e-05
0.09    0.000165911725559
0.13    0.000326966485148
0.17    0.000500235794303
0.21    0.000525083238283
0.25    0.000732077125443
0.29    0.000812100123406
0.33    0.000868202277261
0.37    0.0010882160585
0.41    0.00145519296203
0.45    0.00234100694204
0.49    0.00278258148946
0.53    0.00239572204079
0.57    0.00224089015281
0.61    0.00241448823081
0.65    0.00233650953513
0.69    0.0020490565733
0.73    0.0022283012884
0.77    0.00305839467605
0.81    0.00377783957856
0.85    0.00381541882187
0.89    0.00479263932561
0.93    0.00535914588624
0.97    0.00522500098239
1.01    0.00452966298959
1.05    0.00474603298198
1.09    0.00519546735002
1.13    0.00515822055557
1.17    0.00514713087178
1.21    0.00509645906151
1.25    0.00519603534028
1.29    0.00598617694474
1.33    0.00685475343399
1.37    0.00747815925805
1.41    0.00741469209294
1.45    0.00777593019857
1.49    0.00770398444169
1.53    0.00727230600324
1.57    0.00709350934705
1.61    0.00773356477916
1.65    0.00796892101397
1.69    0.00882476716666
1.73    0.00947225943133
1.77    0.00951339504479
1.81    0.00961250791167
1.85    0.0101678493267
1.89    0.0104687570684
1.93    0.0105187231038
1.97    0.0100451915303
2.01    0.00995286601044
2.05    0.00978978676823
2.09    0.0094370248905
2.13    0.00890974981821
2.17    0.00825001396337
2.21    0.00755686263534
2.25    0.00698753100718
2.29    0.00671823101008
2.33    0.00686883984873
2.37    0.00743880731309
2.41    0.00829007972982
2.45    0.00920127869425
2.49    0.0099659818045
2.53    0.0104312317217
2.57    0.0105226455559
2.61    0.0102588068038
2.65    0.00974191067506
2.69    0.00973364511501
2.73    0.0107659158523
2.77    0.011548901251
2.81    0.0121274246432
2.85    0.0126732394675
2.89    0.0133474317832
2.93    0.0142024232448
2.97    0.0151508341147
3.01    0.0161170377539
3.05    0.0171829783952
3.09    0.0181491551211
3.13    0.0188073591334
3.17    0.019175110177
3.21    0.019326853541
3.25    0.0192516528082
3.29    0.0188736818532
3.33    0.0182079929152
3.37    0.0185446667265
3.41    0.0186670269758
3.45    0.0185649695739
3.49    0.0183350212904
3.53    0.0180562985056
3.57    0.0177603623647
3.61    0.0174639894397
3.65    0.0171034636398
3.69    0.0166570853892
3.73    0.0160976544079
3.77    0.0161987441781
3.81    0.0164316069707
3.85    0.0172287405896
3.89    0.0180643598744
3.93    0.0189007858385
3.97    0.0197062597694
4.01    0.0205572151123
4.05    0.0214360742681
4.09    0.022319111044
4.13    0.0231541372587
4.17    0.0240498969645
4.21    0.0250649482417
4.25    0.0260731511
4.29    0.0271373264892
4.33    0.0282083909049
4.37    0.0292668566627
4.41    0.0303079499142
4.45    0.031336754229
4.49    0.0330647742825
4.53    0.0354405705156
4.57    0.0377061131055
4.61    0.0399568878079
4.65    0.0421038260982
4.69    0.0441079844727
4.73    0.045863627533
4.77    0.0473822385763
4.81    0.0486811371447
4.85    0.0497197412272
4.89    0.0507070097928
4.93    0.0516303541516
4.97    0.0524081484052
5.01    0.0530237505861
5.05    0.053455044598
5.09    0.0537146547386
5.13    0.0537518524688
5.17    0.0535274848882
5.21    0.0530793471589
5.25    0.0524437598833
5.29    0.0516053503582
5.33    0.0506079504684
5.37    0.0503202571169
5.41    0.050887626867
5.45    0.0513627515687
5.49    0.0517480040666
5.53    0.0520546900442
5.57    0.0523121749693
5.61    0.0525084509644
5.65    0.0526397804558
5.69    0.0527004372082
5.73    0.0527280643124
5.77    0.0528391297382
5.81    0.0528763532067
5.85    0.0531474938917
5.89    0.0534760287367
5.93    0.0537341271128
5.97    0.053919773436
6.01    0.0540406145376
6.05    0.0540982417264
6.09    0.0540841701916
6.13    0.0539961103973
6.17    0.0538339730521
6.21    0.0536011969653
6.25    0.0535082417887
6.29    0.0534308740136
6.33    0.0532931163817
6.37    0.0531149647781
6.41    0.0531852918407
6.45    0.0535813492221
6.49    0.0539713679427
6.53    0.0543460019605
6.57    0.0547057772853
6.61    0.0550452682867
6.65    0.0553614994493
6.69    0.0556545171746
6.73    0.0559263070708
6.77    0.0561782711341
6.81    0.056411217521
6.85    0.0566225208019
6.89    0.0568114735875
6.93    0.0569778694613
6.97    0.0571220283651
7.01    0.0572436792155
7.05    0.0573415771583
7.09    0.0574170424516
7.13    0.0574693422432
7.17    0.0575003214808
7.21    0.0575095564457
7.25    0.0574985223292
7.29    0.057466444612
7.33    0.0574147935728
7.37    0.0573443311807
7.41    0.0572553395561
7.45    0.057348249808
7.49    0.0582227698174
7.53    0.0590073930559
7.57    0.0597403880126
7.61    0.0604107116633
7.65    0.0610490918482
7.69    0.0615974595644
7.73    0.062065321177
7.77    0.0624597536936
7.81    0.0627535922917
7.85    0.0630326638415
7.89    0.0632309644694
7.93    0.0633327330409
7.97    0.0634182893962
8.01    0.0634512859916
8.05    0.0633785821689
8.09    0.0633113120684
8.13    0.0632786662353
8.17    0.0631894868129
8.21    0.0631425853151
8.25    0.0631376326492
8.29    0.0631129825981
8.33    0.0630217569407
8.37    0.0628463159171
8.41    0.0626222303493
8.45    0.0623864475297
8.49    0.062076207679
8.53    0.0616792411369
8.57    0.0612740665871
8.61    0.0608592170932
8.65    0.0603608383355
8.69    0.0599626051883
8.73    0.0598536171993
8.77    0.0596734832469
8.81    0.0594256998147
8.85    0.0591741471323
8.89    0.058864911996
8.93    0.0584945909249
8.97    0.0580661831475
9.01    0.0575846664091
9.05    0.0570613936005
9.09    0.0565045490989
9.13    0.0559813155526
9.17    0.0554249777697
9.21    0.0548580307145
9.25    0.0542967677508
9.29    0.0536902387642
9.33    0.0531234359668
9.37    0.0531990685284
9.41    0.0532682425141
9.45    0.0533309286897
9.49    0.0533873089091
9.53    0.0534379366079
9.57    0.0534881623421
9.61    0.0535386922565
9.65    0.0535834925096
9.69    0.0536222602618
9.73    0.0536549208723
9.77    0.0536909574262
9.81    0.0537345258388
9.85    0.053771848527
9.89    0.0538027781667
9.93    0.0538272746444
9.97    0.0538453662992
