0.1	0.000207997107992
0.12	0.000335017929513
0.14	0.00034321087188
0.16	0.000506817239242
0.18	0.00058012141067
0.2	0.000651409349123
0.22	0.000798261515374
0.24	0.000849032469142
0.26	0.000986530360878
0.28	0.000958904089146
0.3	0.00115899214948
0.32	0.00153435165699
0.34	0.00190665804521
0.36	0.0022080236913
0.38	0.00190440346379
0.4	0.00250293773443
0.42	0.00274758522172
0.44	0.00294657179499
0.46	0.00366229039435
0.48	0.004763668814
0.5	0.00502150073708
0.52	0.00472291942929
0.54	0.00461820184115
0.56	0.00455583463983
0.58	0.00384866363744
0.6	0.00380013297985
0.62	0.00386265625456
0.64	0.004086942095
0.66	0.00499450803323
0.68	0.00546913298098
0.7	0.00559868833542
0.72	0.00567318151628
0.74	0.00582971769716
0.76	0.00603488567459
0.78	0.00638718324054
0.8	0.00694685153593
0.82	0.00757579069833
0.84	0.00790787669812
0.86	0.00808141281649
0.88	0.00868087826087
0.9	0.00912330986908
0.92	0.00951755801508
0.94	0.00978832363333
0.96	0.00997668775924
0.98	0.0101706869908
1.0	0.0102911777392
1.02	0.0104198964835
1.04	0.0104268431414
1.06	0.0106105453036
1.08	0.0106642201495
1.1	0.010828152731
1.12	0.0109393924611
1.14	0.0109870147542
1.16	0.0110531898316
1.18	0.0112338592072
1.2	0.0113195587194
1.22	0.0116499810032
1.24	0.0118849590244
1.26	0.0137628003332
1.28	0.0159041891324
1.3	0.0177651181777
1.32	0.0191611272688
1.34	0.0205221006235
1.36	0.0214093774618
1.38	0.0222153184714
1.4	0.0229374534874
1.42	0.0232661562035
1.44	0.0233421198734
1.46	0.0233701917118
1.48	0.0229544746678
1.5	0.0224679821994
1.52	0.022032514486
1.54	0.0219017559705
1.56	0.0216836588378
1.58	0.0208278496019
1.6	0.0205024465027
1.62	0.0196336503052
1.64	0.0190050187579
1.66	0.0180380697247
1.68	0.017933959067
1.7	0.0174349520215
1.72	0.0176821081489
1.74	0.0183740014649
1.76	0.0188852273433
1.78	0.0198053050325
1.8	0.0200987568701
1.82	0.0202497209599
1.84	0.0207127540507
1.86	0.0224650141639
1.88	0.0224581575253
1.9	0.0232423509052
1.92	0.022947728711
1.94	0.0234902136457
1.96	0.0247222076289
1.98	0.0261066614844
2.0	0.0256269152626
2.02	0.0274290017087
2.04	0.0273962357811
2.06	0.0261418819094
2.08	0.0276296228415
2.1	0.0291782565118
2.12	0.0275705220936
2.14	0.0272189840252
2.16	0.0265841381174
2.18	0.0284613712821
2.2	0.0275985285197
2.22	0.0283125311297
2.24	0.0275080266377
2.26	0.0257589303825
2.28	0.0283731101254
2.3	0.030090218876
2.32	0.029297454394
2.34	0.0292653696767
2.36	0.0284363001346
2.38	0.0245648911168
2.4	0.0254094460114
2.42	0.0287880379352
2.44	0.0306337127559
2.46	0.0319675618272
2.48	0.0315053616366
2.5	0.0248345923283
2.52	0.025261856306
2.54	0.0322076960059
2.56	0.0314151185037
2.58	0.0346826822881
2.6	0.0357796208257
2.62	0.0314309175533
2.64	0.0345279583507
2.66	0.0377766022845
2.68	0.0329738330366
2.7	0.0401198586135
2.72	0.0389472475354
2.74	0.0430107216209
2.76	0.0406211886053
2.78	0.0408751581427
2.8	0.043506159456
2.82	0.0535447406502
2.84	0.0535523711103
2.86	0.0413238377589
2.88	0.0561407644889
2.9	0.050185108037
2.92	0.0567533202212
2.94	0.0596832737906
2.96	0.0520423674828
2.98	0.0510116431892
3.0	0.0579510142871
3.02	0.0648221496459
3.04	0.0713384748144
3.06	0.0545083984353
3.08	0.0636183930189
3.1	0.0630327125725
3.12	0.0635419360579
3.14	0.0760070249035
3.16	0.0828297986086
3.18	0.0745168065745
3.2	0.0778757137777
3.22	0.0763864046577
3.24	0.0805262342381
3.26	0.0803744632526
3.28	0.08461649682
3.3	0.0773868927375
3.32	0.0788400285772
3.34	0.0587120154505
3.36	0.0647677635987
3.38	0.0721060090862
3.4	0.0865339693761
3.42	0.0574217547581
3.44	0.0683110021872
3.46	0.066133172392
3.48	0.0759656612733
3.5	0.0713340150796
3.52	0.0663243081865
3.54	0.0823506558227
3.56	0.083733202629
3.58	0.0722237246211
3.6	0.0604722808057
3.62	0.0818851830496
3.64	0.071038661219
3.66	0.0803877466336
3.68	0.0697879182679
3.7	0.0635272894978
3.72	0.0795129952602
3.74	0.0794524775908
3.76	0.064396702048
3.78	0.0704690953708
3.8	0.0782130949348
3.82	0.0625830737675
3.84	0.0522145810629
3.86	0.0842121249443
3.88	0.0724093304522
3.9	0.0690991615235
3.92	0.0752978119528
3.94	0.0746745888212
3.96	0.0554208110101
3.98	0.0537891104309
4.0	0.0690173032734
4.02	0.0458420128196
4.04	0.0585723453102
4.06	0.0541225780069
4.08	0.0650271316522
4.1	0.0666967717559
4.12	0.0754396316678
4.14	0.0697688103074
4.16	0.0614644369639
4.18	0.0593802765772
4.2	0.0807309978438
4.22	0.0492991666501
4.24	0.065936909745
4.26	0.0515405411792
4.28	0.0760208317552
4.3	0.0809901865164
4.32	0.0745189518193
4.34	0.0816494357953
4.36	0.052376724629
4.38	0.0625833252343
4.4	0.072506347065
4.42	0.0526045239488
4.44	0.060976310085
4.46	0.0612981837842
4.48	0.0696301465938
4.5	0.066724261409
4.52	0.0937782928761
4.54	0.0595261162831
4.56	0.0608897099429
4.58	0.0495588546595
4.6	0.0446283989516
4.62	0.0438187468459
4.64	0.0534828930965
4.66	0.0504571679456
4.68	0.0715877361606
4.7	0.0551182741696
4.72	0.0709181375571
4.74	0.0611870018598
4.76	0.0627261581947
4.78	0.0741072780384
4.8	0.0713116298685
4.82	0.0768132016026
4.84	0.0620109891261
4.86	0.0604632140273
4.88	0.0845828482101
4.9	0.073137328825
4.92	0.0875380693203
4.94	0.0681358216215
4.96	0.0792070928373
4.98	0.0640787592622
5.0	0.069090945781
5.02	0.0499344016506
5.04	0.095885846117
5.06	0.0777815850941
5.08	0.0996047899713
5.1	0.0586757110394
5.12	0.077741871143
5.14	0.0637517777485
5.16	0.108449092656
5.18	0.0704655580275
5.2	0.0821367725837
5.22	0.0945362572041
5.24	0.0833441072574
5.26	0.093276214665
5.28	0.0877150025318
5.3	0.0824774121283
5.32	0.0947023073381
5.34	0.102913887679
5.36	0.0628521901352
5.38	0.0869030142205
5.4	0.0793352228376
5.42	0.078007560736
5.44	0.0657149876741
5.46	0.0669065363833
5.48	0.0999604602993
5.5	0.102912671881
5.52	0.0771916975074
5.54	0.102634642316
5.56	0.042490010508
5.58	0.0702152283564
5.6	0.0636811602627
5.62	0.0729208640973
5.64	0.048620646441
5.66	0.0866834158777
5.68	0.0558294031579
5.7	0.107591858979
5.72	0.0790296110966
5.74	0.104013612264
5.76	0.0775802666643
5.78	0.0859320874954
5.8	0.0789065949874
5.82	0.0801821505295
5.84	0.101851524974
5.86	0.116649961559
5.88	0.112422802752
5.9	0.072476842895
5.92	0.0690423231874
5.94	0.0901002941341
5.96	0.0689697263756
5.98	0.0462966636948
6.0	0.073432824249
6.02	0.0683753615233
6.04	0.0412077207961
6.06	0.0853118671357
6.08	0.0900384924662
6.1	0.0574993556453
6.12	0.0826647010102
6.14	0.0938023918896
6.16	0.112464209483
6.18	0.11232913091
6.2	0.111308595099
6.22	0.113110130235
6.24	0.0870927438682
6.26	0.0904627860274
6.28	0.0585618040513
6.3	0.0836468741988
6.32	0.0631779640137
6.34	0.118144055125
6.36	0.0682794046537
6.38	0.10156677465
6.4	0.141341676788
6.42	0.138092461088
6.44	0.146202244112
6.46	0.109540641115
6.48	0.0865884844477
6.5	0.0793990028927
6.52	0.0686402056488
6.54	0.104583133935
6.56	0.087044866648
6.58	0.0780113846828
6.6	0.0676967183493
6.62	0.0978866543233
6.64	0.0891921691244
6.66	0.0922644600346
6.68	0.0554261550573
6.7	0.0893873400969
6.72	0.0756507897524
6.74	0.126768091225
6.76	0.110007823828
6.78	0.090870008427
6.8	0.131515684131
6.82	0.116980596233
6.84	0.0806635054037
6.86	0.0963543689072
6.88	0.100243275721
6.9	0.0894632280717
6.92	0.0761430506086
6.94	0.0537229713845
6.96	0.0647757226857
6.98	0.0471914547456
7.0	0.091580614573
