0.05    3.12017806834e-05
0.09    0.000151094330439
0.13    0.000371886671203
0.17    0.000593179627694
0.21    0.000760968984547
0.25    0.000918683425222
0.29    0.00105882216597
0.33    0.00172241672813
0.37    0.00206062171828
0.41    0.00266324857439
0.45    0.00288546829915
0.49    0.00501653435538
0.53    0.00464079656111
0.57    0.00433419684775
0.61    0.00388451270467
0.65    0.00458380048036
0.69    0.00558755469357
0.73    0.00575754555746
0.77    0.00619372164777
0.81    0.00726835958589
0.85    0.00785834315109
0.89    0.00893697928732
0.93    0.00968220893563
0.97    0.010063680712
1.01    0.0104036883614
1.05    0.0105437964917
1.09    0.0108072951834
1.13    0.010989942317
1.17    0.0111943229579
1.21    0.0114658350791
1.25    0.012797735539
1.29    0.0166962702167
1.33    0.0197770117845
1.37    0.0218628759038
1.41    0.0231552632199
1.45    0.0235462753131
1.49    0.0230278522672
1.53    0.0219843306722
1.57    0.021430759612
1.61    0.0200092821658
1.65    0.0185256726403
1.69    0.0177483993995
1.73    0.018102407015
1.77    0.0191590179348
1.81    0.0203423572721
1.85    0.0214907110241
1.89    0.0226334474777
1.93    0.0237510481928
1.97    0.0248019074844
2.01    0.0257334178534
2.05    0.0264924989661
2.09    0.0270655462989
2.13    0.027490962347
2.17    0.0278426361422
2.21    0.0281276021243
2.25    0.0283471860808
2.29    0.0285100612926
2.33    0.0285713444657
2.37    0.0284987328068
2.41    0.0286729533347
2.45    0.0295671254706
2.49    0.0304646308489
2.53    0.0313166032252
2.57    0.0317252803077
2.61    0.0317288917789
2.65    0.0343932982299
2.69    0.0372693455043
2.73    0.0397935215138
2.77    0.0420007512854
2.81    0.0439891929109
2.85    0.0474022890408
2.89    0.0516718280962
2.93    0.0555313120274
2.97    0.0590068441642
3.01    0.0619546471373
3.05    0.0644805626835
3.09    0.0665109963718
3.13    0.0682170409646
3.17    0.0697634713941
3.21    0.070995965519
3.25    0.0718245855404
3.29    0.0724242157689
3.33    0.0728055387932
3.37    0.0730658179141
3.41    0.0732643584908
3.45    0.0734441752013
3.49    0.0733939150882
3.53    0.0730946630719
3.57    0.0726486298092
3.61    0.0721860601918
3.65    0.0716967756259
3.69    0.0711101965177
3.73    0.0704717465218
3.77    0.069689329115
3.81    0.0687454444961
3.85    0.0676563950503
3.89    0.0670078319658
3.93    0.0663527718391
3.97    0.0656137713094
4.01    0.0647904120328
4.05    0.0640030133821
4.09    0.063160354252
4.13    0.0626620434307
4.17    0.0625222272579
4.21    0.062238495454
4.25    0.061816072459
4.29    0.0613098609118
4.33    0.060743600882
4.37    0.0601316418963
4.41    0.0594459567487
4.45    0.0586831838029
4.49    0.0578631137636
4.53    0.0569915144118
4.57    0.0560871146884
4.61    0.0551498899639
4.65    0.0541963141028
4.69    0.0532664321299
4.73    0.052344244226
4.77    0.0517591698908
4.81    0.0515224062548
4.85    0.0512762350649
4.89    0.0510444661001
4.93    0.0508111500165
4.97    0.0505637100751
5.01    0.0503072115163
5.05    0.0500592680082
5.09    0.0498425700178
5.13    0.0496734147653
5.17    0.0495145793608
5.21    0.0493885348986
5.25    0.0492833681571
5.29    0.0491822645229
5.33    0.0490831032582
5.37    0.0490390384582
5.41    0.0490088085915
5.45    0.0489949201983
5.49    0.0489640199884
5.53    0.0489152936308
5.57    0.0488791917208
5.61    0.0488380980259
5.65    0.0488025867161
5.69    0.0487489620527
5.73    0.0486695446325
5.77    0.0485527660576
5.81    0.0484286001413
5.85    0.0483288082673
5.89    0.0481819927196
5.93    0.0479802497062
5.97    0.0477420050429
6.01    0.0474294774427
6.05    0.0470226846507
6.09    0.0465252895814
6.13    0.0459370015266
6.17    0.0452662700228
6.21    0.0445835735411
6.25    0.0443563619482
6.29    0.0440739269426
6.33    0.0437408382441
6.37    0.0433565266846
6.41    0.0429258738264
6.45    0.0424538907763
6.49    0.0419392948557
6.53    0.041374130328
6.57    0.0407532885324
6.61    0.04007369159
6.65    0.0393363603862
6.69    0.0388870076048
6.73    0.0387063770366
6.77    0.0384808005119
6.81    0.0384617179847
6.85    0.0387308871856
6.89    0.0389729502377
6.93    0.0391854325985
6.97    0.0393666736686
7.01    0.0395154054963
7.05    0.0396306698662
7.09    0.0397121511905
7.13    0.0397603266261
7.17    0.039786002353
7.21    0.039792266258
7.25    0.0397653670993
7.29    0.0397050029624
7.33    0.039609718152
7.37    0.0394804855531
7.41    0.0393168076257
7.45    0.0391193080772
7.49    0.0388881449969
7.53    0.0386236611179
7.57    0.0383271125056
7.61    0.0380069544381
7.65    0.0376739986662
7.69    0.0373186994941
7.73    0.0374502218685
7.77    0.0381603131179
7.81    0.0388611613075
7.85    0.0395526818226
7.89    0.0402338543196
7.93    0.0409074328871
7.97    0.0415889087014
8.01    0.04226030348
8.05    0.0429201913711
8.09    0.0435683398295
8.13    0.0442036243403
8.17    0.0448253369565
8.21    0.0454338114879
8.25    0.046027439151
8.29    0.0466073772743
8.33    0.0471715690623
8.37    0.0477217279142
8.41    0.0482556233867
8.45    0.0487749034492
8.49    0.0492777539583
8.53    0.0497654059311
8.57    0.0502365968094
8.61    0.0506921333528
8.65    0.0511312780332
8.69    0.0515544110384
8.73    0.0519613967043
8.77    0.0523520165346
8.81    0.0527269812955
8.85    0.0530851555461
8.89    0.0534283984342
8.93    0.0537551479165
8.97    0.0540662579841
9.01    0.0543620079692
9.05    0.0546417125397
9.09    0.0549065880431
9.13    0.0551561112265
9.17    0.0553902115177
9.21    0.0556099663194
9.25    0.0558150983845
9.29    0.0560057802415
9.33    0.0561824867048
9.37    0.0563625265009
9.41    0.0565585984979
9.45    0.0567413417875
9.49    0.0569107590711
9.53    0.057066808474
9.57    0.0572098949887
9.61    0.0573398024995
9.65    0.0574564472215
9.69    0.0575598757208
9.73    0.0576507816263
9.77    0.0577290765965
9.81    0.057794559878
9.85    0.0578477283233
9.89    0.057889260261
9.93    0.0579190113634
9.97    0.0579554787235
