0.05    6.38168311837e-05
0.09    0.00034656757755
0.13    0.000943801472292
0.17    0.00183516648724
0.21    0.00206405945745
0.25    0.00330085863838
0.29    0.00380599508112
0.33    0.00513974559583
0.37    0.00617180275451
0.41    0.00704337244402
0.45    0.0126282431634
0.49    0.0216228238749
0.53    0.0251900838824
0.57    0.0244730555829
0.61    0.0233269476946
0.65    0.0214644744205
0.69    0.0201319636147
0.73    0.0199760523036
0.77    0.0166008286482
0.81    0.0136596107551
0.85    0.016585535382
0.89    0.0173137237143
0.93    0.0162663000975
0.97    0.0148305819746
1.01    0.0163024883076
1.05    0.0185655741817
1.09    0.0177211885472
1.13    0.0161627509512
1.17    0.0151724037831
1.21    0.0145502149237
1.25    0.0152519643156
1.29    0.0163193751969
1.33    0.0167920080541
1.37    0.0165678704711
1.41    0.0165625645322
1.45    0.019171303517
1.49    0.0212975098381
1.53    0.0229441503033
1.57    0.0240131395823
1.61    0.0242894557072
1.65    0.0246440317781
1.69    0.024871183925
1.73    0.0238383768753
1.77    0.0220090844112
1.81    0.0217633246142
1.85    0.0238587373872
1.89    0.0254056572947
1.93    0.0260372158339
1.97    0.0284918185411
2.01    0.0305797066309
2.05    0.0306085682026
2.09    0.0301453253552
2.13    0.0290448568338
2.17    0.0274206802319
2.21    0.0258680936561
2.25    0.0247441018968
2.29    0.0241846030871
2.33    0.0241410567772
2.37    0.0244128266446
2.41    0.0247241072874
2.45    0.0254722171187
2.49    0.0263814419456
2.53    0.02702871496
2.57    0.0274548953922
2.61    0.0277990301255
2.65    0.0282443032179
2.69    0.0289577325906
2.73    0.0300329289437
2.77    0.0314675489945
2.81    0.033176869411
2.85    0.0350200576196
2.89    0.0368317278621
2.93    0.0384493620701
2.97    0.0397244477693
3.01    0.0405507759934
3.05    0.0420396138217
3.09    0.0432156025474
3.13    0.0438965657838
3.17    0.0443333247076
3.21    0.0445678891577
3.25    0.0442648938429
3.29    0.0432573307024
3.33    0.0415447454751
3.37    0.0393597591231
3.41    0.0370193310185
3.45    0.0363197688355
3.49    0.0375693195781
3.53    0.0386696965391
3.57    0.0396118865126
3.61    0.0403950427735
3.65    0.041011434804
3.69    0.0414598534714
3.73    0.0417407535428
3.77    0.0418583715912
3.81    0.0428895482584
3.85    0.0440212575589
3.89    0.0450931839476
3.93    0.0461034155633
3.97    0.0470542505314
4.01    0.0479470342072
4.05    0.0487787266024
4.09    0.0495495575865
4.13    0.0502626987372
4.17    0.0509156309925
4.21    0.0515069006637
4.25    0.0529012696805
4.29    0.0545382773623
4.33    0.0564192857521
4.37    0.0593340503431
4.41    0.0618911188915
4.45    0.064054345621
4.49    0.0657987235772
4.53    0.0671074255236
4.57    0.0679734239323
4.61    0.0689064184396
4.65    0.0709082198903
4.69    0.0729472377685
4.73    0.0746309672889
4.77    0.0758793224711
4.81    0.0766686890731
4.85    0.0769921070507
4.89    0.0768531559243
4.93    0.0762616295967
4.97    0.0752352753114
5.01    0.0737944585806
5.05    0.0719594819845
5.09    0.0697523013358
5.13    0.0688255389229
5.17    0.0694850834059
5.21    0.0698584794818
5.25    0.0699388620965
5.29    0.0700277444967
5.33    0.07090849085
5.37    0.071496489124
5.41    0.0718062984624
5.45    0.0718581853494
5.49    0.0716646110836
5.53    0.0712332657758
5.57    0.0705546117268
5.61    0.0696229058834
5.65    0.068445147197
5.69    0.0681553954022
5.73    0.0689051141727
5.77    0.0696192792949
5.81    0.070302609966
5.85    0.0709510454981
5.89    0.0715668738048
5.93    0.0721511318206
5.97    0.0727019780361
6.01    0.0732235087759
6.05    0.0737138693109
6.09    0.0741733209828
6.13    0.0746058681257
6.17    0.0750094834121
6.21    0.0753852367246
6.25    0.076246715588
6.29    0.0772066391373
6.33    0.0781373570445
6.37    0.0790339852803
6.41    0.0798998873445
6.45    0.0807352595517
6.49    0.0815374740551
6.53    0.0823138821185
6.57    0.0830583926841
6.61    0.0837738222941
6.65    0.0844631532644
6.69    0.0851226139962
6.73    0.0857561116291
6.77    0.0863643362024
6.81    0.0869447562298
6.85    0.0875013142646
6.89    0.08803440551
6.93    0.0885417078004
6.97    0.0890263372974
7.01    0.0894900381978
7.05    0.0899298522155
7.09    0.0903475083232
7.13    0.0907471701571
7.17    0.0911246922231
7.21    0.0914806421769
7.25    0.0918206592823
7.29    0.0921405702753
7.33    0.092440416067
7.37    0.092724094526
7.41    0.0929905240338
7.45    0.0932382083884
7.49    0.093469745494
7.53    0.0936862718864
7.57    0.0938851921614
7.61    0.0940685399682
7.65    0.0942382168041
7.69    0.0943912584739
7.73    0.094530050507
7.77    0.094655450961
7.81    0.0947650366105
7.85    0.0948625101153
7.89    0.0949457824887
7.93    0.095015091848
7.97    0.0950727678054
8.01    0.0951156965582
8.05    0.0951479234228
8.09    0.0951662194289
8.13    0.0951724753938
8.17    0.0951666529459
8.21    0.0951470356558
8.25    0.0951175486801
8.29    0.0950743744663
8.33    0.0950190290724
8.37    0.0949528287787
8.41    0.0948733125849
8.45    0.094782126189
8.49    0.0946801393329
8.53    0.0945651716442
8.57    0.0944379992938
8.61    0.0943010619762
8.65    0.0941514561406
8.69    0.0939892996406
8.73    0.0938172085727
8.77    0.0936337363384
8.81    0.0934380122743
8.85    0.0932304564089
8.89    0.0930138769921
8.93    0.0927853449038
8.97    0.0925449771841
9.01    0.0922941819613
9.05    0.0920336183401
9.09    0.0917615282393
9.13    0.0914780331326
9.17    0.0911856336263
9.21    0.0910213411737
9.25    0.0909490441972
9.29    0.090867485813
9.33    0.090775792751
9.37    0.0906731879568
9.41    0.0905587973608
9.45    0.0904322243257
9.49    0.0902947324849
9.53    0.0901440009195
9.57    0.089982847696
9.61    0.0898083891979
9.65    0.089623215881
9.69    0.0894254788194
9.73    0.089216144395
9.77    0.0889955938281
9.81    0.0888524450848
9.85    0.089064294352
9.89    0.0894106612958
9.93    0.090524009351
9.97    0.0915911607553
