0.1	0.000393143232344
0.12	0.000900313551209
0.14	0.00128231232612
0.16	0.00105192483334
0.18	0.00147309915839
0.2	0.00169861144658
0.22	0.00230027862714
0.24	0.00226520048701
0.26	0.0036491876474
0.28	0.00442337308192
0.3	0.00542147749362
0.32	0.00548506537712
0.34	0.00540548934464
0.36	0.00739550925032
0.38	0.00830884451609
0.4	0.00783028977762
0.42	0.00857474841781
0.44	0.0107800606058
0.46	0.0116130603411
0.48	0.0152808442706
0.5	0.0178167850051
0.52	0.017132831224
0.54	0.0177161516809
0.56	0.0208508615261
0.58	0.024574601425
0.6	0.02653508256
0.62	0.026900574907
0.64	0.025987094161
0.66	0.0237812404324
0.68	0.0197404868703
0.7	0.0167364852305
0.72	0.0159009647075
0.74	0.0173269598029
0.76	0.0184953098659
0.78	0.0190088546277
0.8	0.019297259369
0.82	0.0192540305122
0.84	0.0195644441836
0.86	0.020470243676
0.88	0.0207472640242
0.9	0.0210059772515
0.92	0.0219834944012
0.94	0.0245666201985
0.96	0.0275781043825
0.98	0.0298349678856
1.0	0.0308281463161
1.02	0.0304839462572
1.04	0.0290219131468
1.06	0.0269018385066
1.08	0.0247281744362
1.1	0.0243329225743
1.12	0.0242266163635
1.14	0.0239797742542
1.16	0.0239593903289
1.18	0.0233809251795
1.2	0.0224004632424
1.22	0.0215028377912
1.24	0.0211779464131
1.26	0.0212346115215
1.28	0.0218319345378
1.3	0.0225212340537
1.32	0.0230924650888
1.34	0.0233621948534
1.36	0.023349113778
1.38	0.0226546970239
1.4	0.0236685016028
1.42	0.0242431374723
1.44	0.0246558401307
1.46	0.0246774785416
1.48	0.0245634193721
1.5	0.0248685723524
1.52	0.0253444207287
1.54	0.0262324238431
1.56	0.0271088502398
1.58	0.0281042012362
1.6	0.0289164228866
1.62	0.0297551068329
1.64	0.0299280541598
1.66	0.0301396587563
1.68	0.0297243222545
1.7	0.0287574413083
1.72	0.028596697211
1.74	0.027614877853
1.76	0.026410328602
1.78	0.0246275529856
1.8	0.023852535502
1.82	0.0229629426181
1.84	0.0231160218715
1.86	0.0253520338194
1.88	0.0261546188397
1.9	0.0268839329014
1.92	0.0274081314997
1.94	0.0300552902039
1.96	0.0304895986792
1.98	0.0316032089599
2.0	0.0316142337896
2.02	0.0324664128505
2.04	0.0311708179504
2.06	0.0333804078208
2.08	0.0325105829918
2.1	0.0329002774222
2.12	0.0323533679427
2.14	0.0321186855421
2.16	0.0314776243284
2.18	0.0320823366362
2.2	0.0335160356298
2.22	0.0330293189749
2.24	0.0349055283849
2.26	0.0338758189027
2.28	0.0335402563015
2.3	0.0322120819401
2.32	0.0317838119909
2.34	0.0307950896047
2.36	0.031863735582
2.38	0.0290852903894
2.4	0.029324497903
2.42	0.0311820561476
2.44	0.0282951498552
2.46	0.0269275614011
2.48	0.0291430019953
2.5	0.0285203798723
2.52	0.029236184155
2.54	0.026181578285
2.56	0.0256139979376
2.58	0.0286321685102
2.6	0.0318823041907
2.62	0.0284491138623
2.64	0.0240468935721
2.66	0.0258508211919
2.68	0.0284614461408
2.7	0.0249231629878
2.72	0.0283709084236
2.74	0.0265687377273
2.76	0.0316358774574
2.78	0.0309479906627
2.8	0.0294195391132
2.82	0.0286259590334
2.84	0.0298858402258
2.86	0.0302038873121
2.88	0.031252861784
2.9	0.0291650409362
2.92	0.0265823106505
2.94	0.0276239720313
2.96	0.0323863344958
2.98	0.0286431803288
3.0	0.0290546587627
3.02	0.03183520986
3.04	0.0319478282915
3.06	0.029970441455
3.08	0.0331015009232
3.1	0.0338713777922
3.12	0.0352422409425
3.14	0.0352762673469
3.16	0.0346712234897
3.18	0.0355677419196
3.2	0.0367881335839
3.22	0.0388339760646
3.24	0.0390541897996
3.26	0.0372143438445
3.28	0.0486938655705
3.3	0.0430872370929
3.32	0.0418814935588
3.34	0.0426356854713
3.36	0.0461409626973
3.38	0.0495029161205
3.4	0.0457597242074
3.42	0.0471996010537
3.44	0.0449032701235
3.46	0.0496765772032
3.48	0.0565148413617
3.5	0.053260199206
3.52	0.0517913895564
3.54	0.0550226056973
3.56	0.0533652342362
3.58	0.0487833823217
3.6	0.0523265736696
3.62	0.0544711679186
3.64	0.0708740966014
3.66	0.0636355646503
3.68	0.0584954570843
3.7	0.0635466735205
3.72	0.0519662333199
3.74	0.062293202837
3.76	0.0612483627912
3.78	0.0796029282328
3.8	0.0779839468194
3.82	0.0785832435076
3.84	0.0765912088187
3.86	0.0850784714011
3.88	0.0786319174535
3.9	0.0587531800499
3.92	0.0806236122871
3.94	0.0702369197626
3.96	0.0932783598853
3.98	0.080498179277
4.0	0.0729308974044
4.02	0.0701081592935
4.04	0.0524152847744
4.06	0.0972049197565
4.08	0.0572436818745
4.1	0.0488804085094
4.12	0.117026058119
4.14	0.0707156081242
4.16	0.0819151780652
4.18	0.0740133937773
4.2	0.0814056893572
4.22	0.0995063762898
4.24	0.116291524776
4.26	0.129427040706
4.28	0.0877910394969
4.3	0.0725165630553
4.32	0.0854107358944
4.34	0.130337834038
4.36	0.065862676205
4.38	0.0636023256063
4.4	0.0986155154728
4.42	0.0779326522887
4.44	0.0903547839456
4.46	0.140020246383
4.48	0.116913807157
4.5	0.162169735113
4.52	0.159327807987
4.54	0.103368704486
4.56	0.0954496391712
4.58	0.0846226340177
4.6	0.0930529926287
4.62	0.0953297898446
4.64	0.0979005942186
4.66	0.109718815011
4.68	0.0821698633391
4.7	0.143623234463
4.72	0.104144802154
4.74	0.0971184840459
4.76	0.0852631794311
4.78	0.0948816054723
4.8	0.0718386032235
4.82	0.0641816514904
4.84	0.0774692046229
4.86	0.101491364298
4.88	0.111698758855
4.9	0.122177296025
4.92	0.103624241203
4.94	0.0787215310205
4.96	0.100486657312
4.98	0.100869982542
5.0	0.113836564816
5.02	0.0636515205088
5.04	0.0848930387783
5.06	0.100860894993
5.08	0.0591379912886
5.1	0.0853809687864
5.12	0.0988489214711
5.14	0.105385596566
5.16	0.0460841264116
5.18	0.0927689151544
5.2	0.0955816526058
5.22	0.125054764233
5.24	0.139189284014
5.26	0.155493835399
5.28	0.160786930127
5.3	0.110122976618
5.32	0.106337012635
5.34	0.150371539059
5.36	0.0989902802542
5.38	0.13614930425
5.4	0.132626788813
5.42	0.12347531497
5.44	0.0773025167478
5.46	0.139875269581
5.48	0.0902271539892
5.5	0.240762896883
5.52	0.179161887684
5.54	0.149243136874
5.56	0.0643869984874
5.58	0.240043208619
5.6	0.137349489883
5.62	0.0621759397893
5.64	0.243366947793
5.66	0.164651628426
5.68	0.1321216954
5.7	0.200463375593
5.72	0.105367563707
5.74	0.17770535325
5.76	0.142481149912
5.78	0.241849602167
5.8	0.141459200911
5.82	0.150964955825
5.84	0.227318013892
5.86	0.177409248538
5.88	0.140694089146
5.9	0.122612307522
5.92	0.192744158385
5.94	0.113226214783
5.96	0.0882452348496
5.98	0.0714979005349
6.0	0.151025626684
6.02	0.110721607457
6.04	0.111783596732
6.06	0.125131526279
6.08	0.15142243368
6.1	0.22062604011
6.12	0.187293458403
6.14	0.163824613124
6.16	0.0684316951806
6.18	0.108130188809
6.2	0.132395274385
6.22	0.179232520802
6.24	0.163827981532
6.26	0.161650974241
6.28	0.0981152720997
6.3	0.137720342005
6.32	0.114681800393
6.34	0.251192979232
6.36	0.202705899646
6.38	0.270531512868
6.4	0.214891368728
6.42	0.21296662562
6.44	0.189525426334
6.46	0.187541598035
6.48	0.290069985712
6.5	0.322146401172
6.52	0.253540142151
6.54	0.198008062069
6.56	0.176880660059
6.58	0.164145052197
6.6	0.127967958407
6.62	0.127470584352
6.64	0.102671352692
6.66	0.158703079782
6.68	0.127027293053
6.7	0.193714417866
6.72	0.100978421104
6.74	0.122073023832
6.76	0.238936757424
6.78	0.199877305195
6.8	0.277671409536
6.82	0.169702724965
6.84	0.135504991684
6.86	0.130178443663
6.88	0.177758212174
6.9	0.117042644138
6.92	0.11402766886
6.94	0.244913137118
6.96	0.313884141165
6.98	0.315465217272
7.0	0.0995349265037
