0.05    5.09369951834e-05
0.09    0.000313919881206
0.13    0.00104700001007
0.17    0.00111221012188
0.21    0.00226865309019
0.25    0.00293829560613
0.29    0.0049187426113
0.33    0.00509501409093
0.37    0.00773893068639
0.41    0.00744393702157
0.45    0.0110456795602
0.49    0.017077883827
0.53    0.0170852883356
0.57    0.022808893005
0.61    0.02702680631
0.65    0.0254816063387
0.69    0.0182311910118
0.73    0.0165490582346
0.77    0.0187083439064
0.81    0.0193895881184
0.85    0.0201191107378
0.89    0.0208810151222
0.93    0.0230887722165
0.97    0.0287964456662
1.01    0.0309301630484
1.05    0.0282630948144
1.09    0.0247062205722
1.13    0.0241138068219
1.17    0.02395749023
1.21    0.0221354113789
1.25    0.0213178242004
1.29    0.0222709198488
1.33    0.0233573122937
1.37    0.023295636474
1.41    0.0240118661656
1.45    0.0246490542433
1.49    0.0247561381241
1.53    0.0257496752393
1.57    0.0277003836727
1.61    0.0294662195286
1.65    0.0303433501111
1.69    0.0296208776004
1.73    0.0284626377796
1.77    0.0257514459023
1.81    0.0238200108982
1.85    0.0245503487364
1.89    0.0259686164905
1.93    0.0289568757658
1.97    0.0311685334428
2.01    0.0321542310452
2.05    0.0319580613309
2.09    0.033294362044
2.13    0.0329365249326
2.17    0.0311630166475
2.21    0.0335669542132
2.25    0.0345033411425
2.29    0.0340250425098
2.33    0.0323433076816
2.37    0.0302775220138
2.41    0.0299243381833
2.45    0.0293813763579
2.49    0.028934895094
2.53    0.0284004664407
2.57    0.0277022963437
2.61    0.0268689406265
2.65    0.0259401641612
2.69    0.0272295703203
2.73    0.0283511213091
2.77    0.0291136773712
2.81    0.0296716665969
2.85    0.0300929124592
2.89    0.0302952614151
2.93    0.0304149886488
2.97    0.0305963674421
3.01    0.0309628669829
3.05    0.0316058108232
3.09    0.0325767718988
3.13    0.0338814734298
3.17    0.0354944875035
3.21    0.0373599557395
3.25    0.0394081292182
3.29    0.0415599959357
3.33    0.0437364570501
3.37    0.0458653617968
3.41    0.0478881476489
3.45    0.049822133506
3.49    0.0519589903112
3.53    0.0540069677185
3.57    0.0559663318385
3.61    0.0577645903353
3.65    0.0595229281927
3.69    0.06220255384
3.73    0.0649063529823
3.77    0.067384482035
3.81    0.0696309125227
3.85    0.0716568429144
3.89    0.0734740133357
3.93    0.0750995223578
3.97    0.0765716779718
4.01    0.077927590682
4.05    0.0791880296611
4.09    0.0807411029737
4.13    0.0821577657027
4.17    0.0834159168383
4.21    0.0846987599299
4.25    0.086094764054
4.29    0.0874341604199
4.33    0.0886495940452
4.37    0.0896780043357
4.41    0.0905002851509
4.45    0.0911088896791
4.49    0.0915021844161
4.53    0.0916833204239
4.57    0.0917974768722
4.61    0.0932841517504
4.65    0.0944176448864
4.69    0.0952071362094
4.73    0.0957175517729
4.77    0.0961125613674
4.81    0.0966325668807
4.85    0.0970312569914
4.89    0.0971581553988
4.93    0.0969791905308
4.97    0.0965276802782
5.01    0.0958385381583
5.05    0.0950359678465
5.09    0.0943729947578
5.13    0.0935865851528
5.17    0.0937566159336
5.21    0.0937777293681
5.25    0.0934995955492
5.29    0.0929550912731
5.33    0.0921529970812
5.37    0.0911247310896
5.41    0.0899085599532
5.45    0.088417846183
5.49    0.086846740673
5.53    0.0857089671169
5.57    0.0846766920364
5.61    0.0836301205653
5.65    0.0824443730548
5.69    0.0810898646654
5.73    0.0795606810702
5.77    0.0778753388295
5.81    0.0760552314663
5.85    0.0741161068564
5.89    0.072423168898
5.93    0.0706597589182
5.97    0.0688369318916
6.01    0.0669711928485
6.05    0.0652475755083
6.09    0.0646453931601
6.13    0.0640139881699
6.17    0.0640789810956
6.21    0.0642719795749
6.25    0.064440423571
6.29    0.064582404622
6.33    0.064697390875
6.37    0.0647879350386
6.41    0.0648564385967
6.45    0.0649003666985
6.49    0.0649205556297
6.53    0.0649222175499
6.57    0.0649020599441
6.61    0.0648605260697
6.65    0.0648007643577
6.69    0.0647232185457
6.73    0.0646265191198
6.77    0.0645122032048
6.81    0.0643834904864
6.85    0.0642376559734
6.89    0.0640753596528
6.93    0.0639008840557
6.97    0.063711319689
7.01    0.0635070313812
7.05    0.0632913974701
7.09    0.0630628446821
7.13    0.0628210805503
7.17    0.0625688718539
7.21    0.0623054154598
7.25    0.0620300449753
7.29    0.0617450472124
7.33    0.0614501554138
7.37    0.0611444499551
7.41    0.0608297582788
7.45    0.0605063442216
7.49    0.0601730438222
7.53    0.0598311731626
7.57    0.0594816686716
7.61    0.0591230582013
7.65    0.0587560573546
7.69    0.0583824914357
7.73    0.0580004794233
7.77    0.057610239717
7.81    0.0572141393614
7.85    0.0568103344275
7.89    0.0566978501922
7.93    0.0566323978978
7.97    0.0565546668987
8.01    0.0564638113311
8.05    0.0563588566073
8.09    0.0562427971609
8.13    0.0561136605723
8.17    0.0559718017983
8.21    0.0558192038713
8.25    0.0556535656936
8.29    0.0554776710124
8.33    0.0552896362708
8.37    0.0550910465355
8.41    0.0548812587203
8.45    0.0546611536661
8.49    0.0544302382408
8.53    0.0541897421056
8.57    0.0539386547705
8.61    0.0547795663044
8.65    0.0556434487728
8.69    0.0564873607127
8.73    0.0573091253098
8.77    0.058107965881
8.81    0.0588834949145
8.85    0.0596343716362
8.89    0.0603607683238
8.93    0.061061787364
8.97    0.061885824522
9.01    0.062701300862
9.05    0.0634933791246
9.09    0.0642605489897
9.13    0.0650030089352
9.17    0.0657198047551
9.21    0.0664111357454
9.25    0.0670772157433
9.29    0.0677177339578
9.33    0.0683323062873
9.37    0.0689571205818
9.41    0.0695953920424
9.45    0.0702051172044
9.49    0.0707853855315
9.53    0.0713352731798
9.57    0.0718537750695
9.61    0.0723409684284
9.65    0.0727953295158
9.69    0.073216297392
9.73    0.0736033801739
9.77    0.0739561857374
9.81    0.0742744297779
9.85    0.0745579406648
9.89    0.0748066799488
9.93    0.0750207680729
9.97    0.0752004768551
