0.05    2.09305858626e-05
0.09    7.4210699711e-05
0.13    0.000247072225241
0.17    0.000585864120392
0.21    0.000780618960365
0.25    0.00126783332442
0.29    0.00203878603453
0.33    0.0018238261527
0.37    0.00217329148471
0.41    0.00294600398222
0.45    0.00406904110314
0.49    0.00526685041413
0.53    0.00852265641983
0.57    0.0102402698313
0.61    0.0087056148203
0.65    0.00901042694239
0.69    0.00841435791622
0.73    0.00692525773043
0.77    0.00543154960815
0.81    0.00444512343812
0.85    0.00412556347363
0.89    0.0044239556274
0.93    0.00468046663988
0.97    0.00460171449099
1.01    0.00464312678782
1.05    0.00518088025257
1.09    0.00578433411538
1.13    0.00607534363134
1.17    0.00633509311837
1.21    0.006902087493
1.25    0.00730682072822
1.29    0.00758773789006
1.33    0.00826778731481
1.37    0.00872952969004
1.41    0.00900159864184
1.45    0.00907633816626
1.49    0.00898958705966
1.53    0.00942970271186
1.57    0.0104716391097
1.61    0.0111029475851
1.65    0.0113749790638
1.69    0.0118081026989
1.73    0.0134674764088
1.77    0.0151843015094
1.81    0.0165495166939
1.85    0.0174762947638
1.89    0.0181295051288
1.93    0.0186075601544
1.97    0.0186099155058
2.01    0.0186804187145
2.05    0.0189558822455
2.09    0.018604625378
2.13    0.0182616174872
2.17    0.0177547258547
2.21    0.0172185404298
2.25    0.0164876536687
2.29    0.0157225231875
2.33    0.01501780559
2.37    0.0144120596526
2.41    0.013950827517
2.45    0.0137585622586
2.49    0.0138819753196
2.53    0.0141833542424
2.57    0.0146390813557
2.61    0.0152024912812
2.65    0.0158122607349
2.69    0.0164068914932
2.73    0.0169391262882
2.77    0.0173814888375
2.81    0.0177158126849
2.85    0.0179313780622
2.89    0.0180221248783
2.93    0.0179825794542
2.97    0.0178077386351
3.01    0.018310679759
3.05    0.0192811762625
3.09    0.0202771227581
3.13    0.0212934599841
3.17    0.0223226504921
3.21    0.0233581812638
3.25    0.0243931692341
3.29    0.0254182382061
3.33    0.0264195831918
3.37    0.0273814689823
3.41    0.0282915072434
3.45    0.0291367752714
3.49    0.0299104525168
3.53    0.030606828507
3.57    0.0312261467639
3.61    0.0317662925621
3.65    0.032225960893
3.69    0.0326047433365
3.73    0.0329049603026
3.77    0.0331311890657
3.81    0.0332865097362
3.85    0.0333777165962
3.89    0.0334082303098
3.93    0.033382250023
3.97    0.0333045473981
4.01    0.0331764315104
4.05    0.0329980375243
4.09    0.032768708788
4.13    0.0324898452985
4.17    0.0326470268788
4.21    0.0328176494019
4.25    0.0329177857776
4.29    0.0329462495841
4.33    0.0329035835522
4.37    0.0327894844534
4.41    0.032606365555
4.45    0.0323580388622
4.49    0.0320478303645
4.53    0.0316821380849
4.57    0.0312671516684
4.61    0.030810580705
4.65    0.0303174988192
4.69    0.0297916766756
4.73    0.0292364309853
4.77    0.0286532896457
4.81    0.0280446889846
4.85    0.0274136306284
4.89    0.0267656450053
4.93    0.0265185452112
4.97    0.0265997378824
5.01    0.0269873258795
5.05    0.0273164740202
5.09    0.0275907065682
5.13    0.0278055542181
5.17    0.0279543559824
5.21    0.0280360213557
5.25    0.0280553369807
5.29    0.0280171936176
5.33    0.0279275694961
5.37    0.0277930761642
5.41    0.0278476367733
5.45    0.0280313033503
5.49    0.0281726211615
5.53    0.0282757481755
5.57    0.0283460236505
5.61    0.0283893616554
5.65    0.0284139847534
5.69    0.028426242085
5.73    0.0284240329482
5.77    0.0284087549997
5.81    0.0285101751497
5.85    0.0286515860834
5.89    0.0287969186586
5.93    0.0289420192519
5.97    0.0290769648528
6.01    0.0292272778019
6.05    0.0298338010816
6.09    0.0304127963128
6.13    0.0309308363896
6.17    0.0314361091979
6.21    0.0318659969856
6.25    0.0321806238077
6.29    0.0324616806255
6.33    0.0330980004802
6.37    0.0337553652805
6.41    0.0343480079067
6.45    0.0348824482247
6.49    0.0353651639724
6.53    0.0357944750134
6.57    0.0361637803039
6.61    0.0365578320632
6.65    0.0370753491461
6.69    0.0375515771375
6.73    0.037991302117
6.77    0.0383922284911
6.81    0.0387406706788
6.85    0.0390285248243
6.89    0.0392553289321
6.93    0.0394318758767
6.97    0.0395985985556
7.01    0.0397320856412
7.05    0.0398120179999
7.09    0.0398295429086
7.13    0.0397816155601
7.17    0.0397177539171
7.21    0.0402110911955
7.25    0.0406988160968
7.29    0.0411843208696
7.33    0.0417007804825
7.37    0.0422289316642
7.41    0.042770467205
7.45    0.0433245356673
7.49    0.0438658534715
7.53    0.0443898770774
7.57    0.0448952643669
7.61    0.0453828496482
7.65    0.0458568979739
7.69    0.046330043204
7.73    0.0468132013957
7.77    0.0473283157141
7.81    0.0478246655319
7.85    0.048294334049
7.89    0.0487350973765
7.93    0.0491465215802
7.97    0.0495306358795
8.01    0.050003902321
8.05    0.0504734703616
8.09    0.0509129623228
8.13    0.0513201869298
8.17    0.0516931930113
8.21    0.0520313684923
8.25    0.0523359723903
8.29    0.0526083533211
8.33    0.0528815490135
8.37    0.0532421265023
8.41    0.0535786306181
8.45    0.0538880910783
8.49    0.0541688329838
8.53    0.0544278551398
8.57    0.0547033978303
8.61    0.054956551921
8.65    0.0551732408646
8.69    0.0553510041623
8.73    0.0554899832654
8.77    0.0557022317873
8.81    0.0561778193454
8.85    0.0566474888272
8.89    0.0571034568522
8.93    0.0575430825014
8.97    0.057965401895
9.01    0.0583693599847
9.05    0.0587542593739
9.09    0.0591190805372
9.13    0.059463019726
9.17    0.0597857280764
9.21    0.0600866874518
9.25    0.0603657820551
9.29    0.0606234196902
9.33    0.0608589863667
9.37    0.0610733499765
9.41    0.061266401997
9.45    0.0614392739751
9.49    0.0615928716399
9.53    0.0617299754922
9.57    0.0618990738185
9.61    0.0620968592895
9.65    0.0622856669903
9.69    0.0624644346089
9.73    0.0626868883001
9.77    0.0629358888136
9.81    0.0631679598119
9.85    0.06338147536
9.89    0.063575793196
9.93    0.06375134214
9.97    0.0639074633836
