0.05    1.97376813229e-05
0.09    7.04920927034e-05
0.13    0.000209383856733
0.17    0.000419876647123
0.21    0.000778857679682
0.25    0.00107717115881
0.29    0.00216216919635
0.33    0.00221881705618
0.37    0.00352535551582
0.41    0.00352671118071
0.45    0.00400507951123
0.49    0.00493191356968
0.53    0.00764200986454
0.57    0.00723280437843
0.61    0.00641034425127
0.65    0.00645269465118
0.69    0.00628573682701
0.73    0.00640514762922
0.77    0.0052228311564
0.81    0.00376723850891
0.85    0.00337710284589
0.89    0.00322736781419
0.93    0.00341164514833
0.97    0.00378944606783
1.01    0.00404681817964
1.05    0.00399875550348
1.09    0.00360896316748
1.13    0.00295029655047
1.17    0.00284402654395
1.21    0.0029601762018
1.25    0.00313702174366
1.29    0.00311768756632
1.33    0.00348594290025
1.37    0.00423855647496
1.41    0.00444337070388
1.45    0.00406548557528
1.49    0.00351851088553
1.53    0.00386737286401
1.57    0.00428444481225
1.61    0.00460815000164
1.65    0.00498482095102
1.69    0.00536727858956
1.73    0.00583294955919
1.77    0.006347845437
1.81    0.00656597279012
1.85    0.00646846365795
1.89    0.00637757356032
1.93    0.00678060579382
1.97    0.00681077197713
2.01    0.0065873227168
2.05    0.00632466927779
2.09    0.00598800834373
2.13    0.00558795106192
2.17    0.00522194583322
2.21    0.00486939989795
2.25    0.00451860726697
2.29    0.004177625436
2.33    0.00423937625468
2.37    0.00431136505449
2.41    0.00429169755746
2.45    0.00416723129677
2.49    0.00446765965363
2.53    0.00466870244357
2.57    0.00513940707357
2.61    0.00563293248747
2.65    0.00594648872099
2.69    0.00609376075409
2.73    0.00613711376345
2.77    0.00615367447252
2.81    0.00620741494329
2.85    0.00632944068609
2.89    0.00651690171796
2.93    0.00674103564826
2.97    0.00696280622907
3.01    0.00714595996377
3.05    0.00726395787005
3.09    0.00737349213058
3.13    0.00758841736368
3.17    0.00767227584454
3.21    0.00784760005244
3.25    0.00806195815401
3.29    0.0082118154344
3.33    0.00831958027079
3.37    0.00840687324385
3.41    0.00856157368479
3.45    0.00893199945995
3.49    0.00930454317564
3.53    0.00967224942813
3.57    0.0100203156654
3.61    0.010328285877
3.65    0.0105732468663
3.69    0.0107321426076
3.73    0.0107894673352
3.77    0.0107427066196
3.81    0.0106050859842
3.85    0.010422626094
3.89    0.0101987599329
3.93    0.0100619861218
3.97    0.0100784286497
4.01    0.0101598623013
4.05    0.0102000456341
4.09    0.0102285870999
4.13    0.0102710269913
4.17    0.0103459533337
4.21    0.0104628222613
4.25    0.0106217967511
4.29    0.0108150430399
4.33    0.0110290764241
4.37    0.0112471923981
4.41    0.0114519291656
4.45    0.011628666184
4.49    0.0118683624986
4.53    0.0121972687921
4.57    0.0127757810388
4.61    0.0132796392496
4.65    0.0136602639183
4.69    0.0139081020053
4.73    0.0140211160411
4.77    0.014004606307
4.81    0.0138674494422
4.85    0.0136223305684
4.89    0.0132835856256
4.93    0.0129469362974
4.97    0.0128218103944
5.01    0.0128971925155
5.05    0.0130370518457
5.09    0.0131375979141
5.13    0.013135045734
5.17    0.0130317759379
5.21    0.0129247264884
5.25    0.0129872743909
5.29    0.0131191545262
5.33    0.0132183573567
5.37    0.0132810394736
5.41    0.0133039188439
5.45    0.0132841348349
5.49    0.0132197022676
5.53    0.0131104492909
5.57    0.0129568956146
5.61    0.0127595877982
5.65    0.0125193429642
5.69    0.0122384512722
5.73    0.0119197191883
5.77    0.0115679958053
5.81    0.0111882287422
5.85    0.0107860022431
5.89    0.0103675909525
5.93    0.00993959402292
5.97    0.00950893376494
6.01    0.00918575261516
6.05    0.00914440219134
6.09    0.00907673978347
6.13    0.00911098284962
6.17    0.00919922376909
6.21    0.00926971660733
6.25    0.00932122302557
6.29    0.00935455516623
6.33    0.00936924626596
6.37    0.00941158156205
6.41    0.00948982515452
6.45    0.00954979425361
6.49    0.00959109351843
6.53    0.00961528512603
6.57    0.0096215714327
6.61    0.00961132753965
6.65    0.00958513388142
6.69    0.0095432051099
6.73    0.00948739970375
6.77    0.0094179744298
6.81    0.00933568009068
6.85    0.00924221233166
6.89    0.00913843774602
6.93    0.00902504088952
6.97    0.00890316167923
7.01    0.00877443963819
7.05    0.00863977542557
7.09    0.00849997178419
7.13    0.00836067842177
7.17    0.00847677575761
7.21    0.00857634777178
7.25    0.00865850065041
7.29    0.00872262221849
7.33    0.00876837493736
7.37    0.00879568617879
7.41    0.00880473515759
7.45    0.00879600492469
7.49    0.00883162514232
7.53    0.0088683502061
7.57    0.0088887081233
7.61    0.00889326657569
7.65    0.0088827532353
7.69    0.00885803778143
7.73    0.00882011207327
7.77    0.0087700659703
7.81    0.00870905783159
7.85    0.00863828115217
7.89    0.00855893136693
7.93    0.00847217841216
7.97    0.00837914978936
8.01    0.00828124375012
8.05    0.00817930555143
8.09    0.00824690038107
8.13    0.00831549032817
8.17    0.00837827012844
8.21    0.00843614749668
8.25    0.00848958229759
8.29    0.0085395231207
8.33    0.00858654664522
8.37    0.00863165340737
8.41    0.0086753184105
8.45    0.00871849453009
8.49    0.00876180443107
8.53    0.00880581911965
8.57    0.00888498393961
8.61    0.00900375842572
8.65    0.00911271416885
8.69    0.00921237122314
8.73    0.009302975033
8.77    0.00938486954979
8.81    0.00945832705691
8.85    0.00952354614718
8.89    0.00958072065112
8.93    0.00969523340015
8.97    0.00982990289015
9.01    0.0099620488153
9.05    0.0100907867214
9.09    0.0102160947714
9.13    0.0103378575107
9.17    0.0104551276549
9.21    0.0105681236936
9.25    0.0106756372172
9.29    0.0108828374013
9.33    0.0110954110108
9.37    0.0113046726046
9.41    0.0115099634468
9.45    0.011710652598
9.49    0.0119061157104
9.53    0.0120954301921
9.57    0.0122778425682
9.61    0.0124525918038
9.65    0.0126189148905
9.69    0.0127760535009
9.73    0.0129232613886
9.77    0.0130600036757
9.81    0.0131855511778
9.85    0.0132994488238
9.89    0.0134011072284
9.93    0.0134899708815
9.97    0.0135654805578
