0.05    2.06862119279e-05
0.09    9.40794802156e-05
0.13    0.000260745088878
0.17    0.000577841490069
0.21    0.000789871835871
0.25    0.00120531196354
0.29    0.00136515736685
0.33    0.00188053276791
0.37    0.0021193382875
0.41    0.00222939269411
0.45    0.00187377387528
0.49    0.00213195146768
0.53    0.00294823661299
0.57    0.00484659620791
0.61    0.00599818462304
0.65    0.00585847603561
0.69    0.00534502519026
0.73    0.00495090651538
0.77    0.00520125316617
0.81    0.0068416956569
0.85    0.00787027600639
0.89    0.00767223553915
0.93    0.00832907180863
0.97    0.00966542903577
1.01    0.0105663505749
1.05    0.0118934325083
1.09    0.0141828377927
1.13    0.0157833002943
1.17    0.0165381427194
1.21    0.0174858506299
1.25    0.0187862689834
1.29    0.0195185137563
1.33    0.0195444631825
1.37    0.0193022852276
1.41    0.0188939629174
1.45    0.0184005574475
1.49    0.0183396195416
1.53    0.0195940654357
1.57    0.022277195412
1.61    0.0254915741608
1.65    0.028520633463
1.69    0.0304568507563
1.73    0.0323456314264
1.77    0.0346922912557
1.81    0.0344543094659
1.85    0.0326310642586
1.89    0.0306076529324
1.93    0.0292545258937
1.97    0.0288230668858
2.01    0.0287589192635
2.05    0.0282083127039
2.09    0.0287056629295
2.13    0.0304573368233
2.17    0.0317747756672
2.21    0.0346384225732
2.25    0.0370025065338
2.29    0.0377924582057
2.33    0.0372232623697
2.37    0.035998417119
2.41    0.0348848545693
2.45    0.0344336319557
2.49    0.0348363799357
2.53    0.0359698784843
2.57    0.0375280206196
2.61    0.0392199468964
2.65    0.0408876965674
2.69    0.0423711769718
2.73    0.0435374700457
2.77    0.0443875286704
2.81    0.0450208726649
2.85    0.0454356442128
2.89    0.0456873969502
2.93    0.0458817619069
2.97    0.0461574817562
3.01    0.0466823729981
3.05    0.0476001665273
3.09    0.048995291919
3.13    0.0508847353104
3.17    0.0532009822207
3.21    0.0557994090098
3.25    0.0584990687062
3.29    0.0610712731212
3.33    0.0633309313707
3.37    0.0672713212215
3.41    0.0725216582605
3.45    0.0783889371732
3.49    0.083959898788
3.53    0.0891557932763
3.57    0.0939774966878
3.61    0.0983865628168
3.65    0.102382729641
3.69    0.105857817242
3.73    0.108741499891
3.77    0.111063252009
3.81    0.112847307896
3.85    0.114160974962
3.89    0.115148183977
3.93    0.115714098223
3.97    0.115791726709
4.01    0.11541072658
4.05    0.114592369134
4.09    0.113352334672
4.13    0.111735236047
4.17    0.1097976086
4.21    0.107518828188
4.25    0.104913008088
4.29    0.102016604574
4.33    0.0989080981479
4.37    0.0982145987254
4.41    0.100203140976
4.45    0.102209871136
4.49    0.104237424219
4.53    0.106291168872
4.57    0.108374767033
4.61    0.110491595878
4.65    0.112645128376
4.69    0.114837901901
4.73    0.117071253323
4.77    0.119345841333
4.81    0.121662506405
4.85    0.124023014461
4.89    0.126429934823
4.93    0.128890493293
4.97    0.131407128306
5.01    0.133986650034
5.05    0.136626454975
5.09    0.139330140714
5.13    0.142105854916
5.17    0.144952398339
5.21    0.147848548833
5.25    0.150780062474
5.29    0.153736702647
5.33    0.156719724701
5.37    0.159728680801
5.41    0.162781059161
5.45    0.165881649098
5.49    0.169045422957
5.53    0.172263211882
5.57    0.175510405018
5.61    0.178776718863
5.65    0.182064584027
5.69    0.185353118443
5.73    0.188614900947
5.77    0.191839158384
5.81    0.195009743326
5.85    0.198121629654
5.89    0.201175013779
5.93    0.204155519729
5.97    0.207066665032
6.01    0.209905994797
6.05    0.212683208035
6.09    0.215396199748
6.13    0.218047291857
6.17    0.220636402055
6.21    0.229312103367
6.25    0.238549780499
6.29    0.247493939838
6.33    0.256084825482
6.37    0.264285976258
6.41    0.272099448654
6.45    0.279510668106
6.49    0.286455285318
6.53    0.292918049709
6.57    0.298911759511
6.61    0.304417185999
6.65    0.309515929245
6.69    0.314204027276
6.73    0.319000602884
6.77    0.325274317123
6.81    0.331263107906
6.85    0.336947579426
6.89    0.342295622965
6.93    0.347346846651
6.97    0.352084871783
7.01    0.356466864512
7.05    0.360487063828
7.09    0.364189807492
7.13    0.367605515247
7.17    0.37075659961
7.21    0.373535995706
7.25    0.375865833855
7.29    0.377742337507
7.33    0.379224800554
7.37    0.380300328023
7.41    0.38099522534
7.45    0.381321795718
7.49    0.381280958539
7.53    0.382668243676
7.57    0.384914292287
7.61    0.386862904474
7.65    0.388504989883
7.69    0.389874749768
7.73    0.391004081425
7.77    0.391893779433
7.81    0.392533495883
7.85    0.393209267779
7.89    0.394943977889
7.93    0.39649899018
7.97    0.39782988409
8.01    0.398918601654
8.05    0.399770012863
8.09    0.400419037688
8.13    0.400930564971
8.17    0.401297373734
8.21    0.401477675204
8.25    0.401444499241
8.29    0.401197454118
8.33    0.400755640949
8.37    0.400138343826
8.41    0.399354901494
8.45    0.398404611437
8.49    0.397293168994
8.53    0.396026702342
8.57    0.394607860617
8.61    0.393063864782
8.65    0.391436143031
8.69    0.389724743112
8.73    0.387895421699
8.77    0.385936977559
8.81    0.383842652721
8.85    0.381628781122
8.89    0.379287147812
8.93    0.376837029599
8.97    0.374311332085
9.01    0.371735382528
9.05    0.369093828093
9.09    0.366367369332
9.13    0.363564404354
9.17    0.360688941267
9.21    0.357739160971
9.25    0.354706505762
9.29    0.351611566822
9.33    0.3484826582
9.37    0.345358149125
9.41    0.342221926865
9.45    0.339068254556
9.49    0.335901463786
9.53    0.332707986671
9.57    0.332247076286
9.61    0.331834466476
9.65    0.331405304047
9.69    0.330964723461
9.73    0.330513260902
9.77    0.330068212105
9.81    0.329638978911
9.85    0.329196704346
9.89    0.328713352563
9.93    0.328180872151
9.97    0.327591928217
