0.05    3.30397351874e-05
0.09    0.000181258190109
0.13    0.000548429681696
0.17    0.00193977301579
0.21    0.00195265447828
0.25    0.00213185402728
0.29    0.00301958417147
0.33    0.00356114952684
0.37    0.00342456951155
0.41    0.00321469847231
0.45    0.00397401274494
0.49    0.00407223365253
0.53    0.00335123479285
0.57    0.00337831181333
0.61    0.00463858553211
0.65    0.00612941530196
0.69    0.0066163515921
0.73    0.00635169277262
0.77    0.00780575271445
0.81    0.00928275806495
0.85    0.0088973046766
0.89    0.00884520323156
0.93    0.00934445993546
0.97    0.00904106264059
1.01    0.0090273465367
1.05    0.00851404086544
1.09    0.00877710267272
1.13    0.00892539102601
1.17    0.00968572033946
1.21    0.0104618249074
1.25    0.0128354380093
1.29    0.0154755893263
1.33    0.0167063855196
1.37    0.0178809880284
1.41    0.0198961140181
1.45    0.0205403922717
1.49    0.0200582619205
1.53    0.0197700166647
1.57    0.0199655624777
1.61    0.0215398820271
1.65    0.0238777020405
1.69    0.0253796015637
1.73    0.0255116296227
1.77    0.0273359541387
1.81    0.0274902522531
1.85    0.0264705141218
1.89    0.0251455735204
1.93    0.0241999475119
1.97    0.0239309432686
2.01    0.0242960254092
2.05    0.0249763804291
2.09    0.0256137886777
2.13    0.0259585111914
2.17    0.0259107994908
2.21    0.0255133291801
2.25    0.0249073873044
2.29    0.024277025596
2.33    0.0237875284849
2.37    0.0235653916356
2.41    0.0236603386829
2.45    0.0240588996318
2.49    0.0246963990416
2.53    0.0254572266432
2.57    0.0265193693066
2.61    0.029121344258
2.65    0.0311617970608
2.69    0.0323502476874
2.73    0.0328135123723
2.77    0.0329963763001
2.81    0.0338378657605
2.85    0.0343424801322
2.89    0.0346046013723
2.93    0.0353211833462
2.97    0.0357417021243
3.01    0.0359512507726
3.05    0.0364043714727
3.09    0.0368289289681
3.13    0.0373135073341
3.17    0.0378570319063
3.21    0.0384224511087
3.25    0.0390167073922
3.29    0.0396649014566
3.33    0.0403681943471
3.37    0.0411767224392
3.41    0.0422751170689
3.45    0.0434984601188
3.49    0.0447887720159
3.53    0.0461569181843
3.57    0.0476112941392
3.61    0.0491798613985
3.65    0.0507938722366
3.69    0.0523692274436
3.73    0.0538659973287
3.77    0.0554851762548
3.81    0.0573959756877
3.85    0.0593113411539
3.89    0.0611895157466
3.93    0.062997770822
3.97    0.0648935046192
4.01    0.0667236965008
4.05    0.0683669513577
4.09    0.0697872701141
4.13    0.0710901226423
4.17    0.0727229266304
4.21    0.0741135675837
4.25    0.0755113777481
4.29    0.0768977143174
4.33    0.0784160083661
4.37    0.079515097039
4.41    0.0803724020728
4.45    0.0809075041893
4.49    0.0809390547283
4.53    0.0804955897081
4.57    0.0807289742655
4.61    0.0829809262172
4.65    0.0851186932514
4.69    0.087132451526
4.73    0.0890174369213
4.77    0.0907704868701
4.81    0.0923954359737
4.85    0.0938984008632
4.89    0.0952919407117
4.93    0.0965695663918
4.97    0.0977295374365
5.01    0.0987635309925
5.05    0.0996740042145
5.09    0.100464749755
5.13    0.101141183971
5.17    0.101711897191
5.21    0.102179956093
5.25    0.102552588834
5.29    0.102837031888
5.33    0.103043472654
5.37    0.103175154624
5.41    0.103234959954
5.45    0.103228205484
5.49    0.103160222944
5.53    0.103036422088
5.57    0.102864631219
5.61    0.102652304303
5.65    0.102402088539
5.69    0.102120778168
5.73    0.10181571138
5.77    0.101493676173
5.81    0.101161876369
5.85    0.100824357514
5.89    0.100485598573
5.93    0.100153252806
5.97    0.0998315207963
6.01    0.099526017693
6.05    0.0992485974415
6.09    0.0990056526154
6.13    0.098779451114
6.17    0.0985661000263
6.21    0.0983629480844
6.25    0.0981689132614
6.29    0.0979852377543
6.33    0.0978149918334
6.37    0.0976561243835
6.41    0.0975126470245
6.45    0.0973960584304
6.49    0.0973249074897
6.53    0.0973492937493
6.57    0.0974505836108
6.61    0.0975618523312
6.65    0.0976783120332
6.69    0.0977981839007
6.73    0.0979195043573
6.77    0.0980423067764
6.81    0.0981635194526
6.85    0.0997890022455
6.89    0.102056197683
6.93    0.104283392372
6.97    0.106421521228
7.01    0.108448897035
7.05    0.110363479419
7.09    0.112161407678
7.13    0.113856306326
7.17    0.115492482717
7.21    0.117148620964
7.25    0.119607936302
7.29    0.123769245123
7.33    0.12781508807
7.37    0.131737986091
7.41    0.135532075451
7.45    0.13919206972
7.49    0.142713247518
7.53    0.146094802675
7.57    0.149267213894
7.61    0.152045831899
7.65    0.154400412277
7.69    0.156311617573
7.73    0.157763227185
7.77    0.158742149441
7.81    0.159238407332
7.85    0.160539313256
7.89    0.164319272746
7.93    0.167936858175
7.97    0.171393015358
8.01    0.17472122614
8.05    0.177955258164
8.09    0.181105405985
8.13    0.184214224143
8.17    0.187268869041
8.21    0.190227577412
8.25    0.193069309683
8.29    0.195776602403
8.33    0.198344983924
8.37    0.200787859662
8.41    0.203131244667
8.45    0.205351790107
8.49    0.207409535122
8.53    0.209308996402
8.57    0.21107880598
8.61    0.21273089881
8.65    0.214276773239
8.69    0.215682792602
8.73    0.216929849535
8.77    0.218024550275
8.81    0.218997885472
8.85    0.219887705228
8.89    0.220692911622
8.93    0.221360690045
8.97    0.221863988064
9.01    0.222217580294
9.05    0.22243198945
9.09    0.222522153621
9.13    0.222500236277
9.17    0.222360897017
9.21    0.222107411033
9.25    0.221745324108
9.29    0.221242052818
9.33    0.220591118684
9.37    0.21981401359
9.41    0.218914075879
9.45    0.217875222702
9.49    0.216689430252
9.53    0.21535940953
9.57    0.213893106892
9.61    0.21229557589
9.65    0.21057183539
9.69    0.208727488121
9.73    0.206770423441
9.77    0.204710623422
9.81    0.202555569042
9.85    0.200313945239
9.89    0.198780966849
9.93    0.198511052507
9.97    0.198169523694
