0.05    7.16886157868e-05
0.09    0.000333947837806
0.13    0.000949442690652
0.17    0.00263973147237
0.21    0.00390402116254
0.25    0.00546882609828
0.29    0.00774231236537
0.33    0.0121596395993
0.37    0.00790902735477
0.41    0.00812960570068
0.45    0.00826275580827
0.49    0.0124287091397
0.53    0.0114603000266
0.57    0.00954687942338
0.61    0.00792399332273
0.65    0.0104006085452
0.69    0.01397487632
0.73    0.0170787331986
0.77    0.0188440581238
0.81    0.0237306962158
0.85    0.0289474700381
0.89    0.0329247478399
0.93    0.0348354984101
0.97    0.0350263289109
1.01    0.0372735790373
1.05    0.0377594691196
1.09    0.0363282850778
1.13    0.0348274569048
1.17    0.0343403857242
1.21    0.0339452099898
1.25    0.0338121450678
1.29    0.0337973320785
1.33    0.0391098384811
1.37    0.0412090089912
1.41    0.0380737774937
1.45    0.0332714603282
1.49    0.030871089146
1.53    0.0314443819028
1.57    0.0338430878224
1.61    0.0355710621181
1.65    0.0364886341078
1.69    0.0365565931182
1.73    0.0353927625322
1.77    0.0336066071353
1.81    0.031965632777
1.85    0.0311253715724
1.89    0.0313016968021
1.93    0.0322799280018
1.97    0.0336933104802
2.01    0.0352912629932
2.05    0.0369986211388
2.09    0.0388266409078
2.13    0.0407582842793
2.17    0.0427265574253
2.21    0.0446070352707
2.25    0.046244482315
2.29    0.0474872022375
2.33    0.0482264812195
2.37    0.0484026357208
2.41    0.0479961058087
2.45    0.0470613948456
2.49    0.0456798683674
2.53    0.0439519952814
2.57    0.0421066416266
2.61    0.0403093710733
2.65    0.0383973160996
2.69    0.0364085071739
2.73    0.034389547544
2.77    0.0327182317756
2.81    0.0315539390501
2.85    0.0304045426156
2.89    0.0299979233372
2.93    0.0302616502539
2.97    0.0307155668812
3.01    0.0313703271838
3.05    0.0322234498153
3.09    0.0332583409549
3.13    0.0344449300643
3.17    0.0357413420569
3.21    0.0370962874735
3.25    0.0384651211089
3.29    0.0398060086504
3.33    0.0423659061746
3.37    0.0450582709923
3.41    0.0478330605257
3.45    0.0506262118295
3.49    0.0533779096894
3.53    0.0560336533725
3.57    0.0585395431303
3.61    0.0608427454858
3.65    0.0628938230226
3.69    0.0646531505393
3.73    0.066095831624
3.77    0.0672484350378
3.81    0.0688847542658
3.85    0.0701698026484
3.89    0.0710815462583
3.93    0.0715948138082
3.97    0.0717081238577
4.01    0.0714302286665
4.05    0.0707793199829
4.09    0.0713594504122
4.13    0.0719343870032
4.17    0.0721044640505
4.21    0.071871954385
4.25    0.0712794910641
4.29    0.0703728093748
4.33    0.0705749074216
4.37    0.0707590357783
4.41    0.0717682007136
4.45    0.0737323112615
4.49    0.0752688944409
4.53    0.0763680797503
4.57    0.0770650354196
4.61    0.0773839355311
4.65    0.0773715864718
4.69    0.0770809683283
4.73    0.0765694451913
4.77    0.0758966089903
4.81    0.0756377611073
4.85    0.0753464738106
4.89    0.0749757945436
4.93    0.0745798542437
4.97    0.0742110870868
5.01    0.0739285530548
5.05    0.073774453553
5.09    0.0737983117353
5.13    0.0748521940025
5.17    0.076389348424
5.21    0.07792825271
5.25    0.0794994627674
5.29    0.0811293501208
5.33    0.0828496026769
5.37    0.084687783141
5.41    0.0866728069854
5.45    0.088841451147
5.49    0.0911731419776
5.53    0.0936101504855
5.57    0.0965188513692
5.61    0.100235740655
5.65    0.104133922167
5.69    0.108184175541
5.73    0.112358132372
5.77    0.116629536979
5.81    0.120969707136
5.85    0.125359748961
5.89    0.129770677531
5.93    0.134184054194
5.97    0.138572684755
6.01    0.142931199662
6.05    0.147277428695
6.09    0.151701858497
6.13    0.156110336467
6.17    0.160404004359
6.21    0.16454854804
6.25    0.168518919815
6.29    0.172293754349
6.33    0.175856439863
6.37    0.179204212909
6.41    0.182347724116
6.45    0.185546312143
6.49    0.188904802706
6.53    0.192203826236
6.57    0.195466027701
6.61    0.198611793833
6.65    0.201577303394
6.69    0.204348795826
6.73    0.20696025979
6.77    0.210739388551
6.81    0.214770314059
6.85    0.21851543431
6.89    0.221862533406
6.93    0.224776093795
6.97    0.22725149396
7.01    0.229306398681
7.05    0.230992987402
7.09    0.232369878535
7.13    0.234274899947
7.17    0.237238931618
7.21    0.240001730028
7.25    0.242586256236
7.29    0.24504210921
7.33    0.24733429422
7.37    0.249462354532
7.41    0.251554727982
7.45    0.253581857894
7.49    0.255399032048
7.53    0.256982248996
7.57    0.258335724124
7.61    0.259461415539
7.65    0.26038083362
7.69    0.261127141642
7.73    0.261723980999
7.77    0.262151902158
7.81    0.26241122026
7.85    0.262516532949
7.89    0.262600120965
7.93    0.26290174135
7.97    0.263155673817
8.01    0.263312269045
8.05    0.263495232676
8.09    0.263633378563
8.13    0.263611542738
8.17    0.26340219143
8.21    0.263004390752
8.25    0.262423490439
8.29    0.261684947056
8.33    0.260840168415
8.37    0.259998736737
8.41    0.259176531424
8.45    0.25825077187
8.49    0.2571875368
8.53    0.256097833843
8.57    0.255833798945
8.61    0.255493926489
8.65    0.255072219423
8.69    0.254570555248
8.73    0.253993581137
8.77    0.253348252533
8.81    0.25264064806
8.85    0.251878778888
8.89    0.251067517072
8.93    0.250218625955
8.97    0.249328823153
9.01    0.248402692648
9.05    0.247432911326
9.09    0.246427091599
9.13    0.245390303499
9.17    0.24432800863
9.21    0.243236824162
9.25    0.242122670411
9.29    0.240984338605
9.33    0.239812318471
9.37    0.238606059077
9.41    0.237366112324
9.45    0.23632977909
9.49    0.235901411644
9.53    0.235428877041
9.57    0.234921896693
9.61    0.234411434964
9.65    0.234031724008
9.69    0.233634069326
9.73    0.23319993216
9.77    0.232723702432
9.81    0.232205575935
9.85    0.231646742142
9.89    0.231049485574
9.93    0.230412826932
9.97    0.229737398712
