0.05    0.00012421312576
0.09    0.00052750495894
0.13    0.000900931410541
0.17    0.0014000887141
0.21    0.00323820084842
0.25    0.00479383401182
0.29    0.00566305689647
0.33    0.00841860293383
0.37    0.00740460223288
0.41    0.00843834636427
0.45    0.00906524745442
0.49    0.0145208800729
0.53    0.0139365798191
0.57    0.013274303535
0.61    0.012780463975
0.65    0.0139766499609
0.69    0.0161808584506
0.73    0.0179641829278
0.77    0.0147958121594
0.81    0.0144691068507
0.85    0.0179539029112
0.89    0.0183913253247
0.93    0.0188271293595
0.97    0.0221429313657
1.01    0.0249240276578
1.05    0.0251578486763
1.09    0.0245416585224
1.13    0.0229888450986
1.17    0.0222632890622
1.21    0.0228188694258
1.25    0.0324413716502
1.29    0.0420084743457
1.33    0.0483463779983
1.37    0.0484762007186
1.41    0.0430273976807
1.45    0.0391333415623
1.49    0.0363153926864
1.53    0.0362852030825
1.57    0.0378018746113
1.61    0.0379423779222
1.65    0.0392658791962
1.69    0.0397052741615
1.73    0.0383770115858
1.77    0.0360923347514
1.81    0.0338392230519
1.85    0.0324047877319
1.89    0.0320757174264
1.93    0.032703810122
1.97    0.0338423032103
2.01    0.0350132304247
2.05    0.0358363154914
2.09    0.0361174850704
2.13    0.0357847562124
2.17    0.0362069767398
2.21    0.0368695948447
2.25    0.0369973928043
2.29    0.0365708736157
2.33    0.0356194266154
2.37    0.0343935354546
2.41    0.0333109001499
2.45    0.0345515449283
2.49    0.0365883910074
2.53    0.0379349286676
2.57    0.0385878266488
2.61    0.0386760964929
2.65    0.0383295484325
2.69    0.0377591467459
2.73    0.0371477188697
2.77    0.0366734027856
2.81    0.0364426012085
2.85    0.0364950595209
2.89    0.0367896456041
2.93    0.0372344536258
2.97    0.037696070364
3.01    0.0380156145765
3.05    0.0380416541741
3.09    0.0389031577636
3.13    0.0414746933538
3.17    0.0444280383988
3.21    0.0476734812312
3.25    0.0511020061032
3.29    0.0546250714039
3.33    0.0581250834529
3.37    0.0615023437371
3.41    0.0646593863677
3.45    0.0675106171871
3.49    0.0699865355705
3.53    0.0720312996179
3.57    0.0736232172276
3.61    0.0747276870395
3.65    0.0753449763952
3.69    0.0754823871528
3.73    0.0751525031685
3.77    0.0743748570985
3.81    0.0732804878438
3.85    0.0723781270695
3.89    0.0710881572317
3.93    0.0709592859747
3.97    0.0743505484233
4.01    0.0771718998265
4.05    0.0793666717999
4.09    0.0809459958271
4.13    0.0827916288003
4.17    0.0849665751035
4.21    0.0865079989311
4.25    0.0874786497686
4.29    0.0895446621762
4.33    0.0910173755223
4.37    0.0919662637618
4.41    0.0924355764239
4.45    0.0923931539791
4.49    0.0918868880503
4.53    0.0909579998175
4.57    0.0899370575721
4.61    0.0890691346529
4.65    0.0878534355225
4.69    0.0866284678928
4.73    0.0861252815928
4.77    0.085272827233
4.81    0.0844295981489
4.85    0.0838726733729
4.89    0.0837335647989
4.93    0.0845210146007
4.97    0.085257912289
5.01    0.0859621701334
5.05    0.0866180827953
5.09    0.0872219182835
5.13    0.0877733834233
5.17    0.0882889543533
5.21    0.0887561921328
5.25    0.0891708070661
5.29    0.0895331333604
5.33    0.0898528590629
5.37    0.0901321249504
5.41    0.090360894708
5.45    0.0905402304945
5.49    0.0908105274261
5.53    0.0912956154973
5.57    0.0917380832491
5.61    0.0921480654905
5.65    0.0925208914327
5.69    0.0928629726816
5.73    0.0950985095569
5.77    0.0988091152369
5.81    0.102923353825
5.85    0.10719536231
5.89    0.111589882321
5.93    0.116076868262
5.97    0.120630962755
6.01    0.125229756045
6.05    0.12991447942
6.09    0.134687829519
6.13    0.139499936615
6.17    0.144423405897
6.21    0.149403319998
6.25    0.154412121376
6.29    0.159345330365
6.33    0.164165931108
6.37    0.16885065568
6.41    0.173392520267
6.45    0.177774871275
6.49    0.182029124251
6.53    0.186475298131
6.57    0.191021357612
6.61    0.195381622288
6.65    0.199576528984
6.69    0.203584229802
6.73    0.207468501722
6.77    0.211326144752
6.81    0.215032490597
6.85    0.218627855536
6.89    0.222049897309
6.93    0.22524331344
6.97    0.228190396209
7.01    0.230907993348
7.05    0.233383206937
7.09    0.235527825233
7.13    0.237291568238
7.17    0.238775230416
7.21    0.24018937864
7.25    0.242610049597
7.29    0.245241675877
7.33    0.247726238784
7.37    0.250031643671
7.41    0.252292422509
7.45    0.254430910819
7.49    0.256362515793
7.53    0.258090126468
7.57    0.259775892619
7.61    0.262324825198
7.65    0.264810683704
7.69    0.267196146864
7.73    0.269426274198
7.77    0.2714864421
7.81    0.273374550858
7.85    0.275090262722
7.89    0.276633318542
7.93    0.278004827787
7.97    0.27922181277
8.01    0.28030479714
8.05    0.281273763847
8.09    0.282140703721
8.13    0.282946355323
8.17    0.283690617941
8.21    0.28435330178
8.25    0.284914089684
8.29    0.285355383483
8.33    0.285659112407
8.37    0.285822623748
8.41    0.285843732386
8.45    0.285722902245
8.49    0.285465680601
8.53    0.285090934807
8.57    0.284599531748
8.61    0.283994430343
8.65    0.283290594023
8.69    0.282481401034
8.73    0.281583795179
8.77    0.280599830956
8.81    0.279534149826
8.85    0.278387756583
8.89    0.277160846668
8.93    0.27586635918
8.97    0.274505749561
9.01    0.273080301063
9.05    0.271647984855
9.09    0.270288197007
9.13    0.269099407528
9.17    0.268282142743
9.21    0.267508783976
9.25    0.266985013449
9.29    0.266647823371
9.33    0.266439013965
9.37    0.266167514585
9.41    0.265814266761
9.45    0.265388488302
9.49    0.26488903958
9.53    0.264322547828
9.57    0.263685738967
9.61    0.262980664895
9.65    0.262224595788
9.69    0.261569913131
9.73    0.260962865888
9.77    0.260297715861
9.81    0.259566126549
9.85    0.258765592583
9.89    0.257894015026
9.93    0.256951655735
9.97    0.255941229345
