0.05    8.48725161326e-05
0.09    0.000361960674891
0.13    0.00119215671178
0.17    0.00221557211613
0.21    0.00384831039322
0.25    0.00685444813183
0.29    0.0102801382575
0.33    0.0109598855645
0.37    0.0142525719585
0.41    0.0131586842528
0.45    0.0143924928415
0.49    0.0206554910989
0.53    0.025012977091
0.57    0.0260922068638
0.61    0.028451721114
0.65    0.0245051688282
0.69    0.0314173605962
0.73    0.0439908971326
0.77    0.0532041112128
0.81    0.0544303127952
0.85    0.0586174247957
0.89    0.0479338646082
0.93    0.0409951182337
0.97    0.0373830623186
1.01    0.0411733807407
1.05    0.0384913080925
1.09    0.0395397542415
1.13    0.0472882651096
1.17    0.0524356486099
1.21    0.0526464951869
1.25    0.0564278937217
1.29    0.0668488224648
1.33    0.0722035996206
1.37    0.0714108023958
1.41    0.0637454694128
1.45    0.0565937945457
1.49    0.0512049948902
1.53    0.0484608977391
1.57    0.0521503476472
1.61    0.0565963555004
1.65    0.0632010376539
1.69    0.0670269942909
1.73    0.0715555684823
1.77    0.0821140556959
1.81    0.0880753171948
1.85    0.0890150991076
1.89    0.0867431393872
1.93    0.0817062524743
1.97    0.0791752076944
2.01    0.0812708664561
2.05    0.079764137602
2.09    0.0778479460868
2.13    0.0836714222736
2.17    0.0958500797172
2.21    0.108892670815
2.25    0.122073378291
2.29    0.134811935259
2.33    0.147406717808
2.37    0.160307480888
2.41    0.17290972208
2.45    0.183155787817
2.49    0.188592084908
2.53    0.187869378175
2.57    0.183445560324
2.61    0.19945374154
2.65    0.213917924697
2.69    0.226949302675
2.73    0.238939957028
2.77    0.250318037753
2.81    0.261210193292
2.85    0.271635600864
2.89    0.281356117445
2.93    0.290094585551
2.97    0.297669354531
3.01    0.304081869833
3.05    0.309416894517
3.09    0.317853973425
3.13    0.344068343745
3.17    0.368251939562
3.21    0.396890070735
3.25    0.422061240947
3.29    0.443266680266
3.33    0.460371432242
3.37    0.473809594526
3.41    0.483535328303
3.45    0.489216379331
3.49    0.490310476474
3.53    0.486254528012
3.57    0.477167391821
3.61    0.469656385922
3.65    0.464632412301
3.69    0.455838960099
3.73    0.44298783063
3.77    0.426577631562
3.81    0.407802894034
3.85    0.38747491693
3.89    0.365737914666
3.93    0.343089905673
3.97    0.323627263338
4.01    0.307025106319
4.05    0.297125834396
4.09    0.286407670965
4.13    0.27522143679
4.17    0.263823200347
4.21    0.252469957866
4.25    0.241421261189
4.29    0.230826470117
4.33    0.220876966421
4.37    0.211655054942
4.41    0.203251004499
4.45    0.195706589982
4.49    0.189005234874
4.53    0.183118552127
4.57    0.177993861096
4.61    0.173561283878
4.65    0.169740280103
4.69    0.166452741013
4.73    0.163603766345
4.77    0.161110316191
4.81    0.158895886363
4.85    0.156892450981
4.89    0.155041631595
4.93    0.153295201386
4.97    0.151615040342
5.01    0.149972657309
5.05    0.148348389308
5.09    0.146730379085
5.13    0.145115196784
5.17    0.143504245941
5.21    0.141898567451
5.25    0.140305554711
5.29    0.138734665451
5.33    0.137196471961
5.37    0.135701840424
5.41    0.134261246923
5.45    0.132884230799
5.49    0.131578980688
5.53    0.13035204448
5.57    0.129208151573
5.61    0.128150134003
5.65    0.127178932033
5.69    0.1262936696
5.73    0.125491785322
5.77    0.124769205557
5.81    0.124120547068
5.85    0.123539338138
5.89    0.123018248379
5.93    0.12254931891
5.97    0.122124186023
6.01    0.121734292802
6.05    0.121371084473
6.09    0.121026184385
6.13    0.12069154862
6.17    0.120359598076
6.21    0.120023327699
6.25    0.119676393148
6.29    0.119313175723
6.33    0.118928826783
6.37    0.118519293198
6.41    0.118081325583
6.45    0.117612471221
6.49    0.117111053605
6.53    0.116576140599
6.57    0.116007503113
6.61    0.115405566182
6.65    0.114771354159
6.69    0.114106431685
6.73    0.113412841893
6.77    0.112693043182
6.81    0.111949845771
6.85    0.111186349021
6.89    0.11040588044
6.93    0.109951605434
6.97    0.109925793153
7.01    0.109877453014
7.05    0.109804805189
7.09    0.109706406604
7.13    0.109581141137
7.17    0.109428207297
7.21    0.109247103775
7.25    0.109037613278
7.29    0.108799784983
7.33    0.108536102131
7.37    0.108248786507
7.41    0.107934556972
7.45    0.107594319154
7.49    0.1072291492
7.53    0.106840274086
7.57    0.106429052281
7.61    0.105996954944
7.65    0.105545547745
7.69    0.105076473435
7.73    0.104591435243
7.77    0.104092181164
7.81    0.10358048918
7.85    0.103058153477
7.89    0.10252697163
7.93    0.101988732817
7.97    0.101445207023
8.01    0.100898135245
8.05    0.100349220663
8.09    0.0998001207792
8.13    0.0992530829312
8.17    0.098710225969
8.21    0.0981716010314
8.25    0.0976386289199
8.29    0.0971126589631
8.33    0.0965949660117
8.37    0.0960867481032
8.41    0.0955891247639
8.45    0.0951031358862
8.49    0.0946297411427
8.53    0.0941698198968
8.57    0.0940973848605
8.61    0.0942440082912
8.65    0.0944002544658
8.69    0.0945646235369
8.73    0.0947356531016
8.77    0.0949119227516
8.81    0.0950920580748
8.85    0.0952747341362
8.89    0.0954586784528
8.93    0.0956426734964
8.97    0.0958255587438
9.01    0.0960062323037
9.05    0.0961836521458
9.09    0.0963568369556
9.13    0.0965248666503
9.17    0.096686882567
9.21    0.0968420873638
9.25    0.0969897446488
9.29    0.0971291783646
9.33    0.0972597719488
9.37    0.0973809673004
9.41    0.0974922635622
9.45    0.0975932157497
9.49    0.0976834332393
9.53    0.0977625781388
9.57    0.0978303635532
9.61    0.0978865517659
9.65    0.0979309523487
9.69    0.0979634202145
9.73    0.0979838536275
9.77    0.0979921921807
9.81    0.0979884147541
9.85    0.0979725374655
9.89    0.097944611617
9.93    0.0979058568342
9.97    0.097855708342
