0.05    0.000141346931886
0.09    0.000600985848185
0.13    0.00148475824228
0.17    0.00359297166483
0.21    0.00599577074375
0.25    0.00836893032691
0.29    0.0172886829675
0.33    0.0208251650358
0.37    0.0282430322985
0.41    0.03031052505
0.45    0.0295666767391
0.49    0.0472096375784
0.53    0.0507051547868
0.57    0.0409984069108
0.61    0.0349167818697
0.65    0.0415644386047
0.69    0.0424028890745
0.73    0.0463041898271
0.77    0.0583081440071
0.81    0.0560802599014
0.85    0.0533349789811
0.89    0.0546508379279
0.93    0.0628046202152
0.97    0.0606153932192
1.01    0.062818054751
1.05    0.0655692937529
1.09    0.0741808549633
1.13    0.0791650865491
1.17    0.0882115404074
1.21    0.108681965806
1.25    0.111265824822
1.29    0.104265064877
1.33    0.104435421328
1.37    0.10385647333
1.41    0.100453262261
1.45    0.113090146289
1.49    0.123538614805
1.53    0.125874861502
1.57    0.126970323006
1.61    0.130145139677
1.65    0.131662072307
1.69    0.12788244724
1.73    0.120789293785
1.77    0.128370202833
1.81    0.136996290518
1.85    0.142470945843
1.89    0.143698121248
1.93    0.151851437502
1.97    0.156968778467
2.01    0.159577780447
2.05    0.164223027054
2.09    0.175131221397
2.13    0.192435011495
2.17    0.212593608279
2.21    0.231897188699
2.25    0.248083225217
2.29    0.26074905054
2.33    0.281772316633
2.37    0.304140845607
2.41    0.3245458126
2.45    0.343359687778
2.49    0.361183651329
2.53    0.385875916045
2.57    0.410748472129
2.61    0.437183282361
2.65    0.466981702737
2.69    0.50176641255
2.73    0.542392810582
2.77    0.588884060662
2.81    0.640600632405
2.85    0.696790575972
2.89    0.756468147539
2.93    0.818650998495
2.97    0.889920017247
3.01    0.969161107894
3.05    1.05009631414
3.09    1.13154638408
3.13    1.21246122362
3.17    1.29180354678
3.21    1.36776589773
3.25    1.43757596975
3.29    1.5002344951
3.33    1.55979736635
3.37    1.60538677584
3.41    1.63436700108
3.45    1.64506982625
3.49    1.63723146519
3.53    1.61221472967
3.57    1.57476463913
3.61    1.53048434366
3.65    1.47344224138
3.69    1.41176708617
3.73    1.35081755541
3.77    1.28223761041
3.81    1.20745140806
3.85    1.12834577124
3.89    1.06030904064
3.93    1.00488300365
3.97    0.947821733536
4.01    0.897199727957
4.05    0.853288388244
4.09    0.808506874453
4.13    0.770773306402
4.17    0.738419430372
4.21    0.705951713038
4.25    0.673817321772
4.29    0.642436892859
4.33    0.612019767908
4.37    0.582852979164
4.41    0.55514518214
4.45    0.551838821542
4.49    0.552235660732
4.53    0.551994675967
4.57    0.550717637008
4.61    0.548027591084
4.65    0.543874223889
4.69    0.538268128466
4.73    0.531307434533
4.77    0.523183380282
4.81    0.514174379623
4.85    0.504478569019
4.89    0.494338845798
4.93    0.484045868906
4.97    0.473743763002
5.01    0.463670241634
5.05    0.453923350468
5.09    0.444637681502
5.13    0.437711170617
5.17    0.431511122149
5.21    0.425464343613
5.25    0.419633258472
5.29    0.414051956635
5.33    0.408784565686
5.37    0.403827034988
5.41    0.399177997801
5.45    0.394943725147
5.49    0.391424592672
5.53    0.3880911654
5.57    0.384959906855
5.61    0.382036892133
5.65    0.37930666167
5.69    0.37676002937
5.73    0.374383499902
5.77    0.372160371669
5.81    0.370071771118
5.85    0.368097594426
5.89    0.366217340772
5.93    0.364411432582
5.97    0.362674755827
6.01    0.360974916391
6.05    0.359295749812
6.09    0.357623079854
6.13    0.355944884615
6.17    0.354251377119
6.21    0.35253501182
6.25    0.350790428687
6.29    0.349025641828
6.33    0.347232153564
6.37    0.345405696241
6.41    0.343548149588
6.45    0.341662747948
6.49    0.339753864726
6.53    0.337826796905
6.57    0.335887554807
6.61    0.333942661234
6.65    0.331999690963
6.69    0.330073463046
6.73    0.32816156147
6.77    0.326270851966
6.81    0.324407944801
6.85    0.322579092017
6.89    0.320790102617
6.93    0.319046274994
6.97    0.317352345696
7.01    0.315712453363
7.05    0.314130116616
7.09    0.312608224487
7.13    0.311149038063
7.17    0.309754201874
7.21    0.308424763683
7.25    0.307161201307
7.29    0.305963455212
7.33    0.304830965659
7.37    0.303762713302
7.41    0.302757262201
7.45    0.301812804352
7.49    0.300927204881
7.53    0.300098047208
7.57    0.299322677519
7.61    0.298598248049
7.65    0.2979217587
7.69    0.297290096633
7.73    0.296700073557
7.77    0.296148460483
7.81    0.295632019785
7.85    0.295147534475
7.89    0.294691834637
7.93    0.294261821009
7.97    0.293854485745
8.01    0.293466930426
8.05    0.293096381399
8.09    0.292740202558
8.13    0.2923959057
8.17    0.292061158591
8.21    0.291733790899
8.25    0.291411798147
8.29    0.291093343853
8.33    0.290776760018
8.37    0.290460546118
8.41    0.290143366774
8.45    0.289824048239
8.49    0.289501573862
8.53    0.289175078669
8.57    0.288843843195
8.61    0.288507286702
8.65    0.288165341463
8.69    0.287819964904
8.73    0.287468279984
8.77    0.287110176032
8.81    0.286745642279
8.85    0.286374759601
8.89    0.285997692298
8.93    0.285614679966
8.97    0.285226029526
9.01    0.284832107444
9.05    0.284433332189
9.09    0.28403016697
9.13    0.283623112763
9.17    0.283212701671
9.21    0.282799490621
9.25    0.282384055412
9.29    0.281966985142
9.33    0.281548876987
9.37    0.281130331363
9.41    0.280711947456
9.45    0.28029431912
9.49    0.279878031141
9.53    0.279463655845
9.57    0.279051750064
9.61    0.278642852425
9.65    0.278237480962
9.69    0.277836131045
9.73    0.277439273589
9.77    0.277047353557
9.81    0.276660788712
9.85    0.276279968632
9.89    0.275905253951
9.93    0.275536975821
9.97    0.275175435577
