0.05    6.74844881696e-05
0.09    0.000364837698236
0.13    0.00113565287484
0.17    0.00218665890087
0.21    0.0030324771779
0.25    0.00340965709454
0.29    0.00618698354403
0.33    0.00812546379967
0.37    0.00788881040882
0.41    0.00983794371165
0.45    0.0111864727093
0.49    0.0113287593238
0.53    0.0118883577042
0.57    0.0116237075183
0.61    0.0178597826239
0.65    0.021072003762
0.69    0.0251575137665
0.73    0.029961198435
0.77    0.0264340006211
0.81    0.0254745902561
0.85    0.0206813597672
0.89    0.0207561652268
0.93    0.0246303283892
0.97    0.0299124205048
1.01    0.0296314871962
1.05    0.0333803059021
1.09    0.039765945897
1.13    0.0460922799245
1.17    0.0518839709142
1.21    0.0571480599149
1.25    0.0634144201666
1.29    0.0639391228587
1.33    0.059838621261
1.37    0.0537610751422
1.41    0.0544144104802
1.45    0.0567726417116
1.49    0.0613236246594
1.53    0.0610292140241
1.57    0.0583826974272
1.61    0.0545836903204
1.65    0.0500648478309
1.69    0.0474494864581
1.73    0.0510339441184
1.77    0.0555366179428
1.81    0.0591301255534
1.85    0.0603320964316
1.89    0.0591101024939
1.93    0.0565980850791
1.97    0.0603870197905
2.01    0.0611264241888
2.05    0.0590681601521
2.09    0.0576081628269
2.13    0.0564907386583
2.17    0.0568878064569
2.21    0.0561302272609
2.25    0.0589322264686
2.29    0.0625162482166
2.33    0.0655805519006
2.37    0.0673639073831
2.41    0.0676050336853
2.45    0.0676389122513
2.49    0.0665243001646
2.53    0.0648920398755
2.57    0.0637450743598
2.61    0.0637710157815
2.65    0.0648429210764
2.69    0.0661468145365
2.73    0.0669458930125
2.77    0.0670251948853
2.81    0.067900182031
2.85    0.070603849015
2.89    0.0725284364233
2.93    0.0731232587935
2.97    0.0717204109723
3.01    0.0686239655152
3.05    0.0639956841173
3.09    0.059667475468
3.13    0.0555160326937
3.17    0.0553342486705
3.21    0.0563759929578
3.25    0.0573126638373
3.29    0.0610759354701
3.33    0.0654822758977
3.37    0.0700791739552
3.41    0.0745940344339
3.45    0.0784210725268
3.49    0.0808331333314
3.53    0.08146777572
3.57    0.0802787630362
3.61    0.0776023577525
3.65    0.0740669307509
3.69    0.0703171526517
3.73    0.0669409259988
3.77    0.0647332710001
3.81    0.0637583684102
3.85    0.0641800553578
3.89    0.0659519144312
3.93    0.0687696593628
3.97    0.0721499018776
4.01    0.075632638823
4.05    0.0799475098119
4.09    0.0864328000649
4.13    0.0928143110626
4.17    0.0985407702469
4.21    0.103222783827
4.25    0.106634379631
4.29    0.108724579807
4.33    0.109459067528
4.37    0.108786539183
4.41    0.106822791765
4.45    0.103762182079
4.49    0.0997802441177
4.53    0.096972717023
4.57    0.0938692565781
4.61    0.0903981686028
4.65    0.0864230323477
4.69    0.0820176125442
4.73    0.0774123738526
4.77    0.0727856397319
4.81    0.0696351186556
4.85    0.068340224015
4.89    0.0668283812891
4.93    0.0651627372363
4.97    0.0634097844949
5.01    0.0616289753968
5.05    0.0598616144946
5.09    0.0581481246296
5.13    0.0565118501804
5.17    0.0549741627234
5.21    0.0535436937443
5.25    0.0522254626998
5.29    0.0510217528907
5.33    0.0499246850558
5.37    0.048928458079
5.41    0.048028305784
5.45    0.0472118117273
5.49    0.0464682649555
5.53    0.0457876902653
5.57    0.0451605005355
5.61    0.0445778315631
5.65    0.0440317848276
5.69    0.0435181658968
5.73    0.0430285007425
5.77    0.0425581515498
5.81    0.0421035081216
5.85    0.0416618907257
5.89    0.0412314306742
5.93    0.0408109391307
5.97    0.0403997727899
6.01    0.0399977032445
6.05    0.0396063827042
6.09    0.0392246460683
6.13    0.0388525293654
6.17    0.0384903867282
6.21    0.0381385222254
6.25    0.037797142517
6.29    0.0374663241538
6.33    0.0371459941421
6.37    0.0368359221285
6.41    0.0365357224298
6.45    0.0362448640867
6.49    0.0359626871608
6.53    0.0356884235847
6.57    0.0354212210188
6.61    0.035160168333
6.65    0.0349043215119
6.69    0.0346527289782
6.73    0.0344049147727
6.77    0.0341599000354
6.81    0.0339164538626
6.85    0.0336738087187
6.89    0.0334312838634
6.93    0.0331882959726
6.97    0.0329443667278
7.01    0.0327163619973
7.05    0.03248671693
7.09    0.032254577187
7.13    0.0320198291418
7.17    0.0317824646482
7.21    0.031542576433
7.25    0.0313003518701
7.29    0.0310560654302
7.33    0.0308100700785
7.37    0.0305627878966
7.41    0.0303147001777
7.45    0.0300663372314
7.49    0.0298182681078
7.53    0.0295710904333
7.57    0.029325420517
7.61    0.0290818838746
7.65    0.0288411062801
7.69    0.0287506370477
7.73    0.0286461449223
7.77    0.0285279591987
7.81    0.0283972825247
7.85    0.028255422549
7.89    0.0281037679676
7.93    0.0279437646612
7.97    0.0277768923735
8.01    0.0276046423339
8.05    0.0274284961598
8.09    0.0272499063251
8.13    0.0270714372704
8.17    0.0268931710973
8.21    0.0267163573552
8.25    0.0265421800089
8.29    0.0263717262043
8.33    0.026205978769
8.37    0.0260458107608
8.41    0.0258919819773
8.45    0.0257451373076
8.49    0.0256058067913
8.53    0.0254744072371
8.57    0.0253512452342
8.61    0.0252365213964
8.65    0.0251303356607
8.69    0.0250326934738
8.73    0.0249435127003
8.77    0.0248626310896
8.81    0.0248131081424
8.85    0.024784344742
8.89    0.0247597798059
8.93    0.0247390448084
8.97    0.0247217753498
9.01    0.0247076130508
9.05    0.0246962072746
9.09    0.0246872166782
9.13    0.0246803105959
9.17    0.0246751702547
9.21    0.0246714898306
9.25    0.0246689773466
9.29    0.0246673554214
9.33    0.0246663795269
9.37    0.0246660114539
9.41    0.0246657696998
9.45    0.0246654412133
9.49    0.0246648293214
9.53    0.0246637537235
9.57    0.0246620503904
9.61    0.0246595713766
9.65    0.0246561845538
9.69    0.0246517732745
9.73    0.024646235972
9.77    0.0246394857061
9.81    0.0246314496592
9.85    0.0246220685929
9.89    0.0246112962685
9.93    0.02459909884
9.97    0.0245854542237
