0.05    5.75425147745e-05
0.09    0.000284877984183
0.13    0.000639342032428
0.17    0.00152553414315
0.21    0.00316102728492
0.25    0.00362650229681
0.29    0.00471856219555
0.33    0.00558860704668
0.37    0.00558571325099
0.41    0.0100926167902
0.45    0.0127382548681
0.49    0.0115181242107
0.53    0.0123245537355
0.57    0.0145716382448
0.61    0.0168150372576
0.65    0.0218419393866
0.69    0.0214975758746
0.73    0.0194973862686
0.77    0.0206404271749
0.81    0.0224316469557
0.85    0.0233110346628
0.89    0.0295736222407
0.93    0.0300892290371
0.97    0.0282137923595
1.01    0.030924889792
1.05    0.0359619290065
1.09    0.0451301355679
1.13    0.0530550767308
1.17    0.0556654040577
1.21    0.0574518532649
1.25    0.0563611742672
1.29    0.0571283058621
1.33    0.0630359780976
1.37    0.0791149486854
1.41    0.0939021067973
1.45    0.104801511153
1.49    0.114946896643
1.53    0.118218347343
1.57    0.111975759675
1.61    0.10309199367
1.65    0.11219882396
1.69    0.135127603257
1.73    0.164646007172
1.77    0.188607074712
1.81    0.197884528766
1.85    0.193430003948
1.89    0.181367955506
1.93    0.160516911284
1.97    0.139931056393
2.01    0.131164486043
2.05    0.122550442335
2.09    0.114742111019
2.13    0.107611286057
2.17    0.100840922166
2.21    0.0941864255428
2.25    0.0882691426143
2.29    0.0896481962852
2.33    0.0920729128526
2.37    0.0945029635844
2.41    0.0965493432051
2.45    0.0978873261201
2.49    0.0982787070742
2.53    0.097649223663
2.57    0.0970124536459
2.61    0.10609786488
2.65    0.114501949263
2.69    0.121913646065
2.73    0.128193796278
2.77    0.133407091838
2.81    0.137841473851
2.85    0.141607076836
2.89    0.14720098023
2.93    0.157378047039
2.97    0.168903406029
3.01    0.183219127032
3.05    0.195974404768
3.09    0.206885822107
3.13    0.215716642726
3.17    0.222481607967
3.21    0.227411368347
3.25    0.230837969773
3.29    0.232828778836
3.33    0.233367842603
3.37    0.232514587789
3.41    0.230427141685
3.45    0.22730148128
3.49    0.223382008352
3.53    0.218840716109
3.57    0.213818493889
3.61    0.208395762621
3.65    0.202650728509
3.69    0.199621647542
3.73    0.199760916614
3.77    0.198669468496
3.81    0.196448579664
3.85    0.193239355981
3.89    0.189120872756
3.93    0.184212956037
3.97    0.178647769193
4.01    0.172589457371
4.05    0.166124204736
4.09    0.16253212195
4.13    0.161126216561
4.17    0.15967263517
4.21    0.158176271163
4.25    0.156625919623
4.29    0.155019358617
4.33    0.153352351678
4.37    0.151617724003
4.41    0.149807267116
4.45    0.147915450726
4.49    0.145941425308
4.53    0.143888039556
4.57    0.141760010911
4.61    0.139589405484
4.65    0.137362886119
4.69    0.135108385554
4.73    0.132834698576
4.77    0.130563497058
4.81    0.128294465063
4.85    0.126069079783
4.89    0.123875548372
4.93    0.121727769785
4.97    0.119649828967
5.01    0.117642149951
5.05    0.115707209375
5.09    0.11385080578
5.13    0.112076880051
5.17    0.110387685541
5.21    0.108791462431
5.25    0.107279386718
5.29    0.105849685578
5.33    0.104499930477
5.37    0.103226942273
5.41    0.102026958459
5.45    0.1008957854
5.49    0.0998289346705
5.53    0.0988217433277
5.57    0.0978694785196
5.61    0.0969674271533
5.65    0.0961109715964
5.69    0.0952956524955
5.73    0.0945172198325
5.77    0.0937716733382
5.81    0.0930552933259
5.85    0.092364662954
5.89    0.0916966828561
5.93    0.0910485789936
5.97    0.0904179045447
6.01    0.0898033277182
6.05    0.0892033441478
6.09    0.0886152862638
6.13    0.0880379328814
6.17    0.0874703340503
6.21    0.086911791403
6.25    0.0863618367892
6.29    0.085820209663
6.33    0.0852868336863
6.37    0.0847617929582
6.41    0.0842453082552
6.45    0.0837377136287
6.49    0.0832394336741
6.53    0.0827509617334
6.57    0.0822728392701
6.61    0.0818056366058
6.65    0.0813499351675
6.69    0.0809063113677
6.73    0.0804753221923
6.77    0.080057492536
6.81    0.0796533043118
6.85    0.0792631873064
6.89    0.0788875117496
6.93    0.0785265825311
6.97    0.0781806349875
7.01    0.0778498321581
7.05    0.0775342634087
7.09    0.0772339442956
7.13    0.076948817558
7.17    0.0766787551001
7.21    0.0764235608445
7.25    0.0761829743233
7.29    0.0759566748874
7.33    0.0757442864099
7.37    0.0755453823746
7.41    0.0753594912408
7.45    0.0751861019846
7.49    0.0750246697282
7.53    0.0748746213747
7.57    0.074735361174
7.61    0.0746062761576
7.65    0.0744867413867
7.69    0.0743761249649
7.73    0.0742737927797
7.77    0.0741791129393
7.81    0.0740914598826
7.85    0.0740102181452
7.89    0.0739347857687
7.93    0.0738645773513
7.97    0.0737990267352
8.01    0.0737375893394
8.05    0.0736797441406
8.09    0.0736249953172
8.13    0.073572873569
8.17    0.0735229371266
8.21    0.0734747724713
8.25    0.0734279947819
8.29    0.0733822481306
8.33    0.0733372054464
8.37    0.0732925682688
8.41    0.0732480663119
8.45    0.0732034568594
8.49    0.0731585240108
8.53    0.0731130777996
8.57    0.0730669531999
8.61    0.0730200090431
8.65    0.0729721268576
8.69    0.0729232096506
8.73    0.0728731806465
8.77    0.0728219819939
8.81    0.0727695734561
8.85    0.0727159310952
8.89    0.0726610459615
8.93    0.0726049227963
8.97    0.0725475787571
9.01    0.0724890421723
9.05    0.0724293513325
9.09    0.072368553322
9.13    0.0723067028968
9.17    0.0722438614119
9.21    0.072180095801
9.25    0.0721154776108
9.29    0.0720500820918
9.33    0.0719839873464
9.37    0.0719172735341
9.41    0.0718500221349
9.45    0.0717823152704
9.49    0.0717142350805
9.53    0.0716458631562
9.57    0.071577280026
9.61    0.071508564695
9.65    0.071439794233
9.69    0.0713710434137
9.73    0.0713023843974
9.77    0.071233886459
9.81    0.0711656157576
9.85    0.0710976351448
9.89    0.0710300040109
9.93    0.0709627781639
9.97    0.0708960097423
