0.05    5.59398788353e-05
0.09    0.000206046336076
0.13    0.000527340813088
0.17    0.000891462865756
0.21    0.00167146629121
0.25    0.00377946180575
0.29    0.0042402202353
0.33    0.00543177027665
0.37    0.00945065473997
0.41    0.0111476985778
0.45    0.0145821592213
0.49    0.0175773534535
0.53    0.0187654421495
0.57    0.0161406484127
0.61    0.0173314514386
0.65    0.0215598398075
0.69    0.0253270907317
0.73    0.0305259052109
0.77    0.0347709938638
0.81    0.0297449337936
0.85    0.0243772670692
0.89    0.0253707949448
0.93    0.0259853294257
0.97    0.029547823973
1.01    0.0326515854759
1.05    0.0379904503472
1.09    0.0402075551664
1.13    0.0459706778651
1.17    0.0464514120585
1.21    0.0467844282948
1.25    0.0521600739177
1.29    0.0575765323123
1.33    0.0577080576454
1.37    0.0537055476972
1.41    0.0534188777696
1.45    0.05860206548
1.49    0.0657929603442
1.53    0.0691452517881
1.57    0.0691249643788
1.61    0.0689023031112
1.65    0.0701545047487
1.69    0.0729920175928
1.73    0.0743100218023
1.77    0.0732382208068
1.81    0.0697717366395
1.85    0.0660465946311
1.89    0.0634184471197
1.93    0.0599711929731
1.97    0.0566024395689
2.01    0.054094671855
2.05    0.0545379860569
2.09    0.0638230019798
2.13    0.0749276377823
2.17    0.08607494615
2.21    0.0951256347391
2.25    0.100778774811
2.29    0.10302726496
2.33    0.102827438853
2.37    0.101625405765
2.41    0.101034203671
2.45    0.101341238364
2.49    0.100545043278
2.53    0.0974594647862
2.57    0.0918753993653
2.61    0.0846572444199
2.65    0.0771583979749
2.69    0.0754151173777
2.73    0.0771598477382
2.77    0.0791352041792
2.81    0.0812277730916
2.85    0.0831154460368
2.89    0.0845613476078
2.93    0.0856893057834
2.97    0.0869779289818
3.01    0.0890472848536
3.05    0.0923663044217
3.09    0.0970146066861
3.13    0.102653071071
3.17    0.108682911158
3.21    0.114501432693
3.25    0.124717750248
3.29    0.136444297687
3.33    0.147389843131
3.37    0.157257582321
3.41    0.16593445989
3.45    0.173450147313
3.49    0.179875432429
3.53    0.185264790045
3.57    0.189594414352
3.61    0.192787965625
3.65    0.194661766318
3.69    0.195015759392
3.73    0.193716810707
3.77    0.190718441244
3.81    0.18610405031
3.85    0.184095177149
3.89    0.185389764795
3.93    0.185094968379
3.97    0.183271047498
4.01    0.180057353709
4.05    0.175628772282
4.09    0.170192457289
4.13    0.164001690416
4.17    0.157283858026
4.21    0.150254312072
4.25    0.143073095082
4.29    0.135901009911
4.33    0.128868322373
4.37    0.122103934838
4.41    0.115705186587
4.45    0.109742369853
4.49    0.104293870927
4.53    0.0993866759723
4.57    0.0950443150362
4.61    0.0915521322223
4.65    0.0882828126022
4.69    0.0853000297001
4.73    0.0830236981286
4.77    0.0811483362255
4.81    0.0796008681161
4.85    0.0783166817991
4.89    0.0772348816318
4.93    0.0763010900278
4.97    0.0754693883012
5.01    0.0747033645881
5.05    0.073976318472
5.09    0.0732707379895
5.13    0.072577209687
5.17    0.071892944778
5.21    0.0712201058702
5.25    0.0705641028915
5.29    0.069931998696
5.33    0.0693311295228
5.37    0.0687680078116
5.41    0.0682475388298
5.45    0.0677725510552
5.49    0.0673436151116
5.53    0.0669591081212
5.57    0.0666154695625
5.61    0.0663075904907
5.65    0.0660292791976
5.69    0.0657737517823
5.73    0.06553410434
5.77    0.0653037332898
5.81    0.0650766806555
5.85    0.0648478910175
5.89    0.0646133757123
5.93    0.0643702872422
5.97    0.0641169125835
6.01    0.0638525980641
6.05    0.0635776208449
6.09    0.0632930229443
6.13    0.0630004234441
6.17    0.0627018232768
6.21    0.0623994150798
6.25    0.0620961806374
6.29    0.0617946467081
6.33    0.0614952951209
6.37    0.0611995993362
6.41    0.0609086220781
6.45    0.060622983116
6.49    0.0603428551615
6.53    0.0600679844093
6.57    0.0597977315558
6.61    0.059531128749
6.65    0.0592669478287
6.69    0.0590037753632
6.73    0.0587400903151
6.77    0.0584743406315
6.81    0.05820501562
6.85    0.057930711565
6.89    0.0576501886666
6.93    0.0573624179832
6.97    0.0570666176222
7.01    0.0567622779307
7.05    0.0564491758844
7.09    0.0561273792253
7.13    0.0557972412097
7.17    0.0554593870292
7.21    0.0551146931238
7.25    0.054764260688
7.29    0.0544100068788
7.33    0.0540526983679
7.37    0.0536938291836
7.41    0.0533350615403
7.45    0.0529781098528
7.49    0.0526247053203
7.53    0.0522765624314
7.57    0.0519353480227
7.61    0.0516026533932
7.65    0.0512799698321
7.69    0.0509691494655
7.73    0.0506713032796
7.77    0.0503872516438
7.81    0.0501179035639
7.85    0.0498640008876
7.89    0.049626115828
7.93    0.0494046515613
7.97    0.0491998455918
8.01    0.0490117755621
8.05    0.0488403671685
8.09    0.0486854038418
8.13    0.0485465378536
8.17    0.0484233025189
8.21    0.0483151251874
8.25    0.0482213407268
8.29    0.0481412052357
8.33    0.0480739097416
8.37    0.0480185936702
8.41    0.0479743579025
8.45    0.0479402772579
8.49    0.0479154122763
8.53    0.0478988201919
8.57    0.0478895650209
8.61    0.0478867267075
8.65    0.0478894092889
8.69    0.0478967480682
8.73    0.0479079157924
8.77    0.0479221278523
8.81    0.0479386465328
8.85    0.0479567843521
8.89    0.0479759065372
8.93    0.0479954326921
8.97    0.0480148377155
9.01    0.0480336520339
9.05    0.0480514612147
9.09    0.0480679050264
9.13    0.0480826760109
9.17    0.0480955176358
9.21    0.0481062220889
9.25    0.048114627775
9.29    0.0481206165761
9.33    0.0481241109253
9.37    0.0481250707505
9.41    0.0481234903285
9.45    0.0481193950982
9.49    0.0481128384668
9.53    0.048103898646
9.57    0.0480926755466
9.61    0.0480792877602
9.65    0.0480638696465
9.69    0.0480465685492
9.73    0.0480275421527
9.77    0.0480069559932
9.81    0.0479849811326
9.85    0.0479617920022
9.89    0.0479375644192
9.93    0.0479124737793
9.97    0.0478866934228
