0.1	0.000263380617145
0.12	0.000356024921242
0.14	0.000664976038104
0.16	0.000757092686544
0.18	0.000986979204177
0.2	0.00134303092395
0.22	0.00191510411426
0.24	0.00282497345892
0.26	0.00478979624238
0.28	0.00475370861464
0.3	0.00373526887423
0.32	0.00462850730937
0.34	0.00615084227548
0.36	0.00821002586153
0.38	0.010349571453
0.4	0.011345512188
0.42	0.0112078232743
0.44	0.0134265294164
0.46	0.0154642721081
0.48	0.0168653085383
0.5	0.0178219959897
0.52	0.0181803113725
0.54	0.0186831398194
0.56	0.0176014029627
0.58	0.0168193247676
0.6	0.0170850085617
0.62	0.0179124090861
0.64	0.0202497101084
0.66	0.0227257440132
0.68	0.0245393338838
0.7	0.0261581428521
0.72	0.0288544359898
0.74	0.0321156971754
0.76	0.0344074432679
0.78	0.0342094977765
0.8	0.0314772249415
0.82	0.027344210828
0.84	0.0239028758118
0.86	0.024687256643
0.88	0.0252279250181
0.9	0.0252512984981
0.92	0.0255279122563
0.94	0.0264865118332
0.96	0.0285732554937
0.98	0.0302456619123
1.0	0.0315839730857
1.02	0.0343406159149
1.04	0.0368252574509
1.06	0.0388155765451
1.08	0.0400006099031
1.1	0.0406553245365
1.12	0.0447669124634
1.14	0.0465360388982
1.16	0.0465196084707
1.18	0.045995027723
1.2	0.0461718912551
1.22	0.0473175993342
1.24	0.0503537104363
1.26	0.0538732248783
1.28	0.0564963902141
1.3	0.0579197413712
1.32	0.0578617943083
1.34	0.0564653470475
1.36	0.0542524482236
1.38	0.0525136611002
1.4	0.0527054171184
1.42	0.054181241943
1.44	0.0568534102433
1.46	0.0603634402074
1.48	0.0641027415452
1.5	0.0669355146732
1.52	0.0683594283509
1.54	0.0690305383228
1.56	0.0687966635405
1.58	0.0686461217789
1.6	0.0685715517773
1.62	0.0686766271441
1.64	0.0693171718879
1.66	0.0708179633969
1.68	0.0720746140156
1.7	0.0732811590488
1.72	0.0737349563983
1.74	0.0737648422714
1.76	0.0729567999227
1.78	0.0719168642124
1.8	0.0701823588272
1.82	0.0677772926187
1.84	0.0662271643442
1.86	0.064870609289
1.88	0.0635553534839
1.9	0.0622328502211
1.92	0.0602068401723
1.94	0.0585999523932
1.96	0.0566861108762
1.98	0.0549607938211
2.0	0.0541595300907
2.02	0.0526441888564
2.04	0.0534994711132
2.06	0.056568155332
2.08	0.0620578124227
2.1	0.0671065644671
2.12	0.0724042723657
2.14	0.0778019830371
2.16	0.0840753274537
2.18	0.0885810182628
2.2	0.0929546340582
2.22	0.0965562076022
2.24	0.100142611709
2.26	0.100709214779
2.28	0.101919512798
2.3	0.102896421709
2.32	0.103167717755
2.34	0.101876627306
2.36	0.101347832709
2.38	0.0999263094569
2.4	0.0999236993854
2.42	0.101858734126
2.44	0.100689137741
2.46	0.100562019071
2.48	0.100786056393
2.5	0.100114561424
2.52	0.096981603697
2.54	0.0956476021933
2.56	0.0926731660959
2.58	0.0897876793315
2.6	0.0857373222485
2.62	0.0822797877538
2.64	0.0788886907174
2.66	0.0739312604498
2.68	0.0756263276804
2.7	0.0751770460554
2.72	0.0758819015516
2.74	0.0780133417819
2.76	0.0785906940375
2.78	0.0791500649589
2.8	0.0815541941705
2.82	0.080944173261
2.84	0.0812745267138
2.86	0.0836143058697
2.88	0.0828288199503
2.9	0.0828597531982
2.92	0.0863275059424
2.94	0.085136110874
2.96	0.0860335755357
2.98	0.0863906334234
3.0	0.0883907093438
3.02	0.0898742012158
3.04	0.093069840412
3.06	0.0923154503072
3.08	0.0945742804544
3.1	0.100328061793
3.12	0.0999314223245
3.14	0.104496908641
3.16	0.107622040165
3.18	0.1131252655
3.2	0.11280738224
3.22	0.118072730013
3.24	0.123250416087
3.26	0.128844678232
3.28	0.133191473348
3.3	0.138959736588
3.32	0.145098326836
3.34	0.151329861937
3.36	0.154410814246
3.38	0.159210239356
3.4	0.163467859413
3.42	0.169466158461
3.44	0.171259768762
3.46	0.177838347544
3.48	0.178430871335
3.5	0.180785535061
3.52	0.182755326922
3.54	0.183563975852
3.56	0.188716470593
3.58	0.190252723351
3.6	0.194600332938
3.62	0.190367093116
3.64	0.192452662099
3.66	0.192059217031
3.68	0.196975549328
3.7	0.193105815643
3.72	0.191644688875
3.74	0.193740579833
3.76	0.189230104759
3.78	0.191156621356
3.8	0.181712262927
3.82	0.184096261312
3.84	0.183141655041
3.86	0.180271051762
3.88	0.184912823467
3.9	0.181196883524
3.92	0.182327548257
3.94	0.182620688752
3.96	0.179919327021
3.98	0.184452891809
4.0	0.182874481082
4.02	0.178208189562
4.04	0.178497319471
4.06	0.175097810409
4.08	0.175390051058
4.1	0.167894784248
4.12	0.16113670871
4.14	0.159711497928
4.16	0.156276347646
4.18	0.151683992135
4.2	0.1478695198
4.22	0.145148803832
4.24	0.14276199886
4.26	0.138045549876
4.28	0.140867851825
4.3	0.133855245919
4.32	0.132414147294
4.34	0.131434522014
4.36	0.128193745233
4.38	0.117214121926
4.4	0.115544616905
4.42	0.116732468562
4.44	0.108802491139
4.46	0.113888211998
4.48	0.111880060723
4.5	0.109732381417
4.52	0.108299707754
4.54	0.106594648405
4.56	0.103308932667
4.58	0.0919837822987
4.6	0.090573262919
4.62	0.092328802083
4.64	0.0920524578002
4.66	0.0919901850657
4.68	0.0828799805851
4.7	0.0919103086389
4.72	0.0882268917718
4.74	0.0885908538692
4.76	0.0900882415425
4.78	0.090857840972
4.8	0.0807557438417
4.82	0.0873876772304
4.84	0.0887496081145
4.86	0.0766314273336
4.88	0.081721366244
4.9	0.0886872005198
4.92	0.0836607867574
4.94	0.0758000545999
4.96	0.0755238079608
4.98	0.0765219243322
5.0	0.0771051731112
5.02	0.0752430429203
5.04	0.0909230038844
5.06	0.0833680480626
5.08	0.0712061451351
5.1	0.0829640867898
5.12	0.0789108293797
5.14	0.0698186081296
5.16	0.0692468619377
5.18	0.0823095859015
5.2	0.0710178446273
5.22	0.0715548573667
5.24	0.0796388780094
5.26	0.0789059545535
5.28	0.0679614729005
5.3	0.0732701068529
5.32	0.0640883040538
5.34	0.0707934111021
5.36	0.0710664411177
5.38	0.0711432710519
5.4	0.0928132589697
5.42	0.067478900127
5.44	0.0649557415928
5.46	0.087715874177
5.48	0.0785047434935
5.5	0.0708439256362
5.52	0.0651202990494
5.54	0.0714248769868
5.56	0.06367809541
5.58	0.0691030847262
5.6	0.0822991319029
5.62	0.0880115359835
5.64	0.062090828117
5.66	0.072868341289
5.68	0.0656268617636
5.7	0.0574546307667
5.72	0.0925538932725
5.74	0.0780850051359
5.76	0.0627479035266
5.78	0.0741284497052
5.8	0.0728712508282
5.82	0.0590342065913
5.84	0.078151238697
5.86	0.0834239798507
5.88	0.106924240175
5.9	0.0848573830417
5.92	0.0740210735438
5.94	0.101006776282
5.96	0.0900036743351
5.98	0.0830752279513
6.0	0.0653331440504
6.02	0.0682353576225
6.04	0.123269717273
6.06	0.070157081992
6.08	0.111085470815
6.1	0.0781775693842
6.12	0.0776184634376
6.14	0.0836102611625
6.16	0.115661050367
6.18	0.0724864023435
6.2	0.0731262807898
6.22	0.0578718032746
6.24	0.0861173899384
6.26	0.113880495647
6.28	0.0711117029497
6.3	0.0771375101913
6.32	0.13373916631
6.34	0.105045399838
6.36	0.082662939168
6.38	0.115362901888
6.4	0.103095254185
6.42	0.105121823306
6.44	0.0979620573103
6.46	0.0781110593148
6.48	0.0831615614146
6.5	0.0899039371809
6.52	0.0896455729971
6.54	0.110470762754
6.56	0.104117283758
6.58	0.137250704589
6.6	0.122411373437
6.62	0.118756101698
6.64	0.0983128380289
6.66	0.0883595271029
6.68	0.121254939578
6.7	0.135261936939
6.72	0.0782267544933
6.74	0.124023970544
6.76	0.0883988794824
6.78	0.126896244905
6.8	0.109010526366
6.82	0.0997360297615
6.84	0.113887885452
6.86	0.0852387082758
6.88	0.095535306541
6.9	0.114861983048
6.92	0.146439935919
6.94	0.0964955363657
6.96	0.15013616577
6.98	0.0848809377106
7.0	0.116743514471
