0.05    8.60102483413e-05
0.09    0.000281068394453
0.13    0.000653330143722
0.17    0.00112586654407
0.21    0.00198193392456
0.25    0.00337133943512
0.29    0.00538257270941
0.33    0.00759280109537
0.37    0.0107662985789
0.41    0.0126934424274
0.45    0.0129932561112
0.49    0.0145944575234
0.53    0.0226658623092
0.57    0.0325987063643
0.61    0.0370952982171
0.65    0.0477279755017
0.69    0.0615926400639
0.73    0.070140678843
0.77    0.0781770986504
0.81    0.0724920731594
0.85    0.0660579185384
0.89    0.067304669155
0.93    0.0675281662395
0.97    0.0646626270118
1.01    0.0587250773911
1.05    0.0537661192949
1.09    0.0648292382198
1.13    0.0726505885507
1.17    0.0800244497063
1.21    0.0872155147902
1.25    0.102172734021
1.29    0.114246170395
1.33    0.120242718824
1.37    0.126679131288
1.41    0.127571947446
1.45    0.126718029741
1.49    0.127050548404
1.53    0.128585730324
1.57    0.130552115953
1.61    0.13352883427
1.65    0.138468354651
1.69    0.145247865507
1.73    0.152688043464
1.77    0.159315955809
1.81    0.163984975053
1.85    0.165953324661
1.89    0.165109224197
1.93    0.162119949791
1.97    0.15809976605
2.01    0.154186746682
2.05    0.152660078092
2.09    0.155077641064
2.13    0.158698722599
2.17    0.159157688358
2.21    0.162504381395
2.25    0.164483536302
2.29    0.164019860528
2.33    0.161256184752
2.37    0.156755745357
2.41    0.151249336669
2.45    0.145504607816
2.49    0.140020721058
2.53    0.135078271405
2.57    0.130569136074
2.61    0.132483379564
2.65    0.13877820351
2.69    0.14705287945
2.73    0.156961462869
2.77    0.164462803124
2.81    0.168726925971
2.85    0.169933897271
2.89    0.168844787262
2.93    0.166304813633
2.97    0.162819019078
3.01    0.158501817947
3.05    0.153262066336
3.09    0.147106036817
3.13    0.140331471376
3.17    0.133518860548
3.21    0.127390024307
3.25    0.122582737947
3.29    0.119458863568
3.33    0.118003674429
3.37    0.117914206225
3.41    0.118741011487
3.45    0.12003716336
3.49    0.121460706846
3.53    0.122780554428
3.57    0.123758632102
3.61    0.124239865905
3.65    0.124307830698
3.69    0.124169720606
3.73    0.124128191018
3.77    0.124524658032
3.81    0.125657769079
3.85    0.127692982203
3.89    0.130586011225
3.93    0.137156344941
3.97    0.145775546286
4.01    0.155752874529
4.05    0.166665028587
4.09    0.178013719833
4.13    0.189270330419
4.17    0.199891771256
4.21    0.209370224204
4.25    0.217276058599
4.29    0.223233260437
4.33    0.227008111001
4.37    0.228490797799
4.41    0.227688486115
4.45    0.224732941658
4.49    0.21983394238
4.53    0.213263122534
4.57    0.208007475784
4.61    0.204660576909
4.65    0.200226417205
4.69    0.194879229052
4.73    0.188821536128
4.77    0.182273177414
4.81    0.175447375624
4.85    0.168532385833
4.89    0.161680188545
4.93    0.155037580035
4.97    0.14870355317
5.01    0.142753089401
5.05    0.137232965261
5.09    0.132165128147
5.13    0.127538177582
5.17    0.12334315157
5.21    0.119546272505
5.25    0.116107872844
5.29    0.113448158172
5.33    0.111510839881
5.37    0.10973959792
5.41    0.108130138879
5.45    0.106662462757
5.49    0.105325786587
5.53    0.104107449718
5.57    0.1029848763
5.61    0.101956177327
5.65    0.100999478054
5.69    0.100100003231
5.73    0.0992586724746
5.77    0.0984531328348
5.81    0.0976735592521
5.85    0.0969213247707
5.89    0.096175914437
5.93    0.0954335276037
5.97    0.0946906029811
6.01    0.0939323410958
6.05    0.0931618135229
6.09    0.0923681306796
6.13    0.091547122661
6.17    0.0907013118496
6.21    0.0898201479042
6.25    0.0889119034267
6.29    0.0879688745851
6.33    0.0869958490694
6.37    0.0859944642928
6.41    0.0849643198735
6.45    0.0839154298795
6.49    0.0828451073991
6.53    0.0817625611995
6.57    0.0806721796753
6.61    0.0795772885957
6.65    0.0784872108134
6.69    0.0774064764339
6.73    0.0763397368655
6.77    0.075877598483
6.81    0.0754797379172
6.85    0.0750841770229
6.89    0.0746912335341
6.93    0.0743012526486
6.97    0.0739145997252
7.01    0.0735316535405
7.05    0.0731528001295
7.09    0.0727784271974
7.13    0.0724089191112
7.17    0.0720446524471
7.21    0.0716859920853
7.25    0.071333287824
7.29    0.0709868714911
7.33    0.0706470545233
7.37    0.0703141259847
7.41    0.0699883509942
7.45    0.0696699695304
7.49    0.0693591955808
7.53    0.0690562166098
7.57    0.0687611933065
7.61    0.0684742595932
7.65    0.0681955228578
7.69    0.0679250643872
7.73    0.0676629399756
7.77    0.067409180684
7.81    0.0671637937252
7.85    0.0669267634598
7.89    0.0666980524753
7.93    0.0664776027377
7.97    0.066265336795
8.01    0.0660619233783
8.05    0.065866676801
8.09    0.0656792803037
8.13    0.0654995887998
8.17    0.0653274442831
8.21    0.0651626770893
8.25    0.0650051071276
8.29    0.0648545450872
8.33    0.0647107936052
8.37    0.0645736483955
8.41    0.0644428993346
8.45    0.0643183315009
8.49    0.0641997261644
8.53    0.0640868617279
8.57    0.0639795146144
8.61    0.0638774601048
8.65    0.0637804731226
8.69    0.0636883289652
8.73    0.0636008039855
8.77    0.0635176762216
8.81    0.0634387259772
8.85    0.0633637363523
8.89    0.0632924937288
8.93    0.0632247882079
8.97    0.0631604140054
9.01    0.0630991698044
9.05    0.0630408590669
9.09    0.0629852903077
9.13    0.0629322773307
9.17    0.0628816394322
9.21    0.0628332015691
9.25    0.0627867944987
9.29    0.0627422548872
9.33    0.0626994253933
9.37    0.0626581547248
9.41    0.0626182976726
9.45    0.0625797151228
9.49    0.0625422740487
9.53    0.062505847484
9.57    0.0624703144799
9.61    0.0624355600457
9.65    0.0624014750765
9.69    0.0623679562673
9.73    0.0623349060163
9.77    0.0623022323183
9.81    0.0622698486483
9.85    0.0622376738381
9.89    0.0622056319457
9.93    0.0621736521185
9.97    0.0621416684527
