0.05    0.000125253588847
0.09    0.000828665915323
0.13    0.00241319597162
0.17    0.003260089885
0.21    0.00582575152303
0.25    0.00763308443334
0.29    0.0105213013217
0.33    0.0153387929836
0.37    0.0136894165119
0.41    0.0117421737021
0.45    0.0170751191286
0.49    0.0248975128584
0.53    0.030221136607
0.57    0.0265088186675
0.61    0.0231948096742
0.65    0.0255141622484
0.69    0.0301978088583
0.73    0.0346614532296
0.77    0.0281019246911
0.81    0.0320374830349
0.85    0.0468343074377
0.89    0.057528920351
0.93    0.0636992456141
0.97    0.0590983136395
1.01    0.0586169491101
1.05    0.0601283460899
1.09    0.0609251628612
1.13    0.0681062437966
1.17    0.0708555469774
1.21    0.0758612563223
1.25    0.0772433137795
1.29    0.0809866793496
1.33    0.0885300530671
1.37    0.0932890603388
1.41    0.0886244047743
1.45    0.103582137434
1.49    0.112039445268
1.53    0.127896287557
1.57    0.149667571813
1.61    0.158106311039
1.65    0.165273599368
1.69    0.169108695898
1.73    0.164169693238
1.77    0.154248284471
1.81    0.156006533743
1.85    0.154685734418
1.89    0.149736751545
1.93    0.142195761854
1.97    0.132965132777
2.01    0.123796224466
2.05    0.118664106328
2.09    0.1191895648
2.13    0.119090565872
2.17    0.116181950503
2.21    0.112833712443
2.25    0.123540861337
2.29    0.134665350083
2.33    0.146392031445
2.37    0.158792717597
2.41    0.171554961416
2.45    0.184111593649
2.49    0.195884166467
2.53    0.20663329312
2.57    0.216061928808
2.61    0.224236701888
2.65    0.231223723872
2.69    0.237241556286
2.73    0.24335732463
2.77    0.249064683914
2.81    0.25406314211
2.85    0.258031493298
2.89    0.261048027663
2.93    0.284842379138
2.97    0.310175280822
3.01    0.330846698735
3.05    0.344201670747
3.09    0.349371524033
3.13    0.34613743218
3.17    0.337933291268
3.21    0.326497962227
3.25    0.317221680877
3.29    0.326894671136
3.33    0.335671910231
3.37    0.343507954628
3.41    0.350503489503
3.45    0.356869697744
3.49    0.362746199019
3.53    0.368218930807
3.57    0.37322048093
3.61    0.381135096193
3.65    0.392050604144
3.69    0.402483233259
3.73    0.412853014984
3.77    0.423168392368
3.81    0.433580058501
3.85    0.444400091158
3.89    0.455736554237
3.93    0.467001827708
3.97    0.477661997877
4.01    0.487228721803
4.05    0.501702420209
4.09    0.525253309636
4.13    0.545474527553
4.17    0.56212645434
4.21    0.575170824267
4.25    0.584259045557
4.29    0.589684600588
4.33    0.591533896093
4.37    0.590443373219
4.41    0.586549862922
4.45    0.579985400217
4.49    0.571281607801
4.53    0.560667223448
4.57    0.548478522883
4.61    0.535163968107
4.65    0.52462435572
4.69    0.519697108294
4.73    0.514134915669
4.77    0.508009474641
4.81    0.501305994237
4.85    0.494143207692
4.89    0.486741555138
4.93    0.479363230408
4.97    0.472274729146
5.01    0.465455300083
5.05    0.458781883616
5.09    0.452385867178
5.13    0.446239797149
5.17    0.44041157662
5.21    0.434989801632
5.25    0.430073989216
5.29    0.425655085688
5.33    0.421761072533
5.37    0.418382161385
5.41    0.415601865294
5.45    0.413262542509
5.49    0.411323976003
5.53    0.409806785597
5.57    0.408492785641
5.61    0.407456015103
5.65    0.406461798411
5.69    0.405479067482
5.73    0.404405471365
5.77    0.403047348197
5.81    0.40148170808
5.85    0.399439791074
5.89    0.396866686483
5.93    0.393771697138
5.97    0.389960820587
6.01    0.394569915311
6.05    0.398965467599
6.09    0.403137432288
6.13    0.406911543222
6.17    0.410233125978
6.21    0.413069622187
6.25    0.415412798778
6.29    0.417165887529
6.33    0.418299411386
6.37    0.418787712897
6.41    0.418605023552
6.45    0.417735350909
6.49    0.416172491668
6.53    0.41392055227
6.57    0.413466495954
6.61    0.415589021613
6.65    0.417202019358
6.69    0.418353768059
6.73    0.418988661821
6.77    0.419153796317
6.81    0.418982443929
6.85    0.418813601661
6.89    0.418688244397
6.93    0.418268235967
6.97    0.417634197998
7.01    0.416699943615
7.05    0.415401630597
7.09    0.413765845105
7.13    0.41196900535
7.17    0.410056350527
7.21    0.407911518249
7.25    0.4054333669
7.29    0.402715418978
7.33    0.402191013913
7.37    0.404794114578
7.41    0.407100024243
7.45    0.409016236076
7.49    0.410606159979
7.53    0.411903203191
7.57    0.412831794694
7.61    0.413446061754
7.65    0.413802953769
7.69    0.413821187264
7.73    0.413536152152
7.77    0.41304215494
7.81    0.412245010685
7.85    0.411173477651
7.89    0.409930803746
7.93    0.408423720105
7.97    0.406677814318
8.01    0.404795062073
8.05    0.40268776787
8.09    0.400381417338
8.13    0.397968159249
8.17    0.395369676646
8.21    0.392628928555
8.25    0.389791464317
8.29    0.386806262583
8.33    0.383724809416
8.37    0.380563018005
8.41    0.377288231707
8.45    0.37391253134
8.49    0.370502170494
8.53    0.367025755345
8.57    0.363478569509
8.61    0.359870968508
8.65    0.356212834327
8.69    0.352539786192
8.73    0.348859745476
8.77    0.345152880567
8.81    0.341427246538
8.85    0.337690425927
8.89    0.333949534655
8.93    0.330211229687
8.97    0.326481718194
9.01    0.322783258363
9.05    0.319119148952
9.09    0.315477575676
9.13    0.311863159706
9.17    0.308280133716
9.21    0.304732356288
9.25    0.301223326754
9.29    0.297756200353
9.33    0.294333803594
9.37    0.290958649735
9.41    0.287632954291
9.45    0.28435865048
9.49    0.281137404536
9.53    0.277970630853
9.57    0.274859506848
9.61    0.271804987565
9.65    0.268807819915
9.69    0.26586855656
9.73    0.262987569381
9.77    0.260165062522
9.81    0.25740108498
9.85    0.254695542743
9.89    0.252048210431
9.93    0.249459081388
9.97    0.246927162482
