0.05    0.000105608851225
0.09    0.00064874164647
0.13    0.00180627448607
0.17    0.00366526699104
0.21    0.00381259098144
0.25    0.00749894324739
0.29    0.00758636561413
0.33    0.00979109616288
0.37    0.01057616839
0.41    0.0128583260309
0.45    0.0208612089596
0.49    0.0207274810334
0.53    0.0297981999551
0.57    0.026551078175
0.61    0.0257444329455
0.65    0.0248304593509
0.69    0.0400526930575
0.73    0.0481726957253
0.77    0.0453641091131
0.81    0.0527520252854
0.85    0.0647386057322
0.89    0.078297181449
0.93    0.0800464361663
0.97    0.0660031849363
1.01    0.0486689260956
1.05    0.0431568231504
1.09    0.044325351453
1.13    0.0560161262323
1.17    0.0589401087921
1.21    0.0561538550588
1.25    0.0592560163651
1.29    0.0655549921233
1.33    0.065741552101
1.37    0.064704335004
1.41    0.0670743525259
1.45    0.0697502282514
1.49    0.0766733102909
1.53    0.0910092226395
1.57    0.101178568377
1.61    0.0988157345684
1.65    0.0909167946822
1.69    0.0854013587201
1.73    0.0855078522794
1.77    0.0960558736687
1.81    0.097238414705
1.85    0.0971936537651
1.89    0.101791175255
1.93    0.107819259304
1.97    0.111672580205
2.01    0.11385860445
2.05    0.115905151033
2.09    0.117405231402
2.13    0.119275385452
2.17    0.124195922944
2.21    0.129579091689
2.25    0.135673186661
2.29    0.142310143413
2.33    0.147986319882
2.37    0.154604729907
2.41    0.166658404429
2.45    0.180240382141
2.49    0.194878624007
2.53    0.20858086678
2.57    0.217790809934
2.61    0.219486683573
2.65    0.212679809502
2.69    0.198782399668
2.73    0.181957328035
2.77    0.174236096102
2.81    0.170123439239
2.85    0.165438609212
2.89    0.161366182751
2.93    0.158590033094
2.97    0.156955665592
3.01    0.155936190081
3.05    0.155854720501
3.09    0.160283141079
3.13    0.164838864409
3.17    0.168987589636
3.21    0.172412172991
3.25    0.174520262625
3.29    0.174698583897
3.33    0.172740411958
3.37    0.180309371227
3.41    0.18785913476
3.45    0.195667177468
3.49    0.203195049395
3.53    0.210245054366
3.57    0.216900203436
3.61    0.223267997833
3.65    0.229390918178
3.69    0.235130401851
3.73    0.240893522539
3.77    0.250327836858
3.81    0.261517404223
3.85    0.272387609429
3.89    0.283471032656
3.93    0.29436788658
3.97    0.305922948201
4.01    0.317383283416
4.05    0.328780993004
4.09    0.339529153252
4.13    0.349303182939
4.17    0.358203263276
4.21    0.366033689185
4.25    0.372901679484
4.29    0.37871165378
4.33    0.383557052151
4.37    0.38748123539
4.41    0.390395363858
4.45    0.392396012334
4.49    0.393753991182
4.53    0.394453798192
4.57    0.394699941466
4.61    0.394478434972
4.65    0.394017205999
4.69    0.393196289552
4.73    0.395450982764
4.77    0.396181887216
4.81    0.395163078499
4.85    0.392683044767
4.89    0.397698913276
4.93    0.402869571613
4.97    0.407796592462
5.01    0.412250534251
5.05    0.416273480221
5.09    0.41981797681
5.13    0.423160920616
5.17    0.426445785289
5.21    0.429230681637
5.25    0.431393461044
5.29    0.432981122435
5.33    0.43395031334
5.37    0.434173663383
5.41    0.433638514484
5.45    0.432453919326
5.49    0.43051642187
5.53    0.427924069699
5.57    0.42455641839
5.61    0.420413847111
5.65    0.415625085206
5.69    0.416159460804
5.73    0.41756577648
5.77    0.418542964432
5.81    0.419085273871
5.85    0.419170303717
5.89    0.418775623289
5.93    0.41789345518
5.97    0.416602581607
6.01    0.414933469288
6.05    0.412877449381
6.09    0.410520865533
6.13    0.407941543945
6.17    0.40518602675
6.21    0.402375256554
6.25    0.399646107292
6.29    0.39719425943
6.33    0.394892234494
6.37    0.39263504265
6.41    0.390270503121
6.45    0.387812896304
6.49    0.385245915995
6.53    0.38257751981
6.57    0.379807687104
6.61    0.376923541499
6.65    0.373916401652
6.69    0.37080376685
6.73    0.367610871729
6.77    0.364326468103
6.81    0.3609179281
6.85    0.357360669439
6.89    0.353660784497
6.93    0.350338944039
6.97    0.349989382268
7.01    0.349547000228
7.05    0.349062032201
7.09    0.348504774312
7.13    0.347871082187
7.17    0.347183627977
7.21    0.346389703994
7.25    0.345565721035
7.29    0.34462704931
7.33    0.34362989156
7.37    0.34251137455
7.41    0.341328198518
7.45    0.339994763492
7.49    0.338594730294
7.53    0.337068626423
7.57    0.335393207693
7.61    0.333661326155
7.65    0.331792946472
7.69    0.329779643598
7.73    0.327696328727
7.77    0.325496320273
7.81    0.323159136991
7.85    0.320718801829
7.89    0.321230326088
7.93    0.321742535273
7.97    0.322190921919
8.01    0.322594924273
8.05    0.322968358966
8.09    0.323275939876
8.13    0.323517607063
8.17    0.323693524423
8.21    0.32385178043
8.25    0.323949812886
8.29    0.323983116868
8.33    0.323952607803
8.37    0.323859366992
8.41    0.323704628399
8.45    0.323515106181
8.49    0.323289932349
8.53    0.323006896686
8.57    0.322667693038
8.61    0.322274104214
8.65    0.321827989451
8.69    0.321331272272
8.73    0.320785928767
8.77    0.320217745374
8.81    0.319623059747
8.85    0.318984954573
8.89    0.318305508208
8.93    0.317586802725
8.97    0.316830915407
9.01    0.316039910861
9.05    0.315215833716
9.09    0.314365159464
9.13    0.313516081006
9.17    0.312638987533
9.21    0.31173579323
9.25    0.310808365628
9.29    0.309858521606
9.33    0.308888023899
9.37    0.307898578099
9.41    0.306891830118
9.45    0.30589648437
9.49    0.304887978071
9.53    0.303865960434
9.57    0.302831838813
9.61    0.301786954687
9.65    0.300732583339
9.69    0.299669933847
9.73    0.298600149342
9.77    0.297539779721
9.81    0.296481931199
9.85    0.295419353515
9.89    0.294352951229
9.93    0.293283567523
9.97    0.292211985626
