0.05    9.34871591709e-05
0.09    0.000316524276884
0.13    0.000903553133479
0.17    0.00164374859479
0.21    0.00367923977017
0.25    0.00507037145472
0.29    0.00609672627013
0.33    0.00864930005648
0.37    0.00978952901608
0.41    0.0101993726913
0.45    0.0135705095519
0.49    0.0161208649764
0.53    0.0175123858735
0.57    0.0229263170603
0.61    0.0225399302246
0.65    0.0275949116472
0.69    0.0297397697168
0.73    0.0324508243805
0.77    0.0417011946216
0.81    0.0476749029016
0.85    0.0456028004877
0.89    0.0484530266456
0.93    0.0548510750367
0.97    0.0632898376277
1.01    0.0732767887835
1.05    0.0828969690803
1.09    0.0907255915132
1.13    0.0960995025151
1.17    0.100071605225
1.21    0.114051138093
1.25    0.11392538017
1.29    0.102049961878
1.33    0.096425289529
1.37    0.094888717114
1.41    0.0932401692878
1.45    0.091604233654
1.49    0.0900698171522
1.53    0.0886510898144
1.57    0.0873136749171
1.61    0.0859875188942
1.65    0.0849789280477
1.69    0.0860442778638
1.73    0.087233560362
1.77    0.0884207999911
1.81    0.0895431164898
1.85    0.0905898553088
1.89    0.0915064346265
1.93    0.0922611750414
1.97    0.0928496848493
2.01    0.0932743028267
2.05    0.093542391097
2.09    0.0983242010661
2.13    0.0989146434299
2.17    0.0958431343247
2.21    0.0933061067793
2.25    0.0929701324431
2.29    0.0925283266238
2.33    0.0919782644087
2.37    0.0913181508914
2.41    0.0905639681931
2.45    0.0897125506981
2.49    0.0891099127584
2.53    0.0975809728782
2.57    0.105925304653
2.61    0.113121624889
2.65    0.118411566341
2.69    0.121303866095
2.73    0.121498980663
2.77    0.119025615678
2.81    0.114214916678
2.85    0.113880555453
2.89    0.112132669442
2.93    0.109229509511
2.97    0.105444518563
3.01    0.10138231376
3.05    0.0975655632342
3.09    0.0933422325863
3.13    0.0890153863632
3.17    0.0848615379767
3.21    0.0811334664339
3.25    0.0780393578282
3.29    0.0757233842964
3.33    0.0742759421169
3.37    0.0737152212199
3.41    0.0739982183881
3.45    0.0750375700479
3.49    0.0767074388036
3.53    0.0788551753108
3.57    0.0813210666817
3.61    0.0839608359946
3.65    0.0871158723067
3.69    0.0912041455387
3.73    0.0953514929545
3.77    0.0994823357356
3.81    0.103515162585
3.85    0.107392482508
3.89    0.111091231953
3.93    0.11460634308
3.97    0.117983315255
4.01    0.121267260703
4.05    0.124356865907
4.09    0.127174151302
4.13    0.129675399667
4.17    0.131827587654
4.21    0.133627468973
4.25    0.135102449873
4.29    0.136344623065
4.33    0.137434821341
4.37    0.138283475287
4.41    0.138817921849
4.45    0.140499448722
4.49    0.1419506092
4.53    0.143120928903
4.57    0.144034632605
4.61    0.144664580662
4.65    0.144992372158
4.69    0.145028678243
4.73    0.144801461657
4.77    0.144334112932
4.81    0.143672583624
4.85    0.146046676337
4.89    0.148397356976
4.93    0.15051441959
4.97    0.152401885216
5.01    0.154072454181
5.05    0.15553811751
5.09    0.156817122078
5.13    0.157944028843
5.17    0.15895847393
5.21    0.159882080283
5.25    0.160761664131
5.29    0.16161725841
5.33    0.162395755999
5.37    0.163057079571
5.41    0.163587676328
5.45    0.16397760035
5.49    0.164224406288
5.53    0.164320181441
5.57    0.164238123051
5.61    0.163973223247
5.65    0.163519056353
5.69    0.162869214394
5.73    0.162042542222
5.77    0.161032843125
5.81    0.159844808306
5.85    0.158494656726
5.89    0.156980100811
5.93    0.155311538434
5.97    0.153505666038
6.01    0.151546673414
6.05    0.149480399216
6.09    0.147284176402
6.13    0.144964311975
6.17    0.142563780515
6.21    0.140058818054
6.25    0.137458378048
6.29    0.134784354828
6.33    0.132047900031
6.37    0.129242318575
6.41    0.126376555974
6.45    0.123459288957
6.49    0.120514481651
6.53    0.117536596785
6.57    0.114718951937
6.61    0.113717295655
6.65    0.112676538226
6.69    0.111579499743
6.73    0.110442064422
6.77    0.109258669339
6.81    0.108033109426
6.85    0.106771231892
6.89    0.105466514226
6.93    0.104467230128
6.97    0.104338506906
7.01    0.104152717148
7.05    0.10390089623
7.09    0.103588450927
7.13    0.103216617107
7.17    0.102785183588
7.21    0.10229678007
7.25    0.101754073094
7.29    0.101154053081
7.33    0.100507801384
7.37    0.0998032920239
7.41    0.0997430383241
7.45    0.100014187762
7.49    0.100256581435
7.53    0.100472701987
7.57    0.100670523642
7.61    0.100840562266
7.65    0.100983216841
7.69    0.101098897897
7.73    0.101188027106
7.77    0.101251036833
7.81    0.101288369667
7.85    0.101304387712
7.89    0.101302282678
7.93    0.101275710243
7.97    0.101225147388
8.01    0.101151078736
8.05    0.101053995958
8.09    0.100934397162
8.13    0.100792786275
8.17    0.10062967242
8.21    0.100548557997
8.25    0.100825750813
8.29    0.101097027568
8.33    0.101362340496
8.37    0.10162164693
8.41    0.101874909235
8.45    0.102122094748
8.49    0.102363175702
8.53    0.102598129136
8.57    0.102826936813
8.61    0.103049585118
8.65    0.103266064953
8.69    0.103476371636
8.73    0.103680504782
8.77    0.103878468192
8.81    0.104070269728
8.85    0.104255921195
8.89    0.104435438214
8.93    0.104608840096
8.97    0.104776149714
9.01    0.104937393374
9.05    0.105095174847
9.09    0.105247999049
9.13    0.105394826886
9.17    0.10553569664
9.21    0.105670649404
9.25    0.105799728948
9.29    0.105922981597
9.33    0.106040456104
9.37    0.106152203526
9.41    0.106258277098
9.45    0.106358732122
9.49    0.106453625838
9.53    0.106543017317
9.57    0.106626967341
9.61    0.106705538296
9.65    0.106778794059
9.69    0.106846799897
9.73    0.10690962236
9.77    0.106967329182
9.81    0.10701998918
9.85    0.107067672163
9.89    0.107110448838
9.93    0.10714839072
9.97    0.107181570043
