0.05    0.000121568374641
0.09    0.000472065750154
0.13    0.000851245547355
0.17    0.00189454791861
0.21    0.00436655163747
0.25    0.00735531612206
0.29    0.0103846648094
0.33    0.0177507678379
0.37    0.0270527681337
0.41    0.0204489103893
0.45    0.0216591699803
0.49    0.0338388481414
0.53    0.0380820646459
0.57    0.0350485569368
0.61    0.0310839763128
0.65    0.0358328514713
0.69    0.0399974869625
0.73    0.0453076136589
0.77    0.0546146691522
0.81    0.0602132609308
0.85    0.0674427378018
0.89    0.0767225235726
0.93    0.0822264182371
0.97    0.0818165896818
1.01    0.0783741989227
1.05    0.077854958775
1.09    0.0831260069252
1.13    0.087021965401
1.17    0.0876953400819
1.21    0.0854660417242
1.25    0.0812179498937
1.29    0.0766156307267
1.33    0.0775951738382
1.37    0.0777289163686
1.41    0.0770831533512
1.45    0.0760118904177
1.49    0.0748946481642
1.53    0.0740774936698
1.57    0.073826995575
1.61    0.0740962793947
1.65    0.0745095673048
1.69    0.0745618440648
1.73    0.0738163113944
1.77    0.0720558609811
1.81    0.0693684823762
1.85    0.0660773564032
1.89    0.0626170345427
1.93    0.0594485623648
1.97    0.0568667642366
2.01    0.0550166114003
2.05    0.0538735250305
2.09    0.0571365189944
2.13    0.0609277514182
2.17    0.0630156469502
2.21    0.0627602088383
2.25    0.06020212915
2.29    0.0561627887128
2.33    0.0526098215198
2.37    0.0539103580898
2.41    0.0548870338756
2.45    0.056020684282
2.49    0.0568570362715
2.53    0.0604562921653
2.57    0.0653333519214
2.61    0.0723701983004
2.65    0.0792944632194
2.69    0.085301507932
2.73    0.0902902012291
2.77    0.0940794582517
2.81    0.0967076697495
2.85    0.102412459384
2.89    0.108169079366
2.93    0.111599589684
2.97    0.112371276775
3.01    0.110480062753
3.05    0.106133388786
3.09    0.102637377319
3.13    0.0998839626393
3.17    0.101762991346
3.21    0.103508686667
3.25    0.104658942643
3.29    0.10529586256
3.33    0.1054372478
3.37    0.105150079103
3.41    0.104450017011
3.45    0.103384391524
3.49    0.101973557647
3.53    0.101478429364
3.57    0.102128029913
3.61    0.102627188441
3.65    0.102927905892
3.69    0.103108380612
3.73    0.103111559645
3.77    0.103010683081
3.81    0.102753077628
3.85    0.102400472085
3.89    0.101914072206
3.93    0.10132826505
3.97    0.10063750427
4.01    0.0998407464814
4.05    0.0989564378583
4.09    0.0979871070182
4.13    0.0973541879755
4.17    0.0971109748304
4.21    0.0967652837089
4.25    0.0963202150012
4.29    0.0957633641109
4.33    0.0950898561036
4.37    0.0942966867626
4.41    0.0944648729834
4.45    0.0956835511213
4.49    0.0968480865885
4.53    0.098136795133
4.57    0.0994912137114
4.61    0.100731496311
4.65    0.101821923112
4.69    0.102749445294
4.73    0.103582473552
4.77    0.105119804495
4.81    0.106620845902
4.85    0.108066591951
4.89    0.109445107385
4.93    0.110752576934
4.97    0.111985523297
5.01    0.113150095022
5.05    0.114257045167
5.09    0.115281395264
5.13    0.116221211868
5.17    0.117074981163
5.21    0.117844824216
5.25    0.11855532963
5.29    0.119177453698
5.33    0.119711197111
5.37    0.120156902492
5.41    0.120525276903
5.45    0.121475051807
5.49    0.122504738995
5.53    0.123472897466
5.57    0.124375469767
5.61    0.12520609434
5.65    0.125975408068
5.69    0.126667424191
5.73    0.127288994618
5.77    0.127835298496
5.81    0.128313680776
5.85    0.128707187025
5.89    0.129047114353
5.93    0.129305963521
5.97    0.129487536675
6.01    0.12961766274
6.05    0.129671579363
6.09    0.129651311763
6.13    0.129577906916
6.17    0.129442019715
6.21    0.129237470382
6.25    0.128966256195
6.29    0.128652489923
6.33    0.128278388694
6.37    0.127842886751
6.41    0.127347866398
6.45    0.126811101001
6.49    0.126224969541
6.53    0.125584179507
6.57    0.124890470886
6.61    0.12415122686
6.65    0.123377076747
6.69    0.122793711325
6.73    0.123515448218
6.77    0.124221089632
6.81    0.124910688223
6.85    0.125590058619
6.89    0.126257979802
6.93    0.12690990596
6.97    0.127545846858
7.01    0.128165803931
7.05    0.128769771197
7.09    0.129357736231
7.13    0.129929681152
7.17    0.130485583625
7.21    0.131025417863
7.25    0.131549155618
7.29    0.132056767152
7.33    0.13254822218
7.37    0.13302349078
7.41    0.133482544262
7.45    0.133925355993
7.49    0.134351902176
7.53    0.134763461725
7.57    0.135166846677
7.61    0.135553852006
7.65    0.135924470573
7.69    0.13627870117
7.73    0.136616548974
7.77    0.136938025953
7.81    0.137243151221
7.85    0.137531951331
7.89    0.13780446053
7.93    0.138060720964
7.97    0.138300782829
8.01    0.138524704488
8.05    0.138732552542
8.09    0.13892440186
8.13    0.139100335577
8.17    0.139260445051
8.21    0.139404829798
8.25    0.139533597384
8.29    0.139646863304
8.33    0.139747770583
8.37    0.139838317008
8.41    0.13991366287
8.45    0.139973952764
8.49    0.14001933829
8.53    0.140049977817
8.57    0.140066036217
8.61    0.140067684608
8.65    0.14005510007
8.69    0.140028465367
8.73    0.139987968654
8.77    0.139933803187
8.81    0.13986616702
8.85    0.139785262714
8.89    0.13969129703
8.93    0.139584480636
8.97    0.139465027803
9.01    0.139333156115
9.05    0.139189086172
9.09    0.139033041302
9.13    0.138865247277
9.17    0.138685932034
9.21    0.138495325401
9.25    0.138293658826
9.29    0.13808116512
9.33    0.137860028976
9.37    0.137632131843
9.41    0.137394014278
9.45    0.137145912446
9.49    0.136888062716
9.53    0.136620701439
9.57    0.136344064741
9.61    0.13605838832
9.65    0.135763907253
9.69    0.135460855812
9.73    0.135149467284
9.77    0.134829973805
9.81    0.134502606197
9.85    0.134167593816
9.89    0.133825164407
9.93    0.133475543968
9.97    0.133118956621
