0.05    0.000103284608452
0.09    0.000395325243628
0.13    0.000900101105121
0.17    0.00192055962594
0.21    0.00572908224501
0.25    0.00863230614166
0.29    0.0101745674322
0.33    0.019874881842
0.37    0.0236045797539
0.41    0.0156905503773
0.45    0.0205064372461
0.49    0.024330604433
0.53    0.0341409164245
0.57    0.0367265645919
0.61    0.0319590270421
0.65    0.0268356583001
0.69    0.0306055839858
0.73    0.0240774323771
0.77    0.0182134554325
0.81    0.0194600497463
0.85    0.0193870099517
0.89    0.0222807528058
0.93    0.0282535101955
0.97    0.0319195771875
1.01    0.0341288914468
1.05    0.0346835075894
1.09    0.0393329952717
1.13    0.0459892834633
1.17    0.050883779114
1.21    0.0534212461518
1.25    0.0544691558832
1.29    0.0527821644786
1.33    0.0509520714293
1.37    0.05326727128
1.41    0.0497140510805
1.45    0.0448775102898
1.49    0.0390389037631
1.53    0.0335346204465
1.57    0.031926157366
1.61    0.0295456063002
1.65    0.0286975677467
1.69    0.0280268794679
1.73    0.0285613375214
1.77    0.0296499123693
1.81    0.0302682800424
1.85    0.0298722757093
1.89    0.0286870539315
1.93    0.0275976020772
1.97    0.0274499511437
2.01    0.0283904572797
2.05    0.0298052246827
2.09    0.0309525627994
2.13    0.0315336952704
2.17    0.0317731858198
2.21    0.031871328153
2.25    0.0323241711462
2.29    0.0335097174345
2.33    0.0354898514587
2.37    0.0380462017609
2.41    0.0408636242429
2.45    0.0436333272922
2.49    0.046125989826
2.53    0.0481802075328
2.57    0.0496974066562
2.61    0.0506493541126
2.65    0.0510503965153
2.69    0.0510493412661
2.73    0.0522152950916
2.77    0.0536674970585
2.81    0.0545661503184
2.85    0.0548225060654
2.89    0.0544024532818
2.93    0.0533702931313
2.97    0.0518360355377
3.01    0.0503042510842
3.05    0.0490356833581
3.09    0.0477901519769
3.13    0.046762829966
3.17    0.046101367267
3.21    0.0458462355044
3.25    0.0459843437079
3.29    0.0463924923997
3.33    0.0469412668171
3.37    0.0474626568453
3.41    0.0478204494063
3.45    0.0479158335582
3.49    0.0476995201247
3.53    0.047182721707
3.57    0.0475339784126
3.61    0.0498055778965
3.65    0.0522753122289
3.69    0.0548562134139
3.73    0.057459627935
3.77    0.0600006461915
3.81    0.0624271076464
3.85    0.0646608968001
3.89    0.066652437229
3.93    0.0683920813891
3.97    0.0698279886217
4.01    0.0709925806773
4.05    0.071861689207
4.09    0.0724685525448
4.13    0.0728427761793
4.17    0.0729964907463
4.21    0.0729994411837
4.25    0.0748127444408
4.29    0.0779038783571
4.33    0.0808212489764
4.37    0.0836245502782
4.41    0.0864549963677
4.45    0.0891644291277
4.49    0.0916766153094
4.53    0.0939903700495
4.57    0.0972940032915
4.61    0.100836617907
4.65    0.104326288745
4.69    0.107757598919
4.73    0.111151988269
4.77    0.114515913231
4.81    0.117842767418
4.85    0.121151671415
4.89    0.124422199645
4.93    0.127646237096
4.97    0.130826476634
5.01    0.133942739564
5.05    0.136981097088
5.09    0.13993127499
5.13    0.142783049052
5.17    0.145546861377
5.21    0.148240173125
5.25    0.150930124682
5.29    0.153598964375
5.33    0.156180267236
5.37    0.158633207811
5.41    0.160922123948
5.45    0.163039545567
5.49    0.164964449166
5.53    0.166695225578
5.57    0.16823666144
5.61    0.169581126923
5.65    0.170755140752
5.69    0.171863974702
5.73    0.173113368321
5.77    0.174253585871
5.81    0.175256750488
5.85    0.176129371226
5.89    0.176887248157
5.93    0.17755493981
5.97    0.178157590172
6.01    0.178834984029
6.05    0.179654251679
6.09    0.18036295368
6.13    0.180945769549
6.17    0.181392608442
6.21    0.181719104706
6.25    0.181956571549
6.29    0.182953517658
6.33    0.183956394347
6.37    0.184869292968
6.41    0.18567103379
6.45    0.186368376469
6.49    0.186947687291
6.53    0.187411835276
6.57    0.187773938106
6.61    0.188038611297
6.65    0.188232822527
6.69    0.188388820249
6.73    0.188491985086
6.77    0.188515046251
6.81    0.188445014505
6.85    0.188281830806
6.89    0.188023508949
6.93    0.187671308676
6.97    0.187229598538
7.01    0.186704103008
7.05    0.186107988484
7.09    0.185476735501
7.13    0.184908234859
7.17    0.184408321903
7.21    0.183876891069
7.25    0.183285907426
7.29    0.182619524776
7.33    0.1818838231
7.37    0.181074689891
7.41    0.180746877781
7.45    0.180835653047
7.49    0.180946084095
7.53    0.182396726896
7.57    0.183827974421
7.61    0.185240915922
7.65    0.186633089017
7.69    0.187997643704
7.73    0.189341803625
7.77    0.190658597838
7.81    0.191948478392
7.85    0.193212306401
7.89    0.19444656739
7.93    0.19565229795
7.97    0.196829216322
8.01    0.197972135744
8.05    0.199089649129
8.09    0.200165916756
8.13    0.201221673267
8.17    0.202234839414
8.21    0.203220396177
8.25    0.20416789034
8.29    0.205082700155
8.33    0.205961697756
8.37    0.206807395179
8.41    0.207614990115
8.45    0.208395078388
8.49    0.209141983231
8.53    0.209865355757
8.57    0.210601552021
8.61    0.211370684009
8.65    0.212123771775
8.69    0.21284849736
8.73    0.213542807378
8.77    0.214206230766
8.81    0.214839190541
8.85    0.215443115559
8.89    0.216019716396
8.93    0.216565548565
8.97    0.217080693018
9.01    0.217569592051
9.05    0.218029445131
9.09    0.218459401652
9.13    0.218868731964
9.17    0.219283016552
9.21    0.219702930124
9.25    0.220100044575
9.29    0.220466654745
9.33    0.220801602356
9.37    0.221101498321
9.41    0.221368933816
9.45    0.221604079194
9.49    0.22180307727
9.53    0.221965874645
9.57    0.222096247995
9.61    0.22218965132
9.65    0.222244458889
9.69    0.22225855174
9.73    0.222229706686
9.77    0.222155627232
9.81    0.222035113994
9.85    0.221873073499
9.89    0.221661857753
9.93    0.221401564134
9.97    0.221100091406
