0.05    0.00011419736815
0.09    0.000427445475373
0.13    0.000933323104663
0.17    0.00181969909793
0.21    0.00398568612144
0.25    0.00639964627762
0.29    0.0128307918708
0.33    0.0232804137445
0.37    0.0333765081274
0.41    0.0298141576676
0.45    0.0203656570836
0.49    0.0254520657767
0.53    0.039108586425
0.57    0.041807501412
0.61    0.0339018710522
0.65    0.0303695581128
0.69    0.0324868640446
0.73    0.0317092437793
0.77    0.0267042859722
0.81    0.0268668963578
0.85    0.0236277190935
0.89    0.0224776733193
0.93    0.0217398760325
0.97    0.0202143770243
1.01    0.0246155156329
1.05    0.0307206716833
1.09    0.0362317324741
1.13    0.0402359165603
1.17    0.0448510635707
1.21    0.0479485650034
1.25    0.0439047843078
1.29    0.0422568380331
1.33    0.0409138763803
1.37    0.0406585073597
1.41    0.0408185911029
1.45    0.0394442791107
1.49    0.0392230884103
1.53    0.0443154772616
1.57    0.045984288795
1.61    0.0448952935772
1.65    0.0442951912137
1.69    0.0457220764561
1.73    0.0469999387121
1.77    0.0484477610764
1.81    0.0497728283339
1.85    0.0505678280214
1.89    0.0505515801709
1.93    0.0495405157307
1.97    0.0475821504496
2.01    0.04495420898
2.05    0.0420031324984
2.09    0.03922653956
2.13    0.0370900048457
2.17    0.0360349230717
2.21    0.036281889378
2.25    0.0385022251054
2.29    0.0407150302479
2.33    0.0436876498207
2.37    0.0470905075232
2.41    0.0502791041479
2.45    0.0529514857138
2.49    0.054959684469
2.53    0.0562227952449
2.57    0.0568470887112
2.61    0.0573637009709
2.65    0.0573946814344
2.69    0.0583167178853
2.73    0.0608636066416
2.77    0.0627140299976
2.81    0.0638903626043
2.85    0.0645206260429
2.89    0.0671967082509
2.93    0.0726930397361
2.97    0.0776742387988
3.01    0.0821207413881
3.05    0.0867809282332
3.09    0.0917207578927
3.13    0.0964300983835
3.17    0.101061992888
3.21    0.105561014246
3.25    0.109846018847
3.29    0.113883557804
3.33    0.117636601551
3.37    0.121054228576
3.41    0.124108616596
3.45    0.126847716597
3.49    0.129247825238
3.53    0.131177685995
3.57    0.13254232325
3.61    0.133293497368
3.65    0.133410315787
3.69    0.132904572641
3.73    0.131794405454
3.77    0.130185380049
3.81    0.130214715997
3.85    0.129825627278
3.89    0.129177304803
3.93    0.128387691663
3.97    0.127525154594
4.01    0.126531534807
4.05    0.125452131271
4.09    0.124412278447
4.13    0.123523765489
4.17    0.12291008004
4.21    0.122699501117
4.25    0.122986422012
4.29    0.123725149108
4.33    0.124890188112
4.37    0.126464966437
4.41    0.128423575734
4.45    0.130726404789
4.49    0.133318956566
4.53    0.136144371177
4.57    0.139129478401
4.61    0.142201561312
4.65    0.145329298118
4.69    0.148510148895
4.73    0.151784135367
4.77    0.156214591462
4.81    0.160841156657
4.85    0.165425675749
4.89    0.169935587388
4.93    0.174342934146
4.97    0.178660275274
5.01    0.182892918714
5.05    0.187008057697
5.09    0.190950039165
5.13    0.194698830929
5.17    0.198214130048
5.21    0.201498690534
5.25    0.204537465177
5.29    0.207362216965
5.33    0.210220512885
5.37    0.213938241032
5.41    0.217646176762
5.45    0.221158702245
5.49    0.224425639676
5.53    0.227437241114
5.57    0.230166890013
5.61    0.232634945767
5.65    0.234815516583
5.69    0.236732737515
5.73    0.238370888073
5.77    0.239759030491
5.81    0.240898367445
5.85    0.241830288679
5.89    0.243362212221
5.93    0.245116577655
5.97    0.246717372599
6.01    0.248131248251
6.05    0.249354149202
6.09    0.250383647153
6.13    0.251215038142
6.17    0.251836612225
6.21    0.252238846614
6.25    0.252440786958
6.29    0.252443495988
6.33    0.252258677007
6.37    0.251895472336
6.41    0.251365177445
6.45    0.250647911388
6.49    0.249760494618
6.53    0.24869137696
6.57    0.247474615043
6.61    0.246136411353
6.65    0.245393626353
6.69    0.246499344078
6.73    0.247982067225
6.77    0.249460321236
6.81    0.250862269165
6.85    0.252179688908
6.89    0.253432083463
6.93    0.254599419162
6.97    0.255697758813
7.01    0.256717103648
7.05    0.257672685036
7.09    0.25854625536
7.13    0.259369371069
7.17    0.260111843002
7.21    0.260800043993
7.25    0.26142419868
7.29    0.261977492366
7.33    0.262491283651
7.37    0.262935991657
7.41    0.263327232059
7.45    0.263672541533
7.49    0.263954629344
7.53    0.264202311396
7.57    0.264394441223
7.61    0.264546663884
7.65    0.264654114687
7.69    0.264727431206
7.73    0.264760101787
7.77    0.264763694411
7.81    0.264741252576
7.85    0.264694289497
7.89    0.264632082882
7.93    0.264561208405
7.97    0.264512654213
8.01    0.264520997273
8.05    0.264536218168
8.09    0.264538360478
8.13    0.264522230747
8.17    0.264487368141
8.21    0.26443420687
8.25    0.264363421144
8.29    0.264275758147
8.33    0.264173629516
8.37    0.264057550588
8.41    0.263927186248
8.45    0.263784777444
8.49    0.263648146404
8.53    0.263568410778
8.57    0.263503355233
8.61    0.263417659995
8.65    0.263310861234
8.69    0.263170751777
8.73    0.263005917276
8.77    0.262807207366
8.81    0.262583318814
8.85    0.262321867593
8.89    0.262040070982
8.93    0.261718673105
8.97    0.261375707689
9.01    0.260997963723
9.05    0.260591860536
9.09    0.260158386515
9.13    0.259691340432
9.17    0.259202582401
9.21    0.25867721349
9.25    0.258133472288
9.29    0.257552437462
9.33    0.256953680071
9.37    0.256318928718
9.41    0.255665672986
9.45    0.254980146541
9.49    0.254272200406
9.53    0.253539098697
9.57    0.252780260927
9.61    0.251999331578
9.65    0.251199781951
9.69    0.25038096407
9.73    0.24954515402
9.77    0.248690229719
9.81    0.247814627743
9.85    0.246918501343
9.89    0.245997366212
9.93    0.245048664807
9.97    0.244077748578
