0.05    1.53381968539e-05
0.09    5.78143996949e-05
0.13    0.000185654863805
0.17    0.000300963506436
0.21    0.00068725531913
0.25    0.000880044210957
0.29    0.0010988860281
0.33    0.00117886964649
0.37    0.00164384197729
0.41    0.00305815763176
0.45    0.00411869088101
0.49    0.00610801219273
0.53    0.00406782428988
0.57    0.00433702837222
0.61    0.00411684728244
0.65    0.00427229635519
0.69    0.0059893103955
0.73    0.00723255395005
0.77    0.00674726715349
0.81    0.00527060929738
0.85    0.00603634179543
0.89    0.00864611297729
0.93    0.00890539295341
0.97    0.00897837653817
1.01    0.0106917921169
1.05    0.0117275498574
1.09    0.0130098350344
1.13    0.0140069302058
1.17    0.0139563123781
1.21    0.0126062771011
1.25    0.0116165540659
1.29    0.0119322455769
1.33    0.0115890163187
1.37    0.0109304202436
1.41    0.0129751012022
1.45    0.0153224923044
1.49    0.0175054361124
1.53    0.0190086661927
1.57    0.0195072383537
1.61    0.019125579255
1.65    0.0183943215826
1.69    0.0178091908063
1.73    0.0176494815258
1.77    0.0181860230344
1.81    0.0195207753057
1.85    0.0213943052512
1.89    0.0234482461774
1.93    0.0255600730409
1.97    0.0276189626499
2.01    0.0292109158507
2.05    0.0299634992371
2.09    0.0299350207887
2.13    0.0294003967565
2.17    0.0284197531054
2.21    0.0270118482083
2.25    0.0253577092148
2.29    0.0237727228305
2.33    0.0226231856391
2.37    0.0219777231396
2.41    0.0216298769546
2.45    0.0213780364964
2.49    0.0211774572752
2.53    0.0210681789752
2.57    0.0213013956353
2.61    0.0216415184095
2.65    0.0218970047222
2.69    0.0219288131527
2.73    0.0216843387556
2.77    0.0211863161803
2.81    0.0205244949687
2.85    0.0198097902252
2.89    0.0191418417757
2.93    0.0186068349617
2.97    0.0182578654185
3.01    0.0181195876273
3.05    0.0181972062704
3.09    0.018464407213
3.13    0.0188908130491
3.17    0.0194281322174
3.21    0.0200314114781
3.25    0.0206565448139
3.29    0.0212685256376
3.33    0.0218281146127
3.37    0.0223087782354
3.41    0.0226864823671
3.45    0.022943113878
3.49    0.0230728918445
3.53    0.023082950045
3.57    0.0229958236878
3.61    0.0228371646127
3.65    0.0226429712571
3.69    0.0224545687814
3.73    0.0222981882662
3.77    0.0222002641067
3.81    0.0229678129808
3.85    0.0244922934952
3.89    0.0258552010685
3.93    0.0269655674733
3.97    0.0277684747711
4.01    0.0287301516039
4.05    0.029660670728
4.09    0.0302270650178
4.13    0.030440482147
4.17    0.0303624280861
4.21    0.0300618925862
4.25    0.029583966074
4.29    0.0290061378247
4.33    0.028416487476
4.37    0.0278781663991
4.41    0.0274242866365
4.45    0.0270643005634
4.49    0.0267827711701
4.53    0.0265496828595
4.57    0.0263998440026
4.61    0.0269825853088
4.65    0.0275943789275
4.69    0.0282051364495
4.73    0.0288119377601
4.77    0.029421758326
4.81    0.0300397174939
4.85    0.0306855067363
4.89    0.0313893498622
4.93    0.032184788299
4.97    0.0331027814969
5.01    0.0341634102396
5.05    0.0353755152278
5.09    0.0367341476185
5.13    0.0382205500847
5.17    0.0398084792942
5.21    0.0414630164352
5.25    0.0431473631749
5.29    0.0448261719123
5.33    0.0464602598551
5.37    0.0480044581764
5.41    0.0494210336942
5.45    0.0506794609405
5.49    0.051863092327
5.53    0.05388668833
5.57    0.0558188759673
5.61    0.0576562501652
5.65    0.0593976259055
5.69    0.0610300632421
5.73    0.062533005062
5.77    0.0638850129138
5.81    0.0651069582091
5.85    0.0662123474777
5.89    0.0671884736628
5.93    0.0680597942186
5.97    0.0688652354465
6.01    0.0695824417186
6.05    0.0707130282274
6.09    0.0719563816316
6.13    0.0731301082716
6.17    0.0742451249595
6.21    0.0752855844938
6.25    0.0762435122908
6.29    0.0771203128694
6.33    0.0779147248215
6.37    0.0786366293333
6.41    0.0792910994329
6.45    0.0798768983212
6.49    0.0803705416402
6.53    0.080750378548
6.57    0.0810073388291
6.61    0.0811471857513
6.65    0.081174305403
6.69    0.0810952171588
6.73    0.0809052410564
6.77    0.0805882539505
6.81    0.0803444033438
6.85    0.0805770607306
6.89    0.080842563485
6.93    0.0810709500721
6.97    0.0813003358044
7.01    0.0815007163081
7.05    0.0816558235393
7.09    0.0817622197419
7.13    0.0818118555097
7.17    0.0818105442688
7.21    0.0817690028259
7.25    0.0816939678193
7.29    0.0815736961878
7.33    0.0813995629053
7.37    0.0811737966264
7.41    0.080896324039
7.45    0.0805695233765
7.49    0.0801975913596
7.53    0.079787627238
7.57    0.0793525220436
7.61    0.0789102413396
7.65    0.0784732847192
7.69    0.0780477754619
7.73    0.0776588765433
7.77    0.0773641390546
7.81    0.0770872394015
7.85    0.0768032518444
7.89    0.076517644886
7.93    0.0764877894555
7.97    0.0764691263284
8.01    0.0764643605213
8.05    0.0764763713932
8.09    0.0765073137475
8.13    0.0765571003583
8.17    0.076623997263
8.21    0.0767070985662
8.25    0.0768062734393
8.29    0.076921173648
8.33    0.0770494372036
8.37    0.0771883003613
8.41    0.0773373584062
8.45    0.0774929281144
8.49    0.0776529521281
8.53    0.0778154452065
8.57    0.0779782172907
8.61    0.078138989165
8.65    0.078295539993
8.69    0.0784458264322
8.73    0.07858801629
8.77    0.0787204192153
8.81    0.0788413979854
8.85    0.0789493155547
8.89    0.0790425551847
8.93    0.079119626177
8.97    0.0791796184037
9.01    0.0792230026475
9.05    0.0792490700135
9.09    0.0792629849407
9.13    0.0792715210511
9.17    0.0792803526956
9.21    0.0792832343329
9.25    0.0792726828448
9.29    0.0792477491427
9.33    0.0792082169661
9.37    0.0791510885957
9.41    0.0790703428317
9.45    0.0789649382937
9.49    0.0788326436252
9.53    0.0786731107219
9.57    0.0784865994484
9.61    0.0782741054928
9.65    0.0780377629844
9.69    0.0777791901744
9.73    0.0775126178055
9.77    0.0772457145934
9.81    0.0769618301189
9.85    0.0766579769975
9.89    0.0763313259882
9.93    0.0759819101126
9.97    0.0756102039305
