0.05    2.34432793672e-05
0.09    8.74664949706e-05
0.13    0.000251537670469
0.17    0.00045943866047
0.21    0.000853929864155
0.25    0.000818148369908
0.29    0.00168285664676
0.33    0.00305020015915
0.37    0.00312372515058
0.41    0.00359114758232
0.45    0.00392159907847
0.49    0.00439539110789
0.53    0.00409503516923
0.57    0.00471324187115
0.61    0.00746184502971
0.65    0.0103516295504
0.69    0.0138091098483
0.73    0.0160991374964
0.77    0.0159566873633
0.81    0.0138477978813
0.85    0.0126578173489
0.89    0.013326828712
0.93    0.0136327419257
0.97    0.0127006313797
1.01    0.0108521393946
1.05    0.00958849873866
1.09    0.0101024722567
1.13    0.0118041355046
1.17    0.0134791910204
1.21    0.014409545524
1.25    0.0146376424881
1.29    0.0165441841258
1.33    0.0182132837555
1.37    0.019392272591
1.41    0.0203576702967
1.45    0.0209260396656
1.49    0.0207167131262
1.53    0.0195996672992
1.57    0.0184359703314
1.61    0.0178343593746
1.65    0.0169958681289
1.69    0.0163496288417
1.73    0.0153965788558
1.77    0.0144695281453
1.81    0.0146505314967
1.85    0.0148433717002
1.89    0.0148991367241
1.93    0.0146972357828
1.97    0.0141822128405
2.01    0.0135304463735
2.05    0.0143263410057
2.09    0.0152317641799
2.13    0.0165199285193
2.17    0.0173492587337
2.21    0.0174004162197
2.25    0.0177092998216
2.29    0.018753384755
2.33    0.0194025822865
2.37    0.0197456152303
2.41    0.0197975324196
2.45    0.0195228998644
2.49    0.0189329815193
2.53    0.0181184381008
2.57    0.0171844810485
2.61    0.0181172754417
2.65    0.0190341441938
2.69    0.0197182968262
2.73    0.0201438718829
2.77    0.0203384613811
2.81    0.0203377582777
2.85    0.0202037851451
2.89    0.0199778188131
2.93    0.019780429239
2.97    0.0197331706512
3.01    0.0196517884289
3.05    0.0195252842246
3.09    0.0193444907696
3.13    0.019101091646
3.17    0.018778840051
3.21    0.0183704561046
3.25    0.0178806386755
3.29    0.0173291387355
3.33    0.0183187976327
3.37    0.0193510482002
3.41    0.0202256335263
3.45    0.0209558618986
3.49    0.0215621825624
3.53    0.02206606933
3.57    0.0224854368862
3.61    0.0228412958946
3.65    0.0231619158114
3.69    0.0234519314988
3.73    0.0237341478694
3.77    0.0240699202197
3.81    0.024350834963
3.85    0.0245774955753
3.89    0.0247640652779
3.93    0.0252008046417
3.97    0.0260443232495
4.01    0.0271220914596
4.05    0.0281542254573
4.09    0.0291519682526
4.13    0.0301326076136
4.17    0.0311218250315
4.21    0.032137895148
4.25    0.0332626081625
4.29    0.0345138044288
4.33    0.0358252673418
4.37    0.0371916317954
4.41    0.0386018599376
4.45    0.0400406662906
4.49    0.0414935129855
4.53    0.0429414286525
4.57    0.0443729710469
4.61    0.0457793237804
4.65    0.0471563648825
4.69    0.0485177359408
4.73    0.0498669492344
4.77    0.0511711673589
4.81    0.0524287302474
4.85    0.0536460881018
4.89    0.0548331415018
4.93    0.0560034924448
4.97    0.0571716377903
5.01    0.0583519599429
5.05    0.0595577864977
5.09    0.0608013928352
5.13    0.0620928372786
5.17    0.0634377933626
5.21    0.0648403284824
5.25    0.0663057921878
5.29    0.0678317753275
5.33    0.069417356464
5.37    0.0710585361239
5.41    0.0727476737806
5.45    0.0744743329289
5.49    0.0762291419756
5.53    0.0780053835757
5.57    0.0798046025537
5.61    0.0816240282703
5.65    0.0834530203522
5.69    0.085281471575
5.73    0.0871022146665
5.77    0.0888987771427
5.81    0.0906495921267
5.85    0.0923441533165
5.89    0.0939816761933
5.93    0.0955765635595
5.97    0.0971769562637
6.01    0.0987930523101
6.05    0.100354972519
6.09    0.101852250172
6.13    0.103291598475
6.17    0.104687032616
6.21    0.106035193414
6.25    0.107321503643
6.29    0.108547265764
6.33    0.10971356347
6.37    0.110819519827
6.41    0.111870650494
6.45    0.112870723716
6.49    0.113825560763
6.53    0.114741900733
6.57    0.115627231136
6.61    0.116515571367
6.65    0.118044189075
6.69    0.119511292405
6.73    0.120910653734
6.77    0.122233762489
6.81    0.123469388391
6.85    0.124653276021
6.89    0.125809238681
6.93    0.126892022159
6.97    0.127881341774
7.01    0.128777983603
7.05    0.129590966316
7.09    0.13059767755
7.13    0.131602717809
7.17    0.132566333946
7.21    0.133491600232
7.25    0.134382586933
7.29    0.135241375742
7.33    0.136068900364
7.37    0.13685843524
7.41    0.137609211231
7.45    0.138324978299
7.49    0.13901380535
7.53    0.139732915888
7.57    0.140685349984
7.61    0.141564232782
7.65    0.142364557035
7.69    0.14308446072
7.73    0.143735345089
7.77    0.144307621346
7.81    0.144789645092
7.85    0.145183744816
7.89    0.145497007347
7.93    0.145736843369
7.97    0.145899466751
8.01    0.14598183688
8.05    0.145988018345
8.09    0.145927418758
8.13    0.145816077678
8.17    0.145663759174
8.21    0.145717120771
8.25    0.145792683639
8.29    0.145846022393
8.33    0.145878639637
8.37    0.145896645447
8.41    0.145904572056
8.45    0.14590768719
8.49    0.145907189981
8.53    0.14591493547
8.57    0.145980817916
8.61    0.146101903719
8.65    0.146243283874
8.69    0.146425264832
8.73    0.146746718297
8.77    0.147081422508
8.81    0.147408036708
8.85    0.147722527854
8.89    0.148020911107
8.93    0.148306693065
8.97    0.148577332137
9.01    0.148832570316
9.05    0.149075278282
9.09    0.149305276585
9.13    0.149521857888
9.17    0.149725652299
9.21    0.149917827894
9.25    0.150100947815
9.29    0.150273122933
9.33    0.150435118455
9.37    0.150592418031
9.41    0.150740671625
9.45    0.150885109746
9.49    0.151022360722
9.53    0.15115422543
9.57    0.151281540146
9.61    0.151399724015
9.65    0.15150957121
9.69    0.151605687163
9.73    0.151691170732
9.77    0.151761174784
9.81    0.151814090766
9.85    0.151851252115
9.89    0.151868150747
9.93    0.151863848084
9.97    0.151837679293
