0.05    6.33925156327e-05
0.09    0.000373833426484
0.13    0.000888908283159
0.17    0.00128045742787
0.21    0.00231098660289
0.25    0.00273821626173
0.29    0.00261184574861
0.33    0.00203879011478
0.37    0.00338179872356
0.41    0.00359909814208
0.45    0.00321065914887
0.49    0.00324931334868
0.53    0.00425387665812
0.57    0.0036039551077
0.61    0.00405466416391
0.65    0.0052688750238
0.69    0.0047300866128
0.73    0.00456569563251
0.77    0.00572568885516
0.81    0.00698079791591
0.85    0.00703553364805
0.89    0.00596976423408
0.93    0.00492805640106
0.97    0.00598173439796
1.01    0.00604864843165
1.05    0.00606067191645
1.09    0.00775825403575
1.13    0.00865516887799
1.17    0.00960315328324
1.21    0.00891706082224
1.25    0.00707825685127
1.29    0.00600528609124
1.33    0.00630354175846
1.37    0.00726462100366
1.41    0.00766266856942
1.45    0.00802567345271
1.49    0.00848865175619
1.53    0.00896864095349
1.57    0.0092655412202
1.61    0.0097666164999
1.65    0.0108009142375
1.69    0.0126029963633
1.73    0.0132618918761
1.77    0.0138976294061
1.81    0.0146666235437
1.85    0.0145696812197
1.89    0.014491930178
1.93    0.0142818602653
1.97    0.0142655989494
2.01    0.0153517900116
2.05    0.0153441097271
2.09    0.0145519939378
2.13    0.0138527605091
2.17    0.0139715695299
2.21    0.0137067745092
2.25    0.013016884483
2.29    0.0126901848624
2.33    0.0136984850729
2.37    0.0154773167981
2.41    0.017115584223
2.45    0.0192557661118
2.49    0.0212124498283
2.53    0.0224104783415
2.57    0.02420651851
2.61    0.0256330903255
2.65    0.0267842376044
2.69    0.0279223111922
2.73    0.0294052040979
2.77    0.0314168695528
2.81    0.0339518527773
2.85    0.0368001351334
2.89    0.0396816842741
2.93    0.0422597879658
2.97    0.0442681509073
3.01    0.0455610820303
3.05    0.0460902926681
3.09    0.0461027702944
3.13    0.0456821777255
3.17    0.0448799882495
3.21    0.0439824063253
3.25    0.0432117798361
3.29    0.0428161745587
3.33    0.0429982162149
3.37    0.0437690893631
3.41    0.045049911137
3.45    0.0467471451401
3.49    0.0487521162685
3.53    0.0508449207029
3.57    0.0529050761099
3.61    0.0548001722482
3.65    0.0564124033579
3.69    0.0584559816729
3.73    0.0605809255092
3.77    0.0622907328515
3.81    0.06391112619
3.85    0.0652947365256
3.89    0.0661679060945
3.93    0.0667229018605
3.97    0.0671225203022
4.01    0.0673607562984
4.05    0.0673022553258
4.09    0.0669561351732
4.13    0.0662760148487
4.17    0.0654230398776
4.21    0.0644347979651
4.25    0.0645132715796
4.29    0.0644181244204
4.33    0.0642492442296
4.37    0.0642530952284
4.41    0.0642807963694
4.45    0.0640430188501
4.49    0.0635626170651
4.53    0.0629165282978
4.57    0.0620695133549
4.61    0.0612846951204
4.65    0.060395068002
4.69    0.0592693162346
4.73    0.0579022453951
4.77    0.0564049137421
4.81    0.0549654240452
4.85    0.0534247487476
4.89    0.0519137168078
4.93    0.0504329014171
4.97    0.048862562939
5.01    0.0472371140677
5.05    0.0456393946302
5.09    0.0441276325228
5.13    0.0426412262823
5.17    0.0411901331193
5.21    0.0417534649766
5.25    0.0446375631658
5.29    0.0473706144312
5.33    0.0499499851482
5.37    0.052381413995
5.41    0.0546705040214
5.45    0.0568411251267
5.49    0.058927261512
5.53    0.0609610428175
5.57    0.0629364032177
5.61    0.0648620035947
5.65    0.0667443277616
5.69    0.06858192742
5.73    0.0703799993265
5.77    0.0721689063869
5.81    0.0739857839849
5.85    0.0758740344924
5.89    0.0777382310101
5.93    0.0795270966653
5.97    0.08124131541
6.01    0.0828527909427
6.05    0.0843563138735
6.09    0.085745601262
6.13    0.0869964176407
6.17    0.0880897907966
6.21    0.0890806839186
6.25    0.0900425745354
6.29    0.0908855475499
6.33    0.0915833983937
6.37    0.0921802637934
6.41    0.0927763275291
6.45    0.0932324571498
6.49    0.0934916512343
6.53    0.0935741278733
6.57    0.0935195391604
6.61    0.0933618521956
6.65    0.0930523472622
6.69    0.0925987795409
6.73    0.0921687197798
6.77    0.0918222120107
6.81    0.0923751203564
6.85    0.0930562283841
6.89    0.0936408174611
6.93    0.0940939256263
6.97    0.094412829041
7.01    0.094645718872
7.05    0.0948645515556
7.09    0.0949402176786
7.13    0.0948782330233
7.17    0.0946635663151
7.21    0.0943358390748
7.25    0.0938897300283
7.29    0.0933473198333
7.33    0.0927172251107
7.37    0.0920163231861
7.41    0.0912501307818
7.45    0.0904098469226
7.49    0.0895078421761
7.53    0.0885615132879
7.57    0.0875737591463
7.61    0.0865444861871
7.65    0.0854788885234
7.69    0.0843820846415
7.73    0.0832572364376
7.77    0.0821004024343
7.81    0.0809265431692
7.85    0.0797344044707
7.89    0.0785325844528
7.93    0.0773364716631
7.97    0.0761464933502
8.01    0.0749735249069
8.05    0.0738251196432
8.09    0.0727039688233
8.13    0.0716078006138
8.17    0.0705281740954
8.21    0.0694797064163
8.25    0.0684519875906
8.29    0.0674601272057
8.33    0.0665118573925
8.37    0.0656009705519
8.41    0.0647221532584
8.45    0.0638825564128
8.49    0.0630749601981
8.53    0.0622981631806
8.57    0.0615453284776
8.61    0.0608231412188
8.65    0.0601340476392
8.69    0.0594658103865
8.73    0.058812285288
8.77    0.0581674464961
8.81    0.0580463899918
8.85    0.0580182910638
8.89    0.0580062342941
8.93    0.0580092112782
8.97    0.0580287080297
9.01    0.0580670500564
9.05    0.0581159624006
9.09    0.0581735750191
9.13    0.0582378580591
9.17    0.0583066486936
9.21    0.0583803736066
9.25    0.0584612636523
9.29    0.0585397896708
9.33    0.0586135230435
9.37    0.0586800237221
9.41    0.058736862353
9.45    0.0587913456263
9.49    0.058832723478
9.53    0.0588575686345
9.57    0.0588636783951
9.61    0.0588514689938
9.65    0.0588255220955
9.69    0.0587749728357
9.73    0.0586980678244
9.77    0.0585931954006
9.81    0.0584632147824
9.85    0.0583101827779
9.89    0.0581252668332
9.93    0.0579074611465
9.97    0.0576559257
