0.05    7.49987894857e-05
0.09    0.000304510898244
0.13    0.000906718659564
0.17    0.00166455355268
0.21    0.00278503838998
0.25    0.00411165098007
0.29    0.00610691159027
0.33    0.00663838035228
0.37    0.00881594547984
0.41    0.00907460030903
0.45    0.00947690519045
0.49    0.0136610564461
0.53    0.0137199144084
0.57    0.0118119820118
0.61    0.0182567914469
0.65    0.0213072999733
0.69    0.0229450220027
0.73    0.0197642046786
0.77    0.0165260967338
0.81    0.0145706145608
0.85    0.0174253480978
0.89    0.0200095566931
0.93    0.018715150875
0.97    0.0189314292482
1.01    0.0182314624034
1.05    0.01545811443
1.09    0.0139448721108
1.13    0.0144310734625
1.17    0.0164062400205
1.21    0.0171749665135
1.25    0.0163435358928
1.29    0.0163071737756
1.33    0.0189959814302
1.37    0.0214771934212
1.41    0.0236782138036
1.45    0.0267547915001
1.49    0.0291583908389
1.53    0.0292815606198
1.57    0.0316659426657
1.61    0.0323964292613
1.65    0.0333676584423
1.69    0.0336703620797
1.73    0.033037113044
1.77    0.0322521693532
1.81    0.0312297756425
1.85    0.0322820810979
1.89    0.0324537738073
1.93    0.0327152279496
1.97    0.0316934147441
2.01    0.0308414211825
2.05    0.0287928378835
2.09    0.0271164674944
2.13    0.0270296927936
2.17    0.0281864662948
2.21    0.0295913641861
2.25    0.0304218804853
2.29    0.0303108262892
2.33    0.0304605817336
2.37    0.030718736776
2.41    0.0306299130892
2.45    0.030688765248
2.49    0.0310020269354
2.53    0.0313385909689
2.57    0.0314668971975
2.61    0.0313995574816
2.65    0.0313388222283
2.69    0.0315652740913
2.73    0.0322132445469
2.77    0.0333167320117
2.81    0.0347765166519
2.85    0.0365812234941
2.89    0.0386491340104
2.93    0.0408699100634
2.97    0.04300017678
3.01    0.0446792695838
3.05    0.0456195500142
3.09    0.0463249330187
3.13    0.0489018190546
3.17    0.050951692087
3.21    0.051846148699
3.25    0.0515622110715
3.29    0.0504811805292
3.33    0.0489313968577
3.37    0.0470563988689
3.41    0.0450615209549
3.45    0.0431173768622
3.49    0.0412925472837
3.53    0.0396088827066
3.57    0.037954800687
3.61    0.0362853781893
3.65    0.0345778396058
3.69    0.0337353866147
3.73    0.0332295358501
3.77    0.0348185270118
3.81    0.0363518103601
3.85    0.0377381902052
3.89    0.0389084786267
3.93    0.0397911546687
3.97    0.0403215929858
4.01    0.0404497728822
4.05    0.0406724008151
4.09    0.0409720245918
4.13    0.040835122674
4.17    0.0414602015345
4.21    0.0440598688944
4.25    0.0473784723931
4.29    0.050492405847
4.33    0.0532681817051
4.37    0.0556183501226
4.41    0.0574822959341
4.45    0.0588409794313
4.49    0.0597159326669
4.53    0.0601498716842
4.57    0.0601991165199
4.61    0.0599417358336
4.65    0.0594707720035
4.69    0.0588572909306
4.73    0.0582493472358
4.77    0.0577199571503
4.81    0.0573677486784
4.85    0.0572767480666
4.89    0.0575087852746
4.93    0.0581018599938
4.97    0.0590701047747
5.01    0.0604051085454
5.05    0.0620847185114
5.09    0.0640667794811
5.13    0.0662901998327
5.17    0.0686876110095
5.21    0.0711854064653
5.25    0.0737511391068
5.29    0.0762816735045
5.33    0.0787609682257
5.37    0.0811284598483
5.41    0.0833803066728
5.45    0.0856126880587
5.49    0.0879852708556
5.53    0.0902333396801
5.57    0.0926531085157
5.61    0.0960114550275
5.65    0.0992107485471
5.69    0.102222090201
5.73    0.105058034342
5.77    0.10768064587
5.81    0.110100520325
5.85    0.112351529427
5.89    0.114445447309
5.93    0.116408736981
5.97    0.118216912564
6.01    0.119897746757
6.05    0.121493319502
6.09    0.122965515967
6.13    0.124314476845
6.17    0.125483943112
6.21    0.126433396808
6.25    0.127135685638
6.29    0.127628800733
6.33    0.127864760778
6.37    0.127851575097
6.41    0.127626414707
6.45    0.127166539077
6.49    0.126579091773
6.53    0.126034134275
6.57    0.125635653538
6.61    0.126240056242
6.65    0.126697011122
6.69    0.127034853955
6.73    0.127308254642
6.77    0.127485106661
6.81    0.127507842737
6.85    0.127347176294
6.89    0.127008535363
6.93    0.126507925097
6.97    0.125843976619
7.01    0.125032093618
7.05    0.124091397642
7.09    0.12304771828
7.13    0.121966009477
7.17    0.120888631343
7.21    0.119733311593
7.25    0.118485453491
7.29    0.117169647387
7.33    0.115805061302
7.37    0.114413917382
7.41    0.113086574049
7.45    0.111750142585
7.49    0.110397859401
7.53    0.109038301583
7.57    0.107797066797
7.61    0.107267368661
7.65    0.106718550193
7.69    0.106161029766
7.73    0.105604724383
7.77    0.105065177735
7.81    0.104557510905
7.85    0.104075544754
7.89    0.103626762636
7.93    0.103225585018
7.97    0.102882778215
8.01    0.102633825982
8.05    0.102435073375
8.09    0.102290888913
8.13    0.102206097919
8.17    0.102190756602
8.21    0.102237945071
8.25    0.102349196537
8.29    0.102525347968
8.33    0.102766567321
8.37    0.103072384553
8.41    0.103441725866
8.45    0.103872950672
8.49    0.104363890747
8.53    0.104912092151
8.57    0.105522469977
8.61    0.106183689461
8.65    0.10689196048
8.69    0.107643170661
8.73    0.108432928381
8.77    0.109256605209
8.81    0.110109377468
8.85    0.1109862667
8.89    0.11188851372
8.93    0.112812035747
8.97    0.113744943907
9.01    0.114682024081
9.05    0.115618080199
9.09    0.11656133367
9.13    0.117497505696
9.17    0.118422605899
9.21    0.119341960442
9.25    0.120243676577
9.29    0.121130141401
9.33    0.121983946924
9.37    0.122817217638
9.41    0.123615467144
9.45    0.124369549598
9.49    0.125075848382
9.53    0.125754434251
9.57    0.126379548636
9.61    0.126947870897
9.65    0.127456721271
9.69    0.127911673938
9.73    0.128320225002
9.77    0.128663015458
9.81    0.128938340185
9.85    0.1291447468
9.89    0.129293731649
9.93    0.129385325582
9.97    0.12940511009
