0.05    8.76432164625e-05
0.09    0.000397757865673
0.13    0.000895041851811
0.17    0.00215314375077
0.21    0.0025433737283
0.25    0.0042854946025
0.29    0.00385866446219
0.33    0.00690659987756
0.37    0.00917245392086
0.41    0.0131165888923
0.45    0.010547736912
0.49    0.0119696715722
0.53    0.0176611480968
0.57    0.0198704188141
0.61    0.019329536634
0.65    0.0228374030946
0.69    0.0281186115063
0.73    0.0318292627356
0.77    0.0377755398922
0.81    0.0503301826277
0.85    0.0605102223994
0.89    0.0727865128335
0.93    0.0725065471897
0.97    0.0626231239082
1.01    0.0537945139305
1.05    0.0450910403596
1.09    0.0458627184615
1.13    0.0447261484618
1.17    0.0422011256574
1.21    0.0404789179918
1.25    0.0403098316324
1.29    0.0408853619234
1.33    0.0471067667703
1.37    0.0500212902768
1.41    0.0522493988963
1.45    0.0543028844259
1.49    0.0555390273126
1.53    0.0578810250922
1.57    0.0613594937459
1.61    0.06434961011
1.65    0.065511078474
1.69    0.0644081471865
1.73    0.0615619037673
1.77    0.0575575451483
1.81    0.0538402356663
1.85    0.0514895187316
1.89    0.0510762508664
1.93    0.0521633124481
1.97    0.0536634170402
2.01    0.054632471774
2.05    0.0543150526578
2.09    0.0527969963883
2.13    0.0501543756087
2.17    0.0470254437317
2.21    0.0436833061804
2.25    0.0404292455802
2.29    0.0374739802439
2.33    0.0353507096797
2.37    0.0365489156904
2.41    0.0374256354208
2.45    0.0377690843473
2.49    0.0375354707679
2.53    0.0368531607308
2.57    0.0371414717962
2.61    0.0392784117872
2.65    0.0412145705389
2.69    0.0427975141779
2.73    0.044028982505
2.77    0.0449260929548
2.81    0.0455731283545
2.85    0.0460776133779
2.89    0.0465251634334
2.93    0.0469600955401
2.97    0.0473824676882
3.01    0.0477583807614
3.05    0.0480612623248
3.09    0.0482419125144
3.13    0.0482506433526
3.17    0.0480863558852
3.21    0.0485201078085
3.25    0.049822454759
3.29    0.050861728948
3.33    0.0516315265451
3.37    0.0522465237463
3.41    0.0527577956101
3.45    0.0532718658093
3.49    0.053852101804
3.53    0.0545839361145
3.57    0.0554754901705
3.61    0.0565727316337
3.65    0.057827729077
3.69    0.0592231572827
3.73    0.0606826874788
3.77    0.062151425532
3.81    0.063537594838
3.85    0.0648050914341
3.89    0.0658634124432
3.93    0.0677117432821
3.97    0.069544483501
4.01    0.0712466569607
4.05    0.0727636653458
4.09    0.0740859450937
4.13    0.075268091784
4.17    0.0762777100397
4.21    0.0771425266264
4.25    0.0785180979032
4.29    0.0810075849143
4.33    0.0833787815131
4.37    0.0856558981315
4.41    0.0878624567654
4.45    0.0900474450351
4.49    0.0922142953432
4.53    0.0944295224938
4.57    0.0967019451336
4.61    0.0990603900362
4.65    0.10153649163
4.69    0.104116125122
4.73    0.106834054293
4.77    0.109636332037
4.81    0.112569303628
4.85    0.116487161797
4.89    0.12145165583
4.93    0.126571506823
4.97    0.131759418359
5.01    0.136973563494
5.05    0.14216524556
5.09    0.147295235728
5.13    0.152342685158
5.17    0.157284513533
5.21    0.162102202524
5.25    0.166796603771
5.29    0.171335595755
5.33    0.175707359491
5.37    0.179825809936
5.41    0.183683611111
5.45    0.187250344664
5.49    0.190490952073
5.53    0.19336386236
5.57    0.195846582796
5.61    0.198037484841
5.65    0.199984160419
5.69    0.20168848958
5.73    0.20313321926
5.77    0.204477045341
5.81    0.205945125149
5.85    0.207458247573
5.89    0.208794520847
5.93    0.209810463043
5.97    0.210493942873
6.01    0.21082356407
6.05    0.210805150259
6.09    0.21047944292
6.13    0.209905023781
6.17    0.209224583953
6.21    0.208682662344
6.25    0.208208272513
6.29    0.207760160046
6.33    0.207213225393
6.37    0.207481214902
6.41    0.208593692714
6.45    0.20946523734
6.49    0.210207418184
6.53    0.210737052716
6.57    0.21115285797
6.61    0.211384845148
6.65    0.211520460813
6.69    0.211508842353
6.73    0.211386449267
6.77    0.211144995352
6.81    0.210794933974
6.85    0.210324932222
6.89    0.2097747821
6.93    0.209090895945
6.97    0.208352573121
7.01    0.207507102666
7.05    0.206563774288
7.09    0.205577465242
7.13    0.204490447822
7.17    0.203374353986
7.21    0.202215164395
7.25    0.201068375525
7.29    0.199912717628
7.33    0.198737129739
7.37    0.197548826218
7.41    0.196390719543
7.45    0.195582405175
7.49    0.194745447665
7.53    0.193873631661
7.57    0.192972046074
7.61    0.19206908549
7.65    0.191220071378
7.69    0.190422305312
7.73    0.189608694306
7.77    0.188746359118
7.81    0.187873941825
7.85    0.186947379557
7.89    0.186004498149
7.93    0.18503926917
7.97    0.184085349099
8.01    0.183202038433
8.05    0.182331163004
8.09    0.18145396345
8.13    0.180544464783
8.17    0.179619966318
8.21    0.17867085263
8.25    0.177695114258
8.29    0.176717954378
8.33    0.175714602398
8.37    0.174693678318
8.41    0.173664982866
8.45    0.172641785196
8.49    0.171705899221
8.53    0.1707683443
8.57    0.16979364565
8.61    0.168818389627
8.65    0.167809336476
8.69    0.166787532623
8.73    0.165748250912
8.77    0.164697439691
8.81    0.163631742342
8.85    0.162568993399
8.89    0.161480398562
8.93    0.160394679347
8.97    0.159286427805
9.01    0.158162943145
9.05    0.157038015061
9.09    0.155958710211
9.13    0.15494182254
9.17    0.153924212589
9.21    0.15290262616
9.25    0.151868968612
9.29    0.150841496557
9.33    0.149793755043
9.37    0.148745974877
9.41    0.147686667483
9.45    0.146610060663
9.49    0.145534840356
9.53    0.144450303335
9.57    0.14335113195
9.61    0.14319591732
9.65    0.143055943202
9.69    0.142906942739
9.73    0.142749202042
9.77    0.142582996513
9.81    0.142408591218
9.85    0.142232727194
9.89    0.142057524703
9.93    0.141874590284
9.97    0.141684156376
