0.05    0.000105235458507
0.09    0.000414651098927
0.13    0.000947964954588
0.17    0.00184963656719
0.21    0.00234375514881
0.25    0.00359707716716
0.29    0.00486962907616
0.33    0.00726922469309
0.37    0.00776624151503
0.41    0.00957594622203
0.45    0.00896596235725
0.49    0.010766479471
0.53    0.0104003523902
0.57    0.0117561578378
0.61    0.0127461378488
0.65    0.013659060624
0.69    0.0159192373453
0.73    0.0155238160953
0.77    0.0164918209055
0.81    0.0146601811573
0.85    0.0149349521913
0.89    0.0174132028349
0.93    0.0163283231677
0.97    0.0153810738672
1.01    0.0150490473249
1.05    0.0156378904621
1.09    0.0148185015457
1.13    0.0150767914569
1.17    0.0152307788507
1.21    0.015039186822
1.25    0.015765372167
1.29    0.0163540599282
1.33    0.0158181177679
1.37    0.017605370224
1.41    0.0187482076307
1.45    0.0193567122588
1.49    0.0194750608959
1.53    0.0188244419736
1.57    0.017835960112
1.61    0.0174791916409
1.65    0.0180345095071
1.69    0.0185348604436
1.73    0.0179149542234
1.77    0.0165310505685
1.81    0.0163121652831
1.85    0.0169986575287
1.89    0.0178759722333
1.93    0.0188495683251
1.97    0.0196275509794
2.01    0.0193127993311
2.05    0.0184308232329
2.09    0.0175493829968
2.13    0.0168212223241
2.17    0.016078988599
2.21    0.0157003959935
2.25    0.0162028383683
2.29    0.0158095308486
2.33    0.0149880158014
2.37    0.013871595256
2.41    0.013157907301
2.45    0.014442632257
2.49    0.0155503656935
2.53    0.0163503485904
2.57    0.0168363060965
2.61    0.0171078789603
2.65    0.0173323514981
2.69    0.0184972046356
2.73    0.0202896132667
2.77    0.0221378807863
2.81    0.0239508134083
2.85    0.0255564898254
2.89    0.027098163356
2.93    0.028916617181
2.97    0.0306681613923
3.01    0.031857910433
3.05    0.0325120881375
3.09    0.0328557662092
3.13    0.0331683460203
3.17    0.0336295117675
3.21    0.0343044959054
3.25    0.0351630923519
3.29    0.0361260917401
3.33    0.0370806952645
3.37    0.037974894718
3.41    0.0387431148724
3.45    0.0393445229582
3.49    0.0397861394539
3.53    0.0401008285542
3.57    0.0403765268699
3.61    0.0406847091342
3.65    0.0410772446895
3.69    0.0415332158496
3.73    0.0420188738102
3.77    0.0424961787203
3.81    0.0429233159523
3.85    0.0432743038919
3.89    0.043574716456
3.93    0.0439366410138
3.97    0.0443401586213
4.01    0.0448209986426
4.05    0.0454417118278
4.09    0.0462691248878
4.13    0.047346922218
4.17    0.048697636409
4.21    0.0502857026955
4.25    0.0520569100634
4.29    0.054160916299
4.33    0.0563986111064
4.37    0.0588259596954
4.41    0.0613247565503
4.45    0.0636343398823
4.49    0.0656566140112
4.53    0.0683305586682
4.57    0.0708235454712
4.61    0.0731409230954
4.65    0.0751834091631
4.69    0.0768940402888
4.73    0.0782564892686
4.77    0.0792888338153
4.81    0.0800181272742
4.85    0.0805291003085
4.89    0.0809014532573
4.93    0.0810465408775
4.97    0.0810050807172
5.01    0.080805473178
5.05    0.0804272350476
5.09    0.0814339070183
5.13    0.0826382155895
5.17    0.0837096218509
5.21    0.0846513233786
5.25    0.0854611222521
5.29    0.0861642225168
5.33    0.0869027221479
5.37    0.0877006566878
5.41    0.0885887844069
5.45    0.0893857399439
5.49    0.0900141333993
5.53    0.0904497860829
5.57    0.0907092916609
5.61    0.0907631328923
5.65    0.0906250177387
5.69    0.0902951236265
5.73    0.0897641254729
5.77    0.0890482622333
5.81    0.0881443460332
5.85    0.0884225706204
5.89    0.0890098090916
5.93    0.0895181632781
5.97    0.089924522777
6.01    0.0902526430344
6.05    0.0905149797979
6.09    0.0906963667545
6.13    0.0907992624011
6.17    0.0908130973896
6.21    0.0907408823238
6.25    0.0906106381431
6.29    0.0904391566885
6.33    0.0902192649325
6.37    0.0899446900044
6.41    0.0896285362393
6.45    0.0892862778951
6.49    0.0889031999629
6.53    0.0885111176524
6.57    0.0880852149766
6.61    0.0876582785307
6.65    0.0872267993242
6.69    0.0867855541397
6.73    0.0863502405197
6.77    0.0859380586735
6.81    0.0855310356722
6.85    0.0851324359707
6.89    0.0847696531518
6.93    0.0844198808879
6.97    0.0840924574622
7.01    0.083790163445
7.05    0.0835210521783
7.09    0.0835349295541
7.13    0.0835717132123
7.17    0.083609762065
7.21    0.0836686241103
7.25    0.0837280278775
7.29    0.0837958815622
7.33    0.0838742137175
7.37    0.0839501836649
7.41    0.0840172969697
7.45    0.084084529334
7.49    0.0841331836431
7.53    0.0841604448443
7.57    0.0841586192393
7.61    0.0841292238449
7.65    0.0840503967011
7.69    0.0839424700017
7.73    0.0837841388163
7.77    0.0835714889422
7.81    0.0833209294588
7.85    0.08300482559
7.89    0.0826380361046
7.93    0.0822150586695
7.97    0.0817208640646
8.01    0.0813376221023
8.05    0.0819773513423
8.09    0.0825905930345
8.13    0.083187663855
8.17    0.083750371247
8.21    0.0842764797809
8.25    0.0847639652814
8.29    0.0852110180348
8.33    0.0856363129475
8.37    0.0860187211757
8.41    0.0863566654746
8.45    0.0866491521543
8.49    0.0868953942956
8.53    0.0870948065639
8.57    0.0872469990516
8.61    0.087356719832
8.65    0.0874348782615
8.69    0.0874655928872
8.73    0.0874491448606
8.77    0.0873859711633
8.81    0.0872766551984
8.85    0.087121917158
8.89    0.0869226042504
8.93    0.0866796808664
8.97    0.086394218745
9.01    0.0860834788934
9.05    0.0862443407168
9.09    0.0863950954409
9.13    0.0865131352712
9.17    0.0865915077539
9.21    0.086631677464
9.25    0.0866404866258
9.29    0.086605535147
9.33    0.086548027605
9.37    0.0864789409723
9.41    0.0863981560322
9.45    0.0862821218812
9.49    0.0861414400118
9.53    0.0859629815378
9.57    0.0857481851451
9.61    0.0855076288494
9.65    0.0852420972236
9.69    0.0849442697985
9.73    0.0846156686697
9.77    0.0842578248972
9.81    0.0838799695755
9.85    0.0834836479671
9.89    0.0830622193626
9.93    0.0826171992889
9.97    0.0821500897184
