0.05    0.000822321020471
0.09    0.00334384156016
0.13    0.0079615786791
0.17    0.0124251418796
0.21    0.0170545641794
0.25    0.0369205051343
0.29    0.0516967685681
0.33    0.0679834083887
0.37    0.0787808709183
0.41    0.128844414218
0.45    0.0817074487282
0.49    0.0721169699987
0.53    0.052401993874
0.57    0.0446070588257
0.61    0.0396067701767
0.65    0.0335729163975
0.69    0.0304282433944
0.73    0.0402101460167
0.77    0.0422651396121
0.81    0.0471107078177
0.85    0.0422046908364
0.89    0.0355450855419
0.93    0.0320160122369
0.97    0.0281542495458
1.01    0.0337840424846
1.05    0.0355935303164
1.09    0.0335418039585
1.13    0.0328935093046
1.17    0.0358910519191
1.21    0.0403665004086
1.25    0.0400645566939
1.29    0.0401155210963
1.33    0.0411438057789
1.37    0.0384430293063
1.41    0.0331887262803
1.45    0.0344183905582
1.49    0.0364901280411
1.53    0.041092326267
1.57    0.0450109176868
1.61    0.0448600057982
1.65    0.0408654379645
1.69    0.0374465769825
1.73    0.0358373371106
1.77    0.0364964564148
1.81    0.0366606619952
1.85    0.0362266969249
1.89    0.0354608979335
1.93    0.0344872227972
1.97    0.0336225128659
2.01    0.0357354752399
2.05    0.0376803653631
2.09    0.0392990641786
2.13    0.0402344952513
2.17    0.0403332904958
2.21    0.040284522812
2.25    0.0423837078015
2.29    0.0436256887682
2.33    0.043954971526
2.37    0.0434762440245
2.41    0.0424464143929
2.45    0.0410900504754
2.49    0.0396030910666
2.53    0.0382212299343
2.57    0.037215305013
2.61    0.0368498219313
2.65    0.0381096931561
2.69    0.0393580345862
2.73    0.0405132907652
2.77    0.0418968360046
2.81    0.044290649483
2.85    0.0468831372824
2.89    0.0493618922038
2.93    0.0517504753742
2.97    0.0540211113573
3.01    0.0561376869756
3.05    0.0580419050332
3.09    0.0630197365577
3.13    0.0691137031343
3.17    0.0748747956847
3.21    0.0799452914214
3.25    0.0840992705753
3.29    0.0871735324477
3.33    0.0890068008673
3.37    0.0895837161902
3.41    0.0889183527299
3.45    0.0920813005616
3.49    0.09510586853
3.53    0.097018886709
3.57    0.097713372238
3.61    0.103272437737
3.65    0.108404193543
3.69    0.112432845062
3.73    0.115351381933
3.77    0.11718320992
3.81    0.117782908817
3.85    0.117164263479
3.89    0.115433104008
3.93    0.112553008184
3.97    0.113378788113
4.01    0.112952061206
4.05    0.112921671309
4.09    0.11323590018
4.13    0.11190123657
4.17    0.109139399884
4.21    0.105109443738
4.25    0.101397492425
4.29    0.100482512365
4.33    0.0994528973742
4.37    0.0997931283984
4.41    0.0996318537655
4.45    0.0985892080624
4.49    0.0967951946091
4.53    0.0981613805858
4.57    0.0987951598765
4.61    0.0984710442277
4.65    0.0972726843973
4.69    0.0969437194776
4.73    0.0966958049253
4.77    0.0969621280007
4.81    0.096641043103
4.85    0.0958126486288
4.89    0.0945343312431
4.93    0.0929008988477
4.97    0.0932982735764
5.01    0.0951375495803
5.05    0.096596082298
5.09    0.0977491964704
5.13    0.0985853271664
5.17    0.0992058538233
5.21    0.099898298959
5.25    0.100333214833
5.29    0.100582123093
5.33    0.100730171308
5.37    0.100864430438
5.41    0.101060808146
5.45    0.101396840869
5.49    0.101950337638
5.53    0.102764407352
5.57    0.103896721763
5.61    0.10552135754
5.65    0.107587024739
5.69    0.110011915014
5.73    0.112776376143
5.77    0.115863526728
5.81    0.119224284993
5.85    0.12281866336
5.89    0.126576107631
5.93    0.130439164459
5.97    0.134600530924
6.01    0.138805434718
6.05    0.142934412805
6.09    0.146948962775
6.13    0.151250382391
6.17    0.15548161766
6.21    0.159402135799
6.25    0.162943871438
6.29    0.166050127892
6.33    0.168679766673
6.37    0.170852663259
6.41    0.173121029058
6.45    0.175177891861
6.49    0.177839645724
6.53    0.180058726719
6.57    0.181803065181
6.61    0.183001659961
6.65    0.183632936983
6.69    0.183688755631
6.73    0.183185992024
6.77    0.183477075749
6.81    0.183629500368
6.85    0.18336015509
6.89    0.182682242282
6.93    0.182205005456
6.97    0.183247635906
7.01    0.184104790358
7.05    0.184600827799
7.09    0.184754016158
7.13    0.184578356266
7.17    0.18408878009
7.21    0.183309769259
7.25    0.182266475948
7.29    0.180980408617
7.33    0.180324288334
7.37    0.179772707189
7.41    0.178983210711
7.45    0.177982170672
7.49    0.176768239394
7.53    0.175353943069
7.57    0.173779548453
7.61    0.172031709382
7.65    0.170139408928
7.69    0.16887562407
7.73    0.167774782867
7.77    0.166531486361
7.81    0.165160343055
7.85    0.163667459346
7.89    0.162051431449
7.93    0.160335315876
7.97    0.158515603469
8.01    0.156603748809
8.05    0.154608858839
8.09    0.152532696259
8.13    0.151458543344
8.17    0.150855964811
8.21    0.150194091704
8.25    0.149480820659
8.29    0.148731066766
8.33    0.147930052227
8.37    0.147080129014
8.41    0.146187962333
8.45    0.145265431547
8.49    0.14429923059
8.53    0.143291002662
8.57    0.142242279284
8.61    0.14116197799
8.65    0.140052855873
8.69    0.138906859558
8.73    0.137725299984
8.77    0.13650947371
8.81    0.135260676057
8.85    0.13398274425
8.89    0.132685296694
8.93    0.131620463937
8.97    0.130686512824
9.01    0.130004481281
9.05    0.129552835812
9.09    0.129084164824
9.13    0.12859840138
9.17    0.128178176968
9.21    0.128022973053
9.25    0.127843811438
9.29    0.127640776741
9.33    0.127413994907
9.37    0.127163634727
9.41    0.12688990879
9.45    0.126593073889
9.49    0.126273430951
9.53    0.125931324526
9.57    0.125567141896
9.61    0.125181311834
9.65    0.124774303066
9.69    0.124346622477
9.73    0.123898813097
9.77    0.123431451902
9.81    0.122945147468
9.85    0.122440537514
9.89    0.121918286347
9.93    0.121379082263
9.97    0.120823634899
