0.05    9.67840342848e-06
0.09    4.31994638384e-05
0.13    0.000136111936384
0.17    0.000264181728803
0.21    0.000470512424457
0.25    0.000629121765772
0.29    0.00107846216043
0.33    0.0014993427356
0.37    0.00162528036541
0.41    0.00146047513529
0.45    0.00168618313894
0.49    0.00165673429276
0.53    0.00147622226402
0.57    0.00140206089388
0.61    0.00147606813198
0.65    0.00164627429679
0.69    0.0017448178055
0.73    0.00172820100027
0.77    0.00151425449686
0.81    0.00117663682728
0.85    0.00113296252701
0.89    0.00118886873191
0.93    0.00132163363417
0.97    0.00148704585096
1.01    0.00160119297026
1.05    0.00200771326367
1.09    0.00219043452379
1.13    0.00201386833278
1.17    0.00182885828599
1.21    0.00192857998947
1.25    0.00222834216085
1.29    0.00259080292028
1.33    0.00293286500747
1.37    0.00315030200968
1.41    0.00322139375676
1.45    0.00342755482113
1.49    0.0035032787577
1.53    0.00327774118712
1.57    0.00345142465173
1.61    0.0038219751529
1.65    0.00427032134881
1.69    0.00446492666803
1.73    0.00455576970215
1.77    0.00479064738343
1.81    0.00528476404818
1.85    0.00585880809853
1.89    0.00635404999323
1.93    0.00678980461285
1.97    0.00711963981618
2.01    0.00725744985782
2.05    0.0074496073682
2.09    0.007598716364
2.13    0.00756671656017
2.17    0.00739826779905
2.21    0.00716077348875
2.25    0.00685792927067
2.29    0.0064925646254
2.33    0.00612975464088
2.37    0.00614330883239
2.41    0.00618723494014
2.45    0.00624491967118
2.49    0.00625219553011
2.53    0.00624003363741
2.57    0.00619894560879
2.61    0.00608781058008
2.65    0.00592237005703
2.69    0.00578605869595
2.73    0.0057516840002
2.77    0.0058491275692
2.81    0.00605901715794
2.85    0.00632902706259
2.89    0.00659930574491
2.93    0.00682246254387
2.97    0.0069721678528
3.01    0.00704515779027
3.05    0.00705589374423
3.09    0.00702572529549
3.13    0.00697903161146
3.17    0.00693902009298
3.21    0.00692390073711
3.25    0.00694125490515
3.29    0.00698848174755
3.33    0.00705383685097
3.37    0.00712070581573
3.41    0.00717056388999
3.45    0.00718739567582
3.49    0.00716194271033
3.53    0.00709098514344
3.57    0.00702130815178
3.61    0.00700147338965
3.65    0.00695400956972
3.69    0.00689436096756
3.73    0.00683875545396
3.77    0.00680147302431
3.81    0.0067922960636
3.85    0.00681565416793
3.89    0.00686848089062
3.93    0.00694225293868
3.97    0.00702421032169
4.01    0.00711611853313
4.05    0.00739463572986
4.09    0.00765075954052
4.13    0.00787202514544
4.17    0.00806072192881
4.21    0.00821397646482
4.25    0.00832849578059
4.29    0.00840366340519
4.33    0.00841137841267
4.37    0.00835449989859
4.41    0.00830491006306
4.45    0.00820452396612
4.49    0.00804795142258
4.53    0.00784972843015
4.57    0.00775037803327
4.61    0.00779321360593
4.65    0.00779112225233
4.69    0.00774500077492
4.73    0.00765992054868
4.77    0.00765345647909
4.81    0.00777995594063
4.85    0.00788549930759
4.89    0.00797534785742
4.93    0.00805315924349
4.97    0.00812097613107
5.01    0.00818012699492
5.05    0.00823161302076
5.09    0.00827361919992
5.13    0.00830304905779
5.17    0.00833694216126
5.21    0.00839354263888
5.25    0.00842925838607
5.29    0.00844046439949
5.33    0.00842525248501
5.37    0.00838209601099
5.41    0.00831030008733
5.45    0.00820942064655
5.49    0.00814014723097
5.53    0.00813494348166
5.57    0.00810572737042
5.61    0.00805464577316
5.65    0.00801603140907
5.69    0.00797960217321
5.73    0.00791218025383
5.77    0.00781568650254
5.81    0.00769440736341
5.85    0.00755329485357
5.89    0.0074451816241
5.93    0.00754427712304
5.97    0.00762858291003
6.01    0.00769766376169
6.05    0.00775124472695
6.09    0.0077894505635
6.13    0.00781220063057
6.17    0.00781964250281
6.21    0.00781204139124
6.25    0.00778946085589
6.29    0.00775264178738
6.33    0.00770177203957
6.37    0.00763746310855
6.41    0.00756035524349
6.45    0.00747109614971
6.49    0.00737033851896
6.53    0.00725875218757
6.57    0.0071379377336
6.61    0.00714240788074
6.65    0.00735100595466
6.69    0.00757137244254
6.73    0.00780012562453
6.77    0.00803377071437
6.81    0.00826915995038
6.85    0.00850329887173
6.89    0.00873329539958
6.93    0.00895647167712
6.97    0.00917057381169
7.01    0.00937358648449
7.05    0.0095637519456
7.09    0.00974006233747
7.13    0.00990291683592
7.17    0.0100696559804
7.21    0.010248546029
7.25    0.0104209346801
7.29    0.0105804910556
7.33    0.0107360543663
7.37    0.0109297793633
7.41    0.0110916775014
7.45    0.0113082620557
7.49    0.011503695239
7.53    0.0116765989125
7.57    0.0118905287144
7.61    0.0120970047373
7.65    0.012279999852
7.69    0.0124397740771
7.73    0.0125769367239
7.77    0.0126923703697
7.81    0.0127864617259
7.85    0.012860376697
7.89    0.0129472679536
7.93    0.0130787946723
7.97    0.0131912159686
8.01    0.0132852814731
8.05    0.0133623662727
8.09    0.0134234614118
8.13    0.0134693185148
8.17    0.0135001928854
8.21    0.0135164116875
8.25    0.0135183932077
8.29    0.0135457322645
8.33    0.0136083476512
8.37    0.0136702572801
8.41    0.0137249828216
8.45    0.0137704794979
8.49    0.0138065872639
8.53    0.0138378822772
8.57    0.0138887404023
8.61    0.0139570237652
8.65    0.0140376148718
8.69    0.0141147607541
8.73    0.0141884824997
8.77    0.0142667352286
8.81    0.014370263649
8.85    0.0144637283108
8.89    0.0145463128645
8.93    0.0146176329146
8.97    0.0146775094939
9.01    0.0147257613473
9.05    0.0147620809035
9.09    0.0147861507773
9.13    0.0147976007395
9.17    0.0147960658791
9.21    0.0148233259742
9.25    0.014863101674
9.29    0.0149116686972
9.33    0.0149695707515
9.37    0.0150196350592
9.41    0.015061384284
9.45    0.0150943774005
9.49    0.015118507106
9.53    0.0151332047754
9.57    0.0151381264088
9.61    0.0151330019851
9.65    0.0151179642362
9.69    0.015092548294
9.73    0.0150565751643
9.77    0.0150100091861
9.81    0.0149531029779
9.85    0.0148855505406
9.89    0.0148074443273
9.93    0.0147406974584
9.97    0.014711465821
