0.05    1.50583704644e-05
0.09    7.79818649601e-05
0.13    0.000196861208337
0.17    0.000371677540223
0.21    0.000565219499743
0.25    0.000833199987053
0.29    0.00166579000848
0.33    0.00246321518234
0.37    0.0034447062096
0.41    0.00384915342905
0.45    0.00289079947931
0.49    0.00224370468513
0.53    0.0025632196768
0.57    0.00349772427852
0.61    0.00365925803856
0.65    0.00315157201624
0.69    0.00316367756229
0.73    0.00259180974436
0.77    0.00223406014393
0.81    0.00233008445873
0.85    0.00202917987809
0.89    0.00226277411059
0.93    0.00221706806391
0.97    0.00234880892808
1.01    0.00279722487098
1.05    0.00331853682362
1.09    0.00355540923718
1.13    0.00385536931621
1.17    0.00408753070345
1.21    0.0042932755135
1.25    0.00448990148413
1.29    0.00465293716054
1.33    0.00501104895166
1.37    0.0055888030972
1.41    0.00610102872404
1.45    0.0066069143287
1.49    0.00710275062779
1.53    0.00756028112089
1.57    0.00795206778693
1.61    0.00825686369126
1.65    0.00931500688185
1.69    0.0108854396718
1.73    0.0124348504124
1.77    0.0136561009509
1.81    0.0145546761922
1.85    0.015623043209
1.89    0.0168610087778
1.93    0.0184565628365
1.97    0.0192747877538
2.01    0.0197683649941
2.05    0.0200573193308
2.09    0.0198034125734
2.13    0.0189687412741
2.17    0.0178024009775
2.21    0.0165190085515
2.25    0.0155255972626
2.29    0.0145883958647
2.33    0.013725049885
2.37    0.0129884192352
2.41    0.0124692193871
2.45    0.0125584495466
2.49    0.0126399861845
2.53    0.0127147166392
2.57    0.0127889992663
2.61    0.0128611144381
2.65    0.0129323267637
2.69    0.0134535705577
2.73    0.0140157461513
2.77    0.0145771254345
2.81    0.0151087810631
2.85    0.015589925522
2.89    0.0160092976363
2.93    0.016430212865
2.97    0.0168819630014
3.01    0.0172772318955
3.05    0.0175607137778
3.09    0.0176859266898
3.13    0.0181684528699
3.17    0.0192750561227
3.21    0.0203129319591
3.25    0.021268997517
3.29    0.0221377970948
3.33    0.0229223645617
3.37    0.0237136914671
3.41    0.0247234280717
3.45    0.0256896238963
3.49    0.0265748847437
3.53    0.0273707255263
3.57    0.028073649238
3.61    0.0286853129441
3.65    0.0292075325719
3.69    0.0296473239056
3.73    0.0300169233315
3.77    0.0303361361064
3.81    0.0306074511171
3.85    0.0308290322774
3.89    0.0310115576219
3.93    0.0311903557044
3.97    0.0313452351214
4.01    0.0314510195461
4.05    0.031493951782
4.09    0.0314659882473
4.13    0.0313678497505
4.17    0.0312099330603
4.21    0.0310651760864
4.25    0.0308711042028
4.29    0.0306072886641
4.33    0.0302753740058
4.37    0.029881833379
4.41    0.0294382372943
4.45    0.0289528534186
4.49    0.0284231886181
4.53    0.0278507327914
4.57    0.0272428970247
4.61    0.0266109645991
4.65    0.0259658340912
4.69    0.0253126477619
4.73    0.0246527298376
4.77    0.0239883259139
4.81    0.0234776063665
4.85    0.0230355480801
4.89    0.0225751504524
4.93    0.0221003288533
4.97    0.0216151741603
5.01    0.0211243782653
5.05    0.0211212398596
5.09    0.0215597491798
5.13    0.0221421489837
5.17    0.0226757326423
5.21    0.0233480931415
5.25    0.0240435344445
5.29    0.0246803832912
5.33    0.0252607029313
5.37    0.0257893068176
5.41    0.0262706951429
5.45    0.0267112964594
5.49    0.0271181009661
5.53    0.0275003012878
5.57    0.0279026083989
5.61    0.0283127345491
5.65    0.0287014057997
5.69    0.0290694506692
5.73    0.0294155190507
5.77    0.0297420114274
5.81    0.0300656324419
5.85    0.0305498005186
5.89    0.0313593355316
5.93    0.0320293996639
5.97    0.0325749582639
6.01    0.033135085674
6.05    0.0337481486744
6.09    0.0343273117195
6.13    0.0348925867719
6.17    0.035409736504
6.21    0.0358648569002
6.25    0.0362906182994
6.29    0.0367073966148
6.33    0.0371444664978
6.37    0.0375710999151
6.41    0.0379448752777
6.45    0.0382777234437
6.49    0.0385666398014
6.53    0.0388500636516
6.57    0.0391261573246
6.61    0.0393630955995
6.65    0.0395799059288
6.69    0.0399311244936
6.73    0.040381675877
6.77    0.0408010153742
6.81    0.0412280537031
6.85    0.0416776574555
6.89    0.0421190934583
6.93    0.0425554444284
6.97    0.0429877401373
7.01    0.043433829463
7.05    0.0439470030385
7.09    0.0444729818957
7.13    0.0449997145689
7.17    0.0455198419124
7.21    0.0460312993623
7.25    0.0465326002026
7.29    0.0470224309624
7.33    0.0475024576344
7.37    0.047984200823
7.41    0.0484779466622
7.45    0.0489723667159
7.49    0.0495248531752
7.53    0.050112575649
7.57    0.0506992248723
7.61    0.0512755588347
7.65    0.0518365919846
7.69    0.0523827680932
7.73    0.0529178898039
7.77    0.0534390882709
7.81    0.0539535875503
7.85    0.0544888206004
7.89    0.0550471968365
7.93    0.0556277586981
7.97    0.0561933790176
8.01    0.0567316221497
8.05    0.0572388326099
8.09    0.0577106430564
8.13    0.0581440766094
8.17    0.0585385580219
8.21    0.0588964968062
8.25    0.0592301694915
8.29    0.0595555274632
8.33    0.0598614546966
8.37    0.060213667852
8.41    0.0605780178182
8.45    0.0609034558404
8.49    0.0611848967289
8.53    0.061420664527
8.57    0.0616117573202
8.61    0.0617594350676
8.65    0.0618632454149
8.69    0.0619231895886
8.73    0.0619417005609
8.77    0.0620491469061
8.81    0.0622504804711
8.85    0.0626845635147
8.89    0.0631247503078
8.93    0.0635968081809
8.97    0.0641158573167
9.01    0.064622660446
9.05    0.0651101187516
9.09    0.0655781068569
9.13    0.0660281514159
9.17    0.066465069362
9.21    0.066894128961
9.25    0.0673087337771
9.29    0.0677081283465
9.33    0.0680913603876
9.37    0.068456753118
9.41    0.0688033493582
9.45    0.0691297087626
9.49    0.0694347897589
9.53    0.0697175588136
9.57    0.0699781399897
9.61    0.0702173688633
9.65    0.0704365285607
9.69    0.0706373778895
9.73    0.0708205560534
9.77    0.0709881128555
9.81    0.0711441928343
9.85    0.0712926528435
9.89    0.0714393470685
9.93    0.0715771119647
9.97    0.0716988740347
