0.05    3.20597602458e-05
0.09    0.000130640344918
0.13    0.000460751671584
0.17    0.000770533230885
0.21    0.000873990631586
0.25    0.000703810256676
0.29    0.000769296678922
0.33    0.000862480723146
0.37    0.00146574424443
0.41    0.00177259714553
0.45    0.00148499863413
0.49    0.00171151457698
0.53    0.00185806153291
0.57    0.00190491663382
0.61    0.00198740787946
0.65    0.00265389649399
0.69    0.00313165856559
0.73    0.00324789127892
0.77    0.00284197309431
0.81    0.00288516053371
0.85    0.0033098822981
0.89    0.00343340667952
0.93    0.0032346808834
0.97    0.00318896383881
1.01    0.00379879178959
1.05    0.0040062871698
1.09    0.00420910243372
1.13    0.00418606929
1.17    0.00463554060054
1.21    0.0057424933565
1.25    0.00668371530847
1.29    0.00653209435562
1.33    0.00575949478191
1.37    0.00514385393918
1.41    0.00511292720563
1.45    0.00540307460744
1.49    0.00566566333389
1.53    0.00592944989806
1.57    0.00591303220637
1.61    0.00566243975204
1.65    0.00530328372511
1.69    0.0051287766814
1.73    0.00498938355682
1.77    0.00493185898006
1.81    0.00495725439564
1.85    0.00504179121569
1.89    0.00516327182352
1.93    0.00531265426175
1.97    0.00547729989469
2.01    0.00561912219695
2.05    0.0057052974269
2.09    0.00598725936859
2.13    0.00634587554
2.17    0.00661824854056
2.21    0.00677494112998
2.25    0.00680040326581
2.29    0.00670104717417
2.33    0.00645606060863
2.37    0.00656571118432
2.41    0.00675522330248
2.45    0.00679349151398
2.49    0.00668256208867
2.53    0.00644571125834
2.57    0.00609259582454
2.61    0.0056282206692
2.65    0.00520925579144
2.69    0.00524248592124
2.73    0.00522909053612
2.77    0.00525042426284
2.81    0.00529331316483
2.85    0.0053344721962
2.89    0.00535222072482
2.93    0.0054074365719
2.97    0.00547745778848
3.01    0.00553643634385
3.05    0.00558477942249
3.09    0.00562292570702
3.13    0.00565149511906
3.17    0.00567133466179
3.21    0.00568265042051
3.25    0.00568618740632
3.29    0.00568282294142
3.33    0.00567381427848
3.37    0.00583831242012
3.41    0.00628727031214
3.45    0.00669377224926
3.49    0.00705291820185
3.53    0.00736338128475
3.57    0.00763032643737
3.61    0.00785148909015
3.65    0.00802103292327
3.69    0.00813873711016
3.73    0.00820592680061
3.77    0.0082248473881
3.81    0.00819833898996
3.85    0.00812955705421
3.89    0.00802127265817
3.93    0.00787755134766
3.97    0.00770559229514
4.01    0.00751119713527
4.05    0.00729094473211
4.09    0.00704590557529
4.13    0.00677831814231
4.17    0.00659128248438
4.21    0.00665707968293
4.25    0.00672707080677
4.29    0.00679685319508
4.33    0.00686716592188
4.37    0.00692544067228
4.41    0.00696807162973
4.45    0.00699476630486
4.49    0.00700788924005
4.53    0.00706142009872
4.57    0.00708915555978
4.61    0.00709614499187
4.65    0.00710414755303
4.69    0.00709190199558
4.73    0.00705970944942
4.77    0.00700901358814
4.81    0.00694206714267
4.85    0.00685980027072
4.89    0.00677301886991
4.93    0.0067313712173
4.97    0.00669322348146
5.01    0.00665018272171
5.05    0.00660089076146
5.09    0.00654568240227
5.13    0.00648535895492
5.17    0.00642050955541
5.21    0.00635140241291
5.25    0.00627908705919
5.29    0.00620344459784
5.33    0.00612566058516
5.37    0.00604562198201
5.41    0.00596401013825
5.45    0.00588137029004
5.49    0.00579822148038
5.53    0.00571510139824
5.57    0.00563204318672
5.61    0.00554901003749
5.65    0.00546616237807
5.69    0.00538373789468
5.73    0.00530227314232
5.77    0.00522233933506
5.81    0.00514328311761
5.85    0.00506501493887
5.89    0.00498752592703
5.93    0.0049110361931
5.97    0.00483551421652
6.01    0.00476098562212
6.05    0.0046877478877
6.09    0.00461570675823
6.13    0.00454489612681
6.17    0.00447537908179
6.21    0.00440721381228
6.25    0.00434058101563
6.29    0.00427535703605
6.33    0.00421156968339
6.37    0.00414923960269
6.41    0.00408838095809
6.45    0.00402900207175
6.49    0.00397110601408
6.53    0.00391469115207
6.57    0.00385975165493
6.61    0.00380627796085
6.65    0.00375425720764
6.69    0.00370367362821
6.73    0.00365450891244
6.77    0.00360674254113
6.81    0.0035603520891
6.85    0.00351531350286
6.89    0.00347160135378
6.93    0.00342918906811
6.97    0.00338804913517
7.01    0.00334815329658
7.05    0.00332720898919
7.09    0.00330950181009
7.13    0.00329190908367
7.17    0.00327609143839
7.21    0.00326083963966
7.25    0.00324565708499
7.29    0.00323055677762
7.33    0.00321555055252
7.37    0.00320064915347
7.41    0.00318586230588
7.45    0.00317119878555
7.49    0.00315666648278
7.53    0.00314227246356
7.57    0.00312805836762
7.61    0.00311404833853
7.65    0.00310019013614
7.69    0.00308648819823
7.73    0.00307294638565
7.77    0.00305956802395
7.81    0.00304635594291
7.85    0.00303331251308
7.89    0.00302043968078
7.93    0.00300773899954
7.97    0.00299521166117
8.01    0.00298285852367
8.05    0.00297068013775
8.09    0.00295867677123
8.13    0.00294684843277
8.17    0.00293519489318
8.21    0.00292371570544
8.25    0.00291241022366
8.29    0.00290127762055
8.33    0.00289031690389
8.37    0.0028795269316
8.41    0.00286890642615
8.45    0.0028584539875
8.49    0.00284816810578
8.53    0.00283804717226
8.57    0.00283775815097
8.61    0.0028377964851
8.65    0.00283781260306
8.69    0.00283780749566
8.73    0.00283778211428
8.77    0.00283773737243
8.81    0.00283767414729
8.85    0.00283759328117
8.89    0.00283749558288
8.93    0.00283738182912
8.97    0.00283725276576
9.01    0.00283710910901
9.05    0.00283695154668
9.09    0.00283678073928
9.13    0.0028365973211
9.17    0.00283641001348
9.21    0.00283623864961
9.25    0.0028360558844
9.29    0.00283586226848
9.33    0.00283565833083
9.37    0.00283544457955
9.41    0.00283522150272
9.45    0.00283498956922
9.49    0.00283474922937
9.53    0.00283450091578
9.57    0.00283424504397
9.61    0.00283398201307
9.65    0.0028337122064
9.69    0.00283343599215
9.73    0.00283315372393
9.77    0.00283286574136
9.81    0.00283257237059
9.85    0.0028322739248
9.89    0.00283197070478
9.93    0.0028316629993
9.97    0.00283135108566
