0.1	0.000192868443579
0.12	0.000423055855017
0.14	0.000603982799028
0.16	0.00081509220391
0.18	0.000789178385697
0.2	0.000938753260563
0.22	0.000898615029589
0.24	0.00077017592713
0.26	0.000820201433998
0.28	0.000844575952763
0.3	0.000796199151214
0.32	0.000842699737681
0.34	0.000956568270111
0.36	0.00132428441953
0.38	0.00155715734579
0.4	0.00168144980413
0.42	0.00178302944239
0.44	0.00158690088702
0.46	0.00154888718541
0.48	0.00166288102572
0.5	0.00175660512568
0.52	0.00182892735526
0.54	0.00187908866259
0.56	0.00190395750413
0.58	0.00190166782427
0.6	0.00192229996631
0.62	0.00213540239589
0.64	0.00248760044131
0.66	0.00284673335639
0.68	0.00303003540109
0.7	0.00326120967217
0.72	0.0033081056725
0.74	0.00315230773036
0.76	0.00293067343734
0.78	0.00278793615518
0.8	0.00281265331469
0.82	0.00298489698942
0.84	0.00320964281268
0.86	0.00338720001582
0.88	0.00345106782566
0.9	0.00338690189844
0.92	0.00324651010584
0.94	0.0032037353757
0.96	0.00309970625679
0.98	0.00338212481597
1.0	0.0036998010062
1.02	0.00385377774363
1.04	0.0038452935942
1.06	0.00413253273652
1.08	0.0042353160847
1.1	0.00414100046065
1.12	0.0039955397643
1.14	0.004350357542
1.16	0.0045785068588
1.18	0.00468023517825
1.2	0.00539099015985
1.22	0.00606484712394
1.24	0.00654720836376
1.26	0.0067454376497
1.28	0.00666106382603
1.3	0.00636535295033
1.32	0.00597003439832
1.34	0.00555609208019
1.36	0.00522749093754
1.38	0.00508997939609
1.4	0.00507625482451
1.42	0.00517184619887
1.44	0.00532492039769
1.46	0.00547332211628
1.48	0.00557686251562
1.5	0.005755419043
1.52	0.00588835407252
1.54	0.00595250361757
1.56	0.00594342694224
1.58	0.00586769227517
1.6	0.00573984281544
1.62	0.00557789738576
1.64	0.00539470937313
1.66	0.00526089395265
1.68	0.00517242507557
1.7	0.00508812287844
1.72	0.00501749721571
1.74	0.00496638888087
1.76	0.00493789803892
1.78	0.0049313225529
1.8	0.00494433689578
1.82	0.00497389139946
1.84	0.00501666893375
1.86	0.0050695063803
1.88	0.00513034080848
1.9	0.00519776037235
1.92	0.00527241635105
1.94	0.00535392599954
1.96	0.00543683037733
1.98	0.00551625290413
2.0	0.00558760579069
2.02	0.00564722511772
2.04	0.00569092055761
2.06	0.00571393062591
2.08	0.00588874733731
2.1	0.00608285668072
2.12	0.00626278902449
2.14	0.00642362061705
2.16	0.00656037699317
2.18	0.00666886210144
2.2	0.0067474045311
2.22	0.00679420413283
2.24	0.00680546670626
2.26	0.00678956470929
2.28	0.00674069990577
2.3	0.00665124858476
2.32	0.00652837530504
2.34	0.00637452901577
2.36	0.0064972535992
2.38	0.0066267945161
2.4	0.00672172176229
2.42	0.00677910310197
2.44	0.00679818369438
2.46	0.00677955081175
2.48	0.00672389298443
2.5	0.00663347218838
2.52	0.00651513268917
2.54	0.00636865974483
2.56	0.00619196226627
2.58	0.00598618321705
2.6	0.00575353730777
2.62	0.00549789979721
2.64	0.0052226395261
2.66	0.00522318998854
2.68	0.00523958733288
2.7	0.00524197146613
2.72	0.00523184493221
2.74	0.00523776887589
2.76	0.00524868718279
2.78	0.00524958250225
2.8	0.00527859232167
2.82	0.00530599481086
2.84	0.00532658409704
2.86	0.00534077201508
2.88	0.00534949783572
2.9	0.00535514141397
2.92	0.00538823920321
2.94	0.00542580042263
2.96	0.00546103689611
2.98	0.0054930763823
3.0	0.00552267145394
3.02	0.00554943328507
3.04	0.00557354070902
3.06	0.00559528678123
3.08	0.00561414901911
3.1	0.0056310811159
3.12	0.00564535500223
3.14	0.00565731931035
3.16	0.00566728814039
3.18	0.00567477054014
3.2	0.00568055570185
3.22	0.00568417364948
3.24	0.00568590463024
3.26	0.00568593725119
3.28	0.00568421535716
3.3	0.00568093526348
3.32	0.00567642431693
3.34	0.00567101165837
3.36	0.00572300302593
3.38	0.00595432969131
3.4	0.00617896021247
3.42	0.00639326510927
3.44	0.00659656763053
3.46	0.0067882726256
3.48	0.00696791903383
3.5	0.00713521842602
3.52	0.00729020623026
3.54	0.0074339485301
3.56	0.0075674913449
3.58	0.00769030962068
3.6	0.00780082192577
3.62	0.00789881014722
3.64	0.00798370677415
3.66	0.00805550897143
3.68	0.00811431846249
3.7	0.00816032543547
3.72	0.00819378331405
3.74	0.00821498775788
3.76	0.00822426918083
3.78	0.00822227785475
3.8	0.00820913905973
3.82	0.00818516939224
3.84	0.00815070500403
3.86	0.00810610574192
3.88	0.00805178639519
3.9	0.00798830689665
3.92	0.00791650772204
3.94	0.00783681272098
3.96	0.00775070599894
3.98	0.00765918119829
4.0	0.00756218335963
4.02	0.00745869419489
4.04	0.00734862917211
4.06	0.00723209710152
4.08	0.00710930551791
4.1	0.00698087340847
4.12	0.0068472071557
4.14	0.00670841434227
4.16	0.00657487636179
4.18	0.00660691194045
4.2	0.0066376756386
4.22	0.00667582105316
4.24	0.00671084343611
4.26	0.00674248318627
4.28	0.00677816779668
4.3	0.00681517484297
4.32	0.00685043266073
4.34	0.00688310934601
4.36	0.00691231157428
4.38	0.00693764958966
4.4	0.00695899873127
4.42	0.00697623309252
4.44	0.00698958338018
4.46	0.00699914711406
4.48	0.0070046540473
4.5	0.00702395660421
4.52	0.00705059967022
4.54	0.00707061918434
4.56	0.00708446565598
4.58	0.00709260106317
4.6	0.00709582847521
4.62	0.00709970214013
4.64	0.00710400535563
4.66	0.00710311617221
4.68	0.00709697830958
4.7	0.00708567143114
4.72	0.00706939154947
4.74	0.00704866140936
4.76	0.00702342058181
4.78	0.00699387808677
4.8	0.00696022232923
4.82	0.00692278470545
4.84	0.00688179392034
4.86	0.00683722885278
4.88	0.00678926181953
4.9	0.00676319147694
4.92	0.00674246717334
4.94	0.00672118233595
4.96	0.00670304826117
4.98	0.00668309465035
5.0	0.00666162770286
5.02	0.0066382899487
5.04	0.00661378558613
5.06	0.00658758368451
5.08	0.00655986665403
5.1	0.00653112834278
5.12	0.00650095562781
5.14	0.00646943644012
5.16	0.00643708946736
5.18	0.0064036410672
5.2	0.00636907783682
5.22	0.00633357565087
5.24	0.00629747933263
5.26	0.00626047714639
5.28	0.00622263874878
5.3	0.00618426016959
5.32	0.00614536036249
5.34	0.00610580437303
5.36	0.00606571471291
5.38	0.00602539835432
5.4	0.00598458576895
5.42	0.00594346876836
5.44	0.00590216052767
5.46	0.00586062896845
5.48	0.00581899798204
5.5	0.00577739587434
5.52	0.00573583460831
5.54	0.0056943353686
5.56	0.00565279388973
5.58	0.00561125852082
5.6	0.0055697409839
5.62	0.00552826023622
5.64	0.00548682397912
5.66	0.00544549561328
5.68	0.00540428562507
5.7	0.00536323543926
5.72	0.0053224813347
5.74	0.00528219325334
5.76	0.0052422455767
5.78	0.00520248543707
5.8	0.00516298933273
5.82	0.00512360841416
5.84	0.00508449233963
5.86	0.00504557727717
5.88	0.00500683052084
5.9	0.00496827007801
5.92	0.00493005897177
5.94	0.0048920685017
5.96	0.00485430574656
5.98	0.00481678484368
6.0	0.00477951900594
6.02	0.00474254193556
6.04	0.00470594197763
6.06	0.00466962611299
6.08	0.00463360438717
6.1	0.00459788609069
6.12	0.00456247979079
6.14	0.00452739336238
6.16	0.00449263401778
6.18	0.00445820833577
6.2	0.00442412229015
6.22	0.00439042534735
6.24	0.00435710839239
6.26	0.00432414172876
6.28	0.00429152930551
6.3	0.00425927459054
6.32	0.00422738059288
6.34	0.0041958498849
6.36	0.00416468462439
6.38	0.00413388657399
6.4	0.00410345712281
6.42	0.00407339730387
6.44	0.00404370781358
6.46	0.00401438902962
6.48	0.00398544102716
6.5	0.00395686359628
6.52	0.00392865625728
6.54	0.00390081827547
6.56	0.00387334867696
6.58	0.0038462462614
6.6	0.00381950961612
6.62	0.00379313712843
6.64	0.00376712699893
6.66	0.00374147725218
6.68	0.00371618574908
6.7	0.00369125019697
6.72	0.00366666816026
6.74	0.00364243707053
6.76	0.00361855423574
6.78	0.0035950168496
6.8	0.00357182199985
6.82	0.00354896667674
6.84	0.00352644778126
6.86	0.00350426213226
6.88	0.00348240647332
6.9	0.00346087748038
6.92	0.00343967176766
6.94	0.00341878589415
6.96	0.00339821636963
6.98	0.00337795965947
7.0	0.00335801219103
