0.05    2.86938650669e-05
0.09    0.00015286250886
0.13    0.000239470753188
0.17    0.000291539107669
0.21    0.00064428221692
0.25    0.000972433882288
0.29    0.000755993596157
0.33    0.000836471822277
0.37    0.000728517548305
0.41    0.000744018160801
0.45    0.000843277694065
0.49    0.00118105637457
0.53    0.00153276341097
0.57    0.00189494145893
0.61    0.00255111141624
0.65    0.00278644187801
0.69    0.00309976540329
0.73    0.00336307141627
0.77    0.00452350707631
0.81    0.00522084250712
0.85    0.00561930292131
0.89    0.00570298461876
0.93    0.00548369710389
0.97    0.00496733076624
1.01    0.00428615409832
1.05    0.00381262305045
1.09    0.00354694757158
1.13    0.00331354487863
1.17    0.0031066650705
1.21    0.00290826677798
1.25    0.00288075669043
1.29    0.00320128583409
1.33    0.00335496454022
1.37    0.00335350588106
1.41    0.00325135515323
1.45    0.003127741738
1.49    0.00335538825155
1.53    0.00357362985925
1.57    0.00365425526066
1.61    0.00360471014643
1.65    0.0039623907146
1.69    0.00439115796431
1.73    0.00483371756834
1.77    0.0052662289251
1.81    0.00567940686502
1.85    0.00609943035037
1.89    0.00679377621516
1.93    0.0074608030703
1.97    0.00806317473294
2.01    0.00860383816751
2.05    0.00909454468875
2.09    0.00951831326497
2.13    0.00985211292847
2.17    0.0101032609742
2.21    0.0102811400178
2.25    0.0107734718559
2.29    0.0112795593301
2.33    0.0117398400796
2.37    0.0121645923516
2.41    0.0125422030773
2.45    0.0128661930184
2.49    0.0131429360908
2.53    0.0133870130534
2.57    0.0135933187847
2.61    0.0137580875594
2.65    0.0138912025813
2.69    0.0139816761161
2.73    0.0140192452407
2.77    0.0140071832738
2.81    0.013962136053
2.85    0.0139130747939
2.89    0.0138474723957
2.93    0.0137668669411
2.97    0.0136767689444
3.01    0.0135664554368
3.05    0.0134419206113
3.09    0.0132923196319
3.13    0.0131193662752
3.17    0.012966957444
3.21    0.0128093322816
3.25    0.0126248209167
3.29    0.0124164248438
3.33    0.0121883711577
3.37    0.0119438229491
3.41    0.0116846689365
3.45    0.011450411658
3.49    0.0113448902883
3.53    0.0112924743036
3.57    0.0112325556115
3.61    0.0114746206379
3.65    0.0119355898004
3.69    0.0123115136746
3.73    0.0126034159352
3.77    0.01282461095
3.81    0.0133790975304
3.85    0.0138658809156
3.89    0.0142843663923
3.93    0.0146814712711
3.97    0.0151089328908
4.01    0.015525944324
4.05    0.0158833913643
4.09    0.0161674725107
4.13    0.016412897422
4.17    0.0165812160931
4.21    0.0166897296087
4.25    0.0167527625656
4.29    0.0167451179491
4.33    0.0166968227972
4.37    0.0166196367185
4.41    0.0165040234918
4.45    0.0163818443474
4.49    0.0162525756284
4.53    0.0161212868606
4.57    0.015992397753
4.61    0.0158755939056
4.65    0.0157381142624
4.69    0.015560235793
4.73    0.0153367936211
4.77    0.0152081231922
4.81    0.015128853386
4.85    0.0150225244332
4.89    0.0149135353502
4.93    0.014789843763
4.97    0.0146459128303
5.01    0.0144877294257
5.05    0.0143195614355
5.09    0.0141400388192
5.13    0.0139567428534
5.17    0.0137627798089
5.21    0.013556217433
5.25    0.0133380812267
5.29    0.0131103277668
5.33    0.0128755499345
5.37    0.0126378234259
5.41    0.0123995069893
5.45    0.0121588462315
5.49    0.0119156154698
5.53    0.0116710251236
5.57    0.0114265682452
5.61    0.0111848820275
5.65    0.0109447441085
5.69    0.0107051844272
5.73    0.0104662529741
5.77    0.0102288234648
5.81    0.00999345626063
5.85    0.00976107579802
5.89    0.00953214888929
5.93    0.00930676931025
5.97    0.00908512592864
6.01    0.00886738892616
6.05    0.00868338274041
6.09    0.00858530619809
6.13    0.00848716257262
6.17    0.00838910747334
6.21    0.00829126697047
6.25    0.00819370199983
6.29    0.00809640303299
6.33    0.00799974461127
6.37    0.00790351819854
6.41    0.00780810707764
6.45    0.00771329433657
6.49    0.00761964076236
6.53    0.00752679119677
6.57    0.00743506699294
6.61    0.00734456567277
6.65    0.00725514947733
6.69    0.00716712633814
6.73    0.00708044700137
6.77    0.00699503875944
6.81    0.0069273585525
6.85    0.00689536820632
6.89    0.00686392856425
6.93    0.00683303241796
6.97    0.0068026723817
7.01    0.00677284092066
7.05    0.00674353037682
7.09    0.00671473299219
7.13    0.00668644093098
7.17    0.00665864629924
7.21    0.00663134116282
7.25    0.0066045175643
7.29    0.00657816753766
7.33    0.00655228312238
7.37    0.00652685637573
7.41    0.00650193239638
7.45    0.00647745391919
7.49    0.00645340719172
7.53    0.00642978454563
7.57    0.00640657837244
7.61    0.00638378113
7.65    0.00636138534876
7.69    0.00633938363752
7.73    0.00631776868806
7.77    0.00629653327918
7.81    0.00627567028079
7.85    0.00625517265663
7.89    0.00623503346797
7.93    0.00621524587464
7.97    0.00619580313815
8.01    0.00617669862281
8.05    0.00615792579714
8.09    0.0061394782344
8.13    0.00612134961409
8.17    0.00610353372211
8.21    0.00608602445094
8.25    0.00606881579979
8.29    0.00605190187424
8.33    0.0060352768864
8.37    0.00601893515403
8.41    0.00600287110031
8.45    0.00598707925274
8.49    0.00597155424292
8.53    0.00595629080493
8.57    0.0059412837747
8.61    0.00592652808902
8.65    0.00591201878416
8.69    0.00589775099452
8.73    0.00588371995184
8.77    0.00586992098373
8.81    0.0058563495118
8.85    0.00584300105081
8.89    0.00582987120735
8.93    0.00581695567778
8.97    0.00580425024741
9.01    0.00579175078861
9.05    0.00577945325941
9.09    0.00576735370226
9.13    0.00575544824207
9.17    0.00574373308507
9.21    0.00573220451727
9.25    0.00572085890287
9.29    0.00570969268275
9.33    0.0056987023731
9.37    0.00568788456388
9.41    0.00567723591742
9.45    0.00566675316694
9.49    0.0056564331149
9.53    0.00564627263223
9.57    0.00563626865607
9.61    0.00562641818922
9.65    0.00561671829809
9.69    0.00560716611182
9.73    0.00559775882073
9.77    0.0055884936751
9.81    0.00557936798403
9.85    0.00557037911361
9.89    0.0055615244866
9.93    0.00555280158043
9.97    0.00554420792625
