0.05    0.000168951924842
0.09    0.00108221705971
0.13    0.00267962604159
0.17    0.00575804127278
0.21    0.00585796670854
0.25    0.00588801285127
0.29    0.00474499040864
0.33    0.00882614880204
0.37    0.0101970642065
0.41    0.0113859054371
0.45    0.0128039303067
0.49    0.017449753152
0.53    0.018549752673
0.57    0.0259221187961
0.61    0.029992098848
0.65    0.0302948803747
0.69    0.0275551429741
0.73    0.0285116101277
0.77    0.0324311878841
0.81    0.0346751970553
0.85    0.0343447155113
0.89    0.0401091669555
0.93    0.0425302223706
0.97    0.0417509170538
1.01    0.0396340040044
1.05    0.0388640377654
1.09    0.0419339934941
1.13    0.0433969300748
1.17    0.0483049991811
1.21    0.0521076014545
1.25    0.0548420007577
1.29    0.0561633990026
1.33    0.0560404234606
1.37    0.0656108779876
1.41    0.0728527745472
1.45    0.0780063749132
1.49    0.0815955661344
1.53    0.0849790600493
1.57    0.088199678906
1.61    0.0908108145509
1.65    0.0927468076492
1.69    0.0942431640287
1.73    0.0955028577498
1.77    0.0974397284711
1.81    0.101470428447
1.85    0.104857205097
1.89    0.107454258842
1.93    0.109784627468
1.97    0.110684122685
2.01    0.109891876491
2.05    0.10885545944
2.09    0.106983117862
2.13    0.109347050425
2.17    0.111316443615
2.21    0.112290826417
2.25    0.112182646111
2.29    0.110961065185
2.33    0.108663807543
2.37    0.105397091518
2.41    0.10128378198
2.45    0.0965056228606
2.49    0.0968372478414
2.53    0.097265422651
2.57    0.0972478616197
2.61    0.0968347325601
2.65    0.0960819706348
2.69    0.0950008284587
2.73    0.093578903618
2.77    0.0918123085199
2.81    0.0897254756841
2.85    0.0873495897336
2.89    0.0847259712341
2.93    0.0818928090123
2.97    0.0803127687491
3.01    0.0801826374213
3.05    0.0801469147777
3.09    0.0800460735472
3.13    0.0798621214657
3.17    0.0795895819944
3.21    0.0792313679364
3.25    0.0787887137758
3.29    0.0782642450605
3.33    0.0776586358022
3.37    0.0769763582221
3.41    0.0762217639389
3.45    0.0753990412107
3.49    0.074512207348
3.53    0.0735652521701
3.57    0.0725623136173
3.61    0.0715077284564
3.65    0.0704059932767
3.69    0.0692617135064
3.73    0.0680800458614
3.77    0.0668684420603
3.81    0.0656270856459
3.85    0.064361286844
3.89    0.0630685121321
3.93    0.0617497003778
3.97    0.0604059418239
4.01    0.0590403703544
4.05    0.0576556156386
4.09    0.0571555211917
4.13    0.0578134519395
4.17    0.0584410923079
4.21    0.0590354931224
4.25    0.0595937477649
4.29    0.0601240242865
4.33    0.0606205343695
4.37    0.0610821596884
4.41    0.0615156187325
4.45    0.0619179441408
4.49    0.0622869894382
4.53    0.0626254941969
4.57    0.0629383078099
4.61    0.0632197476969
4.65    0.0634705626822
4.69    0.0636955754422
4.73    0.0638951406449
4.77    0.0640662869146
4.81    0.0642098422849
4.85    0.0643306209348
4.89    0.0644285124725
4.93    0.0645011844831
4.97    0.0645494988205
5.01    0.0645769944865
5.05    0.0645855027183
5.09    0.0645720672639
5.13    0.0645375451483
5.17    0.0644837481465
5.21    0.0644152649496
5.25    0.0643280527982
5.29    0.064222934362
5.33    0.06410071964
5.37    0.0639667625142
5.41    0.0638176207968
5.45    0.063653570208
5.49    0.0634753620848
5.53    0.0632868756046
5.57    0.0630868577481
5.61    0.0628746861091
5.65    0.0626510427207
5.69    0.0624189383442
5.73    0.0621781146119
5.77    0.0619276176945
5.81    0.0616680556368
5.85    0.0614017985124
5.89    0.0611291632682
5.93    0.0608490496348
5.97    0.0605619913684
6.01    0.0602694913933
6.05    0.0599729427836
6.09    0.0596708284625
6.13    0.05936361063
6.17    0.0590517335424
6.21    0.0587376911683
6.25    0.0584201402368
6.29    0.0580990632333
6.33    0.057774838924
6.37    0.0574478299369
6.41    0.0571197340734
6.45    0.0567901372634
6.49    0.0564586684353
6.53    0.0561256322841
6.57    0.0557913193919
6.61    0.055456006651
6.65    0.0551200512328
6.69    0.0547850366168
6.73    0.0544497064573
6.77    0.0541142893159
6.81    0.0537790020951
6.85    0.0534440504421
6.89    0.0531096291486
6.93    0.0527759225408
6.97    0.0524431048589
7.01    0.0521113406355
7.05    0.0517807887356
7.09    0.0514525341656
7.13    0.0511257230243
7.17    0.0508004863013
7.21    0.0504769469757
7.25    0.0501552203463
7.29    0.0498354143392
7.33    0.0495176298198
7.37    0.0492019608854
7.41    0.0488884951541
7.45    0.0485773140461
7.49    0.0482684930462
7.53    0.0479621019725
7.57    0.0476582052275
7.61    0.0473568620382
7.65    0.0470581266921
7.69    0.0467620487681
7.73    0.0464686733536
7.77    0.0461780412523
7.81    0.0458901891924
7.85    0.0456051500177
7.89    0.0453229528854
7.93    0.0450436234317
7.97    0.0447671839618
8.01    0.0444936536102
8.05    0.0442230485032
8.09    0.0439553819062
8.13    0.0436906643841
8.17    0.0434289039399
8.21    0.043170106146
8.25    0.0429142742807
8.29    0.0426614094494
8.33    0.0424115107096
8.37    0.0422539219824
8.41    0.0422487039395
8.45    0.0422377980077
8.49    0.0422214122892
8.53    0.0421997498678
8.57    0.0421730088481
8.61    0.0421413823966
8.65    0.0421050587907
8.69    0.0420648028832
8.73    0.0420207578561
8.77    0.0419725262474
8.81    0.0419202776919
8.85    0.0418641772461
8.89    0.0418043854583
8.93    0.0417410584366
8.97    0.0416743479279
9.01    0.0416044013894
9.05    0.041531362067
9.09    0.0414553690757
9.13    0.0413765574753
9.17    0.0412950583532
9.21    0.041210998904
9.25    0.0411245025101
9.29    0.0410356888219
9.33    0.0409446738412
9.37    0.0408515699995
9.41    0.0407564862393
9.45    0.0406595280957
9.49    0.0405607977711
9.53    0.0404603942224
9.57    0.0403584132302
9.61    0.0402549474839
9.65    0.0401500866519
9.69    0.0400439174618
9.73    0.0399365237724
9.77    0.039828461459
9.81    0.0397194314757
9.85    0.0396093963521
9.89    0.0394984295327
9.93    0.0393866019427
9.97    0.0392739820597
