0.05    0.0001540070372
0.09    0.000735795921431
0.13    0.0012325750283
0.17    0.0026749929122
0.21    0.00435944015086
0.25    0.00633088902425
0.29    0.00706751550315
0.33    0.0100503392009
0.37    0.0117450376581
0.41    0.0136773345736
0.45    0.0164104937739
0.49    0.0204711302621
0.53    0.0215973367277
0.57    0.0211866655211
0.61    0.024258095693
0.65    0.0288313628979
0.69    0.0347462686655
0.73    0.040483385199
0.77    0.0457176575897
0.81    0.0500929510635
0.85    0.0538542060716
0.89    0.063299478485
0.93    0.0704850198632
0.97    0.0749018040756
1.01    0.0769403787596
1.05    0.0769025943627
1.09    0.0790021112736
1.13    0.0818917514766
1.17    0.0804977167039
1.21    0.0757560301043
1.25    0.067191209483
1.29    0.0622349408979
1.33    0.0566588972105
1.37    0.0521570792033
1.41    0.0552114578402
1.45    0.0553707492527
1.49    0.0502135104799
1.53    0.048771934185
1.57    0.0487046390119
1.61    0.0472336964469
1.65    0.0474633673763
1.69    0.0488806193119
1.73    0.0512832509729
1.77    0.0525063600392
1.81    0.0533533883267
1.85    0.0524257165835
1.89    0.0524893858435
1.93    0.0548198227654
1.97    0.0572012961906
2.01    0.0582978561295
2.05    0.0580991371396
2.09    0.0566615527244
2.13    0.054103074142
2.17    0.0505487260455
2.21    0.0461417442573
2.25    0.0449313744118
2.29    0.043319381338
2.33    0.0408906717577
2.37    0.0378334431905
2.41    0.0381313184402
2.45    0.0392112780399
2.49    0.0402853722594
2.53    0.0413255501685
2.57    0.0423164521218
2.61    0.0432332489967
2.65    0.044060881205
2.69    0.0447938817011
2.73    0.0454144296326
2.77    0.0459303558672
2.81    0.0463246231425
2.85    0.0466113008305
2.89    0.0467791153798
2.93    0.0468407667499
2.97    0.0467951351338
3.01    0.0466478335368
3.05    0.0464110831918
3.09    0.0460824524216
3.13    0.0456771182639
3.17    0.0452003977316
3.21    0.0446555371839
3.25    0.0440536965651
3.29    0.0434059704009
3.33    0.0427132293365
3.37    0.0419828772724
3.41    0.0412219226232
3.45    0.0404410622109
3.49    0.0405795101813
3.53    0.0413042343265
3.57    0.0417921394911
3.61    0.0420487802964
3.65    0.0420809466734
3.69    0.041902483371
3.73    0.041525633858
3.77    0.0409680059019
3.81    0.0402482641743
3.85    0.0393852977255
3.89    0.0383975722145
3.93    0.0390590621395
3.97    0.0408892683648
4.01    0.0422974365032
4.05    0.0432302757012
4.09    0.0436605821327
4.13    0.0435797527789
4.17    0.0429962998635
4.21    0.041929231864
4.25    0.0404198050032
4.29    0.0385367151373
4.33    0.0379582399741
4.37    0.0384344838166
4.41    0.0400977146984
4.45    0.0414243996258
4.49    0.0424203178878
4.53    0.0430919691015
4.57    0.0434540774262
4.61    0.043530671115
4.65    0.0433458654316
4.69    0.0429321282017
4.73    0.0423172274056
4.77    0.0418509463577
4.81    0.0419173484349
4.85    0.0418341800106
4.89    0.0416169202645
4.93    0.0412800741713
4.97    0.0408364520614
5.01    0.0402994595543
5.05    0.0397495775754
5.09    0.039661595466
5.13    0.0395177551811
5.17    0.039326756809
5.21    0.0390921999795
5.25    0.0388186393721
5.29    0.0385148950715
5.33    0.0381808064141
5.37    0.0378243207984
5.41    0.0374452190515
5.45    0.0370510913837
5.49    0.0366405432468
5.53    0.0362189280639
5.57    0.035787496577
5.61    0.0353467950936
5.65    0.034901127924
5.69    0.0344502678049
5.73    0.0340794215663
5.77    0.0339605111401
5.81    0.0338372427651
5.85    0.0337101527417
5.89    0.0335796693601
5.93    0.0334474846124
5.97    0.0333132411424
6.01    0.0331762897098
6.05    0.0330367555244
6.09    0.032894713079
6.13    0.0327501951105
6.17    0.0326032007251
6.21    0.0324537027127
6.25    0.0323023640036
6.29    0.0321493016328
6.33    0.0319935060828
6.37    0.031834905148
6.41    0.0316734257994
6.45    0.0315089974971
6.49    0.0313415549788
6.53    0.0311710405811
6.57    0.0309974061247
6.61    0.0308206144118
6.65    0.030640640376
6.69    0.0304577402368
6.73    0.0302724988179
6.77    0.0300840403844
6.81    0.0298923945755
6.85    0.0296976048148
6.89    0.0294997280715
6.93    0.0292988344829
6.97    0.0290950068607
7.01    0.0288883401036
7.05    0.0286789405343
7.09    0.0284669251701
7.13    0.0282524209556
7.17    0.028035563956
7.21    0.0278164985295
7.25    0.0275953764947
7.29    0.027385093552
7.33    0.0273371931014
7.37    0.0272473458495
7.41    0.0271124764913
7.45    0.0269300484448
7.49    0.0266981521207
7.53    0.0264160790995
7.57    0.0262479136263
7.61    0.0262047698562
7.65    0.0261631537454
7.69    0.0261230347584
7.73    0.0260843825864
7.77    0.026047167172
7.81    0.0260113587318
7.85    0.0259769277763
7.89    0.0259438451292
7.93    0.0259120819413
7.97    0.0258816097075
8.01    0.0258524002784
8.05    0.0258244258714
8.09    0.0257976590807
8.13    0.0257720728862
8.17    0.0257476406606
8.21    0.0257243361756
8.25    0.0257021336065
8.29    0.0256810075368
8.33    0.0256609329614
8.37    0.0256418852886
8.41    0.0256238403421
8.45    0.0256067743612
8.49    0.025590664002
8.53    0.0255754863361
8.57    0.0255612188498
8.61    0.0255478394433
8.65    0.0255353264278
8.69    0.0255236585237
8.73    0.0255128148577
8.77    0.0255027749602
8.81    0.0254935187607
8.85    0.0254850265853
8.89    0.0254772791522
8.93    0.0254702575675
8.97    0.0254639433207
9.01    0.0254583182805
9.05    0.0254533646896
9.09    0.0254490651601
9.13    0.0254454026681
9.17    0.0254423605493
9.21    0.0254399224927
9.25    0.0254380725365
9.29    0.0254367950616
9.33    0.0254360747871
9.37    0.0254358967643
9.41    0.0254362463713
9.45    0.0254371093077
9.49    0.0254384715889
9.53    0.0254403195408
9.57    0.0254426397939
9.61    0.0254454192783
9.65    0.0254486452181
9.69    0.0254523051254
9.73    0.025456386796
9.77    0.025460878303
9.81    0.025465767992
9.85    0.0254710444758
9.89    0.0254766966289
9.93    0.0254827135828
9.97    0.0254890847204
