0.05    0.000238015138687
0.09    0.000768700928929
0.13    0.00116486804707
0.17    0.00151123885835
0.21    0.00244085606703
0.25    0.00213438914013
0.29    0.0021049041814
0.33    0.00216449209654
0.37    0.00210903427783
0.41    0.00320101186248
0.45    0.0032061906352
0.49    0.00325122078601
0.53    0.00487059513344
0.57    0.00574377198676
0.61    0.00604381080258
0.65    0.00561757974108
0.69    0.00485129098906
0.73    0.00603768937906
0.77    0.00678165110643
0.81    0.00603410809497
0.85    0.00632904103144
0.89    0.0068400448116
0.93    0.00681655926282
0.97    0.0065314166125
1.01    0.00608684749218
1.05    0.00639004320546
1.09    0.00671397527601
1.13    0.00707354926622
1.17    0.00771087788477
1.21    0.00853543094348
1.25    0.0100499820287
1.29    0.0129424412357
1.33    0.0160675437364
1.37    0.0194561441986
1.41    0.0229600093547
1.45    0.0261504371675
1.49    0.0291017447559
1.53    0.0315151451228
1.57    0.0329349349709
1.61    0.0334002328333
1.65    0.0338948132749
1.69    0.0335237193011
1.73    0.0314268558205
1.77    0.0304782810994
1.81    0.032289703338
1.85    0.0338766689741
1.89    0.0351687443381
1.93    0.0362753198057
1.97    0.037006409739
2.01    0.0376809399825
2.05    0.0378288859982
2.09    0.0383661088669
2.13    0.0391381870496
2.17    0.0396596635163
2.21    0.0404574185205
2.25    0.044234426419
2.29    0.0467938571807
2.33    0.0485277021282
2.37    0.0498911137857
2.41    0.0509117909075
2.45    0.052073476449
2.49    0.0528667111837
2.53    0.053452228578
2.57    0.0535073371425
2.61    0.0528730647609
2.65    0.0519149485601
2.69    0.0504246782956
2.73    0.048469661073
2.77    0.0459671812521
2.81    0.0441876449936
2.85    0.0426767590189
2.89    0.0408057128796
2.93    0.0408569045517
2.97    0.0441247485177
3.01    0.0474278583391
3.05    0.0489109436614
3.09    0.0484594403328
3.13    0.0463469828669
3.17    0.0454741539826
3.21    0.0445930883603
3.25    0.0437854261761
3.29    0.04320240178
3.33    0.0429195806001
3.37    0.0429468377428
3.41    0.0432310688636
3.45    0.0436726501643
3.49    0.0441459945826
3.53    0.044532968832
3.57    0.0447392284326
3.61    0.0446856849972
3.65    0.0442755450581
3.69    0.0435026828453
3.73    0.0424237563336
3.77    0.0426691189768
3.81    0.043040204023
3.85    0.0430835996493
3.89    0.0428391604723
3.93    0.042251495637
3.97    0.0412469600344
4.01    0.0398261696174
4.05    0.0380411265109
4.09    0.0367897079445
4.13    0.0359353310213
4.17    0.0361641028116
4.21    0.0362804021927
4.25    0.0361664499134
4.29    0.036099215583
4.33    0.0359514475177
4.37    0.0356712079592
4.41    0.0352905810304
4.45    0.034800961829
4.49    0.0341881721205
4.53    0.03369258921
4.57    0.0348545014188
4.61    0.0359405130303
4.65    0.0369535794719
4.69    0.0378876465091
4.73    0.0387448567459
4.77    0.0395252076194
4.81    0.0402267782974
4.85    0.0408555257678
4.89    0.0414087901532
4.93    0.0418895093309
4.97    0.0423015327848
5.01    0.0426490835883
5.05    0.0429725450697
5.09    0.0432466523557
5.13    0.0434593034874
5.17    0.0436124268821
5.21    0.0437060838641
5.25    0.0437418529754
5.29    0.0437242706023
5.33    0.043654978172
5.37    0.0435362633338
5.41    0.0433861275258
5.45    0.0432360533838
5.49    0.0430427657465
5.53    0.0428066421607
5.57    0.0425325059116
5.61    0.0422198898915
5.65    0.0418718876652
5.69    0.0414918501742
5.73    0.0410801436269
5.77    0.0406410869992
5.81    0.0401762770162
5.85    0.0396876356348
5.89    0.0391776520855
5.93    0.038648559785
5.97    0.0381024313095
6.01    0.0375411604552
6.05    0.0369663651382
6.09    0.0363792748288
6.13    0.0357805625283
6.17    0.0351701816839
6.21    0.0345499193873
6.25    0.0339196852167
6.29    0.0332830695053
6.33    0.0326390130882
6.37    0.0319888715281
6.41    0.0313346520178
6.45    0.0311841764155
6.49    0.0311888386571
6.53    0.0311918450766
6.57    0.0311938762396
6.61    0.0311940631722
6.65    0.0311924785175
6.69    0.0311891924753
6.73    0.0311842728769
6.77    0.0311777852599
6.81    0.0311697929391
6.85    0.031160357077
6.89    0.0311495367513
6.93    0.0311373890218
6.97    0.0311239689947
7.01    0.031109329885
7.05    0.0310935230776
7.09    0.0310765981865
7.13    0.0310586031123
7.17    0.0310397382516
7.21    0.0310206122371
7.25    0.0310005313918
7.29    0.030979537735
7.33    0.0309576718255
7.37    0.0309349728093
7.41    0.0309114784663
7.45    0.0308872252561
7.49    0.0308622483606
7.53    0.0308365817273
7.57    0.0308102581105
7.61    0.0307833091106
7.65    0.0307557652123
7.69    0.0307276558229
7.73    0.0306990093079
7.77    0.0306698530253
7.81    0.0306402133606
7.85    0.0306101157581
7.89    0.0305795847546
7.93    0.0305486440071
7.97    0.0305173163253
8.01    0.0304856236988
8.05    0.0304535873248
8.09    0.0304212276346
8.13    0.0303885643203
8.17    0.03035561636
8.21    0.0303224020409
8.25    0.0302889389838
8.29    0.0302552441644
8.33    0.0302213339369
8.37    0.0301872240537
8.41    0.0301529296865
8.45    0.0301184654458
8.49    0.0300838454007
8.53    0.0300490830962
8.57    0.0300141915715
8.61    0.0299791833779
8.65    0.0299440705943
8.69    0.0299088648437
8.73    0.0298735773094
8.77    0.02983821875
8.81    0.0298027995121
8.85    0.0297673295463
8.89    0.0297320987471
8.93    0.0296969189312
8.97    0.0296617089904
9.01    0.0296264775721
9.05    0.029591232987
9.09    0.0295559832206
9.13    0.0295207359437
9.17    0.029485498524
9.21    0.0294502780358
9.25    0.0294150812704
9.29    0.0293799147455
9.33    0.0293447847151
9.37    0.0293096971779
9.41    0.0292746578864
9.45    0.0292396723557
9.49    0.0292047458702
9.53    0.0291698834939
9.57    0.0291350900755
9.61    0.0291003702582
9.65    0.0290657284846
9.69    0.0290311690048
9.73    0.0289966958829
9.77    0.0289623130035
9.81    0.0289280240779
9.85    0.0288938326488
9.89    0.0288597420992
9.93    0.0288257556546
9.97    0.0287918763903
