0.05    0.000198468728922
0.09    0.000715678100558
0.13    0.00225767403643
0.17    0.00267502728226
0.21    0.00309989222235
0.25    0.00354709320205
0.29    0.00382775255443
0.33    0.00621914633558
0.37    0.00654195448763
0.41    0.00751439092932
0.45    0.00610068514842
0.49    0.00668232410544
0.53    0.00829200921068
0.57    0.00688280091342
0.61    0.00748466513425
0.65    0.00816049176138
0.69    0.00710723187914
0.73    0.00946723162605
0.77    0.00958591160293
0.81    0.0100653658316
0.85    0.011410627085
0.89    0.0129074074946
0.93    0.0141768462877
0.97    0.0156869171269
1.01    0.0177119932699
1.05    0.0206773074307
1.09    0.0236569050416
1.13    0.0270934156197
1.17    0.0291961067909
1.21    0.031554618414
1.25    0.0341667197131
1.29    0.0376163002596
1.33    0.040775158091
1.37    0.0436308468521
1.41    0.0462188899886
1.45    0.048449761923
1.49    0.0505987131723
1.53    0.0522568404512
1.57    0.0533963406242
1.61    0.0539939959749
1.65    0.0552751501356
1.69    0.0573514518494
1.73    0.0592979273507
1.77    0.0609831367518
1.81    0.0624038196895
1.85    0.063762101769
1.89    0.0648868089762
1.93    0.0658166062085
1.97    0.0665773003969
2.01    0.0670366224261
2.05    0.0671789540648
2.09    0.0670679591474
2.13    0.0667028054671
2.17    0.0670159392619
2.21    0.0683195783176
2.25    0.0694577765402
2.29    0.0704267089815
2.33    0.0712305990411
2.37    0.0718710607202
2.41    0.0723606328173
2.45    0.073019881829
2.49    0.0737827488719
2.53    0.0744590897566
2.57    0.0749984517796
2.61    0.0753882535173
2.65    0.0756268393167
2.69    0.0757135998594
2.73    0.0756497342925
2.77    0.0754422244725
2.81    0.0750990533716
2.85    0.0746319132833
2.89    0.0740507775355
2.93    0.0733614698131
2.97    0.0725851630359
3.01    0.0717968841297
3.05    0.0713527122951
3.09    0.0708064365362
3.13    0.0701709026905
3.17    0.069454620344
3.21    0.068673325639
3.25    0.0678300043338
3.29    0.0669982727713
3.33    0.066080410859
3.37    0.0652672289957
3.41    0.064137584638
3.45    0.0630220142678
3.49    0.0621984769236
3.53    0.0624857221598
3.57    0.0629957925996
3.61    0.0634798503391
3.65    0.06392879819
3.69    0.0643518044724
3.73    0.0647449042129
3.77    0.065106426295
3.81    0.06544508269
3.85    0.0657569266154
3.89    0.0660405750308
3.93    0.0662995716885
3.97    0.0665393640396
4.01    0.0667541329039
4.05    0.0669449674976
4.09    0.0671164707224
4.13    0.0672706846068
4.17    0.067403805305
4.21    0.0675168015587
4.25    0.0676138761151
4.29    0.0676966326265
4.33    0.0677617596645
4.37    0.067810104964
4.41    0.0678453003829
4.45    0.0678689371237
4.49    0.0678779523195
4.53    0.0678730791636
4.57    0.0678575908079
4.61    0.0678327430727
4.65    0.0677958578428
4.69    0.0677475637736
4.73    0.0676910696104
4.77    0.0676268136364
4.81    0.0675527221132
4.85    0.0674693305537
4.89    0.0674470807924
4.93    0.0674251653789
4.97    0.0673968480668
5.01    0.0673586731677
5.05    0.0673111417819
5.09    0.06725473463
5.13    0.0671909205653
5.17    0.0671225009594
5.21    0.0670464005893
5.25    0.0669630290719
5.29    0.0668727788471
5.33    0.0667760257973
5.37    0.0666744935507
5.41    0.0665694743945
5.45    0.0664588757336
5.49    0.066343016382
5.53    0.0662222013966
5.57    0.0660967226071
5.61    0.0659668591303
5.65    0.0658357741423
5.69    0.0657009248465
5.73    0.0655623663123
5.77    0.0654203343145
5.81    0.0652750541724
5.85    0.0651267411726
5.89    0.0649761712706
5.93    0.0648249184901
5.97    0.0646711465314
6.01    0.0645150367366
6.05    0.0643567622374
6.09    0.0641964882968
6.13    0.0640343726327
6.17    0.0638714086429
6.21    0.0637081104047
6.25    0.0635433395665
6.29    0.0633772285349
6.33    0.0632099035658
6.37    0.063041485028
6.41    0.062872087645
6.45    0.0627022724944
6.49    0.0625329221101
6.53    0.0623628551477
6.57    0.0621921675519
6.61    0.0620209506772
6.65    0.0618492914861
6.69    0.0616772727354
6.73    0.0615049731528
6.77    0.0613324676139
6.81    0.0618026306519
6.85    0.0624158446815
6.89    0.0629308553633
6.93    0.0633538178303
6.97    0.0637182067478
7.01    0.0640071349993
7.05    0.0642094430539
7.09    0.0643359667944
7.13    0.0644073499504
7.17    0.0644108282824
7.21    0.064337862986
7.25    0.0641910036264
7.29    0.0639681217702
7.33    0.0636680973901
7.37    0.0632934018799
7.41    0.0628498960312
7.45    0.0623481749788
7.49    0.0618049029485
7.53    0.061203369977
7.57    0.0605394628181
7.61    0.0598137950154
7.65    0.0590293165649
7.69    0.0581909945514
7.73    0.0573049021649
7.77    0.0571428399594
7.81    0.0569831139857
7.85    0.056824177354
7.89    0.0566660455961
7.93    0.0565087331564
7.97    0.0564842831302
8.01    0.0567823826775
8.05    0.0570717806209
8.09    0.057368051224
8.13    0.0576276965627
8.17    0.0578510039246
8.21    0.0580390213756
8.25    0.0582148226481
8.29    0.0583689836609
8.33    0.0584903923497
8.37    0.0585791260965
8.41    0.0586358040291
8.45    0.0586615458387
8.49    0.0586578611797
8.53    0.058626448709
8.57    0.0585688020834
8.61    0.0584859161419
8.65    0.0583784323331
8.69    0.0582469054835
8.73    0.0580918671106
8.77    0.0579139296872
8.81    0.057713987873
8.85    0.0574932366746
8.89    0.0572531652411
8.93    0.0569948152343
8.97    0.0567183948458
9.01    0.0564242713028
9.05    0.0561126140384
9.09    0.0557845322501
9.13    0.0554403273725
9.17    0.0550803865445
9.21    0.0547059532114
9.25    0.0543184363851
9.29    0.0539211172263
9.33    0.0535309554157
9.37    0.0531304293693
9.41    0.0527200141521
9.45    0.0523006031431
9.49    0.0518904867598
9.53    0.0518588772324
9.57    0.0518213589601
9.61    0.0517765764552
9.65    0.0517247775871
9.69    0.0516662047651
9.73    0.0516010949737
9.77    0.0515296798137
9.81    0.0514521855488
9.85    0.0513703315934
9.89    0.0512828386908
9.93    0.0511898829163
9.97    0.0510916701106
