0.05    3.16222295154e-05
0.09    0.000118277344732
0.13    0.00038003107395
0.17    0.00103218691607
0.21    0.00142336644724
0.25    0.00170896358638
0.29    0.00189146824836
0.33    0.00290769797834
0.37    0.00354905171761
0.41    0.00431220133402
0.45    0.00496557766964
0.49    0.00563495721513
0.53    0.00598616152134
0.57    0.00761119781435
0.61    0.0071178289174
0.65    0.00781198946761
0.69    0.0112013007812
0.73    0.0139473128985
0.77    0.0158187629155
0.81    0.0159789822929
0.85    0.0151936628149
0.89    0.0151427845052
0.93    0.0157914523959
0.97    0.0165149162501
1.01    0.0163042715668
1.05    0.0154007411193
1.09    0.0147903506035
1.13    0.013150299433
1.17    0.0108327367219
1.21    0.0104736761529
1.25    0.0104220046533
1.29    0.00953262082871
1.33    0.0101419923026
1.37    0.0107862141067
1.41    0.0109184163894
1.45    0.00979999483707
1.49    0.0102564118338
1.53    0.0114749869596
1.57    0.0124531035091
1.61    0.0131714722511
1.65    0.0140331721643
1.69    0.0155493013334
1.73    0.0172926048212
1.77    0.0184419214922
1.81    0.0187002111973
1.85    0.0191879880723
1.89    0.0197443735117
1.93    0.0195817043396
1.97    0.0187866723075
2.01    0.0177850166906
2.05    0.0171328267188
2.09    0.0162422022754
2.13    0.0151128202187
2.17    0.0150442502195
2.21    0.015235488455
2.25    0.0153606036
2.29    0.0154229406322
2.33    0.0154266415343
2.37    0.0153765489617
2.41    0.0152750122539
2.45    0.0151262085485
2.49    0.0149343543377
2.53    0.0147036335968
2.57    0.0144381306812
2.61    0.0141417717688
2.65    0.0142764869381
2.69    0.0153328878941
2.73    0.0163400494369
2.77    0.0172670471759
2.81    0.018089169826
2.85    0.0187886819486
2.89    0.019353585165
2.93    0.0197795477887
2.97    0.0200660584822
3.01    0.0202198652235
3.05    0.0203756301121
3.09    0.0206043126151
3.13    0.0207377602573
3.17    0.0207929165248
3.21    0.0208187624457
3.25    0.0207892567913
3.29    0.0206792545435
3.33    0.020491133045
3.37    0.0202326724002
3.41    0.0199133777314
3.45    0.0195423784816
3.49    0.0191269714341
3.53    0.0186770855898
3.57    0.0187976671243
3.61    0.018695405428
3.65    0.0183783648892
3.69    0.0178489438713
3.73    0.0171142037478
3.77    0.0165925071264
3.81    0.0163468464638
3.85    0.0161064264847
3.89    0.0158601898651
3.93    0.015609699654
3.97    0.0153573383135
4.01    0.0151057009487
4.05    0.0149065916283
4.09    0.0147896714785
4.13    0.0146646639428
4.17    0.0145338040808
4.21    0.01453507951
4.25    0.0153579214072
4.29    0.016236635782
4.33    0.0171066089611
4.37    0.0179094544678
4.41    0.0186047222399
4.45    0.0191601919442
4.49    0.0195440304246
4.53    0.0197524929506
4.57    0.0198732867674
4.61    0.0198952880856
4.65    0.0197756857519
4.69    0.0195672198295
4.73    0.019358871543
4.77    0.0195448213868
4.81    0.0196682028
4.85    0.0197540624226
4.89    0.0198263271886
4.93    0.0199044191886
4.97    0.0200066488431
5.01    0.0202009494827
5.05    0.020601656616
5.09    0.0210373910955
5.13    0.0215056047573
5.17    0.0219982123673
5.21    0.0225029001158
5.25    0.0230306220838
5.29    0.0237250933269
5.33    0.0244255454178
5.37    0.0251063046237
5.41    0.0257439305793
5.45    0.0263186208063
5.49    0.0268215779881
5.53    0.027269562473
5.57    0.0276481000411
5.61    0.0279108754018
5.65    0.0280418136297
5.69    0.028040884414
5.73    0.0279104953882
5.77    0.0276489302205
5.81    0.0272537911793
5.85    0.0267302919734
5.89    0.0260831526383
5.93    0.025324555449
5.97    0.0255070315626
6.01    0.0256585592637
6.05    0.0256983801745
6.09    0.0256341518142
6.13    0.0254995654456
6.17    0.0253192581776
6.21    0.0250721716971
6.25    0.0248164380675
6.29    0.0245207679374
6.33    0.0241550005347
6.37    0.0237159613322
6.41    0.0232074573814
6.45    0.0226361614152
6.49    0.0220059731517
6.53    0.0213218560262
6.57    0.0207082298594
6.61    0.0204332868544
6.65    0.0201216346593
6.69    0.0197747782515
6.73    0.0193922572567
6.77    0.0189728782329
6.81    0.0185185888434
6.85    0.0180331128725
6.89    0.0175207929419
6.93    0.0169864469541
6.97    0.0165478640256
7.01    0.0162917797859
7.05    0.0160105150341
7.09    0.0157058153842
7.13    0.0153795208425
7.17    0.0150346745615
7.21    0.0146735824499
7.25    0.0144473471888
7.29    0.0144772851099
7.33    0.014497288839
7.37    0.0145076384415
7.41    0.0145094399832
7.45    0.0145028632874
7.49    0.014487876866
7.53    0.014465126238
7.57    0.0144356117115
7.61    0.0143989226568
7.65    0.0143554736595
7.69    0.014306306725
7.73    0.0142514503876
7.77    0.0141910080217
7.81    0.0141253664148
7.85    0.0140556950116
7.89    0.0139815462796
7.93    0.0139032717463
7.97    0.0138212649223
8.01    0.0137364506893
8.05    0.0136484932277
8.09    0.0135577083076
8.13    0.0134644002429
8.17    0.0133693214734
8.21    0.0132723701244
8.25    0.0131737117978
8.29    0.0130736048418
8.33    0.0129723339452
8.37    0.0128704942181
8.41    0.0127678873854
8.45    0.0126647266793
8.49    0.0125612142394
8.53    0.0124575413006
8.57    0.0123540511182
8.61    0.012250893052
8.65    0.0121480652294
8.69    0.0120457183152
8.73    0.0119439932925
8.77    0.0118430217432
8.81    0.0117429261302
8.85    0.011643834527
8.89    0.0115460070789
8.93    0.0114493563616
8.97    0.0113539720148
9.01    0.0112599360453
9.05    0.0111673231295
9.09    0.0110762009153
9.13    0.0109866303162
9.17    0.0108986658084
9.21    0.0108123557213
9.25    0.0107277425218
9.29    0.0106448630964
9.33    0.0105637490264
9.37    0.0104844268567
9.41    0.0104069183594
9.45    0.0103312407902
9.49    0.0102574071355
9.53    0.0101854263595
9.57    0.0101153036339
9.61    0.0100470405703
9.65    0.00998063543667
9.69    0.00991608337237
9.73    0.00985337659251
9.77    0.00979250458599
9.81    0.00973345430619
9.85    0.00967621035135
9.89    0.00962075514445
9.93    0.00956706909743
9.97    0.00951513077376
