0.05    6.29282989479e-05
0.09    0.000320004717668
0.13    0.000667084184794
0.17    0.000930509169232
0.21    0.00163093778696
0.25    0.0031989617339
0.29    0.00362419093508
0.33    0.00701244635481
0.37    0.00795848754295
0.41    0.00785398738864
0.45    0.0108886941093
0.49    0.00803277802061
0.53    0.00987284295315
0.57    0.0113685089624
0.61    0.0142565521064
0.65    0.0173659732367
0.69    0.023556503435
0.73    0.0285958883431
0.77    0.0379070622518
0.81    0.0380579234583
0.85    0.0380790573379
0.89    0.0326750834739
0.93    0.0268050682532
0.97    0.0301939230256
1.01    0.0294412463944
1.05    0.0303674112233
1.09    0.0298949424078
1.13    0.0331454455427
1.17    0.0352833060372
1.21    0.0348518876728
1.25    0.0362325352528
1.29    0.0377502589511
1.33    0.0376269203729
1.37    0.0360407036333
1.41    0.0377144767392
1.45    0.0363673530173
1.49    0.0323992674201
1.53    0.0333667006027
1.57    0.0354197501619
1.61    0.0361910094022
1.65    0.0341587432143
1.69    0.0299365252959
1.73    0.0323729949082
1.77    0.0358814731882
1.81    0.0375046183643
1.85    0.0370539121874
1.89    0.0357785233958
1.93    0.0383034899296
1.97    0.0395464712397
2.01    0.0395597123442
2.05    0.0384966128023
2.09    0.036621012813
2.13    0.0370297195476
2.17    0.0366396645556
2.21    0.0355579246761
2.25    0.0360969008562
2.29    0.0400312273855
2.33    0.0428092156237
2.37    0.0444569712923
2.41    0.0470996911246
2.45    0.0497145887043
2.49    0.0509017433312
2.53    0.0508797764939
2.57    0.0515858815117
2.61    0.0522479401349
2.65    0.0526559395465
2.69    0.05278357179
2.73    0.0523145724136
2.77    0.05194187317
2.81    0.0511916647015
2.85    0.0494136966804
2.89    0.0466287607787
2.93    0.0429775202646
2.97    0.0387126672436
3.01    0.0401354712589
3.05    0.0412451203913
3.09    0.0419863694557
3.13    0.0424062831789
3.17    0.0425602724967
3.21    0.0424686597633
3.25    0.0421885209985
3.29    0.041789362598
3.33    0.0413320416984
3.37    0.0408626436539
3.41    0.0404218138386
3.45    0.0418746801747
3.49    0.0436341517251
3.53    0.0449661528444
3.57    0.0458913986791
3.61    0.0464470183282
3.65    0.0467260958935
3.69    0.0469508201694
3.73    0.0469269129296
3.77    0.0466307338333
3.81    0.0477674065155
3.85    0.0488597237389
3.89    0.0496946697438
3.93    0.0502683990011
3.97    0.0506193958428
4.01    0.0507538383746
4.05    0.0516584726525
4.09    0.0528340592241
4.13    0.0539833375898
4.17    0.0550996172697
4.21    0.0561798030083
4.25    0.0572109340144
4.29    0.0581859600399
4.33    0.0590869651224
4.37    0.0598996026153
4.41    0.0606081990925
4.45    0.0611952902536
4.49    0.0616415642635
4.53    0.0619267472001
4.57    0.062031891694
4.61    0.061933384114
4.65    0.0616189233242
4.69    0.0613774444754
4.73    0.0629584347952
4.77    0.0644687121232
4.81    0.0657513181426
4.85    0.0667794464302
4.89    0.0678023835535
4.93    0.069555802398
4.97    0.0711687807807
5.01    0.0726411877821
5.05    0.0739782567304
5.09    0.075779158089
5.13    0.07744450055
5.17    0.0788584194886
5.21    0.0800466976359
5.25    0.081018367815
5.29    0.0817668318289
5.33    0.0822627735583
5.37    0.0825455518673
5.41    0.0825911530105
5.45    0.0823699958494
5.49    0.0829410329362
5.53    0.0842017528525
5.57    0.085323849819
5.61    0.0863042749749
5.65    0.0871407088047
5.69    0.087831232538
5.73    0.0883747428263
5.77    0.0887717191253
5.81    0.0890239408988
5.85    0.0891315285798
5.89    0.0890951698048
5.93    0.0889116426669
5.97    0.0885832197371
6.01    0.0881113387466
6.05    0.087503712131
6.09    0.086762341353
6.13    0.0858975924931
6.17    0.084914436716
6.21    0.083818447979
6.25    0.0826144233875
6.29    0.0813072389812
6.33    0.0798993772074
6.37    0.079930493387
6.41    0.0801388348875
6.45    0.0802779019758
6.49    0.0803495860443
6.53    0.0803558915175
6.57    0.0802989779247
6.61    0.0801811922242
6.65    0.0800050803043
6.69    0.0797733454217
6.73    0.0794918680678
6.77    0.0797922754811
6.81    0.0800926805793
6.85    0.0803537803709
6.89    0.0805683837327
6.93    0.0807368882336
6.97    0.0808585064508
7.01    0.0809338900463
7.05    0.0809632367117
7.09    0.0809460652852
7.13    0.0808814012298
7.17    0.0807710703035
7.21    0.0806146960013
7.25    0.0804133485215
7.29    0.0801686020403
7.33    0.0798821105334
7.37    0.0795555637419
7.41    0.0791906677478
7.45    0.0787893300142
7.49    0.0783528022124
7.53    0.0778826038795
7.57    0.0773805743794
7.61    0.07684812146
7.65    0.0762866212402
7.69    0.0756975361966
7.73    0.0750823322879
7.77    0.0744424634621
7.81    0.0737793176456
7.85    0.0730951840974
7.89    0.0723908914237
7.93    0.0716671199611
7.97    0.0709251167802
8.01    0.0701678539944
8.05    0.0693942229172
8.09    0.0686068500569
8.13    0.0678062857788
8.17    0.0669937755904
8.21    0.0661703199933
8.25    0.0653375145253
8.29    0.0645217530776
8.33    0.0645080342263
8.37    0.0644843188003
8.41    0.0644486855632
8.45    0.0644036848293
8.49    0.0643472532209
8.53    0.06495273471
8.57    0.0663117196709
8.61    0.0675888826706
8.65    0.0687829604421
8.69    0.0698934829384
8.73    0.0709211244207
8.77    0.0718671871102
8.81    0.0727328981198
8.85    0.0735182967422
8.89    0.074222823863
8.93    0.0748444585879
8.97    0.0753824510122
9.01    0.0758367903587
9.05    0.0762083963222
9.09    0.0764989556314
9.13    0.0767110624714
9.17    0.0768480090676
9.21    0.0769122424098
9.25    0.0769044372996
9.29    0.0768246861433
9.33    0.0766755173183
9.37    0.0764648651153
9.41    0.0762252689312
9.45    0.0759248270782
9.49    0.0755602743386
9.53    0.0751329463865
9.57    0.0746461312303
9.61    0.074103888541
9.65    0.0735080723203
9.69    0.0728591060338
9.73    0.0721586080987
9.77    0.0719720295191
9.81    0.0728582511811
9.85    0.0736800515136
9.89    0.0744375683575
9.93    0.0751324374746
9.97    0.0757683258101
