0.05    8.45966000855e-05
0.09    0.000338120069446
0.13    0.0010726467132
0.17    0.00169379178822
0.21    0.00406788113393
0.25    0.00378735188765
0.29    0.00588136221433
0.33    0.00593176097738
0.37    0.00480930520227
0.41    0.00527908694747
0.45    0.00729206878627
0.49    0.00999019338008
0.53    0.0103108019068
0.57    0.0109918215598
0.61    0.0114438369578
0.65    0.0105713582863
0.69    0.0105745832414
0.73    0.0132996739467
0.77    0.0169194993076
0.81    0.0208614760347
0.85    0.0241231607093
0.89    0.0268215789933
0.93    0.0290333767997
0.97    0.0307057159439
1.01    0.031824677619
1.05    0.0324912688936
1.09    0.0328386712211
1.13    0.0329842604488
1.17    0.0372677859171
1.21    0.0474882721091
1.25    0.0538521791541
1.29    0.0569101482837
1.33    0.0546456944875
1.37    0.0497349425171
1.41    0.0464671120142
1.45    0.0481714523616
1.49    0.0542329002323
1.53    0.0613006168586
1.57    0.0664499031839
1.61    0.0682580868879
1.65    0.0664646872348
1.69    0.0629505742297
1.73    0.0597517569519
1.77    0.0563556591965
1.81    0.0530594227554
1.85    0.0516899210178
1.89    0.0513479755602
1.93    0.0527656052073
1.97    0.0534195414609
2.01    0.0533013151432
2.05    0.0524257196168
2.09    0.0508580731575
2.13    0.0487752235812
2.17    0.0482836892265
2.21    0.0489432556151
2.25    0.0491243450878
2.29    0.0478185527844
2.33    0.0463624355544
2.37    0.0466358587184
2.41    0.0457229216418
2.45    0.0437706385208
2.49    0.0436603100893
2.53    0.0447763710958
2.57    0.0450943619503
2.61    0.0446684318328
2.65    0.0435790085243
2.69    0.041913107544
2.73    0.0413167220721
2.77    0.040961961099
2.81    0.0406074527974
2.85    0.04024591094
2.89    0.0398833627581
2.93    0.0397082947302
2.97    0.0397520628939
3.01    0.0397728696354
3.05    0.0397741299241
3.09    0.0397513616592
3.13    0.0397148623615
3.17    0.0396561374001
3.21    0.0395804132519
3.25    0.0394904319342
3.29    0.0393818499036
3.33    0.0392590207698
3.37    0.0391247340033
3.41    0.0389749939748
3.45    0.038810883539
3.49    0.0386399654888
3.53    0.0384566971563
3.57    0.0382617048424
3.61    0.0380561130084
3.65    0.03784605827
3.69    0.0376266171735
3.73    0.0373985954355
3.77    0.0371627606632
3.81    0.0369221896275
3.85    0.0366773376389
3.89    0.036426528997
3.93    0.0361703994731
3.97    0.0365059264033
4.01    0.0376793157058
4.05    0.0384827192039
4.09    0.0389017044194
4.13    0.0389438480596
4.17    0.0386345318637
4.21    0.038014973223
4.25    0.0376557872944
4.29    0.0380228175266
4.33    0.0382785689562
4.37    0.038426044731
4.41    0.0384687494026
4.45    0.038410613031
4.49    0.0382560131399
4.53    0.0380109032577
4.57    0.0376786940382
4.61    0.0372643116331
4.65    0.036772797343
4.69    0.0362092623082
4.73    0.0355792690374
4.77    0.0348891700497
4.81    0.0341422859473
4.85    0.0333435534836
4.89    0.0326229179944
4.93    0.0322989996185
4.97    0.032946771536
5.01    0.0341853384595
5.05    0.0353617216943
5.09    0.0364736107384
5.13    0.0375198009907
5.17    0.0384995269795
5.21    0.0394125413865
5.25    0.0408823958547
5.29    0.0434035246915
5.33    0.0459195098868
5.37    0.0483995042126
5.41    0.0508150765241
5.45    0.0531422683137
5.49    0.0553617082407
5.53    0.0574571331663
5.57    0.0594176554157
5.61    0.0612272043192
5.65    0.0628757412576
5.69    0.0643589207753
5.73    0.0656754273905
5.77    0.066822301438
5.81    0.0677945616004
5.85    0.0685872084734
5.89    0.0692033986575
5.93    0.0696479726186
5.97    0.0699245678286
6.01    0.0700302238943
6.05    0.0699638052239
6.09    0.0697268035832
6.13    0.069318033918
6.17    0.0687398671669
6.21    0.0679986429692
6.25    0.06709910059
6.29    0.0666044939366
6.33    0.0677354501735
6.37    0.0687402210472
6.41    0.0696200367922
6.45    0.0703761192424
6.49    0.071009568973
6.53    0.0715213787893
6.57    0.0719151386255
6.61    0.0721912701023
6.65    0.0723553013189
6.69    0.0724098236394
6.73    0.0723597061863
6.77    0.0722108297426
6.81    0.0719669504164
6.85    0.071635088097
6.89    0.0712187597289
6.93    0.0707251424545
6.97    0.0701581946957
7.01    0.0695240603999
7.05    0.0688287151084
7.09    0.0680788313317
7.13    0.0672811150293
7.17    0.0664401551811
7.21    0.06556306136
7.25    0.0646564931993
7.29    0.0637288534931
7.33    0.0627854509292
7.37    0.0618366151683
7.41    0.0608848742291
7.45    0.0599301276035
7.49    0.0589707256964
7.53    0.05802232579
7.57    0.057788539949
7.61    0.0575258689518
7.65    0.0572355293203
7.69    0.0569192977618
7.73    0.0565789046608
7.77    0.0562160371257
7.81    0.0558323405683
7.85    0.0554294130966
7.89    0.055008793666
7.93    0.0545719523833
7.97    0.0541202898593
8.01    0.0536551417995
8.05    0.0531777824646
8.09    0.0526894264044
8.13    0.0521912314967
8.17    0.051684888687
8.21    0.0511712143713
8.25    0.050650947142
8.29    0.0501250433111
8.33    0.0495954924147
8.37    0.0490622162727
8.41    0.0485259969111
8.45    0.0479888478445
8.49    0.0474502293073
8.53    0.0469117007866
8.57    0.0463736514108
8.61    0.0458367323683
8.65    0.0453018037399
8.69    0.0447691537035
8.73    0.0442395650775
8.77    0.0437134869105
8.81    0.0431911507579
8.85    0.0426736191398
8.89    0.0421604570299
8.93    0.041652857184
8.97    0.0411507191976
9.01    0.0406541402783
9.05    0.0401641341986
9.09    0.0396804525136
9.13    0.0392032253881
9.17    0.0387328997397
9.21    0.0382699240078
9.25    0.0378140464332
9.29    0.0373654493435
9.33    0.036924291049
9.37    0.0364909345248
9.41    0.0360653953495
9.45    0.0356475977672
9.49    0.0352376193983
9.53    0.034835520133
9.57    0.0344413432307
9.61    0.0340551164249
9.65    0.0336768529398
9.69    0.0333065524909
9.73    0.0329442022295
9.77    0.0325897776427
9.81    0.0322524574738
9.85    0.0321430809529
9.89    0.0320317722093
9.93    0.031919328774
9.97    0.0318894020507
