0.05    0.000144506029736
0.09    0.00051136127729
0.13    0.0013501772883
0.17    0.0032947586421
0.21    0.00745948396491
0.25    0.0086088440934
0.29    0.0104239299596
0.33    0.0112383994929
0.37    0.0116832864911
0.41    0.0143034070711
0.45    0.0155444983484
0.49    0.0170518331418
0.53    0.0192812301104
0.57    0.0181854787542
0.61    0.0185799585591
0.65    0.0199862487154
0.69    0.0211701204006
0.73    0.0219204593077
0.77    0.0229892098476
0.81    0.0245795395749
0.85    0.0268212293967
0.89    0.0346448864918
0.93    0.0393536034796
0.97    0.0360997624943
1.01    0.03856142846
1.05    0.0404196301364
1.09    0.0417287862063
1.13    0.042701961511
1.17    0.0436071614777
1.21    0.0444170762913
1.25    0.0450792335977
1.29    0.0458980742407
1.33    0.0472971384866
1.37    0.0486948500073
1.41    0.0504071584189
1.45    0.0531112207305
1.49    0.0615728241132
1.53    0.0688056332915
1.57    0.0748329321821
1.61    0.0797231415958
1.65    0.0835507300393
1.69    0.0864999198445
1.73    0.0888514881097
1.77    0.0907337296476
1.81    0.093879631163
1.85    0.097229716873
1.89    0.0993951207883
1.93    0.100990050895
1.97    0.105703025493
2.01    0.10810523337
2.05    0.108489034065
2.09    0.107284787685
2.13    0.106364403928
2.17    0.106124782387
2.21    0.104670179571
2.25    0.102006299913
2.29    0.0980425042289
2.33    0.0967532133193
2.37    0.0968263090251
2.41    0.0967124639975
2.45    0.0963805635307
2.49    0.0958262091299
2.53    0.0950643780826
2.57    0.0941050466263
2.61    0.0929675160064
2.65    0.0916726694034
2.69    0.0902335244254
2.73    0.0886684619558
2.77    0.0870017616645
2.81    0.0852395497447
2.85    0.083408317058
2.89    0.0815117671695
2.93    0.0795685507387
2.97    0.0775875013308
3.01    0.0755762084137
3.05    0.0735441253452
3.09    0.0714993709878
3.13    0.0700318354241
3.17    0.069947536043
3.21    0.0698376599534
3.25    0.0697066648645
3.29    0.069552343202
3.33    0.0693754859647
3.37    0.0691832440878
3.41    0.068972850772
3.45    0.068745427821
3.49    0.0685074206113
3.53    0.0682529083993
3.57    0.0679917926793
3.61    0.067717170591
3.65    0.0681785910265
3.69    0.0703341122656
3.73    0.0722567545388
3.77    0.0739496361427
3.81    0.0754202436353
3.85    0.0766762349843
3.89    0.0777229266504
3.93    0.0785727190009
3.97    0.0792337005423
4.01    0.0797133121851
4.05    0.0800263525942
4.09    0.0801759436875
4.13    0.0801784717415
4.17    0.0800370387379
4.21    0.0800127808337
4.25    0.0810943931985
4.29    0.0818420129479
4.33    0.0822620255411
4.37    0.0823683675925
4.41    0.0821850844904
4.45    0.0817476126604
4.49    0.0810987318382
4.53    0.0802972391895
4.57    0.0793496919704
4.61    0.0782186667513
4.65    0.076903534977
4.69    0.0754242125563
4.73    0.0738150228619
4.77    0.0721070977818
4.81    0.0721963020493
4.85    0.0722536424434
4.89    0.0719658786477
4.93    0.071343754561
4.97    0.0704077737858
5.01    0.0691912678304
5.05    0.0677367313262
5.09    0.0660809276279
5.13    0.0642487576405
5.17    0.0622724627148
5.21    0.0601913140143
5.25    0.0580477228672
5.29    0.0572812882444
5.33    0.056719220423
5.37    0.0560977802603
5.41    0.0554260370975
5.45    0.0547104022009
5.49    0.0539579416833
5.53    0.05344059816
5.57    0.053196955159
5.61    0.0529563306746
5.65    0.0527187301174
5.69    0.0524841552329
5.73    0.0522526043824
5.77    0.0520243168892
5.81    0.0517997295894
5.85    0.0515781008192
5.89    0.051359419748
5.93    0.0511436732366
5.97    0.0509308460218
6.01    0.0507209209025
6.05    0.0505138789022
6.09    0.0503096994307
6.13    0.0501083604265
6.17    0.0499098384956
6.21    0.0497141090405
6.25    0.0495211463776
6.29    0.049330923851
6.33    0.0491434139322
6.37    0.0489585883234
6.41    0.0487764180421
6.45    0.04859687351
6.49    0.0484203051641
6.53    0.048246329562
6.57    0.0480748684769
6.61    0.0479058915111
6.65    0.0477393679752
6.69    0.0475752669448
6.73    0.0474135573091
6.77    0.0472542078244
6.81    0.0470971871552
6.85    0.046942463917
6.89    0.0467900067148
6.93    0.04663978418
6.97    0.0464917650006
7.01    0.0463459179538
7.05    0.0462022119331
7.09    0.0460606159729
7.13    0.0459210992741
7.17    0.0457836312237
7.21    0.0456481814154
7.25    0.0455147196678
7.29    0.0453832160396
7.33    0.0452536408458
7.37    0.0451259646706
7.41    0.0450001583784
7.45    0.0448761931271
7.49    0.0447540403742
7.53    0.0446336718881
7.57    0.044515059756
7.61    0.0443981763886
7.65    0.0442829945263
7.69    0.0441694872451
7.73    0.0440576279611
7.77    0.0439473904315
7.81    0.0438387487601
7.85    0.0437316773974
7.89    0.0436261511455
7.93    0.043522145154
7.97    0.0434196349253
8.01    0.0433185963138
8.05    0.0432190055243
8.09    0.04312083911
8.13    0.0430240739758
8.17    0.0429286873746
8.21    0.0428346569053
8.25    0.0427419605113
8.29    0.0426505764784
8.33    0.042560483433
8.37    0.0424716603382
8.41    0.0423840864927
8.45    0.042297741526
8.49    0.0422126053981
8.53    0.0421286583928
8.57    0.0420458811162
8.61    0.0419642544942
8.65    0.0418837597665
8.69    0.0418043784838
8.73    0.0417260925056
8.77    0.0416488839961
8.81    0.0415727354165
8.85    0.0414976295262
8.89    0.0414235493768
8.93    0.0413504783067
8.97    0.0412783999398
9.01    0.041207298179
9.05    0.0411371572033
9.09    0.0410679614644
9.13    0.0409996956811
9.17    0.040932344836
9.21    0.0408658941725
9.25    0.0408003291889
9.29    0.0407356356353
9.33    0.0406717995102
9.37    0.0406088070554
9.41    0.0405466447527
9.45    0.0404852993204
9.49    0.040424757707
9.53    0.0403650070918
9.57    0.0403060348764
9.61    0.0402478286849
9.65    0.0401903763564
9.69    0.0401336659445
9.73    0.0400776857116
9.77    0.0400224241265
9.81    0.0399678698606
9.85    0.0399140117824
9.89    0.0398608389581
9.93    0.0398083406446
9.97    0.039756506287
