0.05    2.8207237142e-05
0.09    0.000155015012134
0.13    0.0004054739283
0.17    0.000739075430209
0.21    0.000827339987291
0.25    0.00113086061802
0.29    0.000977600109656
0.33    0.00146941694298
0.37    0.00137314733915
0.41    0.00136372604326
0.45    0.00135630730369
0.49    0.00123483685358
0.53    0.00154469069716
0.57    0.00174763596566
0.61    0.00253385305551
0.65    0.00330856149907
0.69    0.00331646673717
0.73    0.00314798663372
0.77    0.00334798109244
0.81    0.00312320406818
0.85    0.00242391796559
0.89    0.00209164132432
0.93    0.00197085886276
0.97    0.00209675908365
1.01    0.00251594526549
1.05    0.00278817656454
1.09    0.00271735720617
1.13    0.00269529946818
1.17    0.00301061252226
1.21    0.00319185594752
1.25    0.00331693274716
1.29    0.00350158193423
1.33    0.00368318456245
1.37    0.00417823458612
1.41    0.00465078948716
1.45    0.00485219138931
1.49    0.0051756634038
1.53    0.00532209968252
1.57    0.00547837125787
1.61    0.00558241815863
1.65    0.00587887419815
1.69    0.00619611008125
1.73    0.00640322794532
1.77    0.0065161255162
1.81    0.00655831019034
1.85    0.00655642636321
1.89    0.00651470029924
1.93    0.00643790365456
1.97    0.00633253625126
2.01    0.00620839889301
2.05    0.00607310216471
2.09    0.00593230731731
2.13    0.00579006516682
2.17    0.00565203361078
2.21    0.00551759743098
2.25    0.00539071158014
2.29    0.00537787268987
2.33    0.00522093010852
2.37    0.00507872613958
2.41    0.00500002346975
2.45    0.00500698542857
2.49    0.00511636704921
2.53    0.00520959567119
2.57    0.00575284322152
2.61    0.00615281146581
2.65    0.00633795794367
2.69    0.00632432990318
2.73    0.00619022179408
2.77    0.0060484444427
2.81    0.00601331607158
2.85    0.00615624600232
2.89    0.00647384768488
2.93    0.00689719115018
2.97    0.00733113608169
3.01    0.0078876122987
3.05    0.00836331870495
3.09    0.00865853789189
3.13    0.00874159556038
3.17    0.00863310873757
3.21    0.00829610170371
3.25    0.00776890068499
3.29    0.00708943551881
3.33    0.0064860146412
3.37    0.00654831188106
3.41    0.00671102138378
3.45    0.00680920261222
3.49    0.00685023712761
3.53    0.00684214119113
3.57    0.0067892115358
3.61    0.00677617663093
3.65    0.00675478105507
3.69    0.00673955960294
3.73    0.00669987020237
3.77    0.00662975834262
3.81    0.0068299122111
3.85    0.00717917727056
3.89    0.00744642624069
3.93    0.00762577907009
3.97    0.00771910971889
4.01    0.00774152318089
4.05    0.00769495258685
4.09    0.00758572902967
4.13    0.00742428993658
4.17    0.00722639744669
4.21    0.00700210356267
4.25    0.00675846986343
4.29    0.00649666677937
4.33    0.00621754615712
4.37    0.00615584912644
4.41    0.00611468199157
4.45    0.00606053645457
4.49    0.00598397786403
4.53    0.00588538660029
4.57    0.00576419347097
4.61    0.00562070005555
4.65    0.00545573237808
4.69    0.00527041047359
4.73    0.00511017386423
4.77    0.00513708951818
4.81    0.00516523081434
4.85    0.00519344481236
4.89    0.00522096783908
4.93    0.00524654526477
4.97    0.00526980431924
5.01    0.00528940533681
5.05    0.00530535943269
5.09    0.00531634155017
5.13    0.00532262378739
5.17    0.00532307512596
5.21    0.00531799991839
5.25    0.00530671672683
5.29    0.00528924316777
5.33    0.00526718780825
5.37    0.00525044245594
5.41    0.00522718223433
5.45    0.00519752441381
5.49    0.0051611219128
5.53    0.00511868699466
5.57    0.00506973138692
5.61    0.00517370954958
5.65    0.00540070305577
5.69    0.00560884202519
5.73    0.00579640129522
5.77    0.00596373292991
5.81    0.00611229483855
5.85    0.00624198111363
5.89    0.00635322758174
5.93    0.00644067154538
5.97    0.00650276596153
6.01    0.00654187278469
6.05    0.00656640116596
6.09    0.00658991857894
6.13    0.00660033446286
6.17    0.00660351939242
6.21    0.00661199412322
6.25    0.00661710852332
6.29    0.00662318855666
6.33    0.00662709741237
6.37    0.00671434467178
6.41    0.0069422412559
6.45    0.00715441287819
6.49    0.00735042648969
6.53    0.00753017859812
6.57    0.00769325382947
6.61    0.00783989210279
6.65    0.00797168944293
6.69    0.00810993138503
6.73    0.00823334257848
6.77    0.00834181705541
6.81    0.00843543361854
6.85    0.00851430249284
6.89    0.00857820756161
6.93    0.00862745072176
6.97    0.00866244207773
7.01    0.00868371809915
7.05    0.00869208045899
7.09    0.00868823563389
7.13    0.00867280077943
7.17    0.0086465875921
7.21    0.00860986217648
7.25    0.0085631940115
7.29    0.008507189894
7.33    0.00844251872339
7.37    0.00836990254091
7.41    0.00829021058162
7.45    0.00820509778349
7.49    0.0081163628707
7.53    0.00802306520683
7.57    0.00792498740608
7.61    0.00782250963238
7.65    0.00771602686104
7.69    0.00760597491168
7.73    0.00749276427128
7.77    0.00737682348841
7.81    0.00725888252643
7.85    0.00713905976756
7.89    0.00701798589013
7.93    0.00689591488466
7.97    0.00677335765243
8.01    0.00665046519886
8.05    0.00652786644939
8.09    0.00640559298421
8.13    0.00628397214649
8.17    0.00616346666125
8.21    0.00604412044211
8.25    0.00592617193591
8.29    0.00580983648442
8.33    0.00569534596522
8.37    0.00558289228076
8.41    0.00547255007975
8.45    0.00536445350931
8.49    0.00525871868662
8.53    0.00515544473414
8.57    0.00505471481307
8.61    0.0049565971399
8.65    0.0048611459805
8.69    0.00476840262259
8.73    0.00467839632266
8.77    0.00459114522148
8.81    0.00450665722234
8.85    0.00442493084468
8.89    0.00434595603672
8.93    0.00426971494996
8.97    0.00421124940283
9.01    0.00418510292816
9.05    0.00415922688362
9.09    0.00413362721538
9.13    0.00410830923758
9.17    0.00408327766645
9.21    0.00405853665205
9.25    0.00403408980865
9.29    0.00400994024435
9.33    0.00398609058963
9.37    0.00396254302399
9.41    0.00393929930215
9.45    0.00391636077904
9.49    0.00389372843277
9.53    0.00387140288877
9.57    0.00384938443992
9.61    0.00382767306867
9.65    0.00380626846572
9.69    0.00378517004946
9.73    0.00376437698386
9.77    0.0037438881955
9.81    0.00372370239018
9.85    0.0037038180675
9.89    0.00368423353715
9.93    0.00366494693156
9.97    0.00364595621972
