0.05    4.11606783662e-05
0.09    0.000228740980801
0.13    0.000265413723685
0.17    0.000565773419704
0.21    0.000629842351103
0.25    0.000899385901763
0.29    0.00117307373209
0.33    0.00159171843101
0.37    0.00138182546193
0.41    0.00135634730364
0.45    0.00128623299017
0.49    0.00174366217843
0.53    0.00244384379589
0.57    0.00289442307072
0.61    0.00363690712298
0.65    0.00411718802905
0.69    0.00405063521611
0.73    0.00339181929097
0.77    0.00309304446155
0.81    0.00289098312011
0.85    0.0026971695371
0.89    0.00245557043585
0.93    0.00229983086517
0.97    0.00217003240636
1.01    0.00198820399575
1.05    0.0017773661554
1.09    0.00171121681796
1.13    0.00163934558568
1.17    0.00155115281757
1.21    0.0014540903356
1.25    0.00139991062275
1.29    0.00142263551208
1.33    0.00159039193976
1.37    0.00187882931702
1.41    0.00216920665881
1.45    0.00245699672817
1.49    0.00277271017181
1.53    0.00305272327645
1.57    0.0032592590045
1.61    0.00334457418009
1.65    0.00343387613825
1.69    0.00340368776911
1.73    0.00356102907972
1.77    0.0037643225643
1.81    0.00391713156711
1.85    0.00407788246276
1.89    0.00419010825669
1.93    0.00431124230473
1.97    0.00431305953603
2.01    0.00421336070392
2.05    0.00408619715374
2.09    0.00397573201929
2.13    0.0039821064792
2.17    0.00404671993282
2.21    0.00409853906018
2.25    0.00413568808722
2.29    0.00415686596054
2.33    0.00416103852763
2.37    0.00422966502375
2.41    0.00433298778437
2.45    0.00441898503517
2.49    0.00448605429554
2.53    0.00453430605448
2.57    0.00456808100029
2.61    0.00461022519212
2.65    0.00463288633192
2.69    0.00463519547757
2.73    0.00465015201691
2.77    0.0050956105861
2.81    0.00551679330828
2.85    0.00596118996035
2.89    0.00636531036068
2.93    0.00672266613593
2.97    0.00704722449687
3.01    0.0073380831303
3.05    0.00757096380847
3.09    0.00773718507697
3.13    0.00786831073554
3.17    0.00814710089747
3.21    0.0083556600466
3.25    0.00863437485137
3.29    0.00887837419896
3.33    0.00912981293899
3.37    0.00929360412225
3.41    0.00964286248645
3.45    0.0099563850933
3.49    0.0101500014776
3.53    0.0102793913386
3.57    0.0103390491208
3.61    0.0103055402619
3.65    0.0101534359245
3.69    0.00993702078541
3.73    0.00963093102981
3.77    0.00943746097145
3.81    0.00933131071918
3.85    0.0092664428184
3.89    0.00924350653239
3.93    0.00921988785429
3.97    0.00918573647286
4.01    0.00913468230068
4.05    0.00907397426997
4.09    0.009032200595
4.13    0.00897539823901
4.17    0.00890534520397
4.21    0.00885048384647
4.25    0.00878115121866
4.29    0.00869851175386
4.33    0.00860380044701
4.37    0.00849825381036
4.41    0.00838305313249
4.45    0.00825928665526
4.49    0.0081279511215
4.53    0.0079959625081
4.57    0.00787278283472
4.61    0.00774312963141
4.65    0.00760838399052
4.69    0.00748270550296
4.73    0.00736019163808
4.77    0.00723368682347
4.81    0.00710269636681
4.85    0.00696913982153
4.89    0.00683255938645
4.93    0.00669374083926
4.97    0.00660762275978
5.01    0.00656930455123
5.05    0.00652876470158
5.09    0.00648685501193
5.13    0.00644327772493
5.17    0.00639813232607
5.21    0.00635161941146
5.25    0.00630392565654
5.29    0.00625522450638
5.33    0.00620567685601
5.37    0.00615553228346
5.41    0.00610520378754
5.45    0.00605960969551
5.49    0.00601538208387
5.53    0.00597056162287
5.57    0.00592526434783
5.61    0.00587959746518
5.65    0.00583385411194
5.69    0.00578811685077
5.73    0.00574226388273
5.77    0.00569637291521
5.81    0.00565051515456
5.85    0.00560475571757
5.89    0.00563079347436
5.93    0.00570345259967
5.97    0.00576110841001
6.01    0.00580872990246
6.05    0.00584071820184
6.09    0.00585663570094
6.13    0.00585689722278
6.17    0.00584208399674
6.21    0.00581963752187
6.25    0.00584116677276
6.29    0.00586833578853
6.33    0.00589292940101
6.37    0.00590479880004
6.41    0.00590362196505
6.45    0.00588999346876
6.49    0.00586478963927
6.53    0.00582867272848
6.57    0.00578266638314
6.61    0.0057363174423
6.65    0.00568098059622
6.69    0.00561715144632
6.73    0.00554588992985
6.77    0.00546732999791
6.81    0.00538281857816
6.85    0.0052924046847
6.89    0.00519746905701
6.93    0.00509804343359
6.97    0.00500179020187
7.01    0.00490283565404
7.05    0.00480074332101
7.09    0.00469650459098
7.13    0.00459030793037
7.17    0.00451960025458
7.21    0.00449601295836
7.25    0.00447272159875
7.29    0.00444973003001
7.33    0.00442704139666
7.37    0.0044046581866
7.41    0.00438258228118
7.45    0.00436081500231
7.49    0.00433937981914
7.53    0.00431898092105
7.57    0.00429886348171
7.61    0.00427902815609
7.65    0.00425947518318
7.69    0.00424020441977
7.73    0.00422121537136
7.77    0.00420254436803
7.81    0.00418419220402
7.85    0.00416611572625
7.89    0.00414831341791
7.93    0.00413078353364
7.97    0.00411352412148
8.01    0.00409653304189
8.05    0.00407980798596
8.09    0.00406334649199
8.13    0.00404714596195
8.17    0.00403120367588
8.21    0.00401551680534
8.25    0.00400008242628
8.29    0.00398489753068
8.33    0.00396995903773
8.37    0.00395526380369
8.41    0.0039408086316
8.45    0.00392659027958
8.49    0.00391260546957
8.53    0.00389885089398
8.57    0.00388532322297
8.61    0.00387203168961
8.65    0.00385898537253
8.69    0.00384615471442
8.73    0.0038335364
8.77    0.00382112711713
8.81    0.00380892356036
8.85    0.00379692243548
8.89    0.00378512046305
8.93    0.00377351438116
8.97    0.00376210094882
9.01    0.0037508769484
9.05    0.00373983918802
9.09    0.00372898450402
9.13    0.00371830976251
9.17    0.00370781186139
9.21    0.003697487732
9.25    0.00368733434027
9.29    0.00367734868803
9.33    0.00366752781421
9.37    0.00365786879566
9.41    0.00364836874791
9.45    0.00363902482611
9.49    0.00362983422506
9.53    0.00362079418049
9.57    0.00361190196861
9.61    0.00360315490707
9.65    0.00359455035463
9.69    0.00358608571161
9.73    0.00357775841987
9.77    0.00356956596282
9.81    0.00356150586538
9.85    0.00355357569358
9.89    0.00354577305503
9.93    0.00353809559808
9.97    0.00353054101186
