0.05    0.000121559596195
0.09    0.000796928056684
0.13    0.00185484296095
0.17    0.00316686864135
0.21    0.00303877072077
0.25    0.00491211933115
0.29    0.00558832129058
0.33    0.007398839294
0.37    0.0117292266221
0.41    0.011692442068
0.45    0.0130889207685
0.49    0.0136552016515
0.53    0.014110192812
0.57    0.0160377556667
0.61    0.0190008902566
0.65    0.0201935860386
0.69    0.02201193535
0.73    0.0250665732746
0.77    0.0226524398601
0.81    0.0250292210347
0.85    0.0202806939872
0.89    0.0185814775138
0.93    0.0210855394853
0.97    0.0213771189681
1.01    0.0249212939696
1.05    0.0302135772863
1.09    0.0339002690349
1.13    0.0340000477665
1.17    0.0342423357979
1.21    0.0381533593095
1.25    0.0423619747249
1.29    0.0441719456714
1.33    0.0433157389959
1.37    0.04109157378
1.41    0.0395316947532
1.45    0.0448825958977
1.49    0.0470336668769
1.53    0.0472268653456
1.57    0.0478805228507
1.61    0.0515645224518
1.65    0.0585560404082
1.69    0.0669389860609
1.73    0.0776775626485
1.77    0.0844178505063
1.81    0.0866172595207
1.85    0.0853502949156
1.89    0.0824404372325
1.93    0.0796027226875
1.97    0.0773741409592
2.01    0.0776288777186
2.05    0.0784769593449
2.09    0.0766708823081
2.13    0.0707862079473
2.17    0.0783136087316
2.21    0.0852118130834
2.25    0.0899532033134
2.29    0.0932426959449
2.33    0.0973342843059
2.37    0.099928105396
2.41    0.100242429784
2.45    0.0986759614723
2.49    0.0955807100025
2.53    0.0909212603072
2.57    0.0852074055764
2.61    0.0843524020052
2.65    0.0872735083153
2.69    0.0883369324525
2.73    0.0884115624294
2.77    0.0884179205875
2.81    0.089132410592
2.85    0.0910269536056
2.89    0.094195853431
2.93    0.0983983296997
2.97    0.103161263761
3.01    0.107909428308
3.05    0.112078716365
3.09    0.115194226595
3.13    0.116927051025
3.17    0.11712521486
3.21    0.115848578524
3.25    0.12845761003
3.29    0.139824082356
3.33    0.14872503607
3.37    0.15516278809
3.41    0.158961220509
3.45    0.159890383071
3.49    0.15880271061
3.53    0.159402097116
3.57    0.157773881138
3.61    0.15404499374
3.65    0.151448317699
3.69    0.151997057445
3.73    0.152668793484
3.77    0.153061494395
3.81    0.153162713207
3.85    0.152952698608
3.89    0.152430600173
3.93    0.151546182057
3.97    0.150560043335
4.01    0.150235202766
4.05    0.15095736765
4.09    0.156831520481
4.13    0.167932334224
4.17    0.178522520733
4.21    0.188113051199
4.25    0.196361748759
4.29    0.20304838995
4.33    0.208032636171
4.37    0.211244861613
4.41    0.212678400789
4.45    0.212383503527
4.49    0.210457194161
4.53    0.20703573154
4.57    0.202272090856
4.61    0.196344951233
4.65    0.189438772791
4.69    0.18174497843
4.73    0.174021173181
4.77    0.166769369877
4.81    0.158872299345
4.85    0.150534848549
4.89    0.141965792814
4.93    0.137482490624
4.97    0.136699593019
5.01    0.135519515383
5.05    0.134002546985
5.09    0.132204612801
5.13    0.130193368928
5.17    0.128022131286
5.21    0.125719483014
5.25    0.123305355384
5.29    0.120806206387
5.33    0.118255150143
5.37    0.115688595022
5.41    0.11314144577
5.45    0.110653282054
5.49    0.109975915208
5.53    0.113658620036
5.57    0.117366581664
5.61    0.121030361599
5.65    0.124599422839
5.69    0.128038736354
5.73    0.131328230585
5.77    0.134455731896
5.81    0.137419075822
5.85    0.140220225601
5.89    0.142867053566
5.93    0.145369540271
5.97    0.147739005664
6.01    0.149962646597
6.05    0.151920774879
6.09    0.153599444447
6.13    0.155003212611
6.17    0.156136736604
6.21    0.157004128532
6.25    0.160229306671
6.29    0.163566618546
6.33    0.166867432689
6.37    0.170134234507
6.41    0.173367922335
6.45    0.176568170324
6.49    0.179733471598
6.53    0.182861508691
6.57    0.185949342596
6.61    0.18899434327
6.65    0.191989858688
6.69    0.194933261776
6.73    0.197816472138
6.77    0.200633206647
6.81    0.203376860295
6.85    0.206040946874
6.89    0.208620201192
6.93    0.21110920504
6.97    0.213505580982
7.01    0.215805274193
7.05    0.218007559541
7.09    0.220116865971
7.13    0.222133892567
7.17    0.224049014671
7.21    0.225848157842
7.25    0.22752530928
7.29    0.229076994361
7.33    0.230503739008
7.37    0.231803071397
7.41    0.232971130338
7.45    0.234002524807
7.49    0.234892866003
7.53    0.235638530364
7.57    0.23623472716
7.61    0.236681884816
7.65    0.236977316405
7.69    0.237119053099
7.73    0.237103543321
7.77    0.236925765711
7.81    0.236581976102
7.85    0.236074500516
7.89    0.235403165636
7.93    0.234573554022
7.97    0.233587220311
8.01    0.23245196415
8.05    0.231172384124
8.09    0.22975848106
8.13    0.228222882959
8.17    0.226584036218
8.21    0.224851913166
8.25    0.223023167173
8.29    0.221090148583
8.33    0.219048637138
8.37    0.21690127889
8.41    0.214652347017
8.45    0.212883040955
8.49    0.214063734072
8.53    0.215156482658
8.57    0.21616199037
8.61    0.217080432096
8.65    0.217909703568
8.69    0.218649528159
8.73    0.219300923307
8.77    0.219863909796
8.81    0.220340149658
8.85    0.220731594351
8.89    0.221040450777
8.93    0.221269134977
8.97    0.22142032049
9.01    0.221496366694
9.05    0.2214998435
9.09    0.221433599009
9.13    0.221300914062
9.17    0.221105182986
9.21    0.220849972801
9.25    0.220538902465
9.29    0.220172261471
9.33    0.2197514925
9.37    0.219277380181
9.41    0.218750263983
9.45    0.218170054221
9.49    0.217536813712
9.53    0.21685404355
9.57    0.216120903941
9.61    0.215339177959
9.65    0.214511606571
9.69    0.213639691868
9.73    0.21272469069
9.77    0.21176851488
9.81    0.210773064853
9.85    0.209740224368
9.89    0.208671914362
9.93    0.207571101256
9.97    0.206438539761
