0.05    0.000165483493012
0.09    0.00106965427704
0.13    0.00209586234977
0.17    0.00478024701582
0.21    0.00956776301969
0.25    0.0156596229248
0.29    0.0118443861567
0.33    0.00988616142406
0.37    0.0162343920148
0.41    0.0151876822906
0.45    0.0181912983044
0.49    0.0243475578954
0.53    0.0316567428141
0.57    0.0350038232873
0.61    0.0318627424737
0.65    0.0394760075241
0.69    0.0432447932769
0.73    0.053818329729
0.77    0.0596355119047
0.81    0.059547172582
0.85    0.0515288511179
0.89    0.0502540679704
0.93    0.0542512320713
0.97    0.0581005909768
1.01    0.0614286182358
1.05    0.0637647950733
1.09    0.0646008730579
1.13    0.0636842988981
1.17    0.0717200293868
1.21    0.0726175605616
1.25    0.0698138238165
1.29    0.0635669827548
1.33    0.0711843656954
1.37    0.0766682691764
1.41    0.0749687159397
1.45    0.0695328918423
1.49    0.0642437747537
1.53    0.0603847598132
1.57    0.060821584592
1.61    0.0636057857545
1.65    0.0676763649401
1.69    0.0712418188975
1.73    0.0726168647449
1.77    0.0711039557435
1.81    0.0673950046258
1.85    0.0633557027095
1.89    0.061335429493
1.93    0.0630574414653
1.97    0.0686245630334
2.01    0.0766174872928
2.05    0.0850970467101
2.09    0.0924430948234
2.13    0.0976951357269
2.17    0.104337353341
2.21    0.110824948563
2.25    0.114632745736
2.29    0.11590761465
2.33    0.115009374092
2.37    0.112538816134
2.41    0.109216605379
2.45    0.10772737994
2.49    0.109373258291
2.53    0.110887756993
2.57    0.112634300126
2.61    0.114780477251
2.65    0.117273723012
2.69    0.119874699326
2.73    0.122138030693
2.77    0.123588655634
2.81    0.124016769222
2.85    0.123284023061
2.89    0.124674295112
2.93    0.129800014388
2.97    0.131271156571
3.01    0.136834850996
3.05    0.141476528506
3.09    0.144899794587
3.13    0.146952121694
3.17    0.147540188976
3.21    0.14656116929
3.25    0.151707892213
3.29    0.157813139634
3.33    0.163602645059
3.37    0.169591933014
3.41    0.175653443955
3.45    0.181505795369
3.49    0.187255877692
3.53    0.193209452621
3.57    0.199260337527
3.61    0.204981508086
3.65    0.210191277485
3.69    0.214815035384
3.73    0.218826985041
3.77    0.222229472122
3.81    0.225037953371
3.85    0.227282860686
3.89    0.228976160625
3.93    0.230098413468
3.97    0.230625643423
4.01    0.230552827949
4.05    0.229918313142
4.09    0.22887249496
4.13    0.227607151262
4.17    0.226152001509
4.21    0.225656849336
4.25    0.227774512099
4.29    0.229570265237
4.33    0.231049566499
4.37    0.232230992761
4.41    0.233126737052
4.45    0.233740033637
4.49    0.234074072505
4.53    0.234130215925
4.57    0.233920266411
4.61    0.233453422549
4.65    0.232738452764
4.69    0.231790043
4.73    0.230630839332
4.77    0.229306355678
4.81    0.227872584381
4.85    0.226400719457
4.89    0.224849472009
4.93    0.223152423166
4.97    0.221290850007
5.01    0.219273551083
5.05    0.217126873556
5.09    0.214903047194
5.13    0.212705838757
5.17    0.210802472977
5.21    0.208900945244
5.25    0.20688735864
5.29    0.204740836375
5.33    0.202458537803
5.37    0.20003612781
5.41    0.197487021297
5.45    0.194826583328
5.49    0.192092568869
5.53    0.189401438161
5.57    0.186776266389
5.61    0.184094349685
5.65    0.181331600159
5.69    0.178484611103
5.73    0.17793271506
5.77    0.177935752006
5.81    0.177861129238
5.85    0.177712078013
5.89    0.177491875865
5.93    0.177203861605
5.97    0.176851444815
6.01    0.176438086344
6.05    0.175967262903
6.09    0.175442654098
6.13    0.174868385089
6.17    0.174248886733
6.21    0.173591412586
6.25    0.172906612848
6.29    0.17223416575
6.33    0.171593549085
6.37    0.17094402829
6.41    0.170277612404
6.45    0.169591170425
6.49    0.168878448798
6.53    0.168139214765
6.57    0.167370103538
6.61    0.166571597102
6.65    0.165744538767
6.69    0.164892274044
6.73    0.164013063045
6.77    0.163107429449
6.81    0.162181476382
6.85    0.161232560654
6.89    0.160262959513
6.93    0.159276218243
6.97    0.158269996909
7.01    0.157250292095
7.05    0.156213871031
7.09    0.155165757566
7.13    0.154104985644
7.17    0.153032940135
7.21    0.151953130401
7.25    0.150862056643
7.29    0.149767415605
7.33    0.148664602836
7.37    0.147556122394
7.41    0.146445681016
7.45    0.145329881212
7.49    0.144212444386
7.53    0.143094630798
7.57    0.14197438106
7.61    0.140854827546
7.65    0.139737305669
7.69    0.138619827672
7.73    0.137504131606
7.77    0.136393350935
7.81    0.135284702673
7.85    0.134178865535
7.89    0.133079378808
7.93    0.131984593963
7.97    0.130894252646
8.01    0.129809233007
8.05    0.12873244793
8.09    0.127661449891
8.13    0.126596677486
8.17    0.125538835179
8.21    0.124490282193
8.25    0.123448965245
8.29    0.123126252799
8.33    0.122815868444
8.37    0.122505524404
8.41    0.122195323295
8.45    0.12188687359
8.49    0.121578831074
8.53    0.121271168189
8.57    0.120963970679
8.61    0.120657320173
8.65    0.120351294342
8.69    0.120046714203
8.73    0.1197435136
8.77    0.119441111142
8.81    0.119139571061
8.85    0.118838954308
8.89    0.118539318676
8.93    0.118240718916
8.97    0.117943206862
9.01    0.117647714665
9.05    0.117353624008
9.09    0.117060729765
9.13    0.116769073972
9.17    0.116478696261
9.21    0.116189633951
9.25    0.115901922135
9.29    0.115615593775
9.33    0.115330679789
9.37    0.115047209127
9.41    0.11476528319
9.45    0.114485623135
9.49    0.114207458709
9.53    0.113930812394
9.57    0.113655705051
9.61    0.113382156007
9.65    0.113110183105
9.69    0.112839802774
9.73    0.112571030085
9.77    0.112303878812
9.81    0.112038361486
9.85    0.111774489437
9.89    0.111512272871
9.93    0.111251720891
9.97    0.110992841562
