0.05    0.000109764398392
0.09    0.000464712077031
0.13    0.00189834482568
0.17    0.00231924194948
0.21    0.00369539377876
0.25    0.00611962853607
0.29    0.0119171704018
0.33    0.0164589336962
0.37    0.0261319424545
0.41    0.025103489153
0.45    0.0210054203962
0.49    0.0298716183075
0.53    0.0231825252526
0.57    0.0202975279908
0.61    0.0207944055212
0.65    0.0256701827633
0.69    0.0262127551713
0.73    0.023815643174
0.77    0.0255665167179
0.81    0.0285640733573
0.85    0.0351961654983
0.89    0.0482025293285
0.93    0.0604538377092
0.97    0.06602722892
1.01    0.064571207841
1.05    0.0631976965733
1.09    0.0614439770168
1.13    0.0582476669397
1.17    0.0549866369224
1.21    0.0524617420424
1.25    0.0505975763782
1.29    0.0490302515012
1.33    0.0515131007314
1.37    0.0537118805408
1.41    0.055393723846
1.45    0.0584485368506
1.49    0.060800306865
1.53    0.062294733773
1.57    0.0628538855148
1.61    0.0624920712623
1.65    0.0639121419187
1.69    0.067215473256
1.73    0.070070101824
1.77    0.0724824781401
1.81    0.074465773796
1.85    0.0760480206866
1.89    0.0772589866889
1.93    0.0781362739775
1.97    0.0787140573782
2.01    0.0790361299399
2.05    0.0791439415943
2.09    0.0790758250988
2.13    0.0788666398493
2.17    0.0785477530748
2.21    0.0807099531759
2.25    0.0874996432791
2.29    0.0936048849826
2.33    0.0988590702586
2.37    0.103187377554
2.41    0.106628579301
2.45    0.109382821065
2.49    0.111865691824
2.53    0.114125898832
2.57    0.117663890578
2.61    0.123914696883
2.65    0.128816304211
2.69    0.132234465839
2.73    0.134380227614
2.77    0.135208633667
2.81    0.136504841346
2.85    0.138943765718
2.89    0.140416663478
2.93    0.140868684004
2.97    0.140350844327
3.01    0.138981758483
3.05    0.13686893814
3.09    0.134034012183
3.13    0.13047917678
3.17    0.126208353033
3.21    0.121277639992
3.25    0.115796003898
3.29    0.110969974132
3.33    0.105186551936
3.37    0.098462440673
3.41    0.091919214074
3.45    0.0923834728471
3.49    0.0937228528162
3.53    0.0952645556398
3.57    0.0966547666813
3.61    0.098198115016
3.65    0.0998747480128
3.69    0.10135088533
3.73    0.102607611102
3.77    0.103637166094
3.81    0.104438849543
3.85    0.105013200203
3.89    0.10751267503
3.93    0.109344556306
3.97    0.110489431897
4.01    0.111091876167
4.05    0.11341282166
4.09    0.117836919075
4.13    0.123646386626
4.17    0.128198705384
4.21    0.131647449019
4.25    0.134154907961
4.29    0.135920595554
4.33    0.137134359367
4.37    0.142330434453
4.41    0.147315342594
4.45    0.151794297535
4.49    0.155717999191
4.53    0.15997324901
4.57    0.164168346919
4.61    0.168634496502
4.65    0.172897350064
4.69    0.176351010517
4.73    0.178954721341
4.77    0.18068831528
4.81    0.181541425677
4.85    0.182601798741
4.89    0.187358860999
4.93    0.191222718717
4.97    0.194158010962
5.01    0.196146588432
5.05    0.197175376671
5.09    0.197236810538
5.13    0.196304777487
5.17    0.194414535028
5.21    0.191635683491
5.25    0.188090385198
5.29    0.183908578384
5.33    0.18468924805
5.37    0.185360414356
5.41    0.185544207748
5.45    0.185156692577
5.49    0.184152767104
5.53    0.182506551635
5.57    0.180232454709
5.61    0.177356672089
5.65    0.17389659087
5.69    0.169879038719
5.73    0.165332441213
5.77    0.160280189927
5.81    0.158515640802
5.85    0.157173188792
5.89    0.155392339359
5.93    0.153182941663
5.97    0.150572790664
6.01    0.147591027822
6.05    0.144275503323
6.09    0.140657659335
6.13    0.136773330449
6.17    0.132653111432
6.21    0.129257772786
6.25    0.129278377073
6.29    0.129165195846
6.33    0.128908778386
6.37    0.128506789571
6.41    0.128638489435
6.45    0.128938569431
6.49    0.129189317967
6.53    0.129412262988
6.57    0.129601207921
6.61    0.129737204991
6.65    0.129811872826
6.69    0.129820818596
6.73    0.129764561052
6.77    0.129643665902
6.81    0.129459030651
6.85    0.129214163029
6.89    0.128912079378
6.93    0.128554741566
6.97    0.128144161206
7.01    0.127681739543
7.05    0.127168614555
7.09    0.126606805867
7.13    0.125995573749
7.17    0.125339718437
7.21    0.124638206185
7.25    0.12389485216
7.29    0.123110843598
7.33    0.122287681381
7.37    0.121427813352
7.41    0.120534928764
7.45    0.119610480174
7.49    0.118656107243
7.53    0.117674020038
7.57    0.116668040159
7.61    0.115639682841
7.65    0.114592919032
7.69    0.113530418786
7.73    0.112455062596
7.77    0.111367878208
7.81    0.110269523018
7.85    0.109161137609
7.89    0.108043518395
7.93    0.106916614675
7.97    0.105780602717
8.01    0.104635679703
8.05    0.10348265091
8.09    0.102322292902
8.13    0.101155410196
8.17    0.0999828725127
8.21    0.0988070943154
8.25    0.0977455710305
8.29    0.097748113745
8.33    0.0977472334555
8.37    0.0977430316341
8.41    0.0977356073008
8.45    0.0977250570713
8.49    0.0977114752051
8.53    0.0976949536515
8.57    0.0976755820968
8.61    0.097653448012
8.65    0.0976291103487
8.69    0.0976033343746
8.73    0.0975750176773
8.77    0.0975442397886
8.81    0.0975110782411
8.85    0.0974756086144
8.89    0.0974379045777
8.93    0.0973980379298
8.97    0.0973560786436
9.01    0.0973120949048
9.05    0.097266153153
9.09    0.0972183181231
9.13    0.0971686528808
9.17    0.0971172188639
9.21    0.0970651670153
9.25    0.0970116644876
9.29    0.0969565462175
9.33    0.096899867879
9.37    0.0968416836928
9.41    0.0967820464605
9.45    0.0967210075998
9.49    0.0966586171734
9.53    0.0965949239278
9.57    0.0965299753187
9.61    0.0964638175472
9.65    0.0963964955861
9.69    0.0963280532122
9.73    0.0962585330348
9.77    0.0961879765239
9.81    0.0961164240396
9.85    0.096043914855
9.89    0.09597048719
9.93    0.0958966749116
9.97    0.0958224796109
