0.05    9.70957806022e-05
0.09    0.000395590342754
0.13    0.000638367271809
0.17    0.00151992002655
0.21    0.00204949439797
0.25    0.00315048002228
0.29    0.00277966227412
0.33    0.00251436541537
0.37    0.0025498849781
0.41    0.00239166390593
0.45    0.00298453006469
0.49    0.0025824646192
0.53    0.00216130727946
0.57    0.00234127484757
0.61    0.00211751358608
0.65    0.0020030636201
0.69    0.0018205753975
0.73    0.00204355811058
0.77    0.00196175685448
0.81    0.00234807092822
0.85    0.00263381630281
0.89    0.00272320322881
0.93    0.00273965781468
0.97    0.00281942341847
1.01    0.0029811754749
1.05    0.00315487568353
1.09    0.0032395610153
1.13    0.00317767409521
1.17    0.00296510025212
1.21    0.0036422308895
1.25    0.0045543353844
1.29    0.00499815957451
1.33    0.00560032950697
1.37    0.00538714491441
1.41    0.00507523932676
1.45    0.00494898890358
1.49    0.00514418419508
1.53    0.00518178018139
1.57    0.00504904322526
1.61    0.00498190510335
1.65    0.00495300550093
1.69    0.00481395986255
1.73    0.0048525261359
1.77    0.0049872537607
1.81    0.00544216445927
1.85    0.00579464293554
1.89    0.00581575165497
1.93    0.00584814623809
1.97    0.00602986139028
2.01    0.00598151003045
2.05    0.00568889491564
2.09    0.00545243462901
2.13    0.0052115608217
2.17    0.00508230187936
2.21    0.00499951284556
2.25    0.00483918816905
2.29    0.00478582101166
2.33    0.00485340314641
2.37    0.00504134671072
2.41    0.00550159505661
2.45    0.00593575398826
2.49    0.00629717815082
2.53    0.00653046870438
2.57    0.00698741382784
2.61    0.00750151056653
2.65    0.00788732607046
2.69    0.00842393359472
2.73    0.00885654132831
2.77    0.00908767705392
2.81    0.0090980498124
2.85    0.00916296565923
2.89    0.00929635741819
2.93    0.00925301568061
2.97    0.00904641018817
3.01    0.0087012026406
3.05    0.00829556383113
3.09    0.0079148638814
3.13    0.00746125992307
3.17    0.00732137210115
3.21    0.00742075109729
3.25    0.00750023071071
3.29    0.00759510113982
3.33    0.00776670464601
3.37    0.00797948867321
3.41    0.00825989556949
3.45    0.00861694013265
3.49    0.00903815702672
3.53    0.00947155782463
3.57    0.00986128605787
3.61    0.0101468228695
3.65    0.0102691432282
3.69    0.0106028897284
3.73    0.011153614048
3.77    0.0116497707349
3.81    0.0120533247543
3.85    0.0122920187296
3.89    0.0124199217633
3.93    0.0130046245415
3.97    0.0135468858235
4.01    0.0140133421092
4.05    0.0145545121115
4.09    0.0150360291131
4.13    0.0154411807611
4.17    0.0158006522703
4.21    0.0161216590841
4.25    0.0163714646529
4.29    0.0165502052896
4.33    0.0166461683947
4.37    0.0166609377765
4.41    0.0165987732613
4.45    0.0164653458958
4.49    0.0163895060427
4.53    0.0163744226243
4.57    0.0162889652731
4.61    0.016135767772
4.65    0.0159215157523
4.69    0.0156522182084
4.73    0.0153328340199
4.77    0.0150193511017
4.81    0.0148518934619
4.85    0.0146451297951
4.89    0.0143951816541
4.93    0.0141084479473
4.97    0.0137891174828
5.01    0.0134835954264
5.05    0.0132235122765
5.09    0.0129356050706
5.13    0.0126257699375
5.17    0.0122972462123
5.21    0.0122796706445
5.25    0.0127710300095
5.29    0.013253396486
5.33    0.0136801692639
5.37    0.0140399661531
5.41    0.0143392804436
5.45    0.0146006994993
5.49    0.014845180338
5.53    0.0150571900437
5.57    0.0152227343188
5.61    0.0153480693765
5.65    0.0154408705168
5.69    0.0155025169499
5.73    0.0155396414997
5.77    0.0155644159741
5.81    0.0155759854126
5.85    0.0155718504015
5.89    0.0155570444798
5.93    0.0155359492589
5.97    0.015512700989
6.01    0.0154994514351
6.05    0.0154959302041
6.09    0.0154953787117
6.13    0.0154990594207
6.17    0.0155086327977
6.21    0.0155266404425
6.25    0.0155556130975
6.29    0.0155939406271
6.33    0.0156416171289
6.37    0.0156968723062
6.41    0.0157587737926
6.45    0.015826622579
6.49    0.0158998212106
6.53    0.0159771897805
6.57    0.0160574319333
6.61    0.0161404514928
6.65    0.0162245253253
6.69    0.0163100527935
6.73    0.0163991848674
6.77    0.0164927946768
6.81    0.0165897325246
6.85    0.0166840373437
6.89    0.0167725158775
6.93    0.0168530202827
6.97    0.0169273332607
7.01    0.0169991055608
7.05    0.0170641835056
7.09    0.0171206173393
7.13    0.0171695998048
7.17    0.017211762539
7.21    0.0172477013653
7.25    0.0172776444248
7.29    0.0173009573762
7.33    0.0173174901143
7.37    0.0173278021457
7.41    0.0173326365251
7.45    0.0173326451468
7.49    0.0173286805787
7.53    0.0173215838489
7.57    0.0173105085783
7.61    0.0172787807524
7.65    0.0172218297395
7.69    0.0171397879758
7.73    0.0170328994101
7.77    0.0169015136702
7.81    0.0170645240939
7.85    0.0172826548863
7.89    0.0174875629636
7.93    0.0176799550782
7.97    0.0178582309529
8.01    0.0180233000459
8.05    0.0181741792269
8.09    0.0183115732561
8.13    0.0184448283473
8.17    0.0185685964191
8.21    0.0186789807405
8.25    0.0187746873207
8.29    0.0188568071835
8.33    0.0189241017865
8.37    0.018977933278
8.41    0.0190174985666
8.45    0.0190426765144
8.49    0.0190551784307
8.53    0.0190537414657
8.57    0.0190386474597
8.61    0.0190115885873
8.65    0.0189714346968
8.69    0.0189187878705
8.73    0.0188548331915
8.77    0.0187788112235
8.81    0.0187094124078
8.85    0.018677659054
8.89    0.0186352524275
8.93    0.0185826191588
8.97    0.0185199153534
9.01    0.0184472975957
9.05    0.0183724113251
9.09    0.0183119734574
9.13    0.0182437107385
9.17    0.0181669580706
9.21    0.0180814356308
9.25    0.0179869500263
9.29    0.0178830858456
9.33    0.0177710868074
9.37    0.0176502535597
9.41    0.0175219326315
9.45    0.017385696966
9.49    0.0172427789588
9.53    0.0170974592989
9.57    0.0169470191129
9.61    0.0167907031785
9.65    0.0166318344028
9.69    0.0164727125711
9.73    0.0163087972089
9.77    0.0161394919299
9.81    0.0159722575046
9.85    0.0158199616343
9.89    0.0156626327979
9.93    0.0155004582454
9.97    0.0153334490189
