0.05    0.000245738632966
0.09    0.00108471972123
0.13    0.00276400436803
0.17    0.00411223744716
0.21    0.00785002501096
0.25    0.0175309690774
0.29    0.0180133364614
0.33    0.0212812156822
0.37    0.0268394990418
0.41    0.0292712443152
0.45    0.032765942647
0.49    0.0403784238571
0.53    0.0485840454429
0.57    0.0403536631511
0.61    0.0330006094379
0.65    0.0313062683002
0.69    0.0373284445393
0.73    0.0455603032215
0.77    0.0521545685687
0.81    0.0578254690896
0.85    0.0555035901531
0.89    0.0509480704708
0.93    0.0549769440925
0.97    0.0589732702437
1.01    0.0619628355589
1.05    0.0634203579619
1.09    0.0631293103537
1.13    0.0639720496765
1.17    0.0670559153427
1.21    0.0694989858022
1.25    0.0714271850873
1.29    0.072937900741
1.33    0.0740463732704
1.37    0.0747838691069
1.41    0.0751310343487
1.45    0.0751000326241
1.49    0.0747195504083
1.53    0.0740107760436
1.57    0.0730189821093
1.61    0.0718033892599
1.65    0.0704211380326
1.69    0.0689206043527
1.73    0.0673479153471
1.77    0.0657406956051
1.81    0.0647019457817
1.85    0.0660004663788
1.89    0.0666014895283
1.93    0.066574147578
1.97    0.0659854641514
2.01    0.0648815693363
2.05    0.0633299441682
2.09    0.0614030412041
2.13    0.0594033730622
2.17    0.0589604455005
2.21    0.0607281079075
2.25    0.0623457517927
2.29    0.0638047619337
2.33    0.0651025622061
2.37    0.0662369453973
2.41    0.0672065122179
2.45    0.0680109087311
2.49    0.068650902715
2.53    0.0691313445348
2.57    0.069452682939
2.61    0.0696181792494
2.65    0.0696328896147
2.69    0.0695029445635
2.73    0.0692356998041
2.77    0.0688399258256
2.81    0.0683335354997
2.85    0.0677299096422
2.89    0.0670510265399
2.93    0.0663689281008
2.97    0.0657934021795
3.01    0.0655633681159
3.05    0.0652189311647
3.09    0.0647636273191
3.13    0.0646790560659
3.17    0.0648648624683
3.21    0.0650255047039
3.25    0.0651521090655
3.29    0.0652561241292
3.33    0.0653297878601
3.37    0.0653821400766
3.41    0.0654091418908
3.45    0.0654149105738
3.49    0.0654010982001
3.53    0.0653664418275
3.57    0.0653159194732
3.61    0.0652483147996
3.65    0.0651639862209
3.69    0.065067009666
3.73    0.0649563916862
3.77    0.0648325635652
3.81    0.064698073805
3.85    0.0645537486462
3.89    0.0643991651229
3.93    0.0642353246918
3.97    0.0640649636246
4.01    0.0640355249373
4.05    0.0640779880632
4.09    0.0641016599939
4.13    0.0641077225793
4.17    0.0640974259206
4.21    0.064078700227
4.25    0.0640453486274
4.29    0.0639983602364
4.33    0.0639386763577
4.37    0.0638671917386
4.41    0.0637847559277
4.45    0.0636921747089
4.49    0.0635902115937
4.53    0.0634811324403
4.57    0.0633676452315
4.61    0.0632466382296
4.65    0.0631187280964
4.69    0.0629844967858
4.73    0.0628444930661
4.77    0.062699234015
4.81    0.062549206485
4.85    0.0623948685312
4.89    0.062236650801
4.93    0.0620749578817
4.97    0.0619101696017
5.01    0.0617426422897
5.05    0.0615727099848
5.09    0.0614006856006
5.13    0.061226862042
5.17    0.061052664902
5.21    0.0608788667427
5.25    0.0607039344471
5.29    0.0605280951346
5.33    0.060351560666
5.37    0.0601745284965
5.41    0.0599971824879
5.45    0.0598196936803
5.49    0.0596422210266
5.53    0.0594649120893
5.57    0.0592879037016
5.61    0.0591113225965
5.65    0.0589352859987
5.69    0.0587599021906
5.73    0.0585852710442
5.77    0.0584114845263
5.81    0.0582386271754
5.85    0.0580667765556
5.89    0.0578960036787
5.93    0.0577263734135
5.97    0.0575579448601
6.01    0.0573907717147
6.05    0.0572249026051
6.09    0.0570603814138
6.13    0.0568972475773
6.17    0.0567355363718
6.21    0.0565752791825
6.25    0.0564165037549
6.29    0.0562592344348
6.33    0.0561034923894
6.37    0.0559492958236
6.41    0.0557966601739
6.45    0.0556455982999
6.49    0.0554961206571
6.53    0.0553482354652
6.57    0.0552019488627
6.61    0.055057265053
6.65    0.0549141864433
6.69    0.0547727137752
6.73    0.0546328462426
6.77    0.0544945816107
6.81    0.0543579163201
6.85    0.0542228455887
6.89    0.0540893635062
6.93    0.0539574631241
6.97    0.0538271365369
7.01    0.0536983749619
7.05    0.0535711688128
7.09    0.0534455077659
7.13    0.0533213808278
7.17    0.0531987763936
7.21    0.0530776823032
7.25    0.0529580858967
7.29    0.0528399740598
7.33    0.0527233332745
7.37    0.0526081496592
7.41    0.05249440901
7.45    0.0523820968402
7.49    0.0522711984118
7.53    0.0521616987719
7.57    0.0520539068038
7.61    0.0519475217353
7.65    0.0518424785706
7.69    0.0517387621547
7.73    0.051636357237
7.77    0.0515352484917
7.81    0.0514354205405
7.85    0.05142843378
7.89    0.0518523075851
7.93    0.0521989621326
7.97    0.0524717834847
8.01    0.052678571362
8.05    0.0528315416059
8.09    0.0529269923666
8.13    0.0529596804568
8.17    0.052931673995
8.21    0.0528510649414
8.25    0.0527225490354
8.29    0.0525444718779
8.33    0.0523194187754
8.37    0.0520525717861
8.41    0.051746270079
8.45    0.0513982510222
8.49    0.0510082677435
8.53    0.0505793911718
8.57    0.0501156286
8.61    0.049684320768
8.65    0.0496078958337
8.69    0.049532426737
8.73    0.0494579000571
8.77    0.0493843025266
8.81    0.0493116210287
8.85    0.0492398426032
8.89    0.0491689544472
8.93    0.0490989439128
8.97    0.0490297985119
9.01    0.0489615059132
9.05    0.0488940539442
9.09    0.0488274305921
9.13    0.0487616240013
9.17    0.0486966224751
9.21    0.0486324144754
9.25    0.0485689886208
9.29    0.0485063336867
9.33    0.0484444386053
9.37    0.0483832924633
9.41    0.0483228845021
9.45    0.0482632041169
9.49    0.0482042408532
9.53    0.0481459844097
9.57    0.0480884246331
9.61    0.0480315515201
9.65    0.047975355213
9.69    0.0479198260005
9.73    0.0478649543153
9.77    0.0478107307325
9.81    0.0477571459695
9.85    0.0477041908809
9.89    0.0476518564621
9.93    0.0476001338434
9.97    0.0475490142895
