0.05    0.000218571910104
0.09    0.000891008275936
0.13    0.00299108201865
0.17    0.00629498216062
0.21    0.00687058046082
0.25    0.0110253063416
0.29    0.0141619032811
0.33    0.023350433592
0.37    0.0317203884694
0.41    0.0361015726385
0.45    0.0458450982112
0.49    0.0594652698269
0.53    0.0629824998777
0.57    0.0768780185974
0.61    0.0914649708577
0.65    0.108655577347
0.69    0.111569639809
0.73    0.101407803979
0.77    0.0890635559889
0.81    0.0846588004531
0.85    0.078287269943
0.89    0.0758908143789
0.93    0.0730209697804
0.97    0.0698845518729
1.01    0.0754268747197
1.05    0.0796361601774
1.09    0.0776886839302
1.13    0.0725643658989
1.17    0.0753041557984
1.21    0.0746874946145
1.25    0.0701416155104
1.29    0.0668450948644
1.33    0.0627472894708
1.37    0.0581924630014
1.41    0.0549816985828
1.45    0.0552042384878
1.49    0.0550281250687
1.53    0.0546102666253
1.57    0.0540937633407
1.61    0.0535850494109
1.65    0.0531525368605
1.69    0.0528641901268
1.73    0.0527030133271
1.77    0.0526912619564
1.81    0.0527901296145
1.85    0.0529775785197
1.89    0.0532509334089
1.93    0.0535716619629
1.97    0.0539274497331
2.01    0.0543285489815
2.05    0.0547548374534
2.09    0.0552017946052
2.13    0.0556758573285
2.17    0.056178239765
2.21    0.0566935441529
2.25    0.0572157293732
2.29    0.0577534388508
2.33    0.0582821430197
2.37    0.0587865578669
2.41    0.059262850627
2.45    0.0596983896906
2.49    0.0600670765594
2.53    0.0603611974254
2.57    0.0605771937618
2.61    0.0606866986094
2.65    0.0606847270356
2.69    0.060574716589
2.73    0.0603319242192
2.77    0.0599556854581
2.81    0.0594572319292
2.85    0.0588167386464
2.89    0.0584686224549
2.93    0.0607755917613
2.97    0.0629634520413
3.01    0.0649947600555
3.05    0.0668683593519
3.09    0.0685814145818
3.13    0.0701098230632
3.17    0.0714745654985
3.21    0.072648866706
3.25    0.0736417018189
3.29    0.074455714959
3.33    0.0762267364028
3.37    0.0791030183267
3.41    0.081814355869
3.45    0.0843647757792
3.49    0.0867400605991
3.53    0.0889413722443
3.57    0.0909660531329
3.61    0.0928076917115
3.65    0.0944776486636
3.69    0.0959602819052
3.73    0.0972795084992
3.77    0.09841652837
3.81    0.099391811195
3.85    0.10019714545
3.89    0.100846585332
3.93    0.10133852509
3.97    0.101684392192
4.01    0.102110891432
4.05    0.104131282222
4.09    0.105836811257
4.13    0.107231751201
4.17    0.108322991234
4.21    0.109111313105
4.25    0.109610213056
4.29    0.109826495836
4.33    0.10976864822
4.37    0.109452236653
4.41    0.108891570243
4.45    0.108096788635
4.49    0.107082527464
4.53    0.105863654445
4.57    0.104458888388
4.61    0.102880941952
4.65    0.10114292004
4.69    0.0992614558292
4.73    0.0992267086704
4.77    0.0990820193612
4.81    0.0987530816176
4.85    0.0982403271544
4.89    0.0975616407557
4.93    0.096719779338
4.97    0.0957288844693
5.01    0.0945986579182
5.05    0.0933365986009
5.09    0.0919529114833
5.13    0.09045928209
5.17    0.0888645550366
5.21    0.0871770238636
5.25    0.086439930397
5.29    0.0867143928856
5.33    0.0869650332115
5.37    0.0871490660017
5.41    0.0872747130609
5.45    0.0873398055694
5.49    0.0873464262207
5.53    0.0873042149062
5.57    0.0872087415303
5.61    0.0870661425681
5.65    0.0868795227593
5.69    0.0866480442721
5.73    0.0863805562495
5.77    0.0860724406937
5.81    0.0857322522184
5.85    0.0853575218639
5.89    0.0849535054573
5.93    0.0845207730813
5.97    0.0840616870377
6.01    0.083578819132
6.05    0.08307265964
6.09    0.082546823322
6.13    0.0820884984993
6.17    0.0820194416575
6.21    0.0819272431138
6.25    0.0818158672333
6.29    0.0816873916212
6.33    0.0815425885414
6.37    0.0813816910604
6.41    0.0812054363416
6.45    0.0810153600296
6.49    0.0808124267642
6.53    0.0805960627715
6.57    0.0803663977942
6.61    0.0801217349214
6.65    0.079862276583
6.69    0.0795884395308
6.73    0.0793006018649
6.77    0.0789991042932
6.81    0.0786843190294
6.85    0.0783587437181
6.89    0.0780213328189
6.93    0.0776724626193
6.97    0.0773148877239
7.01    0.0769477722311
7.05    0.0765714860318
7.09    0.0761889307039
7.13    0.0757981703085
7.17    0.0754017062538
7.21    0.0749994086161
7.25    0.0745914087634
7.29    0.0741800284294
7.33    0.0737638445798
7.37    0.0733447873146
7.41    0.072923123993
7.45    0.0724988088146
7.49    0.0720730152474
7.53    0.0716465531712
7.57    0.0712195253568
7.61    0.070792743712
7.65    0.0703675716992
7.69    0.0699451430464
7.73    0.0695264418404
7.77    0.0691104201669
7.81    0.0686958487567
7.85    0.0682819596749
7.89    0.0678691155801
7.93    0.0674567446767
7.97    0.0670456220241
8.01    0.0666346492751
8.05    0.0662906784013
8.09    0.0662515021287
8.13    0.0662098515148
8.17    0.0661658502143
8.21    0.0661196171348
8.25    0.0660712666056
8.29    0.0660209085391
8.33    0.0659686485881
8.37    0.0659145882971
8.41    0.0658588252507
8.45    0.0658014532132
8.49    0.06574256227
8.53    0.0656827685876
8.57    0.0656225089359
8.61    0.06556095028
8.65    0.0654981699499
8.69    0.0654342421983
8.73    0.0653692383162
8.77    0.0653032267397
8.81    0.065236273152
8.85    0.0651684405875
8.89    0.0650997895296
8.93    0.0650303780019
8.97    0.0649602616616
9.01    0.0648894938858
9.05    0.0648181258552
9.09    0.0647462066392
9.13    0.0646737832694
9.17    0.0646009008194
9.21    0.0645276024771
9.25    0.0644539296138
9.29    0.0643799218534
9.33    0.0643056171382
9.37    0.064231051791
9.41    0.0641562605766
9.45    0.0640812767619
9.49    0.0640061321682
9.53    0.0639315522413
9.57    0.0638570290321
9.61    0.0637824158
9.65    0.0637077394986
9.69    0.0636330258827
9.73    0.0635582995558
9.77    0.0634835840118
9.81    0.0634089016787
9.85    0.0633342739566
9.89    0.0632597212617
9.93    0.0631852630602
9.97    0.0631109179052
