0.05    0.000351966204838
0.09    0.00128945343826
0.13    0.00395140803661
0.17    0.00716923451166
0.21    0.0174826925927
0.25    0.0179034387166
0.29    0.0280841707332
0.33    0.0352842456499
0.37    0.0404171894626
0.41    0.0572455642221
0.45    0.0668262331642
0.49    0.0697490385521
0.53    0.0831076995928
0.57    0.0886860052024
0.61    0.0943247672632
0.65    0.0953569876543
0.69    0.090795140576
0.73    0.0872649963592
0.77    0.0890975638714
0.81    0.0972391069779
0.85    0.100438908793
0.89    0.101057448635
0.93    0.101108539388
0.97    0.101233675965
1.01    0.101106328703
1.05    0.100134825739
1.09    0.0986692250181
1.13    0.111651072252
1.17    0.120793618225
1.21    0.126064377583
1.25    0.130650924491
1.29    0.139983733768
1.33    0.155401535843
1.37    0.173503898601
1.41    0.18573761005
1.45    0.192704096809
1.49    0.195540145243
1.53    0.195571695889
1.57    0.193612033892
1.61    0.18970583777
1.65    0.184138496429
1.69    0.177410045223
1.73    0.170015026897
1.77    0.162487844778
1.81    0.155114947964
1.85    0.148122165645
1.89    0.148599770119
1.93    0.148245141907
1.97    0.147519815651
2.01    0.14703207212
2.05    0.147322797728
2.09    0.14685091636
2.13    0.146876862034
2.17    0.146698912669
2.21    0.146290068456
2.25    0.145928220555
2.29    0.145667005074
2.33    0.145365987541
2.37    0.14498342503
2.41    0.144482425141
2.45    0.143835951623
2.49    0.142994794673
2.53    0.141927989361
2.57    0.140639691065
2.61    0.139112326688
2.65    0.137309991208
2.69    0.135276735185
2.73    0.133018414367
2.77    0.130718575615
2.81    0.128766946222
2.85    0.127236152485
2.89    0.126614906657
2.93    0.125647802134
2.97    0.124142434865
3.01    0.122087328992
3.05    0.119485300337
3.09    0.120215376584
3.13    0.121605387329
3.17    0.122817520692
3.21    0.123835067235
3.25    0.124643635122
3.29    0.125241473309
3.33    0.125631849499
3.37    0.125802277215
3.41    0.125754142948
3.45    0.12550559399
3.49    0.125043860163
3.53    0.124380377594
3.57    0.123529366461
3.61    0.122483611863
3.65    0.121274442486
3.69    0.119887948374
3.73    0.118356092734
3.77    0.116674903425
3.81    0.114857790118
3.85    0.112929781237
3.89    0.110886148055
3.93    0.108740163566
3.97    0.106520286272
4.01    0.104223750621
4.05    0.101861016872
4.09    0.100718711347
4.13    0.101912293562
4.17    0.103022014955
4.21    0.104048615749
4.25    0.104993286424
4.29    0.105872010151
4.33    0.106671323749
4.37    0.107392930368
4.41    0.108038704198
4.45    0.108618031197
4.49    0.109132279054
4.53    0.109576810621
4.57    0.109953920911
4.61    0.110265964144
4.65    0.110547575753
4.69    0.110727206653
4.73    0.110870752459
4.77    0.110958598352
4.81    0.110993168976
4.85    0.110984707691
4.89    0.110930898855
4.93    0.11083061555
4.97    0.110686166256
5.01    0.11049981527
5.05    0.110274291371
5.09    0.110020122117
5.13    0.10999446066
5.17    0.110198603617
5.21    0.110137512808
5.25    0.109773933536
5.29    0.109119290393
5.33    0.108109419784
5.37    0.107362647709
5.41    0.106883607471
5.45    0.106383231273
5.49    0.10586307671
5.53    0.10532463912
5.57    0.10476935243
5.61    0.104198590163
5.65    0.103617685656
5.69    0.103025119902
5.73    0.102420615979
5.77    0.101805324988
5.81    0.101180344202
5.85    0.100546718588
5.89    0.0999054423403
5.93    0.0992574604773
5.97    0.0986036704119
6.01    0.0979449235689
6.05    0.097282026968
6.09    0.096618828148
6.13    0.0959530006472
6.17    0.0952850308436
6.21    0.0946155696426
6.25    0.0939452311849
6.29    0.0932745943293
6.33    0.0926042040866
6.37    0.0919345730535
6.41    0.0912661827677
6.45    0.090599485067
6.49    0.089934903378
6.53    0.0892728339923
6.57    0.0886136472832
6.61    0.0879576888922
6.65    0.0873052808811
6.69    0.0866567228406
6.73    0.0860122929455
6.77    0.0853722490027
6.81    0.0847368294311
6.85    0.0841062542161
6.89    0.0834807258324
6.93    0.0828604301251
6.97    0.0822455371509
7.01    0.0816362019937
7.05    0.0810328982444
7.09    0.0804356309645
7.13    0.0798442418648
7.17    0.0792588363342
7.21    0.0786795082644
7.25    0.0789414061297
7.29    0.0793585375083
7.33    0.0797566120691
7.37    0.0801322386677
7.41    0.0804859739587
7.45    0.0808183735544
7.49    0.0811299910343
7.53    0.0814217964509
7.57    0.0816971451419
7.61    0.0819533001256
7.65    0.0821907976363
7.69    0.0824101682252
7.73    0.0826119362081
7.77    0.0827995046853
7.81    0.0830078644967
7.85    0.0832308254531
7.89    0.0834408154987
7.93    0.0836384138975
7.97    0.0838230474843
8.01    0.0839951662033
8.05    0.0841539467019
8.09    0.0842996417366
8.13    0.0844326317762
8.17    0.0845534772199
8.21    0.0846611199401
8.25    0.084758628991
8.29    0.0848435385224
8.33    0.0849174006547
8.37    0.0849811753951
8.41    0.0850334897759
8.45    0.08507628715
8.49    0.0851095275674
8.53    0.0851323750998
8.57    0.0851467311936
8.61    0.0851524259324
8.65    0.0851487242339
8.69    0.0851370328597
8.73    0.0851179628507
8.77    0.0850904233824
8.81    0.0850548252697
8.85    0.0850135696338
8.89    0.0849647042621
8.93    0.0849085164406
8.97    0.0848460703654
9.01    0.0847781993823
9.05    0.0847037796564
9.09    0.0846230698874
9.13    0.0845370278035
9.17    0.0844464533882
9.21    0.0843502820666
9.25    0.0842487458192
9.29    0.084142093819
9.33    0.0840323123552
9.37    0.0839177843869
9.41    0.0837987171547
9.45    0.0836753118706
9.49    0.0835483752506
9.53    0.0834185094809
9.57    0.0832848386468
9.61    0.0831475417229
9.65    0.0830067922742
9.69    0.0828633494976
9.73    0.0827176660119
9.77    0.0825689867943
9.81    0.0824174656153
9.85    0.082263251436
9.89    0.0821064885359
9.93    0.0819485193717
9.97    0.08178836548
