0.05    0.00032468411257
0.09    0.00141070488766
0.13    0.00300819682313
0.17    0.00622955595169
0.21    0.00979564359637
0.25    0.0134503717654
0.29    0.0207869687761
0.33    0.0172377107029
0.37    0.0236372450954
0.41    0.0370818815264
0.45    0.0427615266115
0.49    0.0488816846345
0.53    0.0659803086239
0.57    0.0835599661577
0.61    0.0992745681055
0.65    0.111431066036
0.69    0.150520017193
0.73    0.189799166621
0.77    0.205851319658
0.81    0.204768547268
0.85    0.202100167399
0.89    0.182056754286
0.93    0.16157890988
0.97    0.151668990425
1.01    0.147568289657
1.05    0.14433342348
1.09    0.14094123577
1.13    0.138098538695
1.17    0.135847266791
1.21    0.133878245192
1.25    0.131756817611
1.29    0.129020390782
1.33    0.136776557409
1.37    0.144473803495
1.41    0.146571408251
1.45    0.145658720749
1.49    0.14402347343
1.53    0.145151202889
1.57    0.147482878139
1.61    0.146481895507
1.65    0.142474216615
1.69    0.135898194148
1.73    0.130050201632
1.77    0.128500799556
1.81    0.126435974171
1.85    0.123908698764
1.89    0.12097427508
1.93    0.117688480316
1.97    0.114106268509
2.01    0.110281037744
2.05    0.10626409517
2.09    0.107156504136
2.13    0.108772211865
2.17    0.110164217099
2.21    0.111393890921
2.25    0.112422782756
2.29    0.113291115335
2.33    0.114001826023
2.37    0.114549302192
2.41    0.114986596041
2.45    0.115286239949
2.49    0.115459732271
2.53    0.115554114414
2.57    0.115544090463
2.61    0.115440573582
2.65    0.115269051953
2.69    0.11503638748
2.73    0.114737274106
2.77    0.11438002071
2.81    0.113979428471
2.85    0.113549777651
2.89    0.113081616641
2.93    0.112580852205
2.97    0.112052846202
3.01    0.1115024498
3.05    0.110949035325
3.09    0.110381058531
3.13    0.109801528437
3.17    0.10921365598
3.21    0.108620302634
3.25    0.108024009541
3.29    0.108428020409
3.33    0.109690113813
3.37    0.110777660606
3.41    0.115197824268
3.45    0.12183602526
3.49    0.128130532061
3.53    0.134077319564
3.57    0.139658092239
3.61    0.144807401596
3.65    0.149493975436
3.69    0.15371228711
3.73    0.157469467079
3.77    0.160776330939
3.81    0.163633406974
3.85    0.166050935895
3.89    0.168050396644
3.93    0.169653389513
3.97    0.170866078747
4.01    0.171681013667
4.05    0.172103670438
4.09    0.172152326174
4.13    0.171864425421
4.17    0.171292833424
4.21    0.170451453579
4.25    0.169335143946
4.29    0.174012613266
4.33    0.179258881601
4.37    0.183348913373
4.41    0.186443641593
4.45    0.188743650344
4.49    0.189916632566
4.53    0.195433821721
4.57    0.201853296115
4.61    0.207592054479
4.65    0.212656355609
4.69    0.21691866131
4.73    0.220137309864
4.77    0.222381369861
4.81    0.223582751589
4.85    0.223626102331
4.89    0.222514699836
4.93    0.220315432749
4.97    0.217123398513
5.01    0.213032029093
5.05    0.208089349444
5.09    0.204476479122
5.13    0.205547147456
5.17    0.206388776685
5.21    0.206876742263
5.25    0.206875605725
5.29    0.206377035174
5.33    0.205454980841
5.37    0.204154103002
5.41    0.202417132437
5.45    0.200207515266
5.49    0.197535551738
5.53    0.194434137254
5.57    0.190937147789
5.61    0.187077349375
5.65    0.182869962247
5.69    0.179803248168
5.73    0.1788602428
5.77    0.177677711999
5.81    0.176256892892
5.85    0.174613716254
5.89    0.172761160235
5.93    0.170716366652
5.97    0.168494786
6.01    0.166098874442
6.05    0.163536921002
6.09    0.160818981
6.13    0.157960845498
6.17    0.154971121815
6.21    0.151866266108
6.25    0.150856636893
6.29    0.150154311326
6.33    0.149428687981
6.37    0.148673355212
6.41    0.147893363057
6.45    0.14709176922
6.49    0.146264690776
6.53    0.145421499643
6.57    0.14455752454
6.61    0.14367385325
6.65    0.142778354834
6.69    0.141865010923
6.73    0.140937648856
6.77    0.140000235534
6.81    0.139048863099
6.85    0.138088510037
6.89    0.137119534974
6.93    0.136139988075
6.97    0.135156512491
7.01    0.134164955453
7.05    0.133168260017
7.09    0.132167845947
7.13    0.131162389608
7.17    0.130155972615
7.21    0.129145972948
7.25    0.128156276964
7.29    0.127221908219
7.33    0.126287994475
7.37    0.125354883696
7.41    0.12442298038
7.45    0.123493116353
7.49    0.122564752526
7.53    0.121637968277
7.57    0.120712704351
7.61    0.119788867416
7.65    0.118866420892
7.69    0.117946531225
7.73    0.117028222394
7.77    0.116111385394
7.81    0.115197461692
7.85    0.114285664721
7.89    0.113376220368
7.93    0.112470067936
7.97    0.111566356526
8.01    0.11066637877
8.05    0.109769520992
8.09    0.108876196157
8.13    0.10798719051
8.17    0.107101264126
8.21    0.10622070913
8.25    0.105344019131
8.29    0.104471292537
8.33    0.103646539159
8.37    0.102863293652
8.41    0.102565869599
8.45    0.102634772635
8.49    0.102698622742
8.53    0.102759074905
8.57    0.10281582296
8.61    0.10286788059
8.65    0.10291650847
8.69    0.102962046151
8.73    0.103003229681
8.77    0.10304207074
8.81    0.103077271969
8.85    0.103109826588
8.89    0.103139359163
8.93    0.103167091704
8.97    0.103192739727
9.01    0.103216903319
9.05    0.103239317927
9.09    0.103259193071
9.13    0.10327726826
9.17    0.103292367081
9.21    0.103304144896
9.25    0.10331471992
9.29    0.103322111937
9.33    0.103326409006
9.37    0.103327697
9.41    0.103327417211
9.45    0.103324838155
9.49    0.10331946532
9.53    0.103311376885
9.57    0.103300649101
9.61    0.103287356335
9.65    0.103272141377
9.69    0.103255673754
9.73    0.103236826455
9.77    0.103215667232
9.81    0.103192262169
9.85    0.103166675724
9.89    0.103138970769
9.93    0.103109208633
9.97    0.103077449134
