0.05    9.32359098867e-05
0.09    0.000454831940933
0.13    0.0019976259284
0.17    0.003254315654
0.21    0.00463158498412
0.25    0.00664702708118
0.29    0.00724517154385
0.33    0.0095160902559
0.37    0.00941459581129
0.41    0.0109470873195
0.45    0.0163062489453
0.49    0.0165224275311
0.53    0.0163874713144
0.57    0.0201793178607
0.61    0.025272148763
0.65    0.0259652725334
0.69    0.0269507983506
0.73    0.0323996000125
0.77    0.0328518087917
0.81    0.0366761809452
0.85    0.0398063762206
0.89    0.040651888521
0.93    0.0421389994016
0.97    0.0510164464942
1.01    0.0558237951472
1.05    0.0595861448209
1.09    0.0601404571977
1.13    0.0595666632453
1.17    0.0637994754246
1.21    0.0649553679419
1.25    0.0604252961916
1.29    0.0588305846526
1.33    0.0670578157261
1.37    0.083048536234
1.41    0.0950536570958
1.45    0.096844317844
1.49    0.0910500218614
1.53    0.0910106159064
1.57    0.0968999871595
1.61    0.110841178554
1.65    0.125736702121
1.69    0.133254249144
1.73    0.131016328628
1.77    0.118626018858
1.81    0.119508727525
1.85    0.115880251979
1.89    0.108764303513
1.93    0.111324176317
1.97    0.124806189714
2.01    0.145371355606
2.05    0.16321610009
2.09    0.172261681834
2.13    0.175268492706
2.17    0.178984148696
2.21    0.183904677075
2.25    0.189353066848
2.29    0.194637121023
2.33    0.194959477214
2.37    0.189123222969
2.41    0.180410271597
2.45    0.170112350899
2.49    0.15713208947
2.53    0.154860129818
2.57    0.152854640625
2.61    0.154663609091
2.65    0.159340699665
2.69    0.164526393895
2.73    0.167200789434
2.77    0.167815028929
2.81    0.166927994565
2.85    0.165461850715
2.89    0.164330144901
2.93    0.164227370387
2.97    0.165395718403
3.01    0.173140960585
3.05    0.182453140761
3.09    0.192041132412
3.13    0.200805126686
3.17    0.208267156488
3.21    0.214453713441
3.25    0.218209200701
3.29    0.219949709705
3.33    0.220269849727
3.37    0.219140127708
3.41    0.217229264989
3.45    0.214879452128
3.49    0.212521793047
3.53    0.210515620997
3.57    0.209064332442
3.61    0.20805124353
3.65    0.207331139132
3.69    0.206702730189
3.73    0.206179156639
3.77    0.20555739046
3.81    0.204496823441
3.85    0.207876486267
3.89    0.21253977351
3.93    0.215693069938
3.97    0.230667800387
4.01    0.24624161187
4.05    0.259461909919
4.09    0.270062099479
4.13    0.277825528015
4.17    0.282762373221
4.21    0.284754308656
4.25    0.283946081593
4.29    0.280228484776
4.33    0.273565048374
4.37    0.264114381783
4.41    0.262970703429
4.45    0.260633103032
4.49    0.256380728259
4.53    0.250088202833
4.57    0.241809594318
4.61    0.232313849358
4.65    0.221723014638
4.69    0.211309795875
4.73    0.208727684827
4.77    0.20555489067
4.81    0.201673738896
4.85    0.197416522123
4.89    0.19273024168
4.93    0.187872521582
4.97    0.182943240242
5.01    0.178054827829
5.05    0.174226365113
5.09    0.172286412256
5.13    0.170190637246
5.17    0.168009651403
5.21    0.165805369195
5.25    0.163630377305
5.29    0.16152783265
5.33    0.159540950964
5.37    0.157719998507
5.41    0.156042770729
5.45    0.154521777916
5.49    0.153164040008
5.53    0.151972175709
5.57    0.150945443398
5.61    0.150080693569
5.65    0.149373205025
5.69    0.148817388353
5.73    0.148407349861
5.77    0.148137317209
5.81    0.148001934211
5.85    0.147996436918
5.89    0.148116726209
5.93    0.148359353911
5.97    0.148721440105
6.01    0.149200539071
6.05    0.149794470308
6.09    0.150501129665
6.13    0.151318293734
6.17    0.152243428704
6.21    0.153273512744
6.25    0.154404878981
6.29    0.155633084134
6.33    0.156952806125
6.37    0.158357772357
6.41    0.159840719
6.45    0.161393380464
6.49    0.163021899508
6.53    0.164712878509
6.57    0.166445475481
6.61    0.168207930315
6.65    0.169987778679
6.69    0.1717719665
6.73    0.173546974057
6.77    0.175298946386
6.81    0.177018888296
6.85    0.178730692375
6.89    0.180379740144
6.93    0.182073029899
6.97    0.183944874943
7.01    0.185729404798
7.05    0.187413004687
7.09    0.189042903009
7.13    0.190550629507
7.17    0.191921806428
7.21    0.193145156069
7.25    0.194210207068
7.29    0.195107350333
7.33    0.195839341981
7.37    0.1964491725
7.41    0.19686861022
7.45    0.197091630513
7.49    0.197113195197
7.53    0.196929251732
7.57    0.196564417667
7.61    0.196108968487
7.65    0.195754406607
7.69    0.195184513082
7.73    0.194421076812
7.77    0.193496724863
7.81    0.192357000254
7.85    0.191003692449
7.89    0.189439366176
7.93    0.187738125468
7.97    0.190051114884
8.01    0.193135389054
8.05    0.196138743217
8.09    0.199055557372
8.13    0.201880591678
8.17    0.204608987646
8.21    0.207236267477
8.25    0.209758331691
8.29    0.212171455218
8.33    0.214478280346
8.37    0.216715235839
8.41    0.218835041899
8.45    0.22083530841
8.49    0.222713984007
8.53    0.22446934624
8.57    0.226140208037
8.61    0.227699744308
8.65    0.229132911355
8.69    0.230449036652
8.73    0.231683236873
8.77    0.232790096252
8.81    0.233769724067
8.85    0.234666538226
8.89    0.235448111808
8.93    0.236103930863
8.97    0.236634932227
9.01    0.237042249642
9.05    0.237380208623
9.09    0.237597800327
9.13    0.237695633531
9.17    0.237675461705
9.21    0.237539181981
9.25    0.237288824623
9.29    0.236969763682
9.33    0.236547734699
9.37    0.23601761346
9.41    0.235381826265
9.45    0.234642887028
9.49    0.233832168804
9.53    0.232940772521
9.57    0.231953254693
9.61    0.230924441889
9.65    0.229883745915
9.69    0.228792701969
9.73    0.227617568437
9.77    0.226389781621
9.81    0.225086747036
9.85    0.223702381166
9.89    0.222272547511
9.93    0.220772889708
9.97    0.219199570241
