0.05    7.37985310926e-05
0.09    0.000397395417126
0.13    0.00121104272731
0.17    0.00180017070128
0.21    0.00407169436238
0.25    0.00658889568679
0.29    0.00591966310822
0.33    0.00719435009403
0.37    0.00873028025655
0.41    0.0106545550451
0.45    0.0151000230094
0.49    0.0181877064532
0.53    0.0187547850706
0.57    0.016531029168
0.61    0.0182900554284
0.65    0.0221359309811
0.69    0.0241359600249
0.73    0.0249453318666
0.77    0.0283302240567
0.81    0.0289258141085
0.85    0.0394168729371
0.89    0.0508040646872
0.93    0.0465467067843
0.97    0.0434544713931
1.01    0.0471667301402
1.05    0.0480084676583
1.09    0.0500838946051
1.13    0.0519253614701
1.17    0.0537544945357
1.21    0.0574622793281
1.25    0.0578325014537
1.29    0.0558803688622
1.33    0.0590484892345
1.37    0.0602222288117
1.41    0.0552652181562
1.45    0.0529364855238
1.49    0.0509289758975
1.53    0.0547738565999
1.57    0.0608209604335
1.61    0.0722825694312
1.65    0.0785251869538
1.69    0.0803048981856
1.73    0.0930730225147
1.77    0.0973960326938
1.81    0.0964960239965
1.85    0.0893977843985
1.89    0.0843249886763
1.93    0.0861541833766
1.97    0.0921632876174
2.01    0.0979111860597
2.05    0.102143537048
2.09    0.105749536535
2.13    0.111238247893
2.17    0.122079205735
2.21    0.137574443251
2.25    0.151457156095
2.29    0.159727170792
2.33    0.163249640047
2.37    0.164681596826
2.41    0.165808914078
2.45    0.168243022447
2.49    0.172600731149
2.53    0.176341500027
2.57    0.179450873377
2.61    0.193638708337
2.65    0.208056206163
2.69    0.214574865007
2.73    0.215848630371
2.77    0.21215957841
2.81    0.204733813626
2.85    0.196250357627
2.89    0.192634971738
2.93    0.19036183812
2.97    0.191829269364
3.01    0.193613406637
3.05    0.194849211517
3.09    0.199966822803
3.13    0.199224494619
3.17    0.192734833163
3.21    0.182595361808
3.25    0.171111468212
3.29    0.160170470533
3.33    0.16384023737
3.37    0.167686618922
3.41    0.169723830838
3.45    0.169825517125
3.49    0.167890846135
3.53    0.164112367065
3.57    0.164797737651
3.61    0.173122523515
3.65    0.179971904561
3.69    0.184951900079
3.73    0.187938873115
3.77    0.189725334338
3.81    0.190418022753
3.85    0.190208821266
3.89    0.189609809207
3.93    0.189101543353
3.97    0.189680219702
4.01    0.191556805616
4.05    0.194644688731
4.09    0.199087478785
4.13    0.204996824354
4.17    0.212208137991
4.21    0.220560863965
4.25    0.229770843425
4.29    0.239426605681
4.33    0.249136239825
4.37    0.25853153324
4.41    0.267399409496
4.45    0.275288822958
4.49    0.281890992257
4.53    0.287278466084
4.57    0.291252750314
4.61    0.301206462819
4.65    0.313663762499
4.69    0.324497614935
4.73    0.333420838779
4.77    0.340193650798
4.81    0.344846867012
4.85    0.347340464415
4.89    0.348285515101
4.93    0.348598850155
4.97    0.347888175309
5.01    0.345655191664
5.05    0.34188423186
5.09    0.336682597488
5.13    0.331018533415
5.17    0.330907204417
5.21    0.330977947065
5.25    0.330661476483
5.29    0.329917763989
5.33    0.328631076616
5.37    0.326604573664
5.41    0.323912291008
5.45    0.320647693678
5.49    0.31690567303
5.53    0.312789995769
5.57    0.308409440445
5.61    0.303868446825
5.65    0.299316020367
5.69    0.294847879259
5.73    0.29056616203
5.77    0.286468068298
5.81    0.282510642283
5.85    0.278457386882
5.89    0.274242036665
5.93    0.269827621929
5.97    0.265201256239
6.01    0.260356664289
6.05    0.255305198412
6.09    0.25006087119
6.13    0.244642117963
6.17    0.23902803691
6.21    0.233192572396
6.25    0.227118034783
6.29    0.22078073507
6.33    0.214205281986
6.37    0.210772868823
6.41    0.207219752124
6.45    0.203249204604
6.49    0.198985720239
6.53    0.201293891676
6.57    0.203645552744
6.61    0.205879679616
6.65    0.208039649854
6.69    0.210084142141
6.73    0.211964298022
6.77    0.213727106274
6.81    0.215341369583
6.85    0.216755494454
6.89    0.218003261951
6.93    0.219095485565
6.97    0.219962410534
7.01    0.220613577938
7.05    0.221120852157
7.09    0.221386968615
7.13    0.221408416953
7.17    0.221291642475
7.21    0.220926070702
7.25    0.220328386714
7.29    0.219569764878
7.33    0.221371154024
7.37    0.224508074136
7.41    0.227613537788
7.45    0.230633047595
7.49    0.233562788494
7.53    0.236399154239
7.57    0.23913872698
7.61    0.241778259361
7.65    0.244321081737
7.69    0.24682298081
7.73    0.249216762757
7.77    0.251499660355
7.81    0.253669024357
7.85    0.255722319067
7.89    0.257677219939
7.93    0.2595665265
7.97    0.261333216599
8.01    0.262975129634
8.05    0.264493837498
8.09    0.265956861804
8.13    0.267289488815
8.17    0.268489972907
8.21    0.269595366386
8.25    0.270604065244
8.29    0.271476119535
8.33    0.272210275886
8.37    0.272850236633
8.41    0.273382333821
8.45    0.273773398965
8.49    0.274022751981
8.53    0.274162727521
8.57    0.274203024188
8.61    0.275529099054
8.65    0.280134594221
8.69    0.284500417341
8.73    0.288611334835
8.77    0.292438136881
8.81    0.295958910385
8.85    0.299141050067
8.89    0.301928535416
8.93    0.304358554399
8.97    0.306350325839
9.01    0.307976048417
9.05    0.309126020114
9.09    0.309908240451
9.13    0.310231202268
9.17    0.31011786736
9.21    0.309611364972
9.25    0.30862576096
9.29    0.307559662108
9.33    0.315006341512
9.37    0.322048903071
9.41    0.328679944147
9.45    0.335041234836
9.49    0.341410122572
9.53    0.347369063255
9.57    0.352859907692
9.61    0.357874075892
9.65    0.362446240707
9.69    0.366564102715
9.73    0.370238531326
9.77    0.373409586009
9.81    0.376061929775
9.85    0.378188283181
9.89    0.379782973966
9.93    0.380841275684
9.97    0.381356663423
