0.1	0.000674841155353
0.12	0.00129846785692
0.14	0.00245049447455
0.16	0.00450578711662
0.18	0.00518335206438
0.2	0.0066747627546
0.22	0.00534179248349
0.24	0.00467694188108
0.26	0.00542917492456
0.28	0.00639202720605
0.3	0.00553113802761
0.32	0.00586586786236
0.34	0.00585475261202
0.36	0.00650854133236
0.38	0.00733410641903
0.4	0.00759386947863
0.42	0.00840008334354
0.44	0.0114692062399
0.46	0.012630600516
0.48	0.0125096592686
0.5	0.0132917959598
0.52	0.0146011385775
0.54	0.0163174262244
0.56	0.016684490461
0.58	0.0148016597397
0.6	0.0124042663317
0.62	0.0125829698203
0.64	0.0141358939916
0.66	0.0162456095306
0.68	0.0183553734972
0.7	0.0195866136124
0.72	0.0217030007775
0.74	0.0227646721184
0.76	0.022448057779
0.78	0.0256293051175
0.8	0.0304345840181
0.82	0.0333818576233
0.84	0.0343401671551
0.86	0.0332679771094
0.88	0.0306538774434
0.9	0.0276422461227
0.92	0.0254585849942
0.94	0.0247743557418
0.96	0.0254772082996
0.98	0.0268009429472
1.0	0.0279766853086
1.02	0.028636675537
1.04	0.0288456935605
1.06	0.0291681232509
1.08	0.0296950801379
1.1	0.0311943852861
1.12	0.0325460541083
1.14	0.0334423653837
1.16	0.0336690259711
1.18	0.0360205815061
1.2	0.0383375739039
1.22	0.0398672246825
1.24	0.0406045442686
1.26	0.040546235673
1.28	0.0397666931774
1.3	0.038814030766
1.32	0.0396484615237
1.34	0.0401882375832
1.36	0.0404173859865
1.38	0.040326813367
1.4	0.0399231269588
1.42	0.0392127193107
1.44	0.0382938184967
1.46	0.0372793939348
1.48	0.036183309819
1.5	0.0349177618645
1.52	0.0334184806566
1.54	0.0328749375306
1.56	0.0333665050398
1.58	0.0337524518979
1.6	0.0340289441992
1.62	0.0342448902086
1.64	0.0344936525695
1.66	0.0346308988764
1.68	0.0346157601431
1.7	0.0344343905702
1.72	0.0340875191897
1.74	0.0335848168624
1.76	0.0329386014174
1.78	0.0321663769804
1.8	0.0312921571421
1.82	0.0303328861695
1.84	0.0299933128624
1.86	0.0320858966245
1.88	0.034049225462
1.9	0.0358382953186
1.92	0.037428183628
1.94	0.0388409632092
1.96	0.0401264393385
1.98	0.0412672591996
2.0	0.0422067948595
2.02	0.0429341036625
2.04	0.0434532525646
2.06	0.043782733159
2.08	0.0439469824963
2.1	0.0439824294276
2.12	0.0439126421433
2.14	0.0437790053792
2.16	0.0436098564838
2.18	0.0434491957272
2.2	0.0433240035696
2.22	0.0432657001299
2.24	0.0433029943692
2.26	0.043460685027
2.28	0.0437594943242
2.3	0.0442160277668
2.32	0.0448431683042
2.34	0.0456540906315
2.36	0.046648599248
2.38	0.0478274453434
2.4	0.0491879104106
2.42	0.050723986468
2.44	0.052426564289
2.46	0.054283634655
2.48	0.0562805087117
2.5	0.0584000630229
2.52	0.0606230132798
2.54	0.0629282182393
2.56	0.0652980303806
2.58	0.0677118303281
2.6	0.0701425024862
2.62	0.0725768030797
2.64	0.0749858577692
2.66	0.0773504550522
2.68	0.0796554724214
2.7	0.0818739222312
2.72	0.0839898406213
2.74	0.0859919183275
2.76	0.0878650498972
2.78	0.089596196994
2.8	0.091180235577
2.82	0.0926103529074
2.84	0.0940632042993
2.86	0.0958195479327
2.88	0.0974225172537
2.9	0.0988517319928
2.92	0.100090691972
2.94	0.10113846893
2.96	0.101985656967
2.98	0.102629756322
3.0	0.103071508179
3.02	0.105686742594
3.04	0.108249240543
3.06	0.110641921462
3.08	0.112868275657
3.1	0.114918594355
3.12	0.116802835828
3.14	0.118514150507
3.16	0.120066282235
3.18	0.121460418392
3.2	0.122717107659
3.22	0.123925556024
3.24	0.125098474917
3.26	0.126145893157
3.28	0.127046364932
3.3	0.127801098762
3.32	0.128404502772
3.34	0.128859804444
3.36	0.12917250917
3.38	0.129350672609
3.4	0.129401491155
3.42	0.129333562836
3.44	0.129159422835
3.46	0.128900152677
3.48	0.128571887686
3.5	0.128434604489
3.52	0.128298619227
3.54	0.128081926388
3.56	0.127786356672
3.58	0.12741536544
3.6	0.126974078882
3.62	0.126466005154
3.64	0.125896316748
3.66	0.125280597849
3.68	0.124618869595
3.7	0.123915838026
3.72	0.123189656553
3.74	0.122435682079
3.76	0.121662879424
3.78	0.120882386122
3.8	0.120092629295
3.82	0.119301153836
3.84	0.118516202367
3.86	0.117737230543
3.88	0.116968920051
3.9	0.116217744175
3.92	0.115485172313
3.94	0.114772685201
3.96	0.11408290997
3.98	0.113418836174
4.0	0.112784243683
4.02	0.112200186577
4.04	0.111689729252
4.06	0.111216127705
4.08	0.11077832097
4.1	0.110374592496
4.12	0.110004753137
4.14	0.109667254212
4.16	0.109360756555
4.18	0.10908494059
4.2	0.108839594057
4.22	0.108653501887
4.24	0.108572479806
4.26	0.108519831198
4.28	0.108495663423
4.3	0.108910284481
4.32	0.109435300676
4.34	0.109971951077
4.36	0.110526356206
4.38	0.111089602741
4.4	0.111670768031
4.42	0.112261047263
4.44	0.112866085401
4.46	0.113483062033
4.48	0.11410897822
4.5	0.114751682535
4.52	0.115402416556
4.54	0.11606236031
4.56	0.116736472385
4.58	0.117417255904
4.6	0.118105755288
4.62	0.118806687648
4.64	0.119512526767
4.66	0.12022427019
4.68	0.120946421503
4.7	0.121671434392
4.72	0.122401984923
4.74	0.123139069748
4.76	0.124675223032
4.78	0.126464115743
4.8	0.128176144992
4.82	0.129813685875
4.84	0.131402182964
4.86	0.13292134721
4.88	0.134340693409
4.9	0.135681436967
4.92	0.137008479092
4.94	0.1382676374
4.96	0.139429712681
4.98	0.140483835326
5.0	0.141448820185
5.02	0.142306979555
5.04	0.143030182384
5.06	0.143622326671
5.08	0.144103386521
5.1	0.144522305519
5.12	0.144876687311
5.14	0.1451236192
5.16	0.145692045557
5.18	0.146866039614
5.2	0.148032753036
5.22	0.149189642294
5.24	0.150340852614
5.26	0.151479667362
5.28	0.152783688786
5.3	0.154131402311
5.32	0.155474465205
5.34	0.156810514475
5.36	0.158137459106
5.38	0.159453841655
5.4	0.160759097971
5.42	0.162055078379
5.44	0.163340110105
5.46	0.164616575005
5.48	0.165890340502
5.5	0.167176671016
5.52	0.16846636449
5.54	0.16974829441
5.56	0.171023984143
5.58	0.172292672776
5.6	0.173564115472
5.62	0.17486219591
5.64	0.176194287405
5.66	0.177676705761
5.68	0.179197729434
5.7	0.180712300905
5.72	0.182215146342
5.74	0.183705607772
5.76	0.18518211023
5.78	0.186640977199
5.8	0.188081322075
5.82	0.189502234082
5.84	0.190900793066
5.86	0.192275674442
5.88	0.193628466037
5.9	0.194959371847
5.92	0.196267588743
5.94	0.197558951533
5.96	0.198858876757
5.98	0.200198153162
6.0	0.201533385722
6.02	0.202852766206
6.04	0.204152569922
6.06	0.205601052031
6.08	0.207231501603
6.1	0.208837006654
6.12	0.210409029476
6.14	0.211956199017
6.16	0.213468396031
6.18	0.214955401153
6.2	0.216406898479
6.22	0.217832072198
6.24	0.219222044459
6.26	0.220583882445
6.28	0.221911469741
6.3	0.223208630061
6.32	0.224473150116
6.34	0.225704452018
6.36	0.226905688722
6.38	0.228071473314
6.4	0.22920857434
6.42	0.230313326569
6.44	0.23138689318
6.46	0.232431884746
6.48	0.233471169676
6.5	0.234645184116
6.52	0.235794425141
6.54	0.236917348934
6.56	0.238011892798
6.58	0.239075923404
6.6	0.2401078586
6.62	0.241107094524
6.64	0.242074246589
6.66	0.243012392259
6.68	0.2439193098
6.7	0.244796216698
6.72	0.24564402981
6.74	0.246463284111
6.76	0.247254287548
6.78	0.248017384091
6.8	0.248756206628
6.82	0.249662279004
6.84	0.250646837274
6.86	0.251617259765
6.88	0.252588618622
6.9	0.253559659613
6.92	0.254543273504
6.94	0.25553965169
6.96	0.256525655907
6.98	0.257496861142
7.0	0.258450296975
