0.05    0.000139157318729
0.09    0.000518611767978
0.13    0.00189341006558
0.17    0.00557587363248
0.21    0.00545011523813
0.25    0.0044773675731
0.29    0.00579192778856
0.33    0.00562808771446
0.37    0.00707627941539
0.41    0.00757272205375
0.45    0.0123778724094
0.49    0.0128431300466
0.53    0.0155023429685
0.57    0.0159808266385
0.61    0.0121869639299
0.65    0.0152342276502
0.69    0.0189992648572
0.73    0.0224021168978
0.77    0.0228882686618
0.81    0.0321540132299
0.85    0.0340436833584
0.89    0.0291123811834
0.93    0.0249174413446
0.97    0.0261171591648
1.01    0.0283719891076
1.05    0.0289445303583
1.09    0.03044551478
1.13    0.0330646149766
1.17    0.0346211518597
1.21    0.0392049841584
1.25    0.0406709491776
1.29    0.0391355562384
1.33    0.0399576563226
1.37    0.0404131975283
1.41    0.0396026472355
1.45    0.0377962565674
1.49    0.0355782472352
1.53    0.0325894723516
1.57    0.0335727514395
1.61    0.0341320635657
1.65    0.0345806405911
1.69    0.0345462024025
1.73    0.0338549185214
1.77    0.0325665808576
1.81    0.0308216346589
1.85    0.0310524466646
1.89    0.0349669153314
1.93    0.0381519086277
1.97    0.040718833736
2.01    0.0425969933434
2.05    0.0436394711764
2.09    0.0439806769183
2.13    0.043852676771
2.17    0.0435269117992
2.21    0.0432846077846
2.25    0.0433653984698
2.29    0.0439671676053
2.33    0.0452258684776
2.37    0.0472150707787
2.41    0.0499344959869
2.45    0.0533366458926
2.49    0.0573261088738
2.53    0.0617667188657
2.57    0.0665016665703
2.61    0.0713623224598
2.65    0.076176721969
2.69    0.0807734053048
2.73    0.085009649051
2.77    0.0887516410681
2.81    0.091914287401
2.85    0.0949570308183
2.89    0.0981630769835
2.93    0.100643675685
2.97    0.102330053914
3.01    0.104344881324
3.05    0.10946861358
3.09    0.113913892848
3.13    0.117679793489
3.17    0.120782153978
3.21    0.123314462611
3.25    0.125639708175
3.29    0.127443685474
3.33    0.128649782662
3.37    0.129281244317
3.41    0.129380611558
3.45    0.129039346292
3.49    0.128474724607
3.53    0.128202351366
3.57    0.127612997311
3.61    0.12672447724
3.65    0.125596264091
3.69    0.124273133275
3.73    0.122812703825
3.77    0.121274196754
3.81    0.119698012782
3.85    0.118123459953
3.89    0.116592393149
3.93    0.115124522544
3.97    0.113748469182
4.01    0.112478964772
4.05    0.111448218954
4.09    0.110572047624
4.13    0.109832305583
4.17    0.109218773422
4.21    0.10872768389
4.25    0.108542504172
4.29    0.108653682083
4.33    0.109702591302
4.37    0.110806871434
4.41    0.111964782882
4.45    0.113173479449
4.49    0.114429305412
4.53    0.115730677689
4.57    0.117076063069
4.61    0.118455568408
4.65    0.119867082346
4.69    0.1213086156
4.73    0.122770400151
4.77    0.125580520305
4.81    0.129003086025
4.85    0.1321732327
4.89    0.135016625843
4.93    0.13765048065
4.97    0.139969464327
5.01    0.141893625234
5.05    0.143340905329
5.09    0.144317599617
5.13    0.145014124556
5.17    0.146280635069
5.21    0.14861298634
5.25    0.150911243374
5.29    0.153458421613
5.33    0.15614360143
5.37    0.15879634005
5.41    0.161409574978
5.45    0.163979712452
5.49    0.16653200526
5.53    0.169108625988
5.57    0.17165882961
5.61    0.174209230066
5.65    0.176915266944
5.69    0.179956368011
5.73    0.182962761019
5.77    0.185914686935
5.81    0.188794888356
5.85    0.1915909721
5.89    0.194297138168
5.93    0.196914881808
5.97    0.19952658059
6.01    0.202194468485
6.05    0.204796830045
6.09    0.208038607802
6.13    0.211187095382
6.17    0.214216496191
6.21    0.21712418832
6.25    0.219907760722
6.29    0.222564930407
6.33    0.225093753889
6.37    0.227492914046
6.41    0.229763592702
6.45    0.231912575673
6.49    0.23406054485
6.53    0.236360957327
6.57    0.238548017317
6.61    0.240611027618
6.65    0.242548449312
6.69    0.244361151073
6.73    0.246057129697
6.77    0.247640130392
6.81    0.24916390205
6.85    0.251133366081
6.89    0.253074062256
6.93    0.255042346794
6.97    0.257013379483
7.01    0.258919293649
7.05    0.260737611167
7.09    0.262478791206
7.13    0.264147432878
7.17    0.265779695416
7.21    0.267381599125
7.25    0.268928007989
7.29    0.270411721876
7.33    0.271829606266
7.37    0.273166617731
7.41    0.274410142443
7.45    0.27555847372
7.49    0.276613010633
7.53    0.277602917937
7.57    0.278939939646
7.61    0.280211723987
7.65    0.281387823752
7.69    0.282466947463
7.73    0.283440903117
7.77    0.28431354562
7.81    0.285096623059
7.85    0.286028545072
7.89    0.287114137949
7.93    0.288200455023
7.97    0.290834562654
8.01    0.295621563546
8.05    0.300213834089
8.09    0.30463173367
8.13    0.308869113776
8.17    0.312922459554
8.21    0.316802544835
8.25    0.320511548714
8.29    0.324051599447
8.33    0.327426113439
8.37    0.330637747686
8.41    0.333686987316
8.45    0.336575690498
8.49    0.339304401717
8.53    0.341873459509
8.57    0.34428349097
8.61    0.346535015306
8.65    0.34862812952
8.69    0.350562722974
8.73    0.352338689821
8.77    0.353955925227
8.81    0.355267160925
8.85    0.356039852776
8.89    0.356278509333
8.93    0.35599189998
8.97    0.355577363183
9.01    0.357890071012
9.05    0.360071733118
9.09    0.362117482914
9.13    0.364154135225
9.17    0.366244228477
9.21    0.36818854024
9.25    0.369961759025
9.29    0.371638036493
9.33    0.373350483267
9.37    0.375019975823
9.41    0.376596406209
9.45    0.378112360818
9.49    0.379497099955
9.53    0.380729806876
9.57    0.381871881659
9.61    0.383106283058
9.65    0.384284212088
9.69    0.385333002407
9.73    0.386256470321
9.77    0.387082233641
9.81    0.387826785142
9.85    0.388568387227
9.89    0.389325875865
9.93    0.389982847813
9.97    0.390581945887
