0.05    7.1174707347e-05
0.09    0.000305429940099
0.13    0.00117358758266
0.17    0.00151026190315
0.21    0.00192954620549
0.25    0.00403258235879
0.29    0.00447346668572
0.33    0.00496803264745
0.37    0.00675549611223
0.41    0.00645291755716
0.45    0.0102385154841
0.49    0.0139152223395
0.53    0.0165912745444
0.57    0.0164918103112
0.61    0.015411131497
0.65    0.0138892203508
0.69    0.0186095243444
0.73    0.0235585974719
0.77    0.0278564758011
0.81    0.0289883698593
0.85    0.0373047955681
0.89    0.047201603726
0.93    0.0532714616894
0.97    0.0543914004935
1.01    0.0526236864103
1.05    0.0540295583988
1.09    0.0581593050413
1.13    0.0681193269866
1.17    0.0751057542822
1.21    0.0751602248712
1.25    0.0879518472157
1.29    0.0957548181738
1.33    0.0963896791367
1.37    0.0944335231845
1.41    0.0867661027493
1.45    0.0761487107646
1.49    0.0693715871905
1.53    0.0657966800864
1.57    0.0660933466145
1.61    0.0669307028421
1.65    0.0642706170363
1.69    0.0613882434123
1.73    0.060613823481
1.77    0.0623632959564
1.81    0.0653875430357
1.85    0.0680385385272
1.89    0.0690336276617
1.93    0.0676858241038
1.97    0.0639658276696
2.01    0.0610713014786
2.05    0.0639623806236
2.09    0.0636337089537
2.13    0.0617333144948
2.17    0.0597909556067
2.21    0.058581143929
2.25    0.0578985553824
2.29    0.0570206312682
2.33    0.0553540508762
2.37    0.0528453841451
2.41    0.0529582871473
2.45    0.0535305135612
2.49    0.0535797325815
2.53    0.0562154976796
2.57    0.0581218896087
2.61    0.0656526338337
2.65    0.0732381292915
2.69    0.0799410956608
2.73    0.0852416492524
2.77    0.0891347602749
2.81    0.0915089094512
2.85    0.0927371982479
2.89    0.0937307114682
2.93    0.0945635578869
2.97    0.0951057224966
3.01    0.095782657748
3.05    0.0994739200814
3.09    0.105290222769
3.13    0.110220478288
3.17    0.114413425779
3.21    0.117468177271
3.25    0.120191882688
3.29    0.123823294654
3.33    0.127295997241
3.37    0.130399607382
3.41    0.132716593827
3.45    0.134375453378
3.49    0.135002417525
3.53    0.134623495548
3.57    0.134385261048
3.61    0.134558203745
3.65    0.133599377897
3.69    0.131445389477
3.73    0.128444876961
3.77    0.12468938645
3.81    0.125480748498
3.85    0.126542344856
3.89    0.12727390293
3.93    0.12762987587
3.97    0.127621294677
4.01    0.127287496748
4.05    0.126665876315
4.09    0.125799052811
4.13    0.124747538717
4.17    0.123571733276
4.21    0.122318224544
4.25    0.121027496905
4.29    0.119744555721
4.33    0.118499334588
4.37    0.117299709648
4.41    0.116136917443
4.45    0.114979684273
4.49    0.116281259242
4.53    0.119510705899
4.57    0.12309123705
4.61    0.127017881852
4.65    0.131278383138
4.69    0.135849345555
4.73    0.140702121996
4.77    0.145803207997
4.81    0.151116015669
4.85    0.156596852028
4.89    0.162209842166
4.93    0.167913687418
4.97    0.173683289515
5.01    0.179548660543
5.05    0.18560198139
5.09    0.191688416882
5.13    0.197731622209
5.17    0.203696848768
5.21    0.209572812538
5.25    0.215363810284
5.29    0.221039284637
5.33    0.226555505285
5.37    0.231886104473
5.41    0.237006793082
5.45    0.241888772556
5.49    0.246515302544
5.53    0.250873295394
5.57    0.25494724529
5.61    0.258729667782
5.65    0.262216626865
5.69    0.265406045335
5.73    0.268297880394
5.77    0.270915573075
5.81    0.273302391834
5.85    0.275538254251
5.89    0.277771500926
5.93    0.28218698536
5.97    0.287525784051
6.01    0.292725933656
6.05    0.297784811421
6.09    0.302696454481
6.13    0.30746007104
6.17    0.312079450934
6.21    0.316551918702
6.25    0.320881834548
6.29    0.325073135035
6.33    0.329129340559
6.37    0.333054220229
6.41    0.336851761938
6.45    0.340524222391
6.49    0.344071408343
6.53    0.347491300114
6.57    0.350781414951
6.61    0.353943318472
6.65    0.356970244854
6.69    0.359866061491
6.73    0.362630029451
6.77    0.365263982869
6.81    0.367770662138
6.85    0.370149293296
6.89    0.372403922936
6.93    0.374531842953
6.97    0.376535590498
7.01    0.37841646977
7.05    0.38017214557
7.09    0.381811585201
7.13    0.383328855324
7.17    0.384733418208
7.21    0.386024143893
7.25    0.387212095707
7.29    0.388301893712
7.33    0.389304264576
7.37    0.39022357539
7.41    0.391064633757
7.45    0.391832681537
7.49    0.392546340675
7.53    0.393252003795
7.57    0.394066538801
7.61    0.396430656289
7.65    0.399186653231
7.69    0.401858424222
7.73    0.404434048881
7.77    0.406911844737
7.81    0.409291843983
7.85    0.411574397
7.89    0.413759686534
7.93    0.4158484883
7.97    0.417845231536
8.01    0.419751108935
8.05    0.421570470231
8.09    0.423307179646
8.13    0.424963321627
8.17    0.426540331418
8.21    0.428040184057
8.25    0.429464881311
8.29    0.4308159104
8.33    0.432093231967
8.37    0.433294664834
8.41    0.434417590568
8.45    0.435466356952
8.49    0.436435163463
8.53    0.437328491955
8.57    0.438146484976
8.61    0.438888427116
8.65    0.439559340632
8.69    0.440954221877
8.73    0.442762607403
8.77    0.444413189248
8.81    0.44590493364
8.85    0.447239459919
8.89    0.448410983797
8.93    0.449413899194
8.97    0.450245257978
9.01    0.450914088007
9.05    0.451424071113
9.09    0.451777031492
9.13    0.451974572908
9.17    0.452007737633
9.21    0.451870547406
9.25    0.451558371447
9.29    0.451072119028
9.33    0.450417286122
9.37    0.449608225312
9.41    0.448666075557
9.45    0.447620055655
9.49    0.446481213521
9.53    0.44523791075
9.57    0.443872241339
9.61    0.442389348332
9.65    0.440797277882
9.69    0.43911637733
9.73    0.437375368331
9.77    0.435662460557
9.81    0.435183616346
9.85    0.434701765085
9.89    0.434190376801
9.93    0.433641411757
9.97    0.433052280575
