0.05    0.000104407579989
0.09    0.000423261475123
0.13    0.00134166680124
0.17    0.00278308627711
0.21    0.00353611823877
0.25    0.00582188371255
0.29    0.0110554805999
0.33    0.0127331084648
0.37    0.0128402643424
0.41    0.0138765629229
0.45    0.0119670833814
0.49    0.0148960447238
0.53    0.0128386249211
0.57    0.0131584159588
0.61    0.01591092909
0.65    0.0154505734882
0.69    0.0207109687328
0.73    0.0291307313123
0.77    0.0318923101193
0.81    0.0315340726602
0.85    0.0379091235589
0.89    0.0425726654099
0.93    0.0466166357256
0.97    0.0583502699302
1.01    0.0709503060104
1.05    0.0787920282916
1.09    0.0818572038894
1.13    0.0772691989583
1.17    0.0661437968971
1.21    0.0573494993495
1.25    0.0471176796103
1.29    0.0406125693659
1.33    0.0391850165613
1.37    0.0379108072671
1.41    0.0374878823861
1.45    0.0374570752212
1.49    0.0408877823973
1.53    0.042457169326
1.57    0.0420184786099
1.61    0.0409206487639
1.65    0.0397816135421
1.69    0.0404708234155
1.73    0.0448822427544
1.77    0.0477794855572
1.81    0.048550925155
1.85    0.047886960661
1.89    0.0471350507111
1.93    0.0473595718158
1.97    0.0487880640245
2.01    0.0508660223868
2.05    0.0527903910686
2.09    0.0539501592144
2.13    0.0541191108585
2.17    0.053421718757
2.21    0.0533588829541
2.25    0.0540691786929
2.29    0.0560381211761
2.33    0.0558788743616
2.37    0.0539033501707
2.41    0.0504088518205
2.45    0.0491649061229
2.49    0.0492754642011
2.53    0.0492172656617
2.57    0.0512508633408
2.61    0.054171544844
2.65    0.0563092845047
2.69    0.0574168015841
2.73    0.0573754637612
2.77    0.0561922156094
2.81    0.0546943328314
2.85    0.055993355959
2.89    0.0564249976019
2.93    0.0572298136516
2.97    0.0572062614259
3.01    0.055733365606
3.05    0.053265009823
3.09    0.0503825463061
3.13    0.0476388369473
3.17    0.04472680478
3.21    0.0438869928324
3.25    0.0462688835248
3.29    0.0482925491865
3.33    0.0498118978009
3.37    0.0507435781263
3.41    0.0511036261981
3.45    0.0510234356406
3.49    0.0507192400901
3.53    0.0504643894234
3.57    0.0505136403395
3.61    0.051062050623
3.65    0.0521969269409
3.69    0.0538863823702
3.73    0.0559999169576
3.77    0.0583374406606
3.81    0.060668862296
3.85    0.0627883066335
3.89    0.0645318281318
3.93    0.0658017261448
3.97    0.0668087201712
4.01    0.0688211762495
4.05    0.0704746703477
4.09    0.0718294671221
4.13    0.0729855224747
4.17    0.0740646617139
4.21    0.0752019266019
4.25    0.0769798081875
4.29    0.0795564991133
4.33    0.0821635702041
4.37    0.0851670874999
4.41    0.0883618626615
4.45    0.0916130631831
4.49    0.0948298209765
4.53    0.0978027045987
4.57    0.100350749085
4.61    0.104147476591
4.65    0.108087557832
4.69    0.111823415082
4.73    0.115240348961
4.77    0.118231050047
4.81    0.123329446511
4.85    0.129448153275
4.89    0.135446776508
4.93    0.14129569706
4.97    0.146881735681
5.01    0.152127599696
5.05    0.156978739063
5.09    0.161392294949
5.13    0.165351134411
5.17    0.168858877675
5.21    0.171923921386
5.25    0.174548135516
5.29    0.176735161727
5.33    0.178497494415
5.37    0.179856670764
5.41    0.180834959071
5.45    0.181469973353
5.49    0.181794284973
5.53    0.181847550149
5.57    0.181671874399
5.61    0.181298007184
5.65    0.180759941848
5.69    0.180092887745
5.73    0.179331458393
5.77    0.178507090503
5.81    0.17764758747
5.85    0.176782228813
5.89    0.17593482256
5.93    0.175121507957
5.97    0.174594652925
6.01    0.176804818585
6.05    0.178998610118
6.09    0.18118049601
6.13    0.18335877738
6.17    0.185535811859
6.21    0.187708817051
6.25    0.189877780909
6.29    0.192040660946
6.33    0.194205911604
6.37    0.196383688424
6.41    0.19856509815
6.45    0.200716475735
6.49    0.202811059324
6.53    0.204819354327
6.57    0.206717703708
6.61    0.208481844903
6.65    0.210091897142
6.69    0.211529917921
6.73    0.212779800433
6.77    0.213827679536
6.81    0.214668723687
6.85    0.215296821188
6.89    0.215712951492
6.93    0.217563128805
6.97    0.220815360037
7.01    0.223993589564
7.05    0.227078204172
7.09    0.230050210402
7.13    0.232894218176
7.17    0.235601343156
7.21    0.238157825193
7.25    0.240555362422
7.29    0.242790125114
7.33    0.244854173618
7.37    0.246743035613
7.41    0.248452734365
7.45    0.249978409677
7.49    0.251315590692
7.53    0.252464242745
7.57    0.253420311809
7.61    0.254183459634
7.65    0.254754573382
7.69    0.255136157221
7.73    0.255332549305
7.77    0.255349722984
7.81    0.255194976111
7.85    0.254881940435
7.89    0.254423259943
7.93    0.253833692571
7.97    0.253113869355
8.01    0.252257753092
8.05    0.251272002437
8.09    0.250168010159
8.13    0.24895235277
8.17    0.247639544774
8.21    0.246222366378
8.25    0.244692334595
8.29    0.243055664435
8.33    0.241319463619
8.37    0.239490983243
8.41    0.23757528332
8.45    0.235575270496
8.49    0.233496692522
8.53    0.231345642041
8.57    0.229127134175
8.61    0.226845316212
8.65    0.224506288323
8.69    0.222117997408
8.73    0.219686810488
8.77    0.217222342504
8.81    0.214729963727
8.85    0.212218634173
8.89    0.209692041555
8.93    0.207157494255
8.97    0.204621172809
9.01    0.202088592019
9.05    0.199565973985
9.09    0.197059346732
9.13    0.194574527954
9.17    0.192455941742
9.21    0.190399145871
9.25    0.188353250434
9.29    0.1863260935
9.33    0.184324399366
9.37    0.18235348168
9.41    0.180417425637
9.45    0.178517226058
9.49    0.176655631849
9.53    0.174834696665
9.57    0.173057726978
9.61    0.171329207224
9.65    0.169651455732
9.69    0.168027947866
9.73    0.166462276436
9.77    0.164957028811
9.81    0.163514416748
9.85    0.162138108915
9.89    0.160829591109
9.93    0.159590743935
9.97    0.158423428364
