0.05    0.00011487557654
0.09    0.000440192892808
0.13    0.000940148576936
0.17    0.00205925352322
0.21    0.00415418986901
0.25    0.00618193235863
0.29    0.0105829123063
0.33    0.015497571798
0.37    0.0224896919511
0.41    0.023466869533
0.45    0.02714320887
0.49    0.0377935298158
0.53    0.0340240056021
0.57    0.0342294484343
0.61    0.0414309996341
0.65    0.0483731583394
0.69    0.0494956468006
0.73    0.0591685532216
0.77    0.0660883791827
0.81    0.0886968944675
0.85    0.131643233767
0.89    0.166053021693
0.93    0.160821460645
0.97    0.145003750305
1.01    0.145570521945
1.05    0.169236530258
1.09    0.181693136742
1.13    0.179297549164
1.17    0.194557459717
1.21    0.202162324394
1.25    0.208113296076
1.29    0.214483636831
1.33    0.218696195922
1.37    0.22041601909
1.41    0.221230492133
1.45    0.221082035499
1.49    0.218469699999
1.53    0.212663830982
1.57    0.204348958627
1.61    0.202098866083
1.65    0.195987494519
1.69    0.201471828434
1.73    0.202814886347
1.77    0.201411115357
1.81    0.199001352411
1.85    0.192784238034
1.89    0.183919035227
1.93    0.177495796117
1.97    0.171539897463
2.01    0.166477287872
2.05    0.162970100708
2.09    0.161186768077
2.13    0.160748195602
2.17    0.160932324725
2.21    0.161026998017
2.25    0.160526578367
2.29    0.15921582483
2.33    0.157120637328
2.37    0.154385686549
2.41    0.151200133678
2.45    0.147708706483
2.49    0.143987290214
2.53    0.140061413167
2.57    0.13594689121
2.61    0.131688202363
2.65    0.130300618598
2.69    0.131121118071
2.73    0.131397178102
2.77    0.134813798806
2.81    0.139053001667
2.85    0.143164626136
2.89    0.147731469746
2.93    0.156439519556
2.97    0.168606116531
3.01    0.183374031988
3.05    0.197405652063
3.09    0.206711729263
3.13    0.208635716683
3.17    0.212246787118
3.21    0.222093445076
3.25    0.232006613675
3.29    0.242339712833
3.33    0.253325490812
3.37    0.26504247631
3.41    0.277377116871
3.45    0.290044399962
3.49    0.302624680113
3.53    0.314616502641
3.57    0.325542434041
3.61    0.33505665183
3.65    0.349682316007
3.69    0.36258113274
3.73    0.373328126911
3.77    0.381844871503
3.81    0.388228933903
3.85    0.392768144599
3.89    0.3958282143
3.93    0.419534630906
3.97    0.438931831688
4.01    0.453370453773
4.05    0.462874643372
4.09    0.467503055382
4.13    0.467697968576
4.17    0.463728153277
4.21    0.460995510696
4.25    0.472312526518
4.29    0.483799237031
4.33    0.49422466115
4.37    0.50309135167
4.41    0.51013390648
4.45    0.515241921919
4.49    0.518425309663
4.53    0.51983380178
4.57    0.519678384266
4.61    0.518109925661
4.65    0.515273772484
4.69    0.513507776679
4.73    0.517086311195
4.77    0.519352608199
4.81    0.519963721282
4.85    0.51852421666
4.89    0.514757163787
4.93    0.508498201193
4.97    0.499591609656
5.01    0.505891848197
5.05    0.515374433005
5.09    0.523865473423
5.13    0.531142896248
5.17    0.536983872154
5.21    0.541240488554
5.25    0.543839458551
5.29    0.54476703565
5.33    0.544049505345
5.37    0.541726197108
5.41    0.537901857954
5.45    0.532678504133
5.49    0.526180034187
5.53    0.523610459404
5.57    0.525198980006
5.61    0.526325084975
5.65    0.527127459013
5.69    0.527452067901
5.73    0.527149290237
5.77    0.526111039849
5.81    0.524304799093
5.85    0.521752765096
5.89    0.518476659305
5.93    0.514508366328
5.97    0.509889824678
6.01    0.504629156784
6.05    0.498729094284
6.09    0.492186852906
6.13    0.485015126156
6.17    0.477228989433
6.21    0.477451755975
6.25    0.477360031393
6.29    0.476907434745
6.33    0.476151208537
6.37    0.475156331854
6.41    0.474079820018
6.45    0.473565384518
6.49    0.473433273367
6.53    0.473250404015
6.57    0.47274308342
6.61    0.471750744828
6.65    0.470190906989
6.69    0.468014565406
6.73    0.465158829825
6.77    0.461564872544
6.81    0.457183390843
6.85    0.451984018673
6.89    0.451722142428
6.93    0.45575428722
6.97    0.459519420719
7.01    0.463020725012
7.05    0.466190219388
7.09    0.468944370637
7.13    0.471230570213
7.17    0.473025247744
7.21    0.474332815773
7.25    0.475154567539
7.29    0.475505736011
7.33    0.475437249649
7.37    0.475980942429
7.41    0.480209594177
7.45    0.484141885479
7.49    0.487761427388
7.53    0.491052532861
7.57    0.494006534566
7.61    0.496623653605
7.65    0.498913947641
7.69    0.500886542776
7.73    0.502557845669
7.77    0.503943252053
7.81    0.505045567292
7.85    0.505901352762
7.89    0.506689946383
7.93    0.508175871237
7.97    0.51000082971
8.01    0.511744649784
8.05    0.513261897081
8.09    0.514481734293
8.13    0.515383842013
8.17    0.51595264541
8.21    0.516186107818
8.25    0.516078947806
8.29    0.515634275957
8.33    0.514860494639
8.37    0.513761726939
8.41    0.512352064426
8.45    0.510650496938
8.49    0.50867407378
8.53    0.506449309881
8.57    0.504010181622
8.61    0.50139728319
8.65    0.498659964765
8.69    0.495833061133
8.73    0.492959066709
8.77    0.490127346112
8.81    0.487508554616
8.85    0.485025214667
8.89    0.482487406671
8.93    0.47984222701
8.97    0.477072834647
9.01    0.47418069985
9.05    0.471656724469
9.09    0.471712002744
9.13    0.471782879783
9.17    0.471865189899
9.21    0.471913907753
9.25    0.471901488381
9.29    0.471820662394
9.33    0.471670486539
9.37    0.471450127356
9.41    0.47116789891
9.45    0.470823132781
9.49    0.470421395854
9.53    0.469968132365
9.57    0.469468678692
9.61    0.46892815639
9.65    0.468351602092
9.69    0.467743771196
9.73    0.467109191132
9.77    0.466452152506
9.81    0.465776739036
9.85    0.465086843619
9.89    0.464390857361
9.93    0.46368903443
9.97    0.462983884862
