0.05    0.000158814121735
0.09    0.000562797705341
0.13    0.0011820543081
0.17    0.00252147210138
0.21    0.00456975645759
0.25    0.00954220875802
0.29    0.0130186304607
0.33    0.0164017167428
0.37    0.022090460306
0.41    0.0292986302475
0.45    0.0351845495106
0.49    0.0419368590887
0.53    0.0449184472535
0.57    0.0419675334247
0.61    0.0371229840062
0.65    0.0390240470091
0.69    0.0479615955952
0.73    0.0633479697348
0.77    0.0737081628932
0.81    0.0839867289655
0.85    0.101468298769
0.89    0.109718404576
0.93    0.11991411693
0.97    0.122175990132
1.01    0.113174815896
1.05    0.101102086316
1.09    0.0941720069256
1.13    0.0946940068184
1.17    0.0993535075796
1.21    0.105089935098
1.25    0.108897435148
1.29    0.112737708804
1.33    0.10929531499
1.37    0.105346831615
1.41    0.109516834662
1.45    0.10659769897
1.49    0.100617653754
1.53    0.0965436547881
1.57    0.0981212668775
1.61    0.103637545583
1.65    0.108559811053
1.69    0.11093559655
1.73    0.112032560815
1.77    0.116621539772
1.81    0.120379741284
1.85    0.121629289902
1.89    0.124851499594
1.93    0.12941455379
1.97    0.130924254085
2.01    0.130216953602
2.05    0.128185520144
2.09    0.125341720814
2.13    0.121847663956
2.17    0.122127776103
2.21    0.120161723672
2.25    0.117010716526
2.29    0.11402107828
2.33    0.11241012294
2.37    0.112823238561
2.41    0.115039443852
2.45    0.118096591263
2.49    0.126669106688
2.53    0.136910203472
2.57    0.144151006827
2.61    0.146710273082
2.65    0.146293844905
2.69    0.170201637471
2.73    0.191016916455
2.77    0.205658580083
2.81    0.215825759629
2.85    0.22310525535
2.89    0.227402437525
2.93    0.228932811258
2.97    0.227314925446
3.01    0.222982503846
3.05    0.21710700141
3.09    0.211154907586
3.13    0.206497059609
3.17    0.203711758718
3.21    0.202425395652
3.25    0.201741901494
3.29    0.200848777485
3.33    0.199204923603
3.37    0.20107310876
3.41    0.21247215771
3.45    0.228919423434
3.49    0.245739704122
3.53    0.261769336698
3.57    0.279378357093
3.61    0.301021697501
3.65    0.318670386109
3.69    0.331187122502
3.73    0.3377982517
3.77    0.340949949499
3.81    0.348474302752
3.85    0.349144296813
3.89    0.355193636312
3.93    0.355583915028
3.97    0.350054767175
4.01    0.338729354436
4.05    0.322337795295
4.09    0.309590524475
4.13    0.319167564525
4.17    0.328454344633
4.21    0.337491925611
4.25    0.346437633765
4.29    0.355479609354
4.33    0.364467077723
4.37    0.373197072744
4.41    0.381662472275
4.45    0.389963619695
4.49    0.398229923465
4.53    0.406585256356
4.57    0.415172292122
4.61    0.424117980674
4.65    0.433541893111
4.69    0.443541930026
4.73    0.454185639243
4.77    0.46547647001
4.81    0.477336525599
4.85    0.489630993294
4.89    0.502263508055
4.93    0.515284415557
4.97    0.528949012232
5.01    0.543268041279
5.05    0.558092623369
5.09    0.573187625377
5.13    0.588098794717
5.17    0.602315223678
5.21    0.617021257833
5.25    0.634329255273
5.29    0.650935630184
5.33    0.666637848436
5.37    0.68133602503
5.41    0.695034202737
5.45    0.707854421674
5.49    0.719968787858
5.53    0.731349730617
5.57    0.741684018943
5.61    0.750719413692
5.65    0.758375137935
5.69    0.764559046995
5.73    0.769195446122
5.77    0.772313930853
5.81    0.774012978969
5.85    0.774299676291
5.89    0.773091269105
5.93    0.770296709454
5.97    0.765909714524
6.01    0.761568384569
6.05    0.767867253798
6.09    0.773359356148
6.13    0.777925449499
6.17    0.781502408081
6.21    0.784070846389
6.25    0.785663337262
6.29    0.7863549526
6.33    0.786239770557
6.37    0.785406232996
6.41    0.783896673896
6.45    0.781802724219
6.49    0.779308116015
6.53    0.776502181
6.57    0.773252007036
6.61    0.769406024633
6.65    0.764899651395
6.69    0.759716673939
6.73    0.760702213913
6.77    0.762816517293
6.81    0.76451129406
6.85    0.765807724172
6.89    0.766714489658
6.93    0.767247771995
6.97    0.767423960262
7.01    0.767260407101
7.05    0.766773583215
7.09    0.765982501157
7.13    0.764911348409
7.17    0.763579444956
7.21    0.762015641618
7.25    0.760253170954
7.29    0.758320931912
7.33    0.756242715696
7.37    0.754033942625
7.41    0.751697217215
7.45    0.749225522692
7.49    0.746623465993
7.53    0.743885744287
7.57    0.7410154506
7.61    0.73802254083
7.65    0.734914331108
7.69    0.731693122002
7.73    0.728360970829
7.77    0.724912533347
7.81    0.721339640129
7.85    0.717635913805
7.89    0.713800355799
7.93    0.70982733167
7.97    0.705718727893
8.01    0.701482530473
8.05    0.697120107999
8.09    0.692643215117
8.13    0.688065201837
8.17    0.683405995115
8.21    0.678678675729
8.25    0.673909309984
8.29    0.669141799694
8.33    0.66449494836
8.37    0.660076853741
8.41    0.655791819301
8.45    0.654992090278
8.49    0.656814476219
8.53    0.658564531387
8.57    0.660240693897
8.61    0.661841426956
8.65    0.663365198145
8.69    0.66481050084
8.73    0.666177210057
8.77    0.667464537711
8.81    0.66866915738
8.85    0.669789825885
8.89    0.670825396628
8.93    0.671774830519
8.97    0.672637193349
9.01    0.673411637075
9.05    0.674097364105
9.09    0.674693582181
9.13    0.675199483933
9.17    0.675614675587
9.21    0.675940097814
9.25    0.676173225742
9.29    0.676313633097
9.33    0.676361062114
9.37    0.676315392627
9.41    0.676176615381
9.45    0.675944807162
9.49    0.675620098131
9.53    0.675202644975
9.57    0.674692624586
9.61    0.674090255779
9.65    0.673398767745
9.69    0.672615837507
9.73    0.67174202906
9.77    0.670778136799
9.81    0.669725162175
9.85    0.668584252411
9.89    0.667356641019
9.93    0.666043624245
9.97    0.664646565411
