0.1	0.000728001226831
0.12	0.00101444785971
0.14	0.00148832748102
0.16	0.00231725471274
0.18	0.00292937091144
0.2	0.0043740943691
0.22	0.00540589825347
0.24	0.00762831416467
0.26	0.0115126455942
0.28	0.0127478783047
0.3	0.0130830331016
0.32	0.0147494673112
0.34	0.0176870649429
0.36	0.0204726423122
0.38	0.0238390809463
0.4	0.0276032998191
0.42	0.0309891027413
0.44	0.0335206765072
0.46	0.0368007379271
0.48	0.0403918682205
0.5	0.0430823050215
0.52	0.0451357217135
0.54	0.0445827848089
0.56	0.043234763543
0.58	0.0402672479793
0.6	0.0360021073748
0.62	0.0380555916643
0.64	0.0380855403399
0.66	0.039476582278
0.68	0.044069458218
0.7	0.0524749111107
0.72	0.0613570539714
0.74	0.0656195662652
0.76	0.0711775067589
0.78	0.0762251585282
0.8	0.0814876691481
0.82	0.0883133534593
0.84	0.0978162756228
0.86	0.104368764473
0.88	0.108354091036
0.9	0.114250482526
0.92	0.118386336282
0.94	0.121792035273
0.96	0.122895533222
0.98	0.120722165453
1.0	0.116086710985
1.02	0.110076962154
1.04	0.103897554421
1.06	0.0986681778872
1.08	0.0951729770912
1.1	0.0936685049908
1.12	0.0940048894514
1.14	0.0956334291176
1.16	0.0980098431253
1.18	0.100755096518
1.2	0.103670370177
1.22	0.106407753045
1.24	0.108404308096
1.26	0.109036845269
1.28	0.112079120068
1.3	0.11278627537
1.32	0.111027789714
1.34	0.107055955521
1.36	0.10273153265
1.38	0.107270076625
1.4	0.109295704661
1.42	0.109303228834
1.44	0.107784927441
1.46	0.105221954697
1.48	0.102147693911
1.5	0.0992110190532
1.52	0.0971037356858
1.54	0.0963734059484
1.56	0.0971950699564
1.58	0.0993073789318
1.6	0.102151854742
1.62	0.105073782819
1.64	0.107563749275
1.66	0.109379272522
1.68	0.110538716697
1.7	0.111251967661
1.72	0.111778782412
1.74	0.11257632114
1.76	0.115370026866
1.78	0.117758565075
1.8	0.119647876314
1.82	0.120956127301
1.84	0.121592611834
1.86	0.121459175408
1.88	0.123203918822
1.9	0.126300143295
1.92	0.12857436456
1.94	0.13004962856
1.96	0.130796497453
1.98	0.130912664171
2.0	0.130547373999
2.02	0.129805841686
2.04	0.12878252247
2.06	0.127543902531
2.08	0.126122455936
2.1	0.124511851332
2.12	0.122707621168
2.14	0.122170623143
2.16	0.12229945694
2.18	0.121810807367
2.2	0.120811365772
2.22	0.119435908808
2.24	0.117839135124
2.26	0.116196929266
2.28	0.114681186034
2.3	0.113451813659
2.32	0.112635480427
2.34	0.112316578119
2.36	0.112523967544
2.38	0.113233488589
2.4	0.114357868719
2.42	0.115770453047
2.44	0.117324192884
2.46	0.118844822596
2.48	0.123921118549
2.5	0.129379696012
2.52	0.134539860849
2.54	0.139088887611
2.56	0.142738433802
2.58	0.145268494805
2.6	0.146552820106
2.62	0.146547162388
2.64	0.145304393631
2.66	0.152205227835
2.68	0.164280163656
2.7	0.175902107208
2.72	0.186358725644
2.74	0.195267545681
2.76	0.202570126234
2.78	0.208413760901
2.8	0.213441244968
2.82	0.217966847929
2.84	0.22159323323
2.86	0.224430359078
2.88	0.22657676464
2.9	0.228059132264
2.92	0.228834571356
2.94	0.228826098817
2.96	0.228009157666
2.98	0.226447730186
3.0	0.224261290561
3.02	0.221605328587
3.04	0.218643743601
3.06	0.215564760837
3.08	0.212565994484
3.1	0.209828204072
3.12	0.20748991522
3.14	0.205623533479
3.16	0.204241292201
3.18	0.203283195044
3.2	0.202651609843
3.22	0.202235361904
3.24	0.201905878283
3.26	0.201564799627
3.28	0.201126176479
3.3	0.200523136196
3.32	0.199708585743
3.34	0.198632330006
3.36	0.199791334819
3.38	0.202583313105
3.4	0.2089384442
3.42	0.216486470113
3.44	0.224725597737
3.46	0.23313625383
3.48	0.241566610488
3.5	0.249862510757
3.52	0.257894384042
3.54	0.26553608314
3.56	0.273520307011
3.58	0.285087272398
3.6	0.295929665438
3.62	0.305861173543
3.64	0.314704017221
3.66	0.322313127318
3.68	0.328580389668
3.7	0.333426527859
3.72	0.336741085612
3.74	0.33844012013
3.76	0.338487664524
3.78	0.343455356763
3.8	0.347229464469
3.82	0.349284625818
3.84	0.349615464883
3.86	0.351040405558
3.88	0.354174255662
3.9	0.355844382218
3.92	0.356040056453
3.94	0.354758801029
3.96	0.351990741843
3.98	0.347747853683
4.0	0.342073832608
4.02	0.33506500154
4.04	0.326849570668
4.06	0.31758430528
4.08	0.307439502326
4.1	0.312012670542
4.12	0.316801454302
4.14	0.321515507222
4.16	0.326158569474
4.18	0.330733962545
4.2	0.335250699286
4.22	0.339728349409
4.24	0.34419772285
4.26	0.348687941078
4.28	0.353211789329
4.3	0.357743311487
4.32	0.362241278918
4.34	0.366678265312
4.36	0.371042282293
4.38	0.375335017879
4.4	0.379568345369
4.42	0.383750568804
4.44	0.38789879838
4.46	0.392029649061
4.48	0.396160948329
4.5	0.400304059773
4.52	0.404478756758
4.54	0.408705822162
4.56	0.412997394448
4.58	0.417369072384
4.6	0.421840377897
4.62	0.426424652521
4.64	0.431133552552
4.66	0.435984371025
4.68	0.440984734782
4.7	0.446142091019
4.72	0.451463133679
4.74	0.456949561913
4.76	0.462596434825
4.78	0.468393270831
4.8	0.474324811974
4.82	0.480373204461
4.84	0.486521445434
4.86	0.492757224766
4.88	0.499074471288
4.9	0.505475400534
4.92	0.511980684789
4.94	0.518629088189
4.96	0.525463182244
4.98	0.532476146394
5.0	0.539635805077
5.02	0.546931952589
5.04	0.554347096444
5.06	0.561854937965
5.08	0.569409594902
5.1	0.576950981223
5.12	0.584416278587
5.14	0.59173733399
5.16	0.598852195935
5.18	0.605709672792
5.2	0.612612878213
5.22	0.621400515457
5.24	0.630058902469
5.26	0.638554375607
5.28	0.646859074219
5.3	0.654950872792
5.32	0.662806628513
5.34	0.670411144891
5.36	0.677757401344
5.38	0.684852575257
5.4	0.691699528568
5.42	0.698312703181
5.44	0.704722696373
5.46	0.710946138785
5.48	0.71700276188
5.5	0.722890187316
5.52	0.728589710358
5.54	0.734045364847
5.56	0.739216572436
5.58	0.744068937548
5.6	0.748587159556
5.62	0.752765722005
5.64	0.756594914393
5.66	0.760063246114
5.68	0.763155888529
5.7	0.765864397036
5.72	0.768182131498
5.74	0.770113042253
5.76	0.771669921
5.78	0.772870220521
5.8	0.773719718822
5.82	0.774218698182
5.84	0.774363749185
5.86	0.77414216944
5.88	0.773540006401
5.9	0.772541902751
5.92	0.771143437973
5.94	0.769349392816
5.96	0.767152687908
5.98	0.764565007706
6.0	0.761572291975
6.02	0.76321131607
6.04	0.766362702735
6.06	0.769320723984
6.08	0.772070385272
6.1	0.774589123536
6.12	0.776872382675
6.14	0.778911970268
6.16	0.780700032982
6.18	0.782235670198
6.2	0.78352113604
6.22	0.784558228744
6.24	0.785354147566
6.26	0.785917742746
6.28	0.786260302078
6.3	0.786395917959
6.32	0.78634065034
6.34	0.786098871052
6.36	0.785679199716
6.38	0.785090517595
6.4	0.784332488823
6.42	0.783422337986
6.44	0.782371564568
6.46	0.781209668565
6.48	0.77996068183
6.5	0.778637680423
6.52	0.777238622025
6.54	0.775739403439
6.56	0.774115468819
6.58	0.772349581659
6.6	0.770426033135
6.62	0.768341147313
6.64	0.766090245931
6.66	0.763664726032
6.68	0.76107610246
6.7	0.758838140257
6.72	0.760108280517
6.74	0.761268961665
6.76	0.762326568554
6.78	0.763279954978
6.8	0.764127311115
6.82	0.764873996762
6.84	0.765522211225
6.86	0.766067716845
6.88	0.766523690174
6.9	0.76688038645
6.92	0.767148501762
6.94	0.767322846577
6.96	0.76741245871
6.98	0.767412182818
7.0	0.767332846917
