0.05    8.62639996284e-05
0.09    0.00087635239915
0.13    0.0011982306292
0.17    0.00216259855651
0.21    0.00173216120899
0.25    0.00319919393137
0.29    0.00610045333209
0.33    0.00598771727373
0.37    0.00555193956748
0.41    0.00830343380367
0.45    0.0109676588876
0.49    0.0120438136056
0.53    0.0150581603959
0.57    0.0121171932105
0.61    0.0117843585654
0.65    0.0128759057206
0.69    0.0128502013469
0.73    0.0170414762695
0.77    0.0190629754988
0.81    0.0232053449492
0.85    0.0256553603164
0.89    0.0242293670334
0.93    0.0258025710207
0.97    0.033602472745
1.01    0.0373611760812
1.05    0.0435420400061
1.09    0.0518151718078
1.13    0.0517543218994
1.17    0.048720982911
1.21    0.0483806255884
1.25    0.0548420796819
1.29    0.0616224986924
1.33    0.0657776600507
1.37    0.0677231478776
1.41    0.0684003132254
1.45    0.0677737585507
1.49    0.0647665480977
1.53    0.0585029033021
1.57    0.051446327474
1.61    0.0506578818617
1.65    0.0507614610259
1.69    0.0514579851913
1.73    0.051101267974
1.77    0.0526593119007
1.81    0.0521952683645
1.85    0.0495634733607
1.89    0.0509006069781
1.93    0.0561728045117
1.97    0.0634116965967
2.01    0.0687347525932
2.05    0.0719162308853
2.09    0.0726777645016
2.13    0.0717323831893
2.17    0.0714777107848
2.21    0.0735482454936
2.25    0.0743711816435
2.29    0.0747712317308
2.33    0.0741577671675
2.37    0.0720054148424
2.41    0.072401828912
2.45    0.0741597645988
2.49    0.0759835874192
2.53    0.0776728493575
2.57    0.0790668175491
2.61    0.0802124865257
2.65    0.0808227668959
2.69    0.08085314308
2.73    0.0801670667575
2.77    0.0784852508129
2.81    0.0868838620626
2.85    0.0994596215322
2.89    0.111395911623
2.93    0.122991151971
2.97    0.133383690782
3.01    0.141888971045
3.05    0.148587594638
3.09    0.15430191915
3.13    0.158423920538
3.17    0.161055755436
3.21    0.162645247203
3.25    0.163550850936
3.29    0.163890957946
3.33    0.163939284328
3.37    0.164048259112
3.41    0.164483858725
3.45    0.165495666773
3.49    0.167381221638
3.53    0.170050716537
3.57    0.173473341258
3.61    0.177491186368
3.65    0.181933307759
3.69    0.186642981176
3.73    0.192878045162
3.77    0.200747817049
3.81    0.20945982076
3.85    0.218220951013
3.89    0.226735559635
3.93    0.234806032336
3.97    0.24233615652
4.01    0.249193013967
4.05    0.255253406173
4.09    0.260409322418
4.13    0.264572879041
4.17    0.267716869274
4.21    0.269853321441
4.25    0.271004646077
4.29    0.271202582318
4.33    0.270494821727
4.37    0.268944670351
4.41    0.266630825186
4.45    0.263634635207
4.49    0.260032130469
4.53    0.255902239
4.57    0.251328748033
4.61    0.2464006187
4.65    0.241208114866
4.69    0.235829707399
4.73    0.230336914314
4.77    0.224794597357
4.81    0.219263049669
4.85    0.213797709084
4.89    0.208449144314
4.93    0.203266175757
4.97    0.198274965861
5.01    0.193514737934
5.05    0.189003122875
5.09    0.184770196067
5.13    0.180823221412
5.17    0.177174105204
5.21    0.173829394238
5.25    0.170790791988
5.29    0.168055680637
5.33    0.165617638364
5.37    0.163460875708
5.41    0.161527179693
5.45    0.159796599994
5.49    0.158254572567
5.53    0.156882467544
5.57    0.155658501811
5.61    0.155058243986
5.65    0.154919923106
5.69    0.154972413264
5.73    0.155199407692
5.77    0.155583598482
5.81    0.156106999618
5.85    0.156755512134
5.89    0.157513392403
5.93    0.158356292065
5.97    0.159266183424
6.01    0.160226083721
6.05    0.16123370234
6.09    0.162258716353
6.13    0.163285748786
6.17    0.16431079981
6.21    0.165319544852
6.25    0.166290827955
6.29    0.167224767656
6.33    0.168110478401
6.37    0.168928211889
6.41    0.169691553522
6.45    0.170373898941
6.49    0.170983657667
6.53    0.171507055065
6.57    0.171949880891
6.61    0.172297468403
6.65    0.172564367815
6.69    0.17273419493
6.73    0.172812789458
6.77    0.172805745152
6.81    0.172707568016
6.85    0.172518976094
6.89    0.172238886477
6.93    0.17187522873
6.97    0.171414504413
7.01    0.170868377027
7.05    0.170231840425
7.09    0.169509998355
7.13    0.168708117987
7.17    0.16782462551
7.21    0.167879409228
7.25    0.167935080439
7.29    0.167912712694
7.33    0.1678135358
7.37    0.167638803981
7.41    0.167389968675
7.45    0.167068761567
7.49    0.166678914623
7.53    0.166222319028
7.57    0.165700140821
7.61    0.16511472849
7.65    0.164468491891
7.69    0.163763870143
7.73    0.163003261361
7.77    0.162191668916
7.81    0.161331489226
7.85    0.160421550477
7.89    0.159462457475
7.93    0.158463736009
7.97    0.157420954312
8.01    0.156336386229
8.05    0.155218313057
8.09    0.154059965076
8.13    0.15287559351
8.17    0.15165495627
8.21    0.150414116593
8.25    0.149142034916
8.29    0.147996207724
8.33    0.148145643798
8.37    0.148261658234
8.41    0.148345337842
8.45    0.148398132975
8.49    0.148431373957
8.53    0.148435352653
8.57    0.148411151919
8.61    0.148359847677
8.65    0.148282506577
8.69    0.148180183871
8.73    0.148059441563
8.77    0.147919851297
8.81    0.147758150419
8.85    0.147575331997
8.89    0.147372370435
8.93    0.147150220447
8.97    0.14690981617
9.01    0.146652927204
9.05    0.146386945863
9.09    0.146105182435
9.13    0.145808484605
9.17    0.145497677098
9.21    0.145173561444
9.25    0.144836915843
9.29    0.144488495099
9.33    0.144129030629
9.37    0.143759373164
9.41    0.143386492744
9.45    0.143004446742
9.49    0.142613877328
9.53    0.142215404198
9.57    0.141809624879
9.61    0.14139711504
9.65    0.140978428862
9.69    0.140554099416
9.73    0.140124639063
9.77    0.139690539882
9.81    0.139252274109
9.85    0.138810481674
9.89    0.138369942604
9.93    0.137926400352
9.97    0.137480255594
