0.05    0.00012759466922
0.09    0.000630408868588
0.13    0.00100045594223
0.17    0.00182402722697
0.21    0.00336137160112
0.25    0.004235092429
0.29    0.00526458422253
0.33    0.00782473435275
0.37    0.00952792571127
0.41    0.0122060910532
0.45    0.0120740140926
0.49    0.015385564201
0.53    0.0156612423908
0.57    0.0138528282393
0.61    0.0170475933728
0.65    0.0168935525344
0.69    0.0189991230234
0.73    0.0184716944466
0.77    0.0213700469718
0.81    0.0229785768063
0.85    0.0244246032463
0.89    0.0264339787209
0.93    0.030158288438
0.97    0.0400525586055
1.01    0.0438053919057
1.05    0.0389400841631
1.09    0.0342713063283
1.13    0.0385572253418
1.17    0.0379104158434
1.21    0.0350267271714
1.25    0.033470095059
1.29    0.0334191552662
1.33    0.038067427584
1.37    0.0391758908077
1.41    0.0397718852609
1.45    0.0369044705566
1.49    0.0338242816826
1.53    0.0339771510018
1.57    0.0381372537567
1.61    0.0434154925101
1.65    0.0474121875829
1.69    0.050390798221
1.73    0.0537345767001
1.77    0.0572571305611
1.81    0.0591514616265
1.85    0.0582373403817
1.89    0.0548617981119
1.93    0.050429593338
1.97    0.0462468293612
2.01    0.0427700894801
2.05    0.0398237081087
2.09    0.0373359322067
2.13    0.038748312152
2.17    0.042893513599
2.21    0.0475877769343
2.25    0.0524892950795
2.29    0.0573610099232
2.33    0.0620464618465
2.37    0.0663718376151
2.41    0.0703181011124
2.45    0.073694501382
2.49    0.0763375518408
2.53    0.0782288463621
2.57    0.0794040854814
2.61    0.0799255945556
2.65    0.0801735578645
2.69    0.0824685466999
2.73    0.0842101141942
2.77    0.0834092082546
2.81    0.0807844069432
2.85    0.081413739195
2.89    0.082707569705
2.93    0.0830882550849
2.97    0.0826677722398
3.01    0.0815889503017
3.05    0.0797761156746
3.09    0.0772880863767
3.13    0.0741988341145
3.17    0.0706628284723
3.21    0.0667984271915
3.25    0.0627680440172
3.29    0.058660809662
3.33    0.0575861609982
3.37    0.0569137730498
3.41    0.0560412178655
3.45    0.0551476512271
3.49    0.0552351380235
3.53    0.0552661423423
3.57    0.055239832701
3.61    0.0551579433794
3.65    0.0550210514228
3.69    0.0548422626019
3.73    0.0546232848968
3.77    0.0543689695707
3.81    0.0540909355542
3.85    0.053790507032
3.89    0.0534725335525
3.93    0.0531483110028
3.97    0.052809021764
4.01    0.0535203964952
4.05    0.0560520273469
4.09    0.058561064577
4.13    0.0610281966043
4.17    0.0634273801436
4.21    0.0657464092045
4.25    0.0679789867137
4.29    0.0701535444537
4.33    0.072279132867
4.37    0.0743049235022
4.41    0.0762105834847
4.45    0.0779819715032
4.49    0.0805097066759
4.53    0.0831991395561
4.57    0.0857461724027
4.61    0.0881723223863
4.65    0.0904310703394
4.69    0.0938845445233
4.73    0.0988142099526
4.77    0.103628111804
4.81    0.10830193071
4.85    0.112819216553
4.89    0.117149514623
4.93    0.121271528575
4.97    0.12516448514
5.01    0.128807451855
5.05    0.132181879458
5.09    0.135274200653
5.13    0.138079146232
5.17    0.140600544761
5.21    0.142977714595
5.25    0.149003027077
5.29    0.154755932532
5.33    0.160226774507
5.37    0.165395009449
5.41    0.170244278419
5.45    0.174744688155
5.49    0.178907201009
5.53    0.182801119219
5.57    0.186487961049
5.61    0.189919351587
5.65    0.19303049654
5.69    0.195826584388
5.73    0.19838487393
5.77    0.200721208286
5.81    0.202834572585
5.85    0.204719373595
5.89    0.20636701156
5.93    0.207750381833
5.97    0.208866243162
6.01    0.209720991315
6.05    0.210338943718
6.09    0.210734731242
6.13    0.210908094443
6.17    0.210863325973
6.21    0.210612506256
6.25    0.210169774843
6.29    0.209551061825
6.33    0.208770197133
6.37    0.207846547524
6.41    0.206796628403
6.45    0.205637472574
6.49    0.204704309283
6.53    0.206705630329
6.57    0.208447120432
6.61    0.209956591249
6.65    0.211214096676
6.69    0.212223966145
6.73    0.21302221794
6.77    0.213577859456
6.81    0.213933749393
6.85    0.214066320271
6.89    0.214013567309
6.93    0.213753092004
6.97    0.213329753043
7.01    0.212712974498
7.05    0.211956667045
7.09    0.211027088052
7.13    0.209974409818
7.17    0.208777176402
7.21    0.207463257898
7.25    0.206041043726
7.29    0.204516393476
7.33    0.202904072537
7.37    0.201213450238
7.41    0.199449309099
7.45    0.197616222446
7.49    0.195721286491
7.53    0.19377313607
7.57    0.191780113618
7.61    0.189749842003
7.65    0.187701783597
7.69    0.185633757498
7.73    0.18353545814
7.77    0.181402884047
7.81    0.179241264837
7.85    0.17704462665
7.89    0.174821140055
7.93    0.172576829115
7.97    0.170310366269
8.01    0.168030575467
8.05    0.165745768064
8.09    0.163506065363
8.13    0.16158327702
8.17    0.160411586608
8.21    0.15924427794
8.25    0.15808814972
8.29    0.156910283163
8.33    0.155702005704
8.37    0.154460699699
8.41    0.153191210913
8.45    0.151891353591
8.49    0.150925823886
8.53    0.150481242397
8.57    0.150027727098
8.61    0.14955406435
8.65    0.149066669128
8.69    0.148567658763
8.73    0.148050943283
8.77    0.147528108793
8.81    0.146991284364
8.85    0.14643965964
8.89    0.145874223943
8.93    0.145302001513
8.97    0.144722462198
9.01    0.144131500213
9.05    0.143529937012
9.09    0.142918554626
9.13    0.142298097382
9.17    0.14166927358
9.21    0.141034914575
9.25    0.14040016873
9.29    0.139758723749
9.33    0.139111166069
9.37    0.138458053485
9.41    0.137799916497
9.45    0.137137259601
9.49    0.136470562523
9.53    0.135800281399
9.57    0.135126849921
9.61    0.134450680411
9.65    0.133772164864
9.69    0.133094138151
9.73    0.132418241779
9.77    0.131740875063
9.81    0.131062363074
9.85    0.13038301494
9.89    0.12970312462
9.93    0.129022971652
9.97    0.128342821858
