0.1	0.000852846181051
0.12	0.00103147269577
0.14	0.00124166131146
0.16	0.00177239565313
0.18	0.00224843825268
0.2	0.00290390284076
0.22	0.00380945981766
0.24	0.00412790683936
0.26	0.00460779730435
0.28	0.00545273929938
0.3	0.00476498430142
0.32	0.00695181100565
0.34	0.0087043340416
0.36	0.00977522456771
0.38	0.00942113816129
0.4	0.0109391561211
0.42	0.0132384241923
0.44	0.0125225772814
0.46	0.0128960652489
0.48	0.0145269549455
0.5	0.015667594757
0.52	0.0157661257257
0.54	0.0151268445785
0.56	0.013966517429
0.58	0.0146046271711
0.6	0.0164746021992
0.62	0.0172842486799
0.64	0.0170110727883
0.66	0.0171850568057
0.68	0.0185871419862
0.7	0.0189535418446
0.72	0.0183672574634
0.74	0.0189834581031
0.76	0.0206212081337
0.78	0.0221183767908
0.8	0.0227336485624
0.82	0.0233281131433
0.84	0.024002413407
0.86	0.0248619941018
0.88	0.0255873582085
0.9	0.0268406881045
0.92	0.0291284519241
0.94	0.0310542028829
0.96	0.0375169467419
0.98	0.0420297339442
1.0	0.0439640120591
1.02	0.0431790193684
1.04	0.0408832060235
1.06	0.0366815136358
1.08	0.0331866263055
1.1	0.0355113638118
1.12	0.0378973336825
1.14	0.0388423997995
1.16	0.038466449954
1.18	0.0372102221507
1.2	0.0357104087936
1.22	0.0344544262304
1.24	0.033666761467
1.26	0.0333733976715
1.28	0.0333613074224
1.3	0.0341377520899
1.32	0.0370255882819
1.34	0.0387709100173
1.36	0.0391000801645
1.38	0.0397760968242
1.4	0.0400485515704
1.42	0.0392721548935
1.44	0.0377921259765
1.46	0.0360169059772
1.48	0.0344102389711
1.5	0.0334545910203
1.52	0.0335130161709
1.54	0.0347083646578
1.56	0.0368503635601
1.58	0.0394875633068
1.6	0.0421748702981
1.62	0.044576414861
1.64	0.0465610114755
1.66	0.048187722003
1.68	0.0496468686675
1.7	0.0511514077091
1.72	0.0528275068188
1.74	0.0546485048717
1.76	0.0564428782254
1.78	0.0579598514965
1.8	0.058917978131
1.82	0.0591977228181
1.84	0.0587337583138
1.86	0.0575816060646
1.88	0.0558699574595
1.9	0.0537876375463
1.92	0.0515463314142
1.94	0.0493285549494
1.96	0.0472332946918
1.98	0.0453154123347
2.0	0.0435744428619
2.02	0.0419932297511
2.04	0.0405197619543
2.06	0.0391511837769
2.08	0.0378988070867
2.1	0.0368298504185
2.12	0.0378421343551
2.14	0.0397122403145
2.16	0.0417909501448
2.18	0.0440296071307
2.2	0.0463777119903
2.22	0.0488069038492
2.24	0.0512596495967
2.26	0.0537149536867
2.28	0.0561553629688
2.3	0.058558895178
2.32	0.0608994328197
2.34	0.0631603384775
2.36	0.0653251698285
2.38	0.0673972614871
2.4	0.0693706693737
2.42	0.0712239593457
2.44	0.0729174949955
2.46	0.0744273387993
2.48	0.0757492322897
2.5	0.0768826129245
2.52	0.0778256673453
2.54	0.0785878803898
2.56	0.0791748552197
2.58	0.0795920327581
2.6	0.0798505733386
2.62	0.0799733364362
2.64	0.0801003989804
2.66	0.0802162245947
2.68	0.0816115690836
2.7	0.0831596222996
2.72	0.0840271755114
2.74	0.0842348471414
2.76	0.083833398662
2.78	0.0828387396607
2.8	0.0812576818993
2.82	0.0808406662162
2.84	0.0809299827872
2.86	0.0818230471817
2.88	0.0824792393143
2.9	0.0828887082823
2.92	0.0830668450717
2.94	0.083040807354
2.96	0.082835324985
2.98	0.0824680777113
3.0	0.0819364455321
3.02	0.0812175589991
3.04	0.0803088954024
3.06	0.0792206999068
3.08	0.0779760358558
3.1	0.0765596856797
3.12	0.0750102832034
3.14	0.0733558768366
3.16	0.071585403586
3.18	0.0697186144874
3.2	0.067778203193
3.22	0.0658053145791
3.24	0.0637879685982
3.26	0.0617433938416
3.28	0.0596878701222
3.3	0.0579329623509
3.32	0.0577207434048
3.34	0.0574333311014
3.36	0.0571018362841
3.38	0.0567093886213
3.4	0.0562761076949
3.42	0.0557918925901
3.44	0.0552803447478
3.46	0.0551747954899
3.48	0.0552192846118
3.5	0.0552490945079
3.52	0.0552627943339
3.54	0.0552632818446
3.56	0.0552515076655
3.58	0.0552226792892
3.6	0.0551822447342
3.62	0.0551288445567
3.64	0.0550570287868
3.66	0.0549821639243
3.68	0.054892595884
3.7	0.0547884544155
3.72	0.054679820575
3.74	0.0545637862512
3.76	0.0544364870775
3.78	0.0542990551603
3.8	0.0541613283515
3.82	0.0540185426041
3.84	0.0538682178816
3.86	0.053711237967
3.88	0.0535506359018
3.9	0.0533931639694
3.92	0.0532309702912
3.94	0.0530647142245
3.96	0.0528950005696
3.98	0.0527238075226
4.0	0.0528883019549
4.02	0.0541525620417
4.04	0.055418990235
4.06	0.0566832477944
4.08	0.0579382450944
4.1	0.0591807623846
4.12	0.0604170252794
4.14	0.0616341873193
4.16	0.0628325533364
4.18	0.0640157608499
4.2	0.0651719910509
4.22	0.0663132809891
4.24	0.06742847842
4.26	0.0685248409071
4.28	0.069611565667
4.3	0.0706936862313
4.32	0.0717580260281
4.34	0.0727972697524
4.36	0.0738090248145
4.38	0.0747949917271
4.4	0.0757439692997
4.42	0.0766682303374
4.44	0.077550764295
4.46	0.0784166978817
4.48	0.079816191296
4.5	0.0811949876917
4.52	0.0825399256105
4.54	0.083849233048
4.56	0.0851212481225
4.58	0.0863678281601
4.6	0.0875810754378
4.62	0.0887530989751
4.64	0.08988262049
4.66	0.0909726905527
4.68	0.0926425437076
4.7	0.0951269586934
4.72	0.0975924647408
4.74	0.100027734865
4.76	0.102432419536
4.78	0.104813361019
4.8	0.107150098964
4.82	0.109451450795
4.84	0.111710644656
4.86	0.113920921826
4.88	0.116089150219
4.9	0.11820033298
4.92	0.120265284537
4.94	0.122267180419
4.96	0.124217693026
4.98	0.126098765319
5.0	0.127924851839
5.02	0.12967475514
5.04	0.131367616422
5.06	0.132979799982
5.08	0.134531826026
5.1	0.136003946392
5.12	0.137408706529
5.14	0.138740745969
5.16	0.139992968985
5.18	0.14118463348
5.2	0.142293955903
5.22	0.144509856273
5.24	0.147521270845
5.26	0.150464783845
5.28	0.153344417361
5.3	0.156152623845
5.32	0.158885347184
5.34	0.161546054877
5.36	0.164132615591
5.38	0.166637286812
5.4	0.169063647096
5.42	0.171404219501
5.44	0.173653112934
5.46	0.175811974188
5.48	0.177894726034
5.5	0.179902623636
5.52	0.181848475331
5.54	0.183741434127
5.56	0.185585932494
5.58	0.187373978687
5.6	0.189091105581
5.62	0.190725717858
5.64	0.192284460045
5.66	0.193755569374
5.68	0.195151777881
5.7	0.19648713529
5.72	0.197766217969
5.74	0.19898969539
5.76	0.200157885904
5.78	0.201270623272
5.8	0.202327404581
5.82	0.203327460496
5.84	0.204269975409
5.86	0.205154046828
5.88	0.205978354003
5.9	0.206739084297
5.92	0.207431132963
5.94	0.208055400521
5.96	0.208612937591
5.98	0.20910328949
6.0	0.20953029308
6.02	0.209896941316
6.04	0.210205736511
6.06	0.210458070604
6.08	0.210656445681
6.1	0.210798977749
6.12	0.210885571601
6.14	0.21091694423
6.16	0.210894358926
6.18	0.210819408076
6.2	0.21069377599
6.22	0.21051923827
6.24	0.210297637976
6.26	0.210030912378
6.28	0.209721532874
6.3	0.209370412424
6.32	0.208979623975
6.34	0.208552070422
6.36	0.208089973235
6.38	0.20759523157
6.4	0.207070004152
6.42	0.206516430869
6.44	0.205936601271
6.46	0.205333463344
6.48	0.204712594206
6.5	0.205227869349
6.52	0.20622365084
6.54	0.207168794614
6.56	0.208039201812
6.58	0.208851628696
6.6	0.209606221537
6.62	0.210289203729
6.64	0.210918974503
6.66	0.211492002072
6.68	0.211996780277
6.7	0.212445083707
6.72	0.212846073325
6.74	0.213182345588
6.76	0.213455206305
6.78	0.213689567058
6.8	0.213867344509
6.82	0.213985389531
6.84	0.214045052456
6.86	0.214073965253
6.88	0.214047418571
6.9	0.213966224674
6.92	0.213831747605
6.94	0.213666184216
6.96	0.213454345193
6.98	0.213192938153
7.0	0.212883315507
