0.05    0.000144380515887
0.09    0.000722019603893
0.13    0.00208387832588
0.17    0.00478396352144
0.21    0.00487594513215
0.25    0.00670090847533
0.29    0.00541821129149
0.33    0.00623668361944
0.37    0.00817399704937
0.41    0.0078396425548
0.45    0.00795096950395
0.49    0.0098456273287
0.53    0.00855670704657
0.57    0.00771752594608
0.61    0.00995186134583
0.65    0.0151144214932
0.69    0.0177767158429
0.73    0.0159569792081
0.77    0.0180788165343
0.81    0.0221411570247
0.85    0.0238725161301
0.89    0.0195226695717
0.93    0.0216509814463
0.97    0.0273846879217
1.01    0.0345990935313
1.05    0.0425733992076
1.09    0.0487649989989
1.13    0.0515333294777
1.17    0.0528888739902
1.21    0.0542023619831
1.25    0.0556726625327
1.29    0.0583678419314
1.33    0.0614829894808
1.37    0.0635757983658
1.41    0.0641905881277
1.45    0.064655113546
1.49    0.0660853562484
1.53    0.0659395657788
1.57    0.0664246619702
1.61    0.0687586085848
1.65    0.0720786152931
1.69    0.0748725559705
1.73    0.0765783198608
1.77    0.0771742084615
1.81    0.0767349697391
1.85    0.0755419329426
1.89    0.0791660590919
1.93    0.0871739417211
1.97    0.092522142592
2.01    0.0988205903411
2.05    0.105104454388
2.09    0.109664242841
2.13    0.111396713639
2.17    0.109815043342
2.21    0.116983499298
2.25    0.120441241932
2.29    0.124480172402
2.33    0.126309443729
2.37    0.124793147876
2.41    0.119914105813
2.45    0.112282035984
2.49    0.107214616571
2.53    0.101257482668
2.57    0.0936620796335
2.61    0.0865873526039
2.65    0.0834397143142
2.69    0.0807537667005
2.73    0.0770515358418
2.77    0.0724357299841
2.81    0.0672467265211
2.85    0.0630321374095
2.89    0.0605173078297
2.93    0.0579418057794
2.97    0.0554028945595
3.01    0.0587586727475
3.05    0.0625161281915
3.09    0.0657369269473
3.13    0.0682455673998
3.17    0.0699201353528
3.21    0.0707292803882
3.25    0.0707039723321
3.29    0.0699256838593
3.33    0.0684992457553
3.37    0.0665349763565
3.41    0.0647720817847
3.45    0.0646123012989
3.49    0.0642376404186
3.53    0.0636684280453
3.57    0.0629251144267
3.61    0.0622157926691
3.65    0.0612867627808
3.69    0.0601613017498
3.73    0.0596288243952
3.77    0.0597353834722
3.81    0.0596906544722
3.85    0.0594948118455
3.89    0.0591654081487
3.93    0.0586754524943
3.97    0.0580281431096
4.01    0.0572297869704
4.05    0.0562895601927
4.09    0.0552191603835
4.13    0.0540496124255
4.17    0.0527823718123
4.21    0.0523740189269
4.25    0.0528443326803
4.29    0.0532061674467
4.33    0.0534618335573
4.37    0.0536280401919
4.41    0.0536906716655
4.45    0.0536568361117
4.49    0.0535434978135
4.53    0.0533414546401
4.57    0.0530626294883
4.61    0.0527189398881
4.65    0.052307137239
4.69    0.0518437410334
4.73    0.0513314751168
4.77    0.0507763237101
4.81    0.0501910072531
4.85    0.049576914915
4.89    0.0489453716731
4.93    0.0483070840022
4.97    0.0476650350326
5.01    0.0470162078198
5.05    0.0463686422385
5.09    0.0457252349475
5.13    0.045088841671
5.17    0.0444638976072
5.21    0.0438543539732
5.25    0.0432636843851
5.29    0.0426948965104
5.33    0.0421505480907
5.37    0.0416327664994
5.41    0.0411432710733
5.45    0.0406833975301
5.49    0.0402541238558
5.53    0.0398560971237
5.57    0.0394896607697
5.61    0.0391548819177
5.65    0.0388515784102
5.69    0.0385793452541
5.73    0.0383375802445
5.77    0.0381255085775
5.81    0.0379422063021
5.85    0.0377866225002
5.89    0.0376576001195
5.93    0.0375538954053
5.97    0.0374741959103
6.01    0.0374171370766
6.05    0.0373813174046
6.09    0.0373653122366
6.13    0.0373683421851
6.17    0.03738878794
6.21    0.0374246354344
6.25    0.0374744748383
6.29    0.0375369243306
6.33    0.0376106365673
6.37    0.0376943041858
6.41    0.0377866644164
6.45    0.037886502871
6.49    0.0379926565776
6.53    0.0381040163275
6.57    0.0382195283989
6.61    0.038338195718
6.65    0.0384590785173
6.69    0.0385812945439
6.73    0.0387040188715
6.77    0.0388264833644
6.81    0.0389479758364
6.85    0.0390678389488
6.89    0.0391854688856
6.93    0.0393003138397
6.97    0.0394122695496
7.01    0.0395211974324
7.05    0.0396260390339
7.09    0.0397264275086
7.13    0.0398220387639
7.17    0.039912589419
7.21    0.0399978347433
7.25    0.0400775665896
7.29    0.0401516113349
7.33    0.0402198278419
7.37    0.04028210545
7.41    0.0403383620045
7.45    0.0403885419326
7.49    0.0404326143712
7.53    0.0404705713513
7.57    0.0405024260442
7.61    0.0405282211124
7.65    0.0405495210408
7.69    0.0405648621149
7.73    0.0405743232463
7.77    0.0405779968952
7.81    0.0405759877202
7.85    0.0405684112994
7.89    0.0405553929184
7.93    0.0405370664259
7.97    0.040513573157
8.01    0.0404850609185
8.05    0.0404516830398
8.09    0.0404135974831
8.13    0.0403709660133
8.17    0.0403239534247
8.21    0.040272726823
8.25    0.0402174549591
8.29    0.0401583076139
8.33    0.0400954550314
8.37    0.0400290673965
8.41    0.039959314358
8.45    0.0398863645921
8.49    0.0398103854052
8.53    0.0397315423744
8.57    0.0396499990219
8.61    0.0395659165241
8.65    0.0394794534507
8.69    0.0393907780638
8.73    0.0393009104732
8.77    0.0392090893467
8.81    0.0391154610407
8.85    0.0390201684431
8.89    0.0389233508584
8.93    0.0388251439117
8.97    0.0387256794712
9.01    0.0386250855872
9.05    0.0385234864462
9.09    0.0384210023404
9.13    0.0383177496476
9.17    0.0382138408264
9.21    0.0381093844195
9.25    0.0380044850684
9.29    0.0378992435364
9.33    0.0377937567413
9.37    0.0376881177927
9.41    0.0375824160389
9.45    0.0374767371177
9.49    0.0373711630134
9.53    0.0372657721176
9.57    0.0371606392961
9.61    0.0370558359564
9.65    0.0369514301207
9.69    0.0368474865004
9.73    0.0367440665728
9.77    0.0366412286603
9.81    0.0365390280097
9.85    0.0364375168742
9.89    0.0363367445946
9.93    0.0362367576825
9.97    0.0361375999032
