0.05    0.000166248649929
0.09    0.000701781391685
0.13    0.00242817096215
0.17    0.00531480406892
0.21    0.0057503438295
0.25    0.00797307586515
0.29    0.00982521052492
0.33    0.0121088631243
0.37    0.0147961846714
0.41    0.0154221983021
0.45    0.0132785862559
0.49    0.0129306010733
0.53    0.0155373619235
0.57    0.0177353259208
0.61    0.0216428534216
0.65    0.0232644709844
0.69    0.0238424974673
0.73    0.027250977233
0.77    0.0334171253042
0.81    0.0294592100343
0.85    0.0247838944914
0.89    0.0268528712068
0.93    0.0296071902735
0.97    0.0327934245124
1.01    0.0336803544999
1.05    0.0405727640694
1.09    0.0445764362441
1.13    0.0513916748582
1.17    0.0522176205569
1.21    0.0570493724646
1.25    0.0588695861337
1.29    0.0601660084816
1.33    0.0662092464874
1.37    0.0673916786584
1.41    0.0742081622814
1.45    0.0764223003706
1.49    0.0733325894053
1.53    0.0690535944718
1.57    0.0678144256915
1.61    0.0689048375825
1.65    0.0682534433412
1.69    0.0632593283751
1.73    0.0666042793312
1.77    0.0742726606429
1.81    0.0843437821992
1.85    0.0897678628493
1.89    0.0901978696067
1.93    0.0883570499491
1.97    0.104113211414
2.01    0.115397426367
2.05    0.120898375458
2.09    0.12185106895
2.13    0.120203809736
2.17    0.117762926135
2.21    0.118828040939
2.25    0.121113534654
2.29    0.123561715097
2.33    0.125421886869
2.37    0.125727398061
2.41    0.123702451277
2.45    0.118835864008
2.49    0.110883765202
2.53    0.0998078294537
2.57    0.0979560791558
2.61    0.0986524873158
2.65    0.0980616972366
2.69    0.0955996116401
2.73    0.0968363125402
2.77    0.097056442608
2.81    0.0949270653774
2.85    0.0960542025891
2.89    0.096437915331
2.93    0.0956856650938
2.97    0.094445305257
3.01    0.092307436676
3.05    0.089305971103
3.09    0.0876036837458
3.13    0.0883854956721
3.17    0.0874278572732
3.21    0.0850247698125
3.25    0.0815389956131
3.29    0.0772952026138
3.33    0.0743511311961
3.37    0.0738164844718
3.41    0.0730439982895
3.45    0.0721326692586
3.49    0.0710723363338
3.53    0.0699130561486
3.57    0.0686834512071
3.61    0.06736407812
3.65    0.0659823329801
3.69    0.0645452540995
3.73    0.063025216028
3.77    0.0614202493595
3.81    0.0597624283129
3.85    0.0580144241797
3.89    0.0561748173142
3.93    0.0542454348929
3.97    0.0522547214305
4.01    0.0528156489353
4.05    0.0539268346862
4.09    0.0547401864472
4.13    0.0551954358861
4.17    0.0552518268346
4.21    0.0548795343071
4.25    0.0540712222312
4.29    0.0568490925634
4.33    0.0598934081156
4.37    0.0628295798815
4.41    0.065605390042
4.45    0.0681801420422
4.49    0.0705377693089
4.53    0.072640930449
4.57    0.0744607485522
4.61    0.0759593458417
4.65    0.0771356366213
4.69    0.0779680551782
4.73    0.0784554360868
4.77    0.0786090173475
4.81    0.0784364376001
4.85    0.0779503647622
4.89    0.0771703519934
4.93    0.0761188667644
4.97    0.0748205867927
5.01    0.07330183565
5.05    0.0715901835417
5.09    0.0697138751583
5.13    0.0677005742076
5.17    0.0655864142465
5.21    0.0641660402366
5.25    0.0645413668242
5.29    0.0647462256214
5.33    0.0647749859524
5.37    0.0646527402727
5.41    0.0643797927111
5.45    0.0639652605782
5.49    0.0634388379029
5.53    0.0628086993168
5.57    0.0620817852316
5.61    0.0612728015498
5.65    0.0603958364221
5.69    0.0594733008501
5.73    0.0585130721075
5.77    0.0575209817357
5.81    0.05650779736
5.85    0.0554833394924
5.89    0.0544564743454
5.93    0.0534351214646
5.97    0.0524262738502
6.01    0.0514360283427
6.05    0.0504696242592
6.09    0.0495314884336
6.13    0.048625284999
6.17    0.0477539684582
6.21    0.0469198387397
6.25    0.0461245971501
6.29    0.0453694022593
6.33    0.0448595833422
6.37    0.0446321004136
6.41    0.0443925785825
6.45    0.04414292876
6.49    0.043885281917
6.53    0.0436250795464
6.57    0.0433594149768
6.61    0.0430897022801
6.65    0.0428172386147
6.69    0.042543209007
6.73    0.0422686913659
6.77    0.0419946616538
6.81    0.0417219991582
6.85    0.0414514918016
6.89    0.0411838414441
6.93    0.0409196691392
6.97    0.0406595203057
7.01    0.040403869787
7.05    0.0401531267764
7.09    0.0399076395833
7.13    0.0396677002321
7.17    0.0394335488743
7.21    0.0392053780123
7.25    0.0389833365235
7.29    0.0387675334848
7.33    0.0385580417939
7.37    0.0383549015888
7.41    0.0381581234682
7.45    0.0379676915148
7.49    0.0377835661254
7.53    0.0376056866564
7.57    0.0374339738846
7.61    0.0372683322968
7.65    0.0371086522092
7.69    0.0369548117271
7.73    0.0368066785514
7.77    0.0366641116392
7.81    0.0365768669765
7.85    0.0365450235499
7.89    0.0365132295514
7.93    0.0364812767627
7.97    0.0364489906156
8.01    0.0364162272914
8.05    0.0363828709442
8.09    0.0363488310548
8.13    0.0363140399198
8.17    0.03627845028
8.21    0.0362420330882
8.25    0.0362047754163
8.29    0.0361666785018
8.33    0.0361277559295
8.37    0.0360880319462
8.41    0.0360475399048
8.45    0.0360063208325
8.49    0.0359644221189
8.53    0.035921896318
8.57    0.0358788000595
8.61    0.0358351930641
8.65    0.0357911372554
8.69    0.0357466959638
8.73    0.035701933218
8.77    0.0356569131156
8.81    0.0356116992703
8.85    0.0355663543273
8.89    0.0355209395451
8.93    0.0354755144361
8.97    0.0354301364618
9.01    0.0353848607795
9.05    0.035339740033
9.09    0.0352948241879
9.13    0.0352501604016
9.17    0.03520579293
9.21    0.0351617630645
9.25    0.0351181090947
9.29    0.0350748662984
9.33    0.0350320669516
9.37    0.0349897403572
9.41    0.0349479128918
9.45    0.0349066080658
9.49    0.0348658465961
9.53    0.0348256464896
9.57    0.0347860231356
9.61    0.0347469894038
9.65    0.0347085557507
9.69    0.0346707303283
9.73    0.0346335190969
9.77    0.0345969259403
9.81    0.0345609527817
9.85    0.0345255997011
9.89    0.0344908650509
9.93    0.0344567455725
9.97    0.0344232365097
