0.05    0.000185524528778
0.09    0.000873349066392
0.13    0.00145548772027
0.17    0.00352824788522
0.21    0.00565926789016
0.25    0.0071435605843
0.29    0.00845985690233
0.33    0.0101044106946
0.37    0.0169100039217
0.41    0.0221177810993
0.45    0.0319879715676
0.49    0.0359280962569
0.53    0.0353543516084
0.57    0.0317782342812
0.61    0.0274697404111
0.65    0.032328402439
0.69    0.0333047650634
0.73    0.0307183580184
0.77    0.0295043109652
0.81    0.0281553326608
0.85    0.0302816838768
0.89    0.0319302364322
0.93    0.0420879893043
0.97    0.054226414683
1.01    0.0632324264613
1.05    0.0712398778968
1.09    0.0833116997647
1.13    0.0983388166277
1.17    0.110245853582
1.21    0.115757855037
1.25    0.118862654047
1.29    0.127486326575
1.33    0.135653797165
1.37    0.143576579783
1.41    0.151653368201
1.45    0.160582502413
1.49    0.170400803197
1.53    0.179084485964
1.57    0.183926351879
1.61    0.192679638893
1.65    0.199842398601
1.69    0.208265707537
1.73    0.220844753335
1.77    0.238512035925
1.81    0.259565019444
1.85    0.281020998075
1.89    0.300223051763
1.93    0.31515131278
1.97    0.325395385579
2.01    0.332157831278
2.05    0.335646235853
2.09    0.336812349563
2.13    0.337234485074
2.17    0.338336970735
2.21    0.340821155855
2.25    0.344948590173
2.29    0.350646898546
2.33    0.357303717122
2.37    0.363592628848
2.41    0.368574762136
2.45    0.371659469399
2.49    0.372412395164
2.53    0.370926091485
2.57    0.367572311106
2.61    0.362409478966
2.65    0.35565625758
2.69    0.350759197605
2.73    0.345991065447
2.77    0.340300101554
2.81    0.334073965229
2.85    0.327824917264
2.89    0.321821439807
2.93    0.316041067182
2.97    0.310562298169
3.01    0.305440313428
3.05    0.300671332793
3.09    0.296227293611
3.13    0.292074590351
3.17    0.288165027885
3.21    0.284440835469
3.25    0.280841358956
3.29    0.277319063402
3.33    0.273849247535
3.37    0.270403316811
3.41    0.266975986504
3.45    0.263580949178
3.49    0.260223357876
3.53    0.256927307331
3.57    0.253724696054
3.61    0.250633188795
3.65    0.253957103993
3.69    0.262115267066
3.73    0.268650138235
3.77    0.273611718893
3.81    0.277126462229
3.85    0.279455594452
3.89    0.282938334816
3.93    0.289460081754
3.97    0.295305314937
4.01    0.300346457155
4.05    0.304551589423
4.09    0.307941257076
4.13    0.310574658358
4.17    0.312520996571
4.21    0.313829177614
4.25    0.314485156738
4.29    0.314495400917
4.33    0.331529987092
4.37    0.348546200832
4.41    0.362976880434
4.45    0.375348862528
4.49    0.386648282941
4.53    0.395655957979
4.57    0.402437652848
4.61    0.407085855872
4.65    0.409732505727
4.69    0.410460876611
4.73    0.409753642615
4.77    0.408066271107
4.81    0.406158019663
4.85    0.404128155091
4.89    0.401351431251
4.93    0.397483768249
4.97    0.39260495813
5.01    0.386984614368
5.05    0.380948483698
5.09    0.374748508917
5.13    0.368592166025
5.17    0.362734611213
5.21    0.35746304112
5.25    0.353061297843
5.29    0.349787563327
5.33    0.347863894263
5.37    0.347462978493
5.41    0.348693634695
5.45    0.351601445917
5.49    0.356161181639
5.53    0.362328468793
5.57    0.370213236076
5.61    0.379194831965
5.65    0.389100231008
5.69    0.399728222424
5.73    0.410874694299
5.77    0.42232574315
5.81    0.433871321443
5.85    0.445722253027
5.89    0.457457947956
5.93    0.468888284769
5.97    0.479855428513
6.01    0.490225727313
6.05    0.499890659001
6.09    0.508764059025
6.13    0.516774320168
6.17    0.523864884021
6.21    0.530009817344
6.25    0.535203260158
6.29    0.539459133409
6.33    0.542797598852
6.37    0.545262363282
6.41    0.546916555531
6.45    0.547830421432
6.49    0.548087511095
6.53    0.547761107566
6.57    0.546908327975
6.61    0.545592480727
6.65    0.543882569968
6.69    0.541866349522
6.73    0.539640117415
6.77    0.537292181863
6.81    0.534903755705
6.85    0.532548012691
6.89    0.530290057727
6.93    0.528181295726
6.97    0.526264875086
7.01    0.524582017344
7.05    0.523169043653
7.09    0.522057913874
7.13    0.521269762958
7.17    0.520820403511
7.21    0.520719002314
7.25    0.520967548414
7.29    0.521564215573
7.33    0.522502159166
7.37    0.523764814048
7.41    0.525337054489
7.45    0.527192393102
7.49    0.529301286053
7.53    0.531632812724
7.57    0.534156872703
7.61    0.53684373509
7.65    0.539653906857
7.69    0.542547372828
7.73    0.545483820775
7.77    0.548429732414
7.81    0.551357247624
7.85    0.554210803958
7.89    0.556933861656
7.93    0.559483476275
7.97    0.561814392352
8.01    0.563889774413
8.05    0.565669297722
8.09    0.567130939569
8.13    0.568265840942
8.17    0.569068945605
8.21    0.569533792537
8.25    0.569659199115
8.29    0.569434696137
8.33    0.568842870848
8.37    0.567866056102
8.41    0.566605299794
8.45    0.568138645749
8.49    0.569498826216
8.53    0.570860678648
8.57    0.572269451256
8.61    0.573591999048
8.65    0.574714159749
8.69    0.57558654704
8.73    0.576183747758
8.77    0.576536101218
8.81    0.576634392137
8.85    0.576429925912
8.89    0.575889416717
8.93    0.575003597406
8.97    0.57374704423
9.01    0.572103617364
9.05    0.570089560155
9.09    0.567727989119
9.13    0.565033742939
9.17    0.562008941967
9.21    0.55865489632
9.25    0.554966243858
9.29    0.550956514437
9.33    0.546646542823
9.37    0.54382369259
9.41    0.545567980451
9.45    0.54700793431
9.49    0.548145963148
9.53    0.548985936281
9.57    0.549532927024
9.61    0.549793173612
9.65    0.549771596688
9.69    0.549473758529
9.73    0.548907780186
9.77    0.548084017982
9.81    0.547008714655
9.85    0.545687648058
9.89    0.544131042473
9.93    0.542345427421
9.97    0.540337079737
