0.05    1.96024896283e-05
0.09    0.000113699484535
0.13    0.000236481020456
0.17    0.000406256604209
0.21    0.000630348443976
0.25    0.00106139004265
0.29    0.00137484542906
0.33    0.00121912872478
0.37    0.00146628952075
0.41    0.00213775324524
0.45    0.00202954126851
0.49    0.00275119938121
0.53    0.00301464720089
0.57    0.00491483116704
0.61    0.00592935501138
0.65    0.00694331587131
0.69    0.00637006308115
0.73    0.00551598414158
0.77    0.00606304122783
0.81    0.00583064915201
0.85    0.00501809574291
0.89    0.00459199417171
0.93    0.00398146780304
0.97    0.00355824184662
1.01    0.00349961494071
1.05    0.00329678533144
1.09    0.00297585337566
1.13    0.00284568589399
1.17    0.00294044819443
1.21    0.00267647144094
1.25    0.00268069733348
1.29    0.0025993168337
1.33    0.00251798480295
1.37    0.002426364693
1.41    0.00228323399349
1.45    0.00234635814309
1.49    0.00235754958084
1.53    0.00228746395572
1.57    0.00216609514302
1.61    0.00202447619046
1.65    0.00188823665229
1.69    0.00177700778199
1.73    0.00170252052024
1.77    0.00166781132994
1.81    0.00166724886179
1.85    0.00168836582043
1.89    0.00171694020716
1.93    0.00174070714954
1.97    0.00175207933852
2.01    0.00174891859827
2.05    0.00173361715759
2.09    0.00171122704264
2.13    0.00168747287805
2.17    0.00166702176905
2.21    0.00165278945797
2.25    0.00164570320505
2.29    0.00164489974752
2.33    0.00164844313523
2.37    0.00165395744855
2.41    0.00165919264768
2.45    0.00166241155219
2.49    0.0016626494979
2.53    0.0016595284425
2.57    0.00165333337691
2.61    0.0016447928875
2.65    0.00163487574215
2.69    0.00162460587007
2.73    0.00161491368832
2.77    0.00160653422588
2.81    0.00159995281877
2.85    0.00159539262365
2.89    0.00159283461744
2.93    0.0015920595542
2.97    0.00159270184536
3.01    0.00159430685978
3.05    0.00159638515563
3.09    0.00159845925414
3.13    0.00160010047942
3.17    0.00160095497234
3.21    0.00160075918309
3.25    0.00159934596338
3.29    0.00159664285814
3.33    0.00159266440186
3.37    0.00158750022365
3.41    0.001581300622
3.45    0.00157426104145
3.49    0.00156660661167
3.53    0.00155857763099
3.57    0.00155041661108
3.61    0.0015423572657
3.65    0.00153461562792
3.69    0.00152738332305
3.73    0.00152082290502
3.77    0.00151506508012
3.81    0.00151020758843
3.85    0.00150631548547
3.89    0.00150342255771
3.93    0.00150153361304
3.97    0.00150062740418
4.01    0.00150065996785
4.05    0.00150156819043
4.09    0.00150327344111
4.13    0.00150568514275
4.17    0.00150870417917
4.21    0.00151222606296
4.25    0.00151614381099
4.29    0.00152035049458
4.33    0.00152474144742
4.37    0.00152921612873
4.41    0.00153367964898
4.45    0.00153804397434
4.49    0.00154222883176
4.53    0.00154616234056
4.57    0.00154978139888
4.61    0.00155303185461
4.65    0.00155586849004
4.69    0.0015582548493
4.73    0.00156016293551
4.77    0.00156157280346
4.81    0.00156247207107
4.85    0.00156285537063
4.89    0.00156272375875
4.93    0.0015620841012
4.97    0.00156094844704
5.01    0.00155933340365
5.05    0.00155725952306
5.09    0.00155475070735
5.13    0.00155183363975
5.17    0.0015485372463
5.21    0.00154489219171
5.25    0.00154093041217
5.29    0.00153668468596
5.33    0.00153218824303
5.37    0.00152747441355
5.41    0.00152257631426
5.45    0.00151752657204
5.49    0.00151235708282
5.53    0.0015070988044
5.57    0.00150178158099
5.61    0.0014964339973
5.65    0.0014910832607
5.69    0.00148575510782
5.73    0.00148047373494
5.77    0.00147526174882
5.81    0.00147014013685
5.85    0.00146512825314
5.89    0.00146024382032
5.93    0.00145550294355
5.97    0.00145092013634
6.01    0.00144650835549
6.05    0.00144749874435
6.09    0.00144980385194
6.13    0.00145187787274
6.17    0.00145371965148
6.21    0.00145532907464
6.25    0.00145670699014
6.29    0.00145785512887
6.33    0.00145877602823
6.37    0.00145947295818
6.41    0.00145994984994
6.45    0.00146021122761
6.49    0.00146026214286
6.53    0.00146010811278
6.57    0.00145975506101
6.61    0.00145920926203
6.65    0.0014584772889
6.69    0.00145756596408
6.73    0.0014564823136
6.77    0.00145523352429
6.81    0.00145382690414
6.85    0.00145226984559
6.89    0.00145056979173
6.93    0.00144873420533
6.97    0.0014467705403
7.01    0.00144468621611
7.05    0.00144248859409
7.09    0.00144018495652
7.13    0.00143778248749
7.17    0.0014352882562
7.21    0.00143270920176
7.25    0.00143005212011
7.29    0.00142732365267
7.33    0.00142453027612
7.37    0.0014216782942
7.41    0.00141947656702
7.45    0.00142155826405
7.49    0.00142372367264
7.53    0.00142596663213
7.57    0.00142828111977
7.61    0.00143066125881
7.65    0.00143310132508
7.69    0.00143559575239
7.73    0.00143813913752
7.77    0.00144072624366
7.81    0.00144335200323
7.85    0.00144601152014
7.89    0.00144870007092
7.93    0.00145141310559
7.97    0.0014541462475
8.01    0.00145689529316
8.05    0.00145965621099
8.09    0.00146242514021
8.13    0.00146519838888
8.17    0.00146797243171
8.21    0.00147074390773
8.25    0.00147350961744
8.29    0.00147626651988
8.33    0.00147901172928
8.37    0.00148174251179
8.41    0.00148445628196
8.45    0.00148715059905
8.49    0.00148982316307
8.53    0.00149247181111
8.57    0.0014950945133
8.61    0.00149768936879
8.65    0.00150025460203
8.69    0.00150278855812
8.73    0.00150528969933
8.77    0.00150775660106
8.81    0.00151018794737
8.85    0.00151258252755
8.89    0.00151493923157
8.93    0.00151725704692
8.97    0.00151953505418
9.01    0.00152177242352
9.05    0.00152396841104
9.09    0.00152612235488
9.13    0.00152823367196
9.17    0.00153030185422
9.21    0.00153232646543
9.25    0.00153430713778
9.29    0.00153624356871
9.33    0.00153813551764
9.37    0.00153998280307
9.41    0.00154178529954
9.45    0.00154354293475
9.49    0.00154525568674
9.53    0.00154692358128
9.57    0.00154854668916
9.61    0.00155012512368
9.65    0.00155165903843
9.69    0.00155314862457
9.73    0.00155459410882
9.77    0.0015559957512
9.81    0.00155735384308
9.85    0.0015586687047
9.89    0.0015599406839
9.93    0.00156117015373
9.97    0.00156235751089
