0.05    1.95233362092e-05
0.09    9.72173353634e-05
0.13    0.000311421394308
0.17    0.000477554846729
0.21    0.00077820818538
0.25    0.0013911149216
0.29    0.00152905351205
0.33    0.00145845734674
0.37    0.00212241427147
0.41    0.0018863783096
0.45    0.00232052534403
0.49    0.00315898518136
0.53    0.0038413157335
0.57    0.0048422104744
0.61    0.00420028198587
0.65    0.00354829518119
0.69    0.00349891327521
0.73    0.00388917485847
0.77    0.00496313428884
0.81    0.00641387016682
0.85    0.00642763603117
0.89    0.00578534866437
0.93    0.00482114372643
0.97    0.00408348831779
1.01    0.00398079895189
1.05    0.00404590187704
1.09    0.00420626161949
1.13    0.0040460605454
1.17    0.00376098969023
1.21    0.00353095178894
1.25    0.0031832340934
1.29    0.00280856884099
1.33    0.0025058105855
1.37    0.0022709517319
1.41    0.00215906493855
1.45    0.00209398726769
1.49    0.00201367306867
1.53    0.00193290600332
1.57    0.00186213150708
1.61    0.001805085563
1.65    0.00175963050953
1.69    0.00172143625344
1.73    0.00168700370359
1.77    0.00165492180383
1.81    0.00162560090262
1.85    0.00160027546081
1.89    0.00158000345968
1.93    0.00156506236659
1.97    0.00155481898238
2.01    0.00154795167107
2.05    0.00154283690486
2.09    0.00153793509407
2.13    0.00153207300238
2.17    0.00152458471589
2.21    0.0015153210434
2.25    0.00150456339309
2.29    0.00149288577871
2.33    0.00148100396105
2.37    0.00146964007044
2.41    0.00145941909328
2.45    0.00145080319016
2.49    0.00144406221432
2.53    0.00143927419696
2.57    0.00143634752553
2.61    0.00143505637662
2.65    0.0014350819786
2.69    0.00143605388017
2.73    0.00143758715684
2.77    0.00143931311777
2.81    0.00144090243092
2.85    0.00144208060756
2.89    0.00144263648552
2.93    0.00144242476433
2.97    0.00144136383391
3.01    0.00143943015989
3.05    0.00143665039922
3.09    0.00143309226414
3.13    0.00142885496633
3.17    0.0014240598814
3.21    0.00141884189415
3.25    0.00141334172571
3.29    0.00140769941157
3.33    0.00140204899387
3.37    0.00139651441151
3.41    0.00139120651534
3.45    0.0013862210986
3.49    0.00138163781139
3.53    0.00137751981997
3.57    0.00137391407125
3.61    0.00137085203098
3.65    0.00136835077457
3.69    0.00136641432385
3.73    0.00136503513785
3.77    0.00136419568057
3.81    0.00136387000309
3.85    0.00136402529077
3.89    0.00136462333807
3.93    0.00136562192373
3.97    0.00136697606826
4.01    0.00136863916281
4.05    0.00137056396436
4.09    0.00137270345749
4.13    0.00137501158591
4.17    0.00137744386026
4.21    0.00137995785023
4.25    0.00138251357052
4.29    0.00138507377081
4.33    0.00138760413992
4.37    0.00139007343492
4.41    0.00139245354479
4.45    0.00139471949847
4.49    0.0013968494261
4.53    0.0013988244816
4.57    0.00140062873416
4.61    0.00140224903519
4.65    0.00140367486675
4.69    0.0014048981767
4.73    0.00140591320491
4.77    0.00140671630457
4.81    0.0014073057618
4.85    0.00140768161631
4.89    0.00140784548534
4.93    0.00140780039262
4.97    0.00140755211381
5.01    0.00140711492736
5.05    0.00140648444939
5.09    0.00140566772934
5.13    0.0014046724879
5.17    0.00140350699598
5.21    0.00140217996309
5.25    0.00140070043507
5.29    0.00139907770077
5.33    0.00139732120762
5.37    0.0013954404856
5.41    0.00139344507924
5.45    0.00139134448726
5.49    0.00138914810928
5.53    0.00138686519928
5.57    0.00138450482531
5.61    0.00138207583489
5.65    0.00137958682589
5.69    0.00137704612202
5.73    0.00137446175302
5.77    0.00137184143874
5.81    0.00136919257709
5.85    0.00136652223492
5.89    0.00136383714227
5.93    0.00136114368895
5.97    0.00135844792367
6.01    0.00135575555492
6.05    0.0013530719541
6.09    0.00135040215979
6.13    0.00134775088362
6.17    0.00134512251715
6.21    0.00134252113981
6.25    0.00133995052764
6.29    0.00133741416256
6.33    0.00133491524236
6.37    0.00133245669089
6.41    0.00133004116877
6.45    0.00132767108405
6.49    0.00132534860315
6.53    0.00132307566186
6.57    0.00132085397621
6.61    0.00131868505327
6.65    0.00131657020199
6.69    0.0013145105436
6.73    0.00131250702205
6.77    0.00131056041405
6.81    0.00130867133894
6.85    0.00130684026825
6.89    0.00130506753494
6.93    0.00130335334239
6.97    0.00130169777296
7.01    0.00130010079639
7.05    0.0012985622777
7.09    0.00129708198489
7.13    0.00129565959621
7.17    0.00129429470722
7.21    0.00129298683737
7.25    0.00129173543641
7.29    0.00129053989042
7.33    0.00128939952747
7.37    0.00128831362314
7.41    0.00128728140559
7.45    0.00128630206045
7.49    0.00128537473537
7.53    0.00128449854437
7.57    0.00128367257189
7.61    0.0012828958766
7.65    0.00128216749496
7.69    0.00128148644467
7.73    0.00128085172768
7.77    0.00128026233322
7.81    0.00127971724053
7.85    0.00127921542132
7.89    0.00127875584226
7.93    0.00127833746708
7.97    0.00127795925871
8.01    0.00127762018102
8.05    0.00127731920071
8.09    0.0012770552888
8.13    0.00127682742214
8.17    0.00127663458477
8.21    0.0012764757691
8.25    0.00127634997708
8.29    0.00127625622118
8.33    0.00127619352533
8.37    0.00127616092575
8.41    0.00127615747165
8.45    0.00127618222595
8.49    0.00127623426581
8.53    0.00127631268317
8.57    0.00127641658521
8.61    0.00127654509472
8.65    0.00127669735042
8.69    0.00127687250725
8.73    0.00127706973657
8.77    0.00127728822644
8.81    0.00127752718156
8.85    0.0012777858236
8.89    0.00127806339104
8.93    0.00127835913937
8.97    0.00127867234097
9.01    0.00127900228515
9.05    0.00127934827805
9.09    0.00127970964254
9.13    0.00128008571818
9.17    0.00128047586099
9.21    0.0012808794434
9.25    0.00128129585405
9.29    0.0012817244976
9.33    0.00128216479455
9.37    0.00128261618104
9.41    0.00128307810866
9.45    0.00128355004418
9.49    0.00128403146932
9.53    0.00128452188058
9.57    0.00128502078892
9.61    0.00128552771949
9.65    0.00128604221156
9.69    0.00128656381796
9.73    0.0012870921051
9.77    0.00128762665251
9.81    0.00128816705277
9.85    0.00128871291094
9.89    0.00128926384465
9.93    0.00128981948362
9.97    0.00129037946939
