0.05    0.000182156580116
0.09    0.000826726234318
0.13    0.00320892096507
0.17    0.00223822711544
0.21    0.00440996794787
0.25    0.00501882533387
0.29    0.0077663381407
0.33    0.00974134437282
0.37    0.0124199322052
0.41    0.0130814511478
0.45    0.0158031900289
0.49    0.0157866188461
0.53    0.0174252230591
0.57    0.017107369751
0.61    0.0252901878319
0.65    0.0232608979972
0.69    0.0295759404449
0.73    0.0375782088893
0.77    0.0421620787492
0.81    0.0416072933767
0.85    0.0418471028607
0.89    0.041949881376
0.93    0.0378156086195
0.97    0.0435085233879
1.01    0.0552430263306
1.05    0.0704134596782
1.09    0.0823373697773
1.13    0.0841022120415
1.17    0.0769410866169
1.21    0.0779061728656
1.25    0.0778541962682
1.29    0.0809417575723
1.33    0.0850618441674
1.37    0.0998784199943
1.41    0.112750091699
1.45    0.115457666322
1.49    0.114961687245
1.53    0.110511780201
1.57    0.105789746847
1.61    0.099189936437
1.65    0.0946150700341
1.69    0.0986839573473
1.73    0.107017213753
1.77    0.13043848784
1.81    0.157317870881
1.85    0.180572102486
1.89    0.195522693896
1.93    0.204878762639
1.97    0.217254623082
2.01    0.238244816214
2.05    0.264132559194
2.09    0.286804739026
2.13    0.301152729848
2.17    0.307097012762
2.21    0.307481870184
2.25    0.3045838425
2.29    0.298322095954
2.33    0.287341761011
2.37    0.272759130003
2.41    0.263646383419
2.45    0.254433420254
2.49    0.250826114017
2.53    0.256336748306
2.57    0.269684315646
2.61    0.286034199073
2.65    0.300304478858
2.69    0.309414219614
2.73    0.312747293817
2.77    0.311773374007
2.81    0.308979500809
2.85    0.306919031619
2.89    0.307317579368
2.93    0.310516542157
2.97    0.315551727289
3.01    0.320783089387
3.05    0.324627879177
3.09    0.326115541512
3.13    0.324927059407
3.17    0.321248993722
3.21    0.320289729357
3.25    0.320834761367
3.29    0.314792575138
3.33    0.30423475325
3.37    0.297841838051
3.41    0.295870786001
3.45    0.295161595807
3.49    0.295708929915
3.53    0.297323679337
3.57    0.299704315803
3.61    0.302516766934
3.65    0.305444908863
3.69    0.308249763624
3.73    0.317585387931
3.77    0.344465256972
3.81    0.371794936318
3.85    0.398122528443
3.89    0.42234374024
3.93    0.443678189876
3.97    0.46159470741
4.01    0.475749123145
4.05    0.485919824874
4.09    0.491992153468
4.13    0.493937125259
4.17    0.491788466353
4.21    0.487329841056
4.25    0.484621408199
4.29    0.477976521181
4.33    0.467569819299
4.37    0.453656707705
4.41    0.436595818741
4.45    0.416846291164
4.49    0.394948269792
4.53    0.375038209726
4.57    0.375941622922
4.61    0.376149182374
4.65    0.375666676471
4.69    0.374517970614
4.73    0.372747026962
4.77    0.370399954421
4.81    0.3675359869
4.85    0.36421440034
4.89    0.360490916395
4.93    0.356420126409
4.97    0.352065771616
5.01    0.347501879686
5.05    0.342811692572
5.09    0.338076912618
5.13    0.333379777414
5.17    0.328790274399
5.21    0.32438271063
5.25    0.320229597053
5.29    0.316395852935
5.33    0.312936939691
5.37    0.309904146689
5.41    0.307338691069
5.45    0.305268643188
5.49    0.3037121967
5.53    0.302675079036
5.57    0.302150870178
5.61    0.302121527722
5.65    0.302557937067
5.69    0.30342343739
5.73    0.304668685147
5.77    0.306239638994
5.81    0.308076092593
5.85    0.310116079717
5.89    0.312290317083
5.93    0.31452965838
5.97    0.316767216541
6.01    0.318936673178
6.05    0.320976712513
6.09    0.322825133479
6.13    0.324425512139
6.17    0.325719416773
6.21    0.326665121245
6.25    0.3272237203
6.29    0.327366653682
6.33    0.327068792933
6.37    0.332776834548
6.41    0.339780981483
6.45    0.346674469476
6.49    0.353410075481
6.53    0.359928348271
6.57    0.36618341755
6.61    0.372133488931
6.65    0.377740792957
6.69    0.382971289249
6.73    0.387794439333
6.77    0.392183199933
6.81    0.396119595193
6.85    0.399580263651
6.89    0.402550286307
6.93    0.405019955736
6.97    0.406983614679
7.01    0.40843942803
7.05    0.409389199264
7.09    0.409838143178
7.13    0.409795128632
7.17    0.409270745986
7.21    0.408280502062
7.25    0.40684100352
7.29    0.4049714719
7.33    0.40269314462
7.37    0.400028966696
7.41    0.397003301287
7.45    0.393643548737
7.49    0.398311070191
7.53    0.408222969204
7.57    0.41707660908
7.61    0.42490109314
7.65    0.431734468736
7.69    0.437620053619
7.73    0.442606064866
7.77    0.446745919282
7.81    0.450091135482
7.85    0.452702546038
7.89    0.454637905633
7.93    0.455958417381
7.97    0.456725743412
8.01    0.45700232086
8.05    0.456848119255
8.09    0.456320132333
8.13    0.455472062158
8.17    0.454356899163
8.21    0.453020763
8.25    0.451504931199
8.29    0.44985023808
8.33    0.448089321967
8.37    0.44625277741
8.41    0.444364208359
8.45    0.442442721344
8.49    0.440503818013
8.53    0.438560219439
8.57    0.436614545387
8.61    0.434674304167
8.65    0.432734358721
8.69    0.430795152268
8.73    0.428847028102
8.77    0.426879436064
8.81    0.424883331821
8.85    0.422842519364
8.89    0.420740749465
8.93    0.418563722666
8.97    0.416294394441
9.01    0.413913585026
9.05    0.411409186856
9.09    0.408759888853
9.13    0.405955202173
9.17    0.402976225349
9.21    0.399810070768
9.25    0.39644685887
9.29    0.392873133226
9.33    0.389080000345
9.37    0.385061027352
9.41    0.380811551588
9.45    0.376331104824
9.49    0.371619498802
9.53    0.366685324843
9.57    0.361543324
9.61    0.356218338338
9.65    0.350730705204
9.69    0.345105946615
9.73    0.339404858283
9.77    0.340892103036
9.81    0.345485335439
9.85    0.34989925845
9.89    0.354121141063
9.93    0.358135236753
9.97    0.361930874356
