0.05    0.000210265921338
0.09    0.000808861716249
0.13    0.00195179301929
0.17    0.00351502006691
0.21    0.00511021409283
0.25    0.00918958784596
0.29    0.00975878124277
0.33    0.0189806917504
0.37    0.0266960498696
0.41    0.0272865683735
0.45    0.0263951117413
0.49    0.0284205974519
0.53    0.0374449586183
0.57    0.041141190813
0.61    0.0470846985888
0.65    0.057550421509
0.69    0.0605061908437
0.73    0.0771861132511
0.77    0.0799681866687
0.81    0.0836282750142
0.85    0.0820379191803
0.89    0.0884924396872
0.93    0.0975122569019
0.97    0.106112623201
1.01    0.109885601448
1.05    0.107430472336
1.09    0.105828165234
1.13    0.124150336063
1.17    0.146504745177
1.21    0.162073298708
1.25    0.182126142968
1.29    0.185896706805
1.33    0.201962967977
1.37    0.199772672968
1.41    0.186846584604
1.45    0.175712407042
1.49    0.1710307765
1.53    0.169610891531
1.57    0.171825911132
1.61    0.184036873878
1.65    0.207099055769
1.69    0.231529868628
1.73    0.246957638693
1.77    0.251142669009
1.81    0.252561176417
1.85    0.255177766502
1.89    0.267435617442
1.93    0.29104714469
1.97    0.321055168064
2.01    0.351230314586
2.05    0.377639093778
2.09    0.398948579506
2.13    0.415274846664
2.17    0.426875886533
2.21    0.433363053711
2.25    0.436948640828
2.29    0.435289146989
2.33    0.426705088976
2.37    0.410782873773
2.41    0.39148238288
2.45    0.379905395596
2.49    0.362793360423
2.53    0.342069713364
2.57    0.323614632341
2.61    0.300061524194
2.65    0.325470802488
2.69    0.358085109716
2.73    0.382469838583
2.77    0.400085543702
2.81    0.411814576756
2.85    0.418629998058
2.89    0.422171434327
2.93    0.424895030996
2.97    0.429655678422
3.01    0.438914083794
3.05    0.453979443639
3.09    0.474723592542
3.13    0.499828292509
3.17    0.527320878224
3.21    0.555096814175
3.25    0.581224543059
3.29    0.604062099366
3.33    0.62222887942
3.37    0.634716333921
3.41    0.644984004038
3.45    0.656643696082
3.49    0.661421164002
3.53    0.6590172645
3.57    0.649551020977
3.61    0.633053284979
3.65    0.60984319235
3.69    0.599861439143
3.73    0.58895374004
3.77    0.572483038898
3.81    0.557519995207
3.85    0.548322958448
3.89    0.536752526032
3.93    0.522956110811
3.97    0.507063402865
4.01    0.489180320557
4.05    0.485002422461
4.09    0.480317445616
4.13    0.473899747075
4.17    0.465718417439
4.21    0.455706681778
4.25    0.443857056255
4.29    0.430159655425
4.33    0.414663103077
4.37    0.413119381536
4.41    0.413685032401
4.45    0.41340524782
4.49    0.41220265566
4.53    0.410035819423
4.57    0.406827497287
4.61    0.402469082362
4.65    0.396889051455
4.69    0.390069317762
4.73    0.382152654136
4.77    0.373246945824
4.81    0.363446245273
4.85    0.352888740545
4.89    0.341750682859
4.93    0.330221473887
4.97    0.31848434571
5.01    0.306731671948
5.05    0.295143378834
5.09    0.283878881603
5.13    0.273098657651
5.17    0.274031601103
5.21    0.276126467678
5.25    0.277959016411
5.29    0.279545753794
5.33    0.28090300468
5.37    0.282047191373
5.41    0.282997324745
5.45    0.283773236929
5.49    0.284388193511
5.53    0.284858639219
5.57    0.285201467044
5.61    0.285434111263
5.65    0.285571059901
5.69    0.285627155525
5.73    0.285612871045
5.77    0.285537061343
5.81    0.285407000948
5.85    0.285224570483
5.89    0.284991985362
5.93    0.284714509852
5.97    0.284389491734
6.01    0.284008921246
6.05    0.283567277015
6.09    0.283063205546
6.13    0.282494961126
6.17    0.28186182921
6.21    0.281163676546
6.25    0.280403038158
6.29    0.279577866699
6.33    0.278690602932
6.37    0.278899745488
6.41    0.287607319334
6.45    0.296721631555
6.49    0.306166764577
6.53    0.315863348931
6.57    0.325735029268
6.61    0.335689594214
6.65    0.345648793865
6.69    0.355523733729
6.73    0.365229624143
6.77    0.374683643828
6.81    0.383810728027
6.85    0.392527407465
6.89    0.400772553884
6.93    0.408475195335
6.97    0.415577447632
7.01    0.422026128737
7.05    0.427782594492
7.09    0.432803861098
7.13    0.437065111198
7.17    0.44054438622
7.21    0.443222022193
7.25    0.449593088862
7.29    0.463636483848
7.33    0.477245460932
7.37    0.490406972816
7.41    0.503088025329
7.45    0.515269046126
7.49    0.527154089417
7.53    0.538925212338
7.57    0.550040892936
7.61    0.560491175907
7.65    0.570272312604
7.69    0.579309762598
7.73    0.586971834834
7.77    0.594985563673
7.81    0.602396128429
7.85    0.609333916606
7.89    0.615798337591
7.93    0.62177850925
7.97    0.627751036745
8.01    0.637342948086
8.05    0.64791138016
8.09    0.658350073698
8.13    0.66842451096
8.17    0.677867039924
8.21    0.686513046643
8.25    0.694288968976
8.29    0.702553726766
8.33    0.711479928468
8.37    0.719510970313
8.41    0.726644877964
8.45    0.732887449143
8.49    0.738244057419
8.53    0.742715853278
8.57    0.74630745128
8.61    0.749022531136
8.65    0.750868731518
8.69    0.751864622541
8.73    0.752022999579
8.77    0.751363039792
8.81    0.749914132247
8.85    0.747694203699
8.89    0.744727196595
8.93    0.741046724929
8.97    0.736678889077
9.01    0.731661210768
9.05    0.726027208565
9.09    0.719815429353
9.13    0.71308305588
9.17    0.705907225876
9.21    0.698344344963
9.25    0.690418343052
9.29    0.682136220517
9.33    0.673507061303
9.37    0.664547957172
9.41    0.655276178145
9.45    0.645712181825
9.49    0.635886112177
9.53    0.625836716807
9.57    0.615604050721
9.61    0.605223722988
9.65    0.594725091663
9.69    0.584129636825
9.73    0.573456356907
9.77    0.562710298777
9.81    0.551894176637
9.85    0.541013467903
9.89    0.530080880679
9.93    0.519106372322
9.97    0.508107169774
