0.05    0.00012459740254
0.09    0.000490836425243
0.13    0.00120914431227
0.17    0.0031555675239
0.21    0.00526153822375
0.25    0.00683253317738
0.29    0.0118412061777
0.33    0.0130380140301
0.37    0.0209619648986
0.41    0.031488544391
0.45    0.0354055678415
0.49    0.0352229415772
0.53    0.0329229867396
0.57    0.0375835218037
0.61    0.0338216855204
0.65    0.0304899745932
0.69    0.0308136313805
0.73    0.0296705045553
0.77    0.0320877563027
0.81    0.0288063280056
0.85    0.0291128519151
0.89    0.026845996759
0.93    0.0290828456357
0.97    0.0348794473391
1.01    0.0414743433875
1.05    0.0496610657773
1.09    0.0611616827033
1.13    0.0741941865309
1.17    0.0837700246801
1.21    0.0887018124047
1.25    0.0904287217846
1.29    0.0985753079066
1.33    0.105007393056
1.37    0.116179856777
1.41    0.124993193105
1.45    0.128570569268
1.49    0.12805642965
1.53    0.126079684633
1.57    0.124001132957
1.61    0.121331386255
1.65    0.117213295699
1.69    0.111469913999
1.73    0.104832054984
1.77    0.0982920409713
1.81    0.09268672754
1.85    0.0883385170569
1.89    0.0851172210251
1.93    0.0826130249115
1.97    0.0803675119064
2.01    0.0779958994304
2.05    0.0786133205399
2.09    0.0789336313229
2.13    0.0786133280581
2.17    0.0778265027718
2.21    0.0768104020299
2.25    0.0758199897412
2.29    0.0750075528229
2.33    0.0744260642531
2.37    0.0754261365644
2.41    0.0787245888319
2.45    0.0818062013199
2.49    0.0890200625926
2.53    0.0978791767304
2.57    0.10659910433
2.61    0.115110778675
2.65    0.123409053448
2.69    0.131491959703
2.73    0.139345302202
2.77    0.146919200499
2.81    0.154334854114
2.85    0.162027204975
2.89    0.170714601797
2.93    0.1798516462
2.97    0.188853648257
3.01    0.197141597796
3.05    0.204300294867
3.09    0.21014207012
3.13    0.214623209985
3.17    0.217910046132
3.21    0.220385910838
3.25    0.222467803088
3.29    0.224072840076
3.33    0.224992687865
3.37    0.225119463565
3.41    0.225349837557
3.45    0.225303898744
3.49    0.224673683635
3.53    0.223492846665
3.57    0.221886773388
3.61    0.219964387014
3.65    0.217739554728
3.69    0.215173674675
3.73    0.212330121276
3.77    0.209483890214
3.81    0.206678800135
3.85    0.203583877811
3.89    0.200100713536
3.93    0.19624737588
3.97    0.192065715553
4.01    0.187630024461
4.05    0.183036726757
4.09    0.178358365788
4.13    0.173655974791
4.17    0.168998316519
4.21    0.165688115557
4.25    0.163617337024
4.29    0.161640144277
4.33    0.15976391909
4.37    0.158004570482
4.41    0.156373841016
4.45    0.154881317128
4.49    0.153537805506
4.53    0.152338281095
4.57    0.151275767338
4.61    0.150347407149
4.65    0.149540366312
4.69    0.148864906566
4.73    0.148324803668
4.77    0.147852510883
4.81    0.147394359811
4.85    0.146923520642
4.89    0.14641415404
4.93    0.145833529979
4.97    0.145163356908
5.01    0.144399671894
5.05    0.143513674562
5.09    0.142501858012
5.13    0.141365655298
5.17    0.140108610041
5.21    0.138762349902
5.25    0.137325386692
5.29    0.135777315218
5.33    0.134102356313
5.37    0.132301115073
5.41    0.130375932671
5.45    0.128330503943
5.49    0.126169727744
5.53    0.123899612888
5.57    0.121534974181
5.61    0.119088214545
5.65    0.116561810378
5.69    0.115356495218
5.73    0.1150082457
5.77    0.114559495179
5.81    0.114002627791
5.85    0.11333586882
5.89    0.112588426918
5.93    0.111741931629
5.97    0.110803280016
6.01    0.109788060685
6.05    0.108707509316
6.09    0.107555965253
6.13    0.106341090922
6.17    0.105070544943
6.21    0.103755963206
6.25    0.102411677302
6.29    0.101032899359
6.33    0.099626692282
6.37    0.0981998562657
6.41    0.0967588963222
6.45    0.0953099959314
6.49    0.0938589963828
6.53    0.0924113813454
6.57    0.0909732346853
6.61    0.0895534122494
6.65    0.0887829675819
6.69    0.0881861030639
6.73    0.0875631369772
6.77    0.0869168693068
6.81    0.0862524919452
6.85    0.0855742806061
6.89    0.0848802581569
6.93    0.0841728888439
6.97    0.0834545368533
7.01    0.0827274624567
7.05    0.0819938191849
7.09    0.0812556519121
7.13    0.080514895784
7.17    0.0797733758855
7.21    0.0790328075798
7.25    0.078297015075
7.29    0.0775655912598
7.33    0.0768393142126
7.37    0.0761194881587
7.41    0.0754073167629
7.45    0.0747039059706
7.49    0.0740102670834
7.53    0.073327320033
7.57    0.0726558967989
7.61    0.0719967449493
7.65    0.07135053126
7.69    0.0707178453855
7.73    0.070099203558
7.77    0.0694950522891
7.81    0.0689057720472
7.85    0.0683316809102
7.89    0.0677730381523
7.93    0.0672300477733
7.97    0.0667028619465
8.01    0.0661915843814
8.05    0.0656962735867
8.09    0.0652169460345
8.13    0.0647535792164
8.17    0.0643061145824
8.21    0.0638744603747
8.25    0.0634584943334
8.29    0.063058066294
8.33    0.0626730006619
8.37    0.062304499353
8.41    0.0619511313406
8.45    0.0616124930671
8.49    0.0612883246627
8.53    0.0611638746238
8.57    0.0611805822586
8.61    0.0612046256368
8.65    0.0612351965713
8.69    0.0612715252168
8.73    0.061312879653
8.77    0.0613585653561
8.81    0.0614079245728
8.85    0.061460335608
8.89    0.0615152120374
8.93    0.0615720018575
8.97    0.0616301865814
9.01    0.0616892802885
9.05    0.0617488286406
9.09    0.0618084078655
9.13    0.061867623723
9.17    0.0619261104517
9.21    0.0619835297079
9.25    0.0620395695002
9.29    0.062093943124
9.33    0.062146388099
9.37    0.0621966651177
9.41    0.062244557003
9.45    0.0622898676807
9.49    0.0623324211695
9.53    0.0623720605903
9.57    0.0624086471954
9.61    0.0624420594217
9.65    0.0624721919678
9.69    0.0624989548954
9.73    0.0625222727581
9.77    0.0625420837565
9.81    0.0625583389209
9.85    0.0625710013212
9.89    0.0625800453057
9.93    0.0625854557675
9.97    0.0625872274389
