0.05    9.00677368684e-05
0.09    0.000376372528589
0.13    0.0012551813525
0.17    0.00269450731519
0.21    0.00339865628242
0.25    0.0034965788331
0.29    0.00703268632509
0.33    0.0148020678002
0.37    0.0125844945627
0.41    0.0166472621474
0.45    0.0153751596399
0.49    0.0162021701893
0.53    0.017381784797
0.57    0.0193108179877
0.61    0.0188766100516
0.65    0.0167867155617
0.69    0.0191212274738
0.73    0.0210474841084
0.77    0.0246501341033
0.81    0.0247641015937
0.85    0.0264459314043
0.89    0.0298578917975
0.93    0.0307114944678
0.97    0.0283539739288
1.01    0.0355686644923
1.05    0.0403814025761
1.09    0.0406591455327
1.13    0.0417660313065
1.17    0.0467095353393
1.21    0.052182284564
1.25    0.0560311889056
1.29    0.0591589345937
1.33    0.0644557627501
1.37    0.0662154083098
1.41    0.0653952994525
1.45    0.0634716014882
1.49    0.062378779897
1.53    0.0611045855203
1.57    0.0604684467039
1.61    0.06005060572
1.65    0.0594277859395
1.69    0.0595887821206
1.73    0.0588588629708
1.77    0.0575494840798
1.81    0.0558217568301
1.85    0.0537038310456
1.89    0.0545053500832
1.93    0.0574284363825
1.97    0.0589137116807
2.01    0.0593805485562
2.05    0.0590627512606
2.09    0.0578288397579
2.13    0.0553202687701
2.17    0.0530873340805
2.21    0.0527629645412
2.25    0.0511260073594
2.29    0.0487635765827
2.33    0.0467904018541
2.37    0.0464068600716
2.41    0.0479690333937
2.45    0.0507635151912
2.49    0.053520028433
2.53    0.0550651254421
2.57    0.0547033328454
2.61    0.0549468565016
2.65    0.0575492344519
2.69    0.0584435817937
2.73    0.0579322661178
2.77    0.0561660461176
2.81    0.0534067299538
2.85    0.05004177847
2.89    0.0465956841559
2.93    0.0445712614964
2.97    0.0424726560711
3.01    0.0405123106817
3.05    0.0388526950491
3.09    0.0375315880202
3.13    0.0365317300267
3.17    0.0357911015875
3.21    0.0351937437991
3.25    0.0349995428989
3.29    0.0348449340366
3.33    0.0345999709666
3.37    0.0341866704355
3.41    0.03358306001
3.45    0.032761597637
3.49    0.031766851799
3.53    0.0306141408081
3.57    0.0293597248338
3.61    0.0280698760168
3.65    0.0272298547295
3.69    0.0267852875834
3.73    0.0261804953814
3.77    0.0254316718294
3.81    0.0245644717887
3.85    0.02360821393
3.89    0.0225939882433
3.93    0.0224163662601
3.97    0.0225760302747
4.01    0.0228847038431
4.05    0.023308147716
4.09    0.0238097995774
4.13    0.0243528424427
4.17    0.0249019618609
4.21    0.0254247508547
4.25    0.0258927520851
4.29    0.0262821504126
4.33    0.0265764788898
4.37    0.0267698789647
4.41    0.0268440847377
4.45    0.0267947012039
4.49    0.0268083337026
4.53    0.0279421510021
4.57    0.0290048003345
4.61    0.0299707498368
4.65    0.0308279177105
4.69    0.0315553316248
4.73    0.0321533781063
4.77    0.0326089378329
4.81    0.032925114365
4.85    0.033102423856
4.89    0.033146757422
4.93    0.0330629589089
4.97    0.0328675750852
5.01    0.0325616392387
5.05    0.0321668113936
5.09    0.031693497377
5.13    0.0311504906214
5.17    0.0305518854076
5.21    0.0299186331464
5.25    0.029256528734
5.29    0.028575840698
5.33    0.028380805021
5.37    0.0282453161937
5.41    0.0280860881112
5.45    0.0279004211252
5.49    0.0276923856575
5.53    0.0274659980137
5.57    0.0272250235667
5.61    0.0269729543534
5.65    0.0267129946931
5.69    0.0264480537794
5.73    0.0261807442376
5.77    0.0259133856954
5.81    0.0256480124804
5.85    0.025386384634
5.89    0.025194178055
5.93    0.0251275031103
5.97    0.0250527360322
6.01    0.0249712217483
6.05    0.0248842099657
6.09    0.0247928543382
6.13    0.0246982128883
6.17    0.0246021430402
6.21    0.0245052517641
6.25    0.024407571055
6.29    0.0243098063773
6.33    0.0242125821506
6.37    0.0241164460478
6.41    0.0240218735198
6.45    0.0239292724597
6.49    0.0238389879308
6.53    0.0237513068931
6.57    0.0236664628747
6.61    0.0235846405443
6.65    0.023505980147
6.69    0.0234305817762
6.73    0.0233585094585
6.77    0.0232897950339
6.81    0.0232244418233
6.85    0.0231624280725
6.89    0.0231037101708
6.93    0.0230482256438
6.97    0.0229958959229
7.01    0.0229466288947
7.05    0.022900321238
7.09    0.0228568605541
7.13    0.0228161273007
7.17    0.0227779965373
7.21    0.0227423394927
7.25    0.0227090249651
7.29    0.0226779205644
7.33    0.0226488938073
7.37    0.0226218130764
7.41    0.0225965484527
7.45    0.0225729724311
7.49    0.0225509605297
7.53    0.0225303918005
7.57    0.0225111492518
7.61    0.0224931201897
7.65    0.0224761964862
7.69    0.0224602747834
7.73    0.0224452566373
7.77    0.0224310486112
7.81    0.0224175623223
7.85    0.0224047144484
7.89    0.0223924266986
7.93    0.0223806257543
7.97    0.0223692431833
8.01    0.0223582153323
8.05    0.0223474831995
8.09    0.0223369922932
8.13    0.0223266924772
8.17    0.0223165378055
8.21    0.0223064863514
8.25    0.0222965000291
8.29    0.022286544413
8.33    0.0222765885549
8.37    0.0222666048001
8.41    0.0222565686054
8.45    0.0222464583575
8.49    0.0222362551954
8.53    0.0222259428362
8.57    0.0222155074043
8.61    0.0222049372665
8.65    0.0221942228717
8.69    0.0221833565964
8.73    0.0221723325964
8.77    0.0221611466638
8.81    0.022149796091
8.85    0.0221382795406
8.89    0.0221265969219
8.93    0.0221147492737
8.97    0.0221027386527
9.01    0.0220905680293
9.05    0.0220782411884
9.09    0.0220657626368
9.13    0.0220531375158
9.17    0.0220403715202
9.21    0.0220274708219
9.25    0.0220144419995
9.29    0.0220012919721
9.33    0.0219880279389
9.37    0.0219746573224
9.41    0.021961187717
9.45    0.0219476268409
9.49    0.0219339824929
9.53    0.021920262512
9.57    0.0219064747415
9.61    0.021892626996
9.65    0.0218787270313
9.69    0.0218647825182
9.73    0.0218508010184
9.77    0.021836789963
9.81    0.0218227566339
9.85    0.0218087081475
9.89    0.0217946514398
9.93    0.0217805932546
9.97    0.0217665401327
