0.05    0.000239109927008
0.09    0.000945449380728
0.13    0.00203401413778
0.17    0.00377747914889
0.21    0.00820926248891
0.25    0.0129067582146
0.29    0.0161030337363
0.33    0.0226064945065
0.37    0.0235012360421
0.41    0.0409865211793
0.45    0.0479476810482
0.49    0.0538682967971
0.53    0.0416379425465
0.57    0.053786608774
0.61    0.0610134383003
0.65    0.0698490739261
0.69    0.0710927553079
0.73    0.105162568992
0.77    0.11655879582
0.81    0.105051115906
0.85    0.0913457736887
0.89    0.0892519308318
0.93    0.084726035587
0.97    0.108214749893
1.01    0.127392195858
1.05    0.145645603762
1.09    0.158811227552
1.13    0.175321836133
1.17    0.19134751389
1.21    0.200290398263
1.25    0.206563141235
1.29    0.206477565968
1.33    0.197706002349
1.37    0.180780463119
1.41    0.16755896447
1.45    0.164280744124
1.49    0.167799014867
1.53    0.176889804173
1.57    0.190079121115
1.61    0.205833522725
1.65    0.214907069087
1.69    0.216511581279
1.73    0.212052220457
1.77    0.20529589445
1.81    0.200415393424
1.85    0.200200328954
1.89    0.204770120991
1.93    0.21246878849
1.97    0.221115504452
2.01    0.229281059096
2.05    0.236504133088
2.09    0.243105169451
2.13    0.249522538847
2.17    0.256118315236
2.21    0.262984061879
2.25    0.270013925819
2.29    0.276665290224
2.33    0.282431988019
2.37    0.286841781059
2.41    0.289512338867
2.45    0.303224833361
2.49    0.321995730658
2.53    0.339268705526
2.57    0.355955400155
2.61    0.372365074716
2.65    0.386469493848
2.69    0.397517678562
2.73    0.405224308391
2.77    0.409801616654
2.81    0.411553791313
2.85    0.410783484049
2.89    0.407798690869
2.93    0.403387441768
2.97    0.398203116657
3.01    0.392503427969
3.05    0.386416225236
3.09    0.379853116468
3.13    0.37307444973
3.17    0.367985472158
3.21    0.366226424289
3.25    0.364354415673
3.29    0.362814439652
3.33    0.362174336676
3.37    0.362594346461
3.41    0.363861623029
3.45    0.365858391508
3.49    0.368612636601
3.53    0.372135799774
3.57    0.376751307135
3.61    0.388673204285
3.65    0.401656622425
3.69    0.416070127311
3.73    0.430975573802
3.77    0.445210739032
3.81    0.458790577924
3.85    0.471919691178
3.89    0.484293136148
3.93    0.495771101399
3.97    0.505869289519
4.01    0.514063081213
4.05    0.520187794361
4.09    0.524361804448
4.13    0.526694087427
4.17    0.527424284231
4.21    0.526692029941
4.25    0.524571344629
4.29    0.521138898679
4.33    0.51645443108
4.37    0.510579356922
4.41    0.503671549546
4.45    0.495863289598
4.49    0.487313295734
4.53    0.478159328059
4.57    0.468544854418
4.61    0.458621942736
4.65    0.448477340144
4.69    0.438141922584
4.73    0.427682791139
4.77    0.419724006352
4.81    0.416171807063
4.85    0.412277959011
4.89    0.407964159311
4.93    0.403210394747
4.97    0.398023127235
5.01    0.392421080968
5.05    0.38644298854
5.09    0.380133665565
5.13    0.373476572049
5.17    0.366530228089
5.21    0.359279919877
5.25    0.351773791077
5.29    0.344039422152
5.33    0.336096919799
5.37    0.327981939757
5.41    0.319730301111
5.45    0.311377845038
5.49    0.302964553746
5.53    0.294549234995
5.57    0.28614644234
5.61    0.277812836932
5.65    0.275207168504
5.69    0.275716710983
5.73    0.276132312657
5.77    0.276448598589
5.81    0.276686919897
5.85    0.276832512904
5.89    0.276866088363
5.93    0.276787504744
5.97    0.276629930028
6.01    0.276352900681
6.05    0.27595523144
6.09    0.275466495969
6.13    0.274865798604
6.17    0.274143629162
6.21    0.27332553526
6.25    0.272401485514
6.29    0.271359301442
6.33    0.270228855918
6.37    0.26899307725
6.41    0.267654352941
6.45    0.266233229534
6.49    0.264712781913
6.53    0.263116515521
6.57    0.261434132403
6.61    0.259674465501
6.65    0.257836947685
6.69    0.255926780762
6.73    0.253933180037
6.77    0.25188622294
6.81    0.249762753032
6.85    0.247567362846
6.89    0.245329383746
6.93    0.243027644441
6.97    0.240666720018
7.01    0.238259110456
7.05    0.235814275419
7.09    0.233322762044
7.13    0.230788983962
7.17    0.228217612298
7.21    0.225629168238
7.25    0.224473033975
7.29    0.227579295527
7.33    0.23062187632
7.37    0.233578950055
7.41    0.236437653084
7.45    0.239191355827
7.49    0.241841971728
7.53    0.244363731976
7.57    0.246748153186
7.61    0.249011863604
7.65    0.251127303376
7.69    0.253086954214
7.73    0.254914069468
7.77    0.256578349262
7.81    0.258082666868
7.85    0.259442047071
7.89    0.260631889973
7.93    0.261668167562
7.97    0.262548206047
8.01    0.263258638081
8.05    0.263828508983
8.09    0.264234355975
8.13    0.264483882656
8.17    0.264593106235
8.21    0.264542805473
8.25    0.26435696026
8.29    0.264027414598
8.33    0.263555526575
8.37    0.26296087879
8.41    0.262225377126
8.45    0.261379938335
8.49    0.260403903493
8.53    0.259323827779
8.57    0.258124662473
8.61    0.256832410729
8.65    0.255432481845
8.69    0.253944633908
8.73    0.252363553752
8.77    0.250697500859
8.81    0.248952271837
8.85    0.247126344974
8.89    0.245233377245
8.93    0.243265651941
8.97    0.241241131901
9.01    0.239149255413
9.05    0.237008920703
9.09    0.234809970459
9.13    0.232568927624
9.17    0.230279297905
9.21    0.228192894948
9.25    0.228173206615
9.29    0.228131620917
9.33    0.228068898126
9.37    0.227989889245
9.41    0.227897951581
9.45    0.22778686724
9.49    0.227657341391
9.53    0.227510064633
9.57    0.227345712897
9.61    0.227164947369
9.65    0.226968414461
9.69    0.226756745796
9.73    0.226530558222
9.77    0.226290453858
9.81    0.226037020148
9.85    0.225770829947
9.89    0.225492441619
9.93    0.22520239916
9.97    0.224901232324
