0.05    0.000117010503399
0.09    0.000368641866968
0.13    0.00107491840098
0.17    0.0025085278699
0.21    0.00348266056188
0.25    0.008728964168
0.29    0.00819594736964
0.33    0.00851894937329
0.37    0.00902796640047
0.41    0.0100997039512
0.45    0.0112573639829
0.49    0.0126109670288
0.53    0.0154778008194
0.57    0.0168274801274
0.61    0.0212059694103
0.65    0.0272593618861
0.69    0.0342109433997
0.73    0.0393667556677
0.77    0.0483880099864
0.81    0.041910573074
0.85    0.0446240564352
0.89    0.047517101557
0.93    0.0520617715224
0.97    0.0571812686935
1.01    0.0614540977519
1.05    0.0667095239449
1.09    0.07141498409
1.13    0.0748496411007
1.17    0.0769362495562
1.21    0.0778956402488
1.25    0.0781228511322
1.29    0.0780070843338
1.33    0.0778500107556
1.37    0.0778623438169
1.41    0.0781485175247
1.45    0.0786251025296
1.49    0.0791767572546
1.53    0.0796566591127
1.57    0.0799246555414
1.61    0.079865124213
1.65    0.0794297006202
1.69    0.0786430105274
1.73    0.0776368817306
1.77    0.0767755952348
1.81    0.0759629351242
1.85    0.0750483813165
1.89    0.0741585344202
1.93    0.0747131532639
1.97    0.0777904685985
2.01    0.0819185831866
2.05    0.0860928445391
2.09    0.0899905651781
2.13    0.0940508146932
2.17    0.0984075335998
2.21    0.10162824506
2.25    0.10424828969
2.29    0.107936395653
2.33    0.115943069686
2.37    0.127341674541
2.41    0.133263493927
2.45    0.133421060177
2.49    0.128265763614
2.53    0.126047600294
2.57    0.126329266952
2.61    0.125718452193
2.65    0.124306570936
2.69    0.122217988719
2.73    0.119639118521
2.77    0.116654835831
2.81    0.113261606633
2.85    0.10951719393
2.89    0.109976256862
2.93    0.112736747158
2.97    0.112970404931
3.01    0.111066019668
3.05    0.111886201303
3.09    0.109928100477
3.13    0.10540162109
3.17    0.0987464871877
3.21    0.0904688181219
3.25    0.0819501114463
3.29    0.082490385121
3.33    0.082032074218
3.37    0.0807478935586
3.41    0.0815609257816
3.45    0.0850153772734
3.49    0.0879436385162
3.53    0.090378410149
3.57    0.0923406620852
3.61    0.0938656679737
3.65    0.0949878968686
3.69    0.0957354402944
3.73    0.0961475020979
3.77    0.0962847614241
3.81    0.0961648537445
3.85    0.0957825070582
3.89    0.0952222164418
3.93    0.0946502153474
3.97    0.0938093654283
4.01    0.0943374774332
4.05    0.0958288055357
4.09    0.0967660617956
4.13    0.100432587024
4.17    0.105304580656
4.21    0.109360966436
4.25    0.112561169001
4.29    0.114885839197
4.33    0.116337195718
4.37    0.116950450473
4.41    0.116760004068
4.45    0.115824125692
4.49    0.114231965611
4.53    0.112054919157
4.57    0.109397662095
4.61    0.106340453583
4.65    0.102953981587
4.69    0.0993053934946
4.73    0.0954622869507
4.77    0.0914980231297
4.81    0.087473068021
4.85    0.0834504298235
4.89    0.0794897271984
4.93    0.0759578500462
4.97    0.0756014691095
5.01    0.0752015047596
5.05    0.0747606301423
5.09    0.0742922832899
5.13    0.0737925175389
5.17    0.0732594102259
5.21    0.0726957005257
5.25    0.0721040941296
5.29    0.0714917557775
5.33    0.0708639444656
5.37    0.070215376188
5.41    0.0695485000185
5.45    0.0688656755506
5.49    0.0681691667752
5.53    0.0674611374343
5.57    0.0667472690633
5.61    0.0660300594618
5.65    0.0653066700714
5.69    0.064578860026
5.73    0.0638482822064
5.77    0.0631164843717
5.81    0.0623849108775
5.85    0.0616549048913
5.89    0.0609277110279
5.93    0.060204478316
5.97    0.0594862634464
6.01    0.0592469971984
6.05    0.0596739942682
6.09    0.0600167509575
6.13    0.0602679410174
6.17    0.0604259402033
6.21    0.0604913585402
6.25    0.0604619156856
6.29    0.060341308514
6.33    0.0601295534545
6.37    0.0598303600299
6.41    0.0594473588309
6.45    0.0589827974832
6.49    0.0584438748693
6.53    0.0578312092796
6.57    0.0571544793606
6.61    0.0564135084803
6.65    0.0566851646115
6.69    0.0574848399239
6.73    0.0582517022739
6.77    0.0589817747352
6.81    0.05967286588
6.85    0.0603232290781
6.89    0.0609315309591
6.93    0.0614968196661
6.97    0.0620249163522
7.01    0.0625099309503
7.05    0.0629511532211
7.09    0.0633488148499
7.13    0.0637033808648
7.17    0.0640199982459
7.21    0.0642980291659
7.25    0.0645354584046
7.29    0.0647334077161
7.33    0.0648931142621
7.37    0.0650212916079
7.41    0.0651156923407
7.45    0.0651759384501
7.49    0.0652035350786
7.53    0.065200149602
7.57    0.0651736551194
7.61    0.0651190134181
7.65    0.0650377875181
7.69    0.0649315325134
7.73    0.0648029789556
7.77    0.0646569924017
7.81    0.064490332052
7.85    0.0643044497876
7.89    0.0641007598276
7.93    0.0638806350074
7.97    0.0636499196715
8.01    0.063405516101
8.05    0.063148335573
8.09    0.0628795632022
8.13    0.0626003335082
8.17    0.0623117298461
8.21    0.0620165058814
8.25    0.0617158364481
8.29    0.0614085702736
8.33    0.0610955911979
8.37    0.0607777338599
8.41    0.0604557847001
8.45    0.0601304831146
8.49    0.0598025227391
8.53    0.0594725528402
8.57    0.0591417763755
8.61    0.0588119186602
8.65    0.0584816226587
8.69    0.0581513800418
8.73    0.0578216459236
8.77    0.0574928404957
8.81    0.05716535066
8.85    0.0568395316478
8.89    0.0565157086256
8.93    0.0561941782686
8.97    0.0558752103055
9.01    0.0555590490261
9.05    0.0552459147461
9.09    0.0549360052318
9.13    0.0546294970695
9.17    0.0543265469963
9.21    0.0540272931722
9.25    0.0537318564037
9.29    0.0534403413154
9.33    0.0531528374717
9.37    0.0528700594186
9.41    0.0525914437167
9.45    0.0523169761768
9.49    0.0520466988499
9.53    0.0517806434474
9.57    0.0515188321645
9.61    0.051261278452
9.65    0.0510079877472
9.69    0.0507589581612
9.73    0.0505141811231
9.77    0.0502736419857
9.81    0.0500373205907
9.85    0.0498051918005
9.89    0.0495772259903
9.93    0.0493533895123
9.97    0.0491336451237
