0.05    0.000147426426019
0.09    0.00072739395713
0.13    0.00237201254975
0.17    0.00398095764844
0.21    0.00593460616455
0.25    0.00786829048388
0.29    0.00730899238779
0.33    0.0109658649333
0.37    0.0169293049029
0.41    0.0251418038842
0.45    0.0281002053334
0.49    0.0245087186558
0.53    0.0224157307759
0.57    0.0235537527921
0.61    0.0284613413637
0.65    0.0396711978064
0.69    0.041192088032
0.73    0.0348578559776
0.77    0.0377201049848
0.81    0.0460322087226
0.85    0.0426400040002
0.89    0.0437664859515
0.93    0.051272243701
0.97    0.056293027977
1.01    0.0620076516208
1.05    0.0725525154726
1.09    0.0734234295425
1.13    0.0703346619864
1.17    0.0765671913997
1.21    0.0850391688455
1.25    0.0825876857438
1.29    0.0709427839873
1.33    0.0675639523802
1.37    0.0672455718074
1.41    0.0670849472652
1.45    0.0666635188471
1.49    0.0738089051453
1.53    0.0877482325194
1.57    0.0961728874838
1.61    0.0970751538555
1.65    0.0954560228499
1.69    0.090035226648
1.73    0.0878384103824
1.77    0.0931897574941
1.81    0.0973312265881
1.85    0.0967991454765
1.89    0.0914897009901
1.93    0.0937443635312
1.97    0.0950540948716
2.01    0.0955435799447
2.05    0.0987351024105
2.09    0.114080568528
2.13    0.127739982024
2.17    0.13598748317
2.21    0.135680834188
2.25    0.145096833802
2.29    0.154425558403
2.33    0.163076767398
2.37    0.165972153974
2.41    0.166338529758
2.45    0.167506583204
2.49    0.171890550204
2.53    0.179917039635
2.57    0.190074167064
2.61    0.199975737999
2.65    0.207518159285
2.69    0.211525459241
2.73    0.217144917121
2.77    0.217345919682
2.81    0.212504909089
2.85    0.203818970559
2.89    0.192112946261
2.93    0.178439089614
2.97    0.164252177458
3.01    0.155187052469
3.05    0.151951611921
3.09    0.151238355839
3.13    0.152065141783
3.17    0.15341656246
3.21    0.154680541472
3.25    0.155746104186
3.29    0.156963893808
3.33    0.15893971812
3.37    0.162294539533
3.41    0.167465332136
3.45    0.174609457824
3.49    0.183629645513
3.53    0.194252625918
3.57    0.206173651629
3.61    0.2189958736
3.65    0.232234428255
3.69    0.245290977358
3.73    0.257567053014
3.77    0.269595487224
3.81    0.282148090707
3.85    0.295766836654
3.89    0.306509030159
3.93    0.314092427665
3.97    0.318713779231
4.01    0.32030038087
4.05    0.31883536402
4.09    0.314662804778
4.13    0.308289241017
4.17    0.300073120826
4.21    0.301615064823
4.25    0.302619794736
4.29    0.301984308976
4.33    0.299768619205
4.37    0.296116437793
4.41    0.291245677906
4.45    0.285419741653
4.49    0.278930998065
4.53    0.272147809129
4.57    0.26547301077
4.61    0.259320959876
4.65    0.254116785571
4.69    0.25031114681
4.73    0.253613657651
4.77    0.259312533227
4.81    0.264766903021
4.85    0.274048862336
4.89    0.282943110642
4.93    0.292080704605
4.97    0.302362942157
5.01    0.312141457084
5.05    0.321305173469
5.09    0.337641446646
5.13    0.355903271108
5.17    0.374478847609
5.21    0.392894420694
5.25    0.410686063875
5.29    0.427449307732
5.33    0.44422403274
5.37    0.465582182279
5.41    0.486170162818
5.45    0.506495601651
5.49    0.526912628737
5.53    0.546773766687
5.57    0.565419487656
5.61    0.582615217992
5.65    0.598086053684
5.69    0.611621935866
5.73    0.623139716964
5.77    0.632668156852
5.81    0.640171703509
5.85    0.645608498725
5.89    0.648964596363
5.93    0.650317100664
5.97    0.64975723305
6.01    0.647349305141
6.05    0.643086456651
6.09    0.6370385109
6.13    0.629202663165
6.17    0.619639227867
6.21    0.608383429217
6.25    0.596502681331
6.29    0.591886443668
6.33    0.586127985493
6.37    0.579325019917
6.41    0.571561735544
6.45    0.562904133784
6.49    0.553479794589
6.53    0.543235244649
6.57    0.532126468951
6.61    0.520232090733
6.65    0.507652851111
6.69    0.494478922304
6.73    0.480776584986
6.77    0.466654139699
6.81    0.452246683973
6.85    0.437528680684
6.89    0.422544504763
6.93    0.407380008745
6.97    0.392091755559
7.01    0.377968428097
7.05    0.377038775705
7.09    0.375885243059
7.13    0.374519888891
7.17    0.37295583403
7.21    0.371215224631
7.25    0.369315623906
7.29    0.367285872567
7.33    0.36524218152
7.37    0.36311637213
7.41    0.360868943711
7.45    0.358509160842
7.49    0.35605499885
7.53    0.353536005482
7.57    0.350914769873
7.61    0.348176471166
7.65    0.34532522496
7.69    0.342360788309
7.73    0.339294373872
7.77    0.336126260562
7.81    0.332864136314
7.85    0.32952531806
7.89    0.326421539587
7.93    0.323257163764
7.97    0.320011220779
8.01    0.316688223329
8.05    0.313293272825
8.09    0.309831659538
8.13    0.306309227875
8.17    0.302734246257
8.21    0.299109512134
8.25    0.295627674351
8.29    0.295129633159
8.33    0.294583103512
8.37    0.293991009736
8.41    0.293357794809
8.45    0.292681760859
8.49    0.291964318801
8.53    0.293334773871
8.57    0.295241310063
8.61    0.296821968088
8.65    0.298071873582
8.69    0.298972613337
8.73    0.299577461119
8.77    0.299874285529
8.81    0.299792200143
8.85    0.299304957441
8.89    0.298389841275
8.93    0.297033917488
8.97    0.298322517953
9.01    0.302223068275
9.05    0.305887732064
9.09    0.309315676975
9.13    0.312514201473
9.17    0.315496039345
9.21    0.318269001467
9.25    0.320814605889
9.29    0.323123894682
9.33    0.325196215798
9.37    0.327032906236
9.41    0.328639935313
9.45    0.330022293526
9.49    0.331182613825
9.53    0.332118353031
9.57    0.33283009178
9.61    0.333317009896
9.65    0.333581340372
9.69    0.333627040403
9.73    0.333459517508
9.77    0.333084795311
9.81    0.332510350518
9.85    0.331745562695
9.89    0.330796932733
9.93    0.329671904804
9.97    0.328378054676
