0.05    0.000172877661509
0.09    0.000752963640283
0.13    0.00257422421847
0.17    0.00392091413269
0.21    0.00560757865459
0.25    0.00689637141096
0.29    0.011425783069
0.33    0.0205168115649
0.37    0.0259636199084
0.41    0.0298877972896
0.45    0.0267496817754
0.49    0.0296272594543
0.53    0.029128315903
0.57    0.0273416312758
0.61    0.0430294495166
0.65    0.0490908025293
0.69    0.0520283961117
0.73    0.0585804613407
0.77    0.076843545732
0.81    0.0911363512402
0.85    0.098062576771
0.89    0.103891022003
0.93    0.110927070623
0.97    0.114233869065
1.01    0.120434064458
1.05    0.127891244259
1.09    0.147278463223
1.13    0.169709191381
1.17    0.188143437779
1.21    0.208961467333
1.25    0.220925399021
1.29    0.218272778239
1.33    0.203832331595
1.37    0.186319868213
1.41    0.181729461659
1.45    0.184389514224
1.49    0.186312921793
1.53    0.180665556779
1.57    0.17528760969
1.61    0.169519884042
1.65    0.168677610278
1.69    0.162206640447
1.73    0.152874809793
1.77    0.143981372719
1.81    0.138732401134
1.85    0.139059616749
1.89    0.144813985087
1.93    0.15403062369
1.97    0.164001802859
2.01    0.172427171282
2.05    0.176491097868
2.09    0.17596139791
2.13    0.170243966635
2.17    0.167335507421
2.21    0.17216227664
2.25    0.173407341891
2.29    0.171283198198
2.33    0.166184355923
2.37    0.158690050472
2.41    0.149448337935
2.45    0.139144563269
2.49    0.145691107985
2.53    0.163178064837
2.57    0.180010760288
2.61    0.19492708105
2.65    0.212040055448
2.69    0.229822290485
2.73    0.245845833268
2.77    0.260389145499
2.81    0.274150099628
2.85    0.287531790684
2.89    0.300679047082
2.93    0.313468372319
2.97    0.325448017211
3.01    0.336061036267
3.05    0.344720684624
3.09    0.350765152702
3.13    0.354268338849
3.17    0.35533197845
3.21    0.353425486555
3.25    0.348589529215
3.29    0.349976721516
3.33    0.348631601067
3.37    0.344182694701
3.41    0.336686596777
3.45    0.337683370137
3.49    0.337746514562
3.53    0.336146152522
3.57    0.332961725287
3.61    0.328597842548
3.65    0.322993472018
3.69    0.31624301803
3.73    0.308489813013
3.77    0.299933952178
3.81    0.290842343735
3.85    0.281506694558
3.89    0.272185202829
3.93    0.263103515551
3.97    0.254506716895
4.01    0.246690334331
4.05    0.239717844719
4.09    0.23360859659
4.13    0.228433609725
4.17    0.224245742599
4.21    0.221076250281
4.25    0.218936980314
4.29    0.217802871305
4.33    0.217627636751
4.37    0.218339386237
4.41    0.21984386716
4.45    0.222042405896
4.49    0.22482174565
4.53    0.228070673175
4.57    0.231684616853
4.61    0.235557886866
4.65    0.239597375839
4.69    0.243712884423
4.73    0.247821348206
4.77    0.251849357703
4.81    0.255747247689
4.85    0.259495340125
4.89    0.26351760809
4.93    0.266987819949
4.97    0.270493541931
5.01    0.273782523083
5.05    0.276781978584
5.09    0.279455148053
5.13    0.281782141468
5.17    0.28375910718
5.21    0.285380000408
5.25    0.286653820806
5.29    0.287583957257
5.33    0.288185190793
5.37    0.288466622401
5.41    0.288453877054
5.45    0.288195267538
5.49    0.292037521357
5.53    0.295891722859
5.57    0.299601451816
5.61    0.303173142
5.65    0.306614065587
5.69    0.309936589162
5.73    0.313145577289
5.77    0.316247798254
5.81    0.319250891867
5.85    0.322164047611
5.89    0.324998454411
5.93    0.327755224168
5.97    0.330440610259
6.01    0.333066415631
6.05    0.335635551521
6.09    0.338149478816
6.13    0.340616521059
6.17    0.345429634447
6.21    0.351754783837
6.25    0.357720132833
6.29    0.363312659689
6.33    0.373927555824
6.37    0.390155158279
6.41    0.406182326713
6.45    0.421917644428
6.49    0.437364556064
6.53    0.452508691389
6.57    0.467303095962
6.61    0.481730513232
6.65    0.495626762139
6.69    0.508782184929
6.73    0.521096674426
6.77    0.532500310374
6.81    0.542918558006
6.85    0.552283553014
6.89    0.560568121359
6.93    0.572137627068
6.97    0.583982161211
7.01    0.595060361496
7.05    0.605386045484
7.09    0.614988875211
7.13    0.623836880628
7.17    0.631943025688
7.21    0.639358717694
7.25    0.646053518642
7.29    0.65199687424
7.33    0.657215469005
7.37    0.661705217106
7.41    0.665539982978
7.45    0.668832230621
7.49    0.671630909919
7.53    0.67407663295
7.57    0.676253815668
7.61    0.67797228583
7.65    0.679042441494
7.69    0.6793893575
7.73    0.679022663705
7.77    0.678089379131
7.81    0.67684902668
7.85    0.675257300298
7.89    0.673936548879
7.93    0.677290022928
7.97    0.680360307967
8.01    0.683435090033
8.05    0.686521925393
8.09    0.689305354865
8.13    0.691714613213
8.17    0.69364834617
8.21    0.695072606986
8.25    0.695982374672
8.29    0.696391869767
8.33    0.696305118588
8.37    0.695748664261
8.41    0.694748969944
8.45    0.693337420765
8.49    0.691514571692
8.53    0.689251432841
8.57    0.686549466249
8.61    0.683423270745
8.65    0.679880786993
8.69    0.675910708899
8.73    0.671518371922
8.77    0.66672553188
8.81    0.66155258116
8.85    0.656008775303
8.89    0.650096701649
8.93    0.643818783056
8.97    0.63719580901
9.01    0.630248778703
9.05    0.623005922431
9.09    0.615480045026
9.13    0.60767423155
9.17    0.599592431691
9.21    0.593927976602
9.25    0.590640104603
9.29    0.58712681164
9.33    0.583397116525
9.37    0.579470987465
9.41    0.575363204786
9.45    0.571093539709
9.49    0.566684634424
9.53    0.563422330092
9.57    0.560424198125
9.61    0.557330388298
9.65    0.554144229334
9.69    0.550887250055
9.73    0.547590289129
9.77    0.544265796487
9.81    0.540882303152
9.85    0.537415194577
9.89    0.533859787486
9.93    0.530212216834
9.97    0.526469568498
