0.05    3.00951610773e-05
0.09    0.000104316091446
0.13    0.00028232169307
0.17    0.000593293172067
0.21    0.00131784642855
0.25    0.00170878840318
0.29    0.0022461958557
0.33    0.00282081318545
0.37    0.00439626206517
0.41    0.00605780084757
0.45    0.00558174991241
0.49    0.00611749953923
0.53    0.0077194220737
0.57    0.0103744237384
0.61    0.0124443079492
0.65    0.0140110180396
0.69    0.0126206408471
0.73    0.0134461551844
0.77    0.0173513330557
0.81    0.0221951847843
0.85    0.0226528096141
0.89    0.0189587812888
0.93    0.0168456873363
0.97    0.016282751876
1.01    0.0201246978046
1.05    0.0240805431557
1.09    0.0283526218256
1.13    0.0271368750452
1.17    0.0296084066691
1.21    0.0289290887207
1.25    0.0288173584469
1.29    0.0318469562994
1.33    0.0378748941697
1.37    0.0455034836648
1.41    0.0527055427662
1.45    0.0564784773539
1.49    0.0547894932333
1.53    0.0506005829298
1.57    0.0519857951832
1.61    0.0577406854219
1.65    0.0692819106365
1.69    0.084473215409
1.73    0.0988057449956
1.77    0.10691803667
1.81    0.106677276405
1.85    0.101228392441
1.89    0.0954710412481
1.93    0.0920125256546
1.97    0.0909231725679
2.01    0.0906760582503
2.05    0.0901580068937
2.09    0.0914170673796
2.13    0.0929713797079
2.17    0.0937625239722
2.21    0.0932656500507
2.25    0.0927096854043
2.29    0.0904204304161
2.33    0.0854212307762
2.37    0.0784094402378
2.41    0.0705214497928
2.45    0.0644136420941
2.49    0.0593707846136
2.53    0.0546205800662
2.57    0.0547399921579
2.61    0.055635553048
2.65    0.0574368131612
2.69    0.0591032742586
2.73    0.0606575571205
2.77    0.0619369165918
2.81    0.062574936915
2.85    0.0622104228645
2.89    0.0606473357442
2.93    0.0578625074563
2.97    0.0540517708831
3.01    0.0530334329536
3.05    0.0547070902025
3.09    0.0561185789201
3.13    0.0571438282852
3.17    0.0576884383151
3.21    0.0576222702624
3.25    0.0569379728128
3.29    0.0573943233074
3.33    0.05980358018
3.37    0.0610910391406
3.41    0.0613491220134
3.45    0.0607383370357
3.49    0.0594435931866
3.53    0.05943970415
3.57    0.0589706728677
3.61    0.0611019718092
3.65    0.0624992907251
3.69    0.0632209594581
3.73    0.063314426478
3.77    0.0629266569311
3.81    0.062120305788
3.85    0.0608067029894
3.89    0.0590222071643
3.93    0.0568964506072
3.97    0.0545732582621
4.01    0.0521332209861
4.05    0.049691349387
4.09    0.0473305659129
4.13    0.0451439402495
4.17    0.0431271037348
4.21    0.041308629651
4.25    0.040451283792
4.29    0.0398410108463
4.33    0.0392532651477
4.37    0.0386636673883
4.41    0.0380972744429
4.45    0.0375169158633
4.49    0.0369251323191
4.53    0.0363420453919
4.57    0.0357814648605
4.61    0.0352502674755
4.65    0.0347677238245
4.69    0.034350577831
4.73    0.034010730117
4.77    0.0337538042104
4.81    0.0335786832699
4.85    0.0334803929089
4.89    0.033449412928
4.93    0.0334648044602
4.97    0.0335086381306
5.01    0.0335626537323
5.05    0.0336097452617
5.09    0.0336351138813
5.13    0.0336270334863
5.17    0.033577227809
5.21    0.0334893166817
5.25    0.0333594975158
5.29    0.0331824277778
5.33    0.0329613054133
5.37    0.0327009623725
5.41    0.0324072685143
5.45    0.0320865935976
5.49    0.0317453571204
5.53    0.0313946682645
5.57    0.0310387564172
5.61    0.0306779656188
5.65    0.0303164965346
5.69    0.0299578128285
5.73    0.029604687849
5.77    0.0292592824497
5.81    0.0289232385502
5.85    0.0285977759281
5.89    0.0282837829421
5.93    0.0279818950609
5.97    0.02769255792
6.01    0.0274604221042
6.05    0.0273306970196
6.09    0.0271999988696
6.13    0.0270688123866
6.17    0.0269376048684
6.21    0.0268068396884
6.25    0.026676983899
6.29    0.0265485104842
6.33    0.0264218960853
6.37    0.026297615174
6.41    0.0261761317045
6.45    0.026057889257
6.49    0.0259433006072
6.53    0.0258327375376
6.57    0.0257265215625
6.61    0.0256249160861
6.65    0.0255281203555
6.69    0.0254362654266
6.73    0.0253494122265
6.77    0.025267551683
6.81    0.0251906067987
6.85    0.0251184364729
6.89    0.0250508408258
6.93    0.0249875677435
6.97    0.0249283203486
7.01    0.0248727651003
7.05    0.0248205402359
7.09    0.0247712642922
7.13    0.0247245444641
7.17    0.0246799845989
7.21    0.0246371926513
7.25    0.0245957874657
7.29    0.024555404784
7.33    0.0245157024113
7.37    0.0244763645024
7.41    0.02443710496
7.45    0.0243976699585
7.49    0.0243578396285
7.53    0.0243174289522
7.57    0.0242762879336
7.61    0.0242343011164
7.65    0.0241913865279
7.69    0.024147494132
7.73    0.0241026038728
7.77    0.0240567233915
7.81    0.0240098854934
7.85    0.023962145441
7.89    0.0239135781387
7.93    0.0238642752739
7.97    0.0238143424668
8.01    0.0237638964796
8.05    0.0237130625241
8.09    0.0236619717032
8.13    0.023610758613
8.17    0.0235595591263
8.21    0.0235085083739
8.25    0.0234577389324
8.29    0.0234073792243
8.33    0.0233575521317
8.37    0.0233083738192
8.41    0.0232599527628
8.45    0.0232123889737
8.49    0.0231657734086
8.53    0.0231201875529
8.57    0.0230757031645
8.61    0.0230323821637
8.65    0.0229902766549
8.69    0.0229494290651
8.73    0.022909872385
8.77    0.0228716304974
8.81    0.0228347185817
8.85    0.0227991435774
8.89    0.0227649046982
8.93    0.0227319939823
8.97    0.0227003968701
9.01    0.0226700927978
9.05    0.0226410558006
9.09    0.0226132551148
9.13    0.0225866557742
9.17    0.0225612191939
9.21    0.0225369037362
9.25    0.0225136652544
9.29    0.0224914576117
9.33    0.0224702331715
9.37    0.0224499432568
9.41    0.0224305385781
9.45    0.0224119696285
9.49    0.0223941870445
9.53    0.0223771419339
9.57    0.0223607861695
9.61    0.0223450726511
9.65    0.0223299555346
9.69    0.0223153904309
9.73    0.0223013345753
9.77    0.0222877469689
9.81    0.0222745884929
9.85    0.0222618219994
9.89    0.022249412378
9.93    0.0222373266013
9.97    0.0222255337514
