0.05    6.98377723802e-05
0.09    0.000400012545469
0.13    0.000887966624922
0.17    0.00188210406726
0.21    0.00344273186107
0.25    0.00580367370405
0.29    0.005546144823
0.33    0.00645737857795
0.37    0.00613740151465
0.41    0.00749063796888
0.45    0.00900266751522
0.49    0.00913934358043
0.53    0.00918259571523
0.57    0.00873216415954
0.61    0.00934927912802
0.65    0.00760667116946
0.69    0.00895183777147
0.73    0.0114597024443
0.77    0.0126075409914
0.81    0.0155245211698
0.85    0.0183702496804
0.89    0.0188639746783
0.93    0.0193303426631
0.97    0.0208166544872
1.01    0.0218458581101
1.05    0.0211930116994
1.09    0.0220197347063
1.13    0.0228193209459
1.17    0.0226805467469
1.21    0.0242592562768
1.25    0.0247398900084
1.29    0.0268575470237
1.33    0.0284888496363
1.37    0.0313085822177
1.41    0.0341672330015
1.45    0.0360864130534
1.49    0.0396993367995
1.53    0.0479971972588
1.57    0.058356210559
1.61    0.0676186167455
1.65    0.076158155296
1.69    0.0808614111317
1.73    0.0791062218373
1.77    0.0741615193408
1.81    0.0691330935147
1.85    0.0631356717165
1.89    0.0608590655349
1.93    0.0591633526288
1.97    0.0591085909751
2.01    0.058093774702
2.05    0.0561829206114
2.09    0.053770810804
2.13    0.0535793410035
2.17    0.0528107039858
2.21    0.0541068503168
2.25    0.0575265432133
2.29    0.063241644096
2.33    0.067024483198
2.37    0.068507330263
2.41    0.0680070071516
2.45    0.0658888710509
2.49    0.0625155761309
2.53    0.058496349452
2.57    0.0541364624
2.61    0.0519842403253
2.65    0.0532517481575
2.69    0.0547175080455
2.73    0.0561291617796
2.77    0.0573719921332
2.81    0.0583022927847
2.85    0.0588415133495
2.89    0.0590218203186
2.93    0.0589334430238
2.97    0.0587215860756
3.01    0.0585644950157
3.05    0.05951861984
3.09    0.0641696138213
3.13    0.0684313796449
3.17    0.0722872539939
3.21    0.0756044822353
3.25    0.0784968934415
3.29    0.0809317948573
3.33    0.0826052138152
3.37    0.0835607290466
3.41    0.0839191585078
3.45    0.0834264373666
3.49    0.0864357182952
3.53    0.0896312521309
3.57    0.0933344613334
3.61    0.0960286651718
3.65    0.0976589242136
3.69    0.0982447153293
3.73    0.0991196943814
3.77    0.102719564917
3.81    0.105433774626
3.85    0.107878405501
3.89    0.11063554588
3.93    0.112879805145
3.97    0.114616001664
4.01    0.115879582737
4.05    0.116695319439
4.09    0.117062748104
4.13    0.116967673386
4.17    0.1164408153
4.21    0.115606885623
4.25    0.114422696725
4.29    0.11295239614
4.33    0.111255220466
4.37    0.109811899089
4.41    0.108330309119
4.45    0.106546309687
4.49    0.104489763162
4.53    0.102120732077
4.57    0.0994865555176
4.61    0.0965541571255
4.65    0.0934294565186
4.69    0.0900544001606
4.73    0.0865164205876
4.77    0.0828523529664
4.81    0.079072557789
4.85    0.0752411756308
4.89    0.0714285777091
4.93    0.0702042437122
4.97    0.0696080854617
5.01    0.0691831748756
5.05    0.0704356920224
5.09    0.0722693815523
5.13    0.074526858232
5.17    0.0770552558617
5.21    0.0797252560937
5.25    0.0823927948258
5.29    0.0849469681248
5.33    0.0873075082174
5.37    0.0894225364537
5.41    0.0912466058835
5.45    0.0927402977293
5.49    0.0938868889159
5.53    0.094698738782
5.57    0.0951932680528
5.61    0.0953829897913
5.65    0.0952906433202
5.69    0.0949496981428
5.73    0.0944232376396
5.77    0.0937595995458
5.81    0.093009940998
5.85    0.092237914817
5.89    0.0914958524149
5.93    0.0908257938548
5.97    0.0902810473083
6.01    0.0901616772336
6.05    0.0902631620987
6.09    0.090555571938
6.13    0.0910475611715
6.17    0.09174974407
6.21    0.0929124502778
6.25    0.0948207684019
6.29    0.0969867528244
6.33    0.0994024450704
6.37    0.102056585122
6.41    0.104934806802
6.45    0.108008741164
6.49    0.111266454653
6.53    0.114697147641
6.57    0.118265409017
6.61    0.121950203666
6.65    0.125704146908
6.69    0.129504506521
6.73    0.133327669569
6.77    0.137134513559
6.81    0.14116342433
6.85    0.145251020631
6.89    0.149280192928
6.93    0.1532253117
6.97    0.157081770665
7.01    0.160834808581
7.05    0.164464079994
7.09    0.167964750751
7.13    0.171327364139
7.17    0.174526057733
7.21    0.177604686829
7.25    0.180630176394
7.29    0.183495905689
7.33    0.186164172743
7.37    0.189136245215
7.41    0.192162060288
7.45    0.195000655372
7.49    0.197691659684
7.53    0.200191462827
7.57    0.202480377201
7.61    0.204545167934
7.65    0.206417783426
7.69    0.208165193742
7.73    0.209762845487
7.77    0.211143272171
7.81    0.212297686387
7.85    0.21324210004
7.89    0.214039822981
7.93    0.214659811642
7.97    0.215093435212
8.01    0.215357880745
8.05    0.215470915908
8.09    0.21542097089
8.13    0.215224403759
8.17    0.214900922675
8.21    0.214441623303
8.25    0.213782240205
8.29    0.212931277981
8.33    0.211875863696
8.37    0.210606375564
8.41    0.209164482276
8.45    0.207542897296
8.49    0.205724420314
8.53    0.203769072153
8.57    0.201626120003
8.61    0.201044851021
8.65    0.201812034112
8.69    0.202483853681
8.73    0.203009224909
8.77    0.203393008242
8.81    0.203689749642
8.85    0.203864601275
8.89    0.20391192213
8.93    0.203848587054
8.97    0.203712200293
9.01    0.203462633523
9.05    0.203105096462
9.09    0.202673778829
9.13    0.20216667539
9.17    0.201565716315
9.21    0.200879353099
9.25    0.200152861237
9.29    0.199613055133
9.33    0.199095329989
9.37    0.198500675778
9.41    0.197829230454
9.45    0.197110507724
9.49    0.196341589102
9.53    0.195507866778
9.57    0.194613552114
9.61    0.193687747099
9.65    0.192722425951
9.69    0.191707208522
9.73    0.190645828637
9.77    0.189571779026
9.81    0.188462396784
9.85    0.18731611809
9.89    0.186162277159
9.93    0.184982417096
9.97    0.183804635098
