0.05    0.000645590721212
0.09    0.00194895057141
0.13    0.00408207563509
0.17    0.00727968205149
0.21    0.0184210516558
0.25    0.0291857460995
0.29    0.0434554372066
0.33    0.0583209577079
0.37    0.0559294995987
0.41    0.0704003180794
0.45    0.0879562927898
0.49    0.0937761438852
0.53    0.10942324637
0.57    0.131433507085
0.61    0.126391444802
0.65    0.0990307593045
0.69    0.100724723705
0.73    0.117998388925
0.77    0.132993084542
0.81    0.138812963558
0.85    0.139023704486
0.89    0.168079723108
0.93    0.181223839558
0.97    0.180469876867
1.01    0.180145914553
1.05    0.180568750433
1.09    0.171630104474
1.13    0.15451652812
1.17    0.147384614696
1.21    0.146825431707
1.25    0.150578307191
1.29    0.154092106271
1.33    0.157900207607
1.37    0.162362437624
1.41    0.167423917289
1.45    0.172893259959
1.49    0.178573786196
1.53    0.183908835221
1.57    0.188547083428
1.61    0.192301714711
1.65    0.195002269086
1.69    0.196524332899
1.73    0.218663075352
1.77    0.238330838746
1.81    0.255554314946
1.85    0.263988979806
1.89    0.261924877774
1.93    0.263194298626
1.97    0.271447101044
2.01    0.277146094906
2.05    0.280584420596
2.09    0.282015978642
2.13    0.281616181682
2.17    0.27966542961
2.21    0.281270250813
2.25    0.284573714867
2.29    0.287194319345
2.33    0.289246337191
2.37    0.290840422609
2.41    0.291862753502
2.45    0.292430317498
2.49    0.292572979322
2.53    0.292853465672
2.57    0.305275932993
2.61    0.322404055654
2.65    0.336455590385
2.69    0.347064903291
2.73    0.352799961839
2.77    0.35255984752
2.81    0.34596516891
2.85    0.333127998406
2.89    0.314422674126
2.93    0.294401161002
2.97    0.312956556702
3.01    0.329281615672
3.05    0.343240873717
3.09    0.354827733633
3.13    0.364402095053
3.17    0.372124818609
3.21    0.377834879167
3.25    0.381448491312
3.29    0.382980960371
3.33    0.382490649542
3.37    0.380136711216
3.41    0.376123465901
3.45    0.370663930158
3.49    0.363950923948
3.53    0.35615339954
3.57    0.347456131847
3.61    0.338052134422
3.65    0.328181116126
3.69    0.320841780564
3.73    0.314143123474
3.77    0.306866833291
3.81    0.299038388176
3.85    0.290780186909
3.89    0.285460427443
3.93    0.301714974863
3.97    0.316302985769
4.01    0.329201636701
4.05    0.340421174406
4.09    0.349996103917
4.13    0.357973764768
4.17    0.364462415372
4.21    0.369524194154
4.25    0.37753703213
4.29    0.387673263598
4.33    0.396391831502
4.37    0.403631618249
4.41    0.409438168926
4.45    0.413783682981
4.49    0.416748406493
4.53    0.418394441703
4.57    0.41888418429
4.61    0.41848884207
4.65    0.417433045432
4.69    0.415901694127
4.73    0.41407959627
4.77    0.412233369514
4.81    0.410601982873
4.85    0.409369418104
4.89    0.410107252722
4.93    0.413623420955
4.97    0.417495016742
5.01    0.422244208648
5.05    0.426867849179
5.09    0.431278732743
5.13    0.435431485857
5.17    0.439340427242
5.21    0.443019814043
5.25    0.446483587592
5.29    0.449745735557
5.33    0.4528228903
5.37    0.455730230173
5.41    0.458476194509
5.45    0.461073080987
5.49    0.463533076775
5.53    0.465916732486
5.57    0.468290288476
5.61    0.470782101386
5.65    0.473382503923
5.69    0.475957810574
5.73    0.478439491897
5.77    0.480788580519
5.81    0.482985114784
5.85    0.485004713173
5.89    0.486840296212
5.93    0.488485748085
5.97    0.489944186103
6.01    0.49122968887
6.05    0.492325495289
6.09    0.493229719262
6.13    0.493968860328
6.17    0.494516043533
6.21    0.494880482385
6.25    0.495081495721
6.29    0.495137398239
6.33    0.495123173647
6.37    0.49518813559
6.41    0.495228652224
6.45    0.495140183738
6.49    0.494869233997
6.53    0.494423699034
6.57    0.493777157018
6.61    0.492953483599
6.65    0.491943156344
6.69    0.490774830342
6.73    0.489452474622
6.77    0.487985260549
6.81    0.486359995779
6.85    0.484557925496
6.89    0.482584667926
6.93    0.480433329196
6.97    0.478136633019
7.01    0.475758682302
7.05    0.473447430677
7.09    0.471154597479
7.13    0.468736072906
7.17    0.466165549767
7.21    0.463413447868
7.25    0.460480126415
7.29    0.457368104933
7.33    0.458125028102
7.37    0.459147838081
7.41    0.460100386406
7.45    0.460951358635
7.49    0.461694683499
7.53    0.462447944918
7.57    0.464143431306
7.61    0.46573534937
7.65    0.467248776168
7.69    0.468648337273
7.73    0.469971553042
7.77    0.47119736952
7.81    0.472314577422
7.85    0.473361611038
7.89    0.474314412332
7.93    0.475164334356
7.97    0.475933861791
8.01    0.476629414194
8.05    0.477228125785
8.09    0.477732281467
8.13    0.478178796012
8.17    0.478542964955
8.21    0.478818820024
8.25    0.479008682722
8.29    0.479144611728
8.33    0.479209096866
8.37    0.479193836249
8.41    0.479101126147
8.45    0.478937669358
8.49    0.478733990374
8.53    0.478458962956
8.57    0.478114812143
8.61    0.47770373874
8.65    0.477227917229
8.69    0.476722095551
8.73    0.47615643909
8.77    0.475531717426
8.81    0.474849988254
8.85    0.47411327562
8.89    0.473331930345
8.93    0.472521404005
8.97    0.471661120571
9.01    0.470752967131
9.05    0.469798793313
9.09    0.468800410825
9.13    0.467759593066
9.17    0.466703145503
9.21    0.465608786079
9.25    0.464476497807
9.29    0.463307907184
9.33    0.462104601993
9.37    0.460868131382
9.41    0.45960000604
9.45    0.458320076049
9.49    0.457015499548
9.53    0.455683047398
9.57    0.454324087592
9.61    0.452939951212
9.65    0.451531932859
9.69    0.450101291104
9.73    0.448649248967
9.77    0.447188749814
9.81    0.445716156843
9.85    0.444225166033
9.89    0.44271687181
9.93    0.441192335737
9.97    0.439652587096
