0.05    0.00055262965369
0.09    0.00186632532333
0.13    0.00483335296014
0.17    0.00803749842687
0.21    0.010055445074
0.25    0.0162266859453
0.29    0.0198535602632
0.33    0.0364980460488
0.37    0.0499540241765
0.41    0.0574633266289
0.45    0.0679071973539
0.49    0.0802356451851
0.53    0.083844651304
0.57    0.0974707344154
0.61    0.108116172546
0.65    0.123486603935
0.69    0.146970256139
0.73    0.170527654985
0.77    0.195204416602
0.81    0.221807000987
0.85    0.246780723457
0.89    0.266767390117
0.93    0.279696094115
0.97    0.286131919758
1.01    0.286844541354
1.05    0.283570478725
1.09    0.278194749068
1.13    0.273932465092
1.17    0.272163583006
1.21    0.265370130143
1.25    0.254840733624
1.29    0.245623893575
1.33    0.239398602445
1.37    0.232164288649
1.41    0.224044174925
1.45    0.215135511339
1.49    0.205629197923
1.53    0.195818499924
1.57    0.186333389881
1.61    0.177852999751
1.65    0.170906747512
1.69    0.168366215398
1.73    0.185974697361
1.77    0.211347460722
1.81    0.237221105509
1.85    0.260343868731
1.89    0.281166516252
1.93    0.297355774493
1.97    0.30701651023
2.01    0.30975979711
2.05    0.30609872408
2.09    0.297501625511
2.13    0.284059345867
2.17    0.26586742415
2.21    0.244215598684
2.25    0.223763555489
2.29    0.211164006342
2.33    0.207888834903
2.37    0.203777756177
2.41    0.199217343768
2.45    0.194431291117
2.49    0.189610571538
2.53    0.184878857979
2.57    0.180282804083
2.61    0.176120813258
2.65    0.17559575537
2.69    0.176955705264
2.73    0.1804402314
2.77    0.186039081666
2.81    0.193546895343
2.85    0.202575474038
2.89    0.21259665452
2.93    0.223052308129
2.97    0.23331487438
3.01    0.242861081264
3.05    0.251195974008
3.09    0.257929089623
3.13    0.262786823167
3.17    0.265663377066
3.21    0.266516519037
3.25    0.26544178956
3.29    0.262574419011
3.33    0.258100643065
3.37    0.252165546331
3.41    0.245052146609
3.45    0.237100966395
3.49    0.228632958232
3.53    0.22001179344
3.57    0.211570269112
3.61    0.203621740236
3.65    0.196446226121
3.69    0.190236445352
3.73    0.185111160364
3.77    0.181098100024
3.81    0.178146286047
3.85    0.18044009566
3.89    0.184156475375
3.93    0.187762940439
3.97    0.191247627542
4.01    0.194600310689
4.05    0.1978123208
4.09    0.200876457291
4.13    0.203786894278
4.17    0.206539083763
4.21    0.209129657663
4.25    0.21155633031
4.29    0.213817802658
4.33    0.215913669241
4.37    0.217864196048
4.41    0.219686060489
4.45    0.22134528035
4.49    0.222844041813
4.53    0.224185033413
4.57    0.225371379267
4.61    0.226406577214
4.65    0.227294441765
4.69    0.228039051753
4.73    0.228644702497
4.77    0.22911586229
4.81    0.229457132998
4.85    0.229673214525
4.89    0.229768872917
4.93    0.229748911864
4.97    0.229618147356
5.01    0.229381385261
5.05    0.229078061791
5.09    0.228683413666
5.13    0.228195689456
5.17    0.227619481632
5.21    0.226959300136
5.25    0.226219562727
5.29    0.225404586878
5.33    0.224518583107
5.37    0.223565649569
5.41    0.222549767792
5.45    0.221474799441
5.49    0.220344483984
5.53    0.219162437168
5.57    0.217932150207
5.61    0.216656989605
5.65    0.21534019752
5.69    0.213984892618
5.73    0.212594071334
5.77    0.211170609506
5.81    0.209717264298
5.85    0.208236676395
5.89    0.206731372416
5.93    0.205203767499
5.97    0.20365616804
6.01    0.202090774542
6.05    0.200509684559
6.09    0.198914895704
6.13    0.197308308698
6.17    0.19569173045
6.21    0.194066877143
6.25    0.192435377327
6.29    0.190798774973
6.33    0.189778765634
6.37    0.19168489476
6.41    0.19345823915
6.45    0.195096503121
6.49    0.196711069491
6.53    0.198379134818
6.57    0.19990814252
6.61    0.201278489364
6.65    0.20248501061
6.69    0.203539596112
6.73    0.20444386598
6.77    0.20520008612
6.81    0.205810998203
6.85    0.206275941624
6.89    0.209768601223
6.93    0.213046122641
6.97    0.216058556232
7.01    0.218804550372
7.05    0.221284205098
7.09    0.223504508049
7.13    0.225952249083
7.17    0.228420371981
7.21    0.230626087041
7.25    0.232560549669
7.29    0.234216735651
7.33    0.235619636919
7.37    0.23674407889
7.41    0.23760344749
7.45    0.238207124363
7.49    0.238545568326
7.53    0.238647251043
7.57    0.238490931152
7.61    0.238116074511
7.65    0.237493875971
7.69    0.236672232455
7.73    0.235618684653
7.77    0.234379104006
7.81    0.232930387787
7.85    0.231303232304
7.89    0.229495229701
7.93    0.227513568192
7.97    0.225383407921
8.01    0.223096596921
8.05    0.220664036528
8.09    0.218108008433
8.13    0.215420369206
8.17    0.212612509509
8.21    0.209697480402
8.25    0.206686703213
8.29    0.203584796072
8.33    0.200396188793
8.37    0.197126392016
8.41    0.193783489673
8.45    0.191633178795
8.49    0.191601483896
8.53    0.191552717249
8.57    0.191479478034
8.61    0.191379331695
8.65    0.191253210375
8.69    0.191102025132
8.73    0.190926666038
8.77    0.190728002317
8.81    0.190506882497
8.85    0.190264134594
8.89    0.190000566308
8.93    0.189716965251
8.97    0.189414099173
9.01    0.189092716222
9.05    0.188757332637
9.09    0.188412255294
9.13    0.188050546927
9.17    0.187672883715
9.21    0.187476662685
9.25    0.189073457458
9.29    0.190579367002
9.33    0.192012815475
9.37    0.193363415131
9.41    0.194627667801
9.45    0.195819845563
9.49    0.196937668569
9.53    0.197973925137
9.57    0.198934203034
9.61    0.19983318857
9.65    0.200655529808
9.69    0.201402961199
9.73    0.202086536667
9.77    0.202709215646
9.81    0.203261975026
9.85    0.20374656037
9.89    0.204173490855
9.93    0.204545766745
9.97    0.204854807328
