0.05    5.76479430175e-05
0.09    0.000213633226975
0.13    0.000631571008332
0.17    0.00104468618438
0.21    0.00186554810526
0.25    0.00255479286815
0.29    0.00464314113833
0.33    0.00499419207965
0.37    0.00867484803268
0.41    0.00931260413814
0.45    0.0105225747923
0.49    0.0131994080447
0.53    0.018037471659
0.57    0.0237890405171
0.61    0.0299786887554
0.65    0.0335107940825
0.69    0.0356977107255
0.73    0.0386620254148
0.77    0.0335231739332
0.81    0.0349614249637
0.85    0.0386635488841
0.89    0.0526894888578
0.93    0.0613907701398
0.97    0.0587979826685
1.01    0.054547393096
1.05    0.0588140828686
1.09    0.0565617098021
1.13    0.0496433048903
1.17    0.0422498410529
1.21    0.0411315933446
1.25    0.0374086073578
1.29    0.0328012616899
1.33    0.029420362399
1.37    0.0279286317587
1.41    0.0280945570722
1.45    0.028575239628
1.49    0.0300006657599
1.53    0.0318434543883
1.57    0.0357566112866
1.61    0.040508788226
1.65    0.0429011207481
1.69    0.0412678043787
1.73    0.0369178538169
1.77    0.0326921552882
1.81    0.0298341967715
1.85    0.0282426027176
1.89    0.0273689969122
1.93    0.0278388528991
1.97    0.0291707038423
2.01    0.0324620868342
2.05    0.0365115516589
2.09    0.0403198708036
2.13    0.0430070019631
2.17    0.0457897276683
2.21    0.0470875685086
2.25    0.0463257037067
2.29    0.0438785690384
2.33    0.0410901929865
2.37    0.0405327495992
2.41    0.0403912861432
2.45    0.0396975788081
2.49    0.0387430986654
2.53    0.0376836460384
2.57    0.0365959690031
2.61    0.0361067105089
2.65    0.0359201351486
2.69    0.0352434189147
2.73    0.0339168536811
2.77    0.031947474355
2.81    0.0296934459211
2.85    0.0286288412538
2.89    0.0298563891323
2.93    0.0316969079622
2.97    0.0336292824173
3.01    0.0351412172032
3.05    0.0358588429239
3.09    0.0359808619702
3.13    0.0390977477422
3.17    0.0414974046012
3.21    0.0432031843321
3.25    0.0443349242263
3.29    0.0450706492542
3.33    0.0454930109778
3.37    0.0456603316582
3.41    0.0455719731371
3.45    0.0451941132227
3.49    0.0445157668823
3.53    0.0436001173666
3.57    0.0425516148215
3.61    0.0415197656357
3.65    0.0412746815546
3.69    0.0416005310012
3.73    0.0421372938517
3.77    0.0429825792035
3.81    0.0442017718902
3.85    0.0457397988876
3.89    0.0475325725766
3.93    0.0494894707325
3.97    0.0515013650211
4.01    0.0534822770352
4.05    0.055286416848
4.09    0.0568239939105
4.13    0.0580609218535
4.17    0.0589505951278
4.21    0.0594152876901
4.25    0.0608947455087
4.29    0.062532859185
4.33    0.0639150657034
4.37    0.0649497774081
4.41    0.0655481671502
4.45    0.066005417002
4.49    0.0676480313734
4.53    0.0689226854613
4.57    0.0698042223096
4.61    0.0702998535746
4.65    0.0704167752876
4.69    0.0702394335357
4.73    0.0698376902826
4.77    0.0692173875329
4.81    0.0683818064824
4.85    0.0677475232023
4.89    0.0675050122966
4.93    0.067036414411
4.97    0.0663647596316
5.01    0.0655024434167
5.05    0.06448380332
5.09    0.0633128880786
5.13    0.0619564240422
5.17    0.0604470141293
5.21    0.0592897001328
5.25    0.0587950658222
5.29    0.0580414805152
5.33    0.0570463827924
5.37    0.0557910851145
5.41    0.0543204660811
5.45    0.0526158674154
5.49    0.0507455521199
5.53    0.0486999652135
5.57    0.0483446947735
5.61    0.0485249570285
5.65    0.0490345391611
5.69    0.0494598155357
5.73    0.0497807580331
5.77    0.049990693836
5.81    0.050103277427
5.85    0.0501150619262
5.89    0.050001579599
5.93    0.0497598774305
5.97    0.0494216815986
6.01    0.048958529885
6.05    0.0483638830905
6.09    0.0476615659542
6.13    0.0468452812238
6.17    0.0459021324159
6.21    0.0448563588182
6.25    0.0437048101478
6.29    0.045903441138
6.33    0.0481339655659
6.37    0.0502945723848
6.41    0.0523455747474
6.45    0.0542522786286
6.49    0.055990573288
6.53    0.0575293228817
6.57    0.0588445630196
6.61    0.0599243130577
6.65    0.0607883326784
6.69    0.0614147641246
6.73    0.0617746235784
6.77    0.0639493771246
6.81    0.0665276131032
6.85    0.0689420190462
6.89    0.0711902909529
6.93    0.0732547203497
6.97    0.0751056919409
7.01    0.0767650781752
7.05    0.0781929525635
7.09    0.079412609247
7.13    0.0803948127044
7.17    0.0811597798467
7.21    0.0816823086079
7.25    0.0819958709607
7.29    0.0820659855852
7.33    0.0819475760645
7.37    0.0816010110026
7.41    0.0810793973785
7.45    0.0803564725791
7.49    0.0794813162391
7.53    0.0784355443808
7.57    0.0772605410487
7.61    0.0759621357365
7.65    0.0746181519225
7.69    0.0731929616488
7.73    0.0716707333599
7.77    0.0700792275369
7.81    0.0684162107516
7.85    0.0666953511835
7.89    0.0649453284359
7.93    0.0631751043163
7.97    0.0613954497599
8.01    0.0596223783572
8.05    0.0578711448029
8.09    0.0561561590662
8.13    0.0557607088286
8.17    0.0558794474739
8.21    0.0559759363699
8.25    0.0560436528875
8.29    0.0560816201484
8.33    0.0560963304476
8.37    0.0560784045055
8.41    0.0560405911785
8.45    0.0559694654115
8.49    0.0558767889965
8.53    0.0557551962073
8.57    0.0556004652814
8.61    0.0554278587763
8.65    0.0553398216677
8.69    0.0554079168001
8.73    0.0554866455304
8.77    0.0555889130905
8.81    0.0557228603871
8.85    0.0558363313412
8.89    0.0559264427663
8.93    0.0559896247427
8.97    0.0560366709303
9.01    0.0560541712914
9.05    0.0560548689819
9.09    0.0560246951671
9.13    0.0559709788299
9.17    0.0558977379449
9.21    0.0557959527894
9.25    0.0556664993815
9.29    0.0555104642655
9.33    0.0559587853118
9.37    0.0574225818382
9.41    0.0589102184632
9.45    0.0604150179761
9.49    0.0619304579212
9.53    0.0634501927649
9.57    0.0649722090049
9.61    0.0664882073657
9.65    0.0679918935152
9.69    0.0694777668224
9.73    0.070940576468
9.77    0.0723753307244
9.81    0.0737773043692
9.85    0.0751420443283
9.89    0.0764696177192
9.93    0.0777616883685
9.97    0.0790056568129
