0.1	0.000406665907918
0.12	0.00072482800563
0.14	0.00105579570205
0.16	0.00123506573548
0.18	0.00201109393804
0.2	0.0028489455348
0.22	0.00288761418385
0.24	0.00276136716663
0.26	0.00297848738066
0.28	0.00392060439403
0.3	0.00562999458122
0.32	0.00673413068104
0.34	0.00824227380119
0.36	0.00818062332141
0.38	0.00700701518368
0.4	0.00685659853882
0.42	0.00730915782047
0.44	0.00780240506258
0.46	0.00856778991598
0.48	0.0104237366728
0.5	0.0120946572595
0.52	0.0144409428401
0.54	0.017981735084
0.56	0.022225002295
0.58	0.0253788675274
0.6	0.0256363392505
0.62	0.0229186422264
0.64	0.0261932711718
0.66	0.0312966660655
0.68	0.036680322889
0.7	0.0416735577136
0.72	0.0483178528591
0.74	0.0558065105278
0.76	0.0618838789589
0.78	0.066742328102
0.8	0.06878237642
0.82	0.0678804541503
0.84	0.0673756766683
0.86	0.0647728174918
0.88	0.0594940433384
0.9	0.0533796157279
0.92	0.0474450648499
0.94	0.0423329915273
0.96	0.0399014433628
0.98	0.0384646143175
1.0	0.0375306505503
1.02	0.0374116923308
1.04	0.0366892275468
1.06	0.0356008457135
1.08	0.0342373290164
1.1	0.0328400896727
1.12	0.0316697261435
1.14	0.0306437880845
1.16	0.0310476196746
1.18	0.0317768074382
1.2	0.0322301091609
1.22	0.033403995905
1.24	0.0347883073773
1.26	0.0361740539944
1.28	0.037739307348
1.3	0.0397439708018
1.32	0.0424155023227
1.34	0.0454922312368
1.36	0.0486539678115
1.38	0.0513434090508
1.4	0.0533103923348
1.42	0.0544993583285
1.44	0.0550140828251
1.46	0.0548235263467
1.48	0.0538639851528
1.5	0.0523118287291
1.52	0.0503455207155
1.54	0.0491090462161
1.56	0.0481423873426
1.58	0.047364550066
1.6	0.0469816889788
1.62	0.0470645956013
1.64	0.0475345280221
1.66	0.0481508757636
1.68	0.0486077014627
1.7	0.0487532171094
1.72	0.0484085224711
1.74	0.0475462042871
1.76	0.0463222154856
1.78	0.0453150879816
1.8	0.0455138057074
1.82	0.0457058149575
1.84	0.0460153981225
1.86	0.046466816236
1.88	0.0470200958061
1.9	0.0477310394842
1.92	0.048452046829
1.94	0.0492206876656
1.96	0.0500627726157
1.98	0.05091700144
2.0	0.0518943321167
2.02	0.0528985384986
2.04	0.0539308718343
2.06	0.0549476593292
2.08	0.0558856590425
2.1	0.0566837164382
2.12	0.0573473875193
2.14	0.057764021398
2.16	0.0579322569988
2.18	0.0578548726814
2.2	0.0574413407409
2.22	0.0571697181866
2.24	0.0575743509215
2.26	0.058240029061
2.28	0.0600780251912
2.3	0.0614618176133
2.32	0.0623098797063
2.34	0.0626269645316
2.36	0.0624717521705
2.38	0.0619085783032
2.4	0.0610035894919
2.42	0.0598102584824
2.44	0.0583993751654
2.46	0.0568378526441
2.48	0.0550798464288
2.5	0.05395973275
2.52	0.0528911383685
2.54	0.0517892586819
2.56	0.0507088098827
2.58	0.0497035840204
2.6	0.0487192815405
2.62	0.0477516586358
2.64	0.0467950395286
2.66	0.0458451056248
2.68	0.0448949950285
2.7	0.0441661156571
2.72	0.0442990836255
2.74	0.044569728535
2.76	0.0449315613707
2.78	0.0453342786013
2.8	0.0457474646528
2.82	0.0460884089428
2.84	0.0463067575993
2.86	0.0463631947973
2.88	0.0462708687325
2.9	0.0460026691716
2.92	0.0455393388548
2.94	0.0449194785091
2.96	0.0441756481311
2.98	0.0433075958585
3.0	0.042372256205
3.02	0.0414327360708
3.04	0.0408239299133
3.06	0.0401661618598
3.08	0.0394996346118
3.1	0.03883495643
3.12	0.0381964089429
3.14	0.0376036226233
3.16	0.037071210409
3.18	0.0366088247016
3.2	0.0362215587066
3.22	0.0359188878729
3.24	0.0357555653543
3.26	0.0356996224049
3.28	0.0357069146456
3.3	0.035769704677
3.32	0.0358809031122
3.34	0.0362803041374
3.36	0.0371840107994
3.38	0.038113036881
3.4	0.0390652854163
3.42	0.0400380708468
3.44	0.0410387606046
3.46	0.042066092091
3.48	0.0431064656074
3.5	0.044162068343
3.52	0.0452457737754
3.54	0.0463402817045
3.56	0.047478773529
3.58	0.0486790693218
3.6	0.0499060364614
3.62	0.0511447708338
3.64	0.0526183010357
3.66	0.0543894458173
3.68	0.0561767625266
3.7	0.0579877720934
3.72	0.0598059769332
3.74	0.0616162034654
3.76	0.0634236951488
3.78	0.0652024604123
3.8	0.0669345797313
3.82	0.0686321739186
3.84	0.0702588532569
3.86	0.0722800857899
3.88	0.0744269327241
3.9	0.0766088571334
3.92	0.0788261233643
3.94	0.0810414391789
3.96	0.0832220611013
3.98	0.0853682423339
4.0	0.0874659488251
4.02	0.0895171244187
4.04	0.0915529298959
4.06	0.0935516466459
4.08	0.0955208736761
4.1	0.0974314408882
4.12	0.0992765187119
4.14	0.101063515345
4.16	0.102796618072
4.18	0.104468182905
4.2	0.106064770426
4.22	0.107599915116
4.24	0.109063111735
4.26	0.110447692617
4.28	0.111758857756
4.3	0.113018811415
4.32	0.11421566
4.34	0.115335125082
4.36	0.116388337381
4.38	0.117386885892
4.4	0.118289648341
4.42	0.119150766942
4.44	0.119910923492
4.46	0.120620587864
4.48	0.121231535042
4.5	0.12223306985
4.52	0.123268561883
4.54	0.124221092734
4.56	0.125088339501
4.58	0.125888407457
4.6	0.126625987805
4.62	0.127288430453
4.64	0.127870997861
4.66	0.12837624672
4.68	0.128805588979
4.7	0.129154146994
4.72	0.129414831351
4.74	0.12958275827
4.76	0.129664589996
4.78	0.129653896205
4.8	0.129550810336
4.82	0.129356819124
4.84	0.129071299416
4.86	0.12869600638
4.88	0.128255987116
4.9	0.127753605052
4.92	0.12722819589
4.94	0.126685860145
4.96	0.12611644736
4.98	0.125523181344
5.0	0.125403033157
5.02	0.125183266423
5.04	0.124888864913
5.06	0.124467743815
5.08	0.123952169459
5.1	0.123311447528
5.12	0.122585189133
5.14	0.121734693627
5.16	0.120814896152
5.18	0.119778999836
5.2	0.118689298337
5.22	0.117495654796
5.24	0.116258877525
5.26	0.114944681033
5.28	0.113584558554
5.3	0.11218651621
5.32	0.110743394248
5.34	0.109301161511
5.36	0.107834124434
5.38	0.106374201053
5.4	0.104927948443
5.42	0.103494343162
5.44	0.102106040992
5.46	0.100755724834
5.48	0.0994536728287
5.5	0.0982224627304
5.52	0.0970572825355
5.54	0.0959723794916
5.56	0.0949738721057
5.58	0.0940654962552
5.6	0.0932554867946
5.62	0.092547639807
5.64	0.0919457305281
5.66	0.0914550833181
5.68	0.0910787693347
5.7	0.0908172236776
5.72	0.0906732897419
5.74	0.0906464224279
5.76	0.0907319715168
5.78	0.0909270228809
5.8	0.0912298628893
5.82	0.0916364811505
5.84	0.0921384458235
5.86	0.0927298962428
5.88	0.0934045069222
5.9	0.094155576587
5.92	0.0949761162712
5.94	0.0958589354171
5.96	0.0967967250122
5.98	0.097782136892
6.0	0.098812484199
6.02	0.0998798890642
6.04	0.100975362104
6.06	0.102103113251
6.08	0.103259393653
6.1	0.104435163693
6.12	0.105623499681
6.14	0.106818042794
6.16	0.108021589055
6.18	0.109217438614
6.2	0.110420729664
6.22	0.111611166876
6.24	0.112804987649
6.26	0.114131701847
6.28	0.115563909908
6.3	0.116999645121
6.32	0.118425849828
6.34	0.119838339481
6.36	0.1212522311
6.38	0.122645219508
6.4	0.124020790538
6.42	0.125395488691
6.44	0.126746391507
6.46	0.12808078619
6.48	0.129411910887
6.5	0.130718515442
6.52	0.132021803579
6.54	0.133310481587
6.56	0.134588169241
6.58	0.13586165777
6.6	0.13711757529
6.62	0.138379110416
6.64	0.139619423803
6.66	0.14086222284
6.68	0.142095288645
6.7	0.143308799198
6.72	0.144532169354
6.74	0.145742487177
6.76	0.146934339798
6.78	0.148127298507
6.8	0.149318463022
6.82	0.150491248451
6.84	0.151647733358
6.86	0.152820128211
6.88	0.15397293629
6.9	0.155105244128
6.92	0.156242952802
6.94	0.157370822947
6.96	0.158475032191
6.98	0.159571815905
7.0	0.160665569994
