0.05    3.26523509828e-05
0.09    0.000121434904412
0.13    0.000249577506682
0.17    0.000609407381961
0.21    0.00085139369133
0.25    0.00121237579698
0.29    0.00211732133933
0.33    0.00281667102529
0.37    0.00365485028883
0.41    0.00362584655691
0.45    0.00507807058573
0.49    0.00571336231614
0.53    0.00828809030519
0.57    0.00934777924162
0.61    0.0105596601213
0.65    0.010254398916
0.69    0.0108693565268
0.73    0.0122252565234
0.77    0.0144147959974
0.81    0.0144557046504
0.85    0.0135671972656
0.89    0.0159669113858
0.93    0.0190690348756
0.97    0.0225830814285
1.01    0.0237993967363
1.05    0.0224085519042
1.09    0.0250188136627
1.13    0.0267826949912
1.17    0.0248040446081
1.21    0.0273990902708
1.25    0.0306217800681
1.29    0.0324177879479
1.33    0.0373684580019
1.37    0.046497929756
1.41    0.0532372390402
1.45    0.0532269464363
1.49    0.0481030506805
1.53    0.0462727533407
1.57    0.0509744807252
1.61    0.0571404940613
1.65    0.0587307099496
1.69    0.0547795348475
1.73    0.0490666588066
1.77    0.0466741541247
1.81    0.0488646355206
1.85    0.0522949069845
1.89    0.0546115686416
1.93    0.0572282604424
1.97    0.0578782771373
2.01    0.0582036823854
2.05    0.0595161331084
2.09    0.0610449953891
2.13    0.0611963496855
2.17    0.0596211420838
2.21    0.062470773219
2.25    0.0655411815284
2.29    0.0680548651526
2.33    0.0699648012192
2.37    0.0742456170303
2.41    0.0800819829579
2.45    0.084542852387
2.49    0.0925468500224
2.53    0.0997620903742
2.57    0.103275736216
2.61    0.10222599646
2.65    0.0966206931942
2.69    0.0947987969194
2.73    0.0938118299397
2.77    0.091536030345
2.81    0.0882982173643
2.85    0.0864742956809
2.89    0.0834139907885
2.93    0.0791844131725
2.97    0.0749012101027
3.01    0.0747259130747
3.05    0.0756424211962
3.09    0.0774736042473
3.13    0.0800941938119
3.17    0.0834272074857
3.21    0.0872591992332
3.25    0.0914089245497
3.29    0.101700210646
3.33    0.112422549403
3.37    0.121900461108
3.41    0.12927109998
3.45    0.133929309504
3.49    0.135765394068
3.53    0.134938126179
3.57    0.132066433175
3.61    0.127873349116
3.65    0.13255847273
3.69    0.136867615155
3.73    0.14072251472
3.77    0.143995179944
3.81    0.146599858642
3.85    0.148527795001
3.89    0.149718853507
3.93    0.150325943261
3.97    0.150626792429
4.01    0.151952653861
4.05    0.16364771506
4.09    0.174662495387
4.13    0.184746040775
4.17    0.193335173437
4.21    0.200111380935
4.25    0.205647078113
4.29    0.210718591842
4.33    0.213358492445
4.37    0.213822142014
4.41    0.212324806758
4.45    0.20902784906
4.49    0.203898109688
4.53    0.197085345509
4.57    0.188811572346
4.61    0.179448336895
4.65    0.169373470371
4.69    0.159027149274
4.73    0.148815159891
4.77    0.139103001492
4.81    0.135230617947
4.85    0.133191823028
4.89    0.131015342253
4.93    0.128722115022
4.97    0.126334283816
5.01    0.123870758643
5.05    0.122568964293
5.09    0.121867239403
5.13    0.121079197018
5.17    0.120284912158
5.21    0.12520407058
5.25    0.130434328591
5.29    0.135736577652
5.33    0.140947863522
5.37    0.145854352719
5.41    0.150362301432
5.45    0.154341249537
5.49    0.157739597117
5.53    0.160532343808
5.57    0.162677558196
5.61    0.164179381556
5.65    0.165072307505
5.69    0.165375481379
5.73    0.16511153628
5.77    0.164313026569
5.81    0.163015510452
5.85    0.161262192898
5.89    0.159103106312
5.93    0.156594162928
5.97    0.153835477176
6.01    0.150895098572
6.05    0.147930574656
6.09    0.144987656454
6.13    0.14361337774
6.17    0.144223763705
6.21    0.144599744864
6.25    0.144743567137
6.29    0.144717441483
6.33    0.144515464875
6.37    0.144171381978
6.41    0.143706839092
6.45    0.143140658594
6.49    0.142483705084
6.53    0.141775308301
6.57    0.140991699072
6.61    0.140194718507
6.65    0.139359277905
6.69    0.138488489653
6.73    0.137635218726
6.77    0.136765521681
6.81    0.135882163856
6.85    0.13500838238
6.89    0.134148596251
6.93    0.133282929173
6.97    0.13241221868
7.01    0.131549188013
7.05    0.130700904639
7.09    0.129844043226
7.13    0.12897682545
7.17    0.12809716945
7.21    0.12722074599
7.25    0.126338620716
7.29    0.12543635971
7.33    0.124511830606
7.37    0.123563084606
7.41    0.122590531599
7.45    0.121614277662
7.49    0.120608759666
7.53    0.119573209373
7.57    0.118507212352
7.61    0.117410713755
7.65    0.116284016436
7.69    0.115138637486
7.73    0.113974072759
7.77    0.112781296209
7.81    0.11156188688
7.85    0.110317694323
7.89    0.109050811384
7.93    0.107763545419
7.97    0.106458388572
8.01    0.105137987658
8.05    0.103812206592
8.09    0.102481493053
8.13    0.101143085286
8.17    0.0997999653043
8.21    0.0984551315504
8.25    0.0971115743254
8.29    0.0957722529307
8.33    0.0944400746373
8.37    0.0931178755527
8.41    0.0918084034273
8.45    0.0905143024005
8.49    0.0895669622613
8.53    0.0890928487574
8.57    0.088601372425
8.61    0.0880848511094
8.65    0.0875447179303
8.69    0.0869824534916
8.73    0.086399575738
8.77    0.085797630283
8.81    0.0851781812491
8.85    0.0845509207711
8.89    0.0839116454727
8.93    0.0832590687079
8.97    0.0825947512058
9.01    0.081920235956
9.05    0.0812370423201
9.09    0.0805466606915
9.13    0.0798505476992
9.17    0.0791501219313
9.21    0.0784467601671
9.25    0.0777460937344
9.29    0.0770466124432
9.33    0.0763476027739
9.37    0.0756502580508
9.41    0.0749557182609
9.45    0.0742650687835
9.49    0.0735793394654
9.53    0.0728995040215
9.57    0.0722264797284
9.61    0.0715611273974
9.65    0.0709042515936
9.69    0.0702566010877
9.73    0.0696188695115
9.77    0.0689916962006
9.81    0.0683756672025
9.85    0.0677713164332
9.89    0.0671791269607
9.93    0.0665995324
9.97    0.0660329184073
