0.05    2.93214903447e-05
0.09    9.92261226766e-05
0.13    0.000316436089281
0.17    0.000555276102535
0.21    0.00128420112722
0.25    0.00187055984043
0.29    0.00265800036779
0.33    0.00341331439709
0.37    0.00433225502759
0.41    0.00690589446765
0.45    0.00638379312908
0.49    0.00680694202109
0.53    0.00753208116331
0.57    0.00938258542582
0.61    0.00924651299067
0.65    0.0100092223219
0.69    0.0118989574709
0.73    0.0140482540565
0.77    0.017604391717
0.81    0.0194890936152
0.85    0.0197822518287
0.89    0.0214698941334
0.93    0.0250826583944
0.97    0.0245017119539
1.01    0.0207195951411
1.05    0.0190061578759
1.09    0.021931695765
1.13    0.0270873212309
1.17    0.031672199129
1.21    0.033800555133
1.25    0.0348752335674
1.29    0.035043971753
1.33    0.0364545166011
1.37    0.0412023972409
1.41    0.0487274887273
1.45    0.0564968012389
1.49    0.0622521906739
1.53    0.0648308252641
1.57    0.0646501737501
1.61    0.063689052898
1.65    0.0637177589895
1.69    0.0651644452157
1.73    0.0675277207
1.77    0.0702276563558
1.81    0.0725628009383
1.85    0.0742429550781
1.89    0.0752731831624
1.93    0.0757740650897
1.97    0.0756415517762
2.01    0.0745840278313
2.05    0.0724173888696
2.09    0.0691946460755
2.13    0.0651805575544
2.17    0.0607623366961
2.21    0.0563918128879
2.25    0.0529617894125
2.29    0.050023367973
2.33    0.0467776372229
2.37    0.0433579089786
2.41    0.0409634926824
2.45    0.0395435370251
2.49    0.0391964388169
2.53    0.0390556019286
2.57    0.0432647169937
2.61    0.0464021263673
2.65    0.0483041883628
2.69    0.0510413360701
2.73    0.0524371080008
2.77    0.0524902993526
2.81    0.051467796541
2.85    0.0496426297029
2.89    0.0472919619821
2.93    0.0448462431396
2.97    0.0428198047467
3.01    0.0416520009637
3.05    0.04150272821
3.09    0.0421535200944
3.13    0.0430888381033
3.17    0.0437147985188
3.21    0.0435293537304
3.25    0.0422738103339
3.29    0.0402123069667
3.33    0.0400582140448
3.37    0.0401579995789
3.41    0.0394701780169
3.45    0.0391525500198
3.49    0.0392052613796
3.53    0.0390136302481
3.57    0.0386698744882
3.61    0.0391368862073
3.65    0.0408262221777
3.69    0.0424870160077
3.73    0.0441322479627
3.77    0.0457639732832
3.81    0.0473575606621
3.85    0.0488826764543
3.89    0.0503025639784
3.93    0.0515779150999
3.97    0.0526830809016
4.01    0.0536002142674
4.05    0.0543230043473
4.09    0.0548604943884
4.13    0.0552346239735
4.17    0.0554811583168
4.21    0.0556472517151
4.25    0.055783107017
4.29    0.0559393872764
4.33    0.0561690304783
4.37    0.0565197248469
4.41    0.0570293959668
4.45    0.0577253706755
4.49    0.0586269606239
4.53    0.0597332793517
4.57    0.061037525569
4.61    0.0625161663898
4.65    0.0641449077787
4.69    0.0658861907636
4.73    0.0677026429936
4.77    0.0695598555291
4.81    0.0714184708891
4.85    0.0732490742214
4.89    0.0750201022851
4.93    0.0766980665279
4.97    0.0799138748268
5.01    0.0830715757565
5.05    0.0860592612992
5.09    0.0888749682818
5.13    0.0914996704177
5.17    0.0939167930931
5.21    0.0961273837958
5.25    0.0981001323988
5.29    0.0998074589973
5.33    0.101237411539
5.37    0.102393588813
5.41    0.103304458635
5.45    0.104008468746
5.49    0.104512510158
5.53    0.104829817221
5.57    0.104955520208
5.61    0.104891325324
5.65    0.104642969941
5.69    0.10421785948
5.73    0.103638481669
5.77    0.102934971856
5.81    0.102152581175
5.85    0.101365274436
5.89    0.101220805385
5.93    0.101712185966
5.97    0.102171901028
6.01    0.102637466408
6.05    0.103221525266
6.09    0.103976022248
6.13    0.104810611939
6.17    0.105675729684
6.21    0.106554161272
6.25    0.107439999251
6.29    0.108333242529
6.33    0.109223189597
6.37    0.110108020179
6.41    0.110982335343
6.45    0.111854045157
6.49    0.112737441633
6.53    0.113641365696
6.57    0.114562021496
6.61    0.11548335403
6.65    0.11640222088
6.69    0.117353511772
6.73    0.118335413671
6.77    0.119289427332
6.81    0.120187753821
6.85    0.121016230191
6.89    0.121770212844
6.93    0.122451997259
6.97    0.123072301448
7.01    0.123637744773
7.05    0.124156154162
7.09    0.124615428649
7.13    0.124994948911
7.17    0.125273157451
7.21    0.125442272525
7.25    0.125489738361
7.29    0.126152562338
7.33    0.127003156843
7.37    0.127239904247
7.41    0.126842402391
7.45    0.125829093674
7.49    0.12426670833
7.53    0.122288772874
7.57    0.121336448621
7.61    0.12027057022
7.65    0.119096381753
7.69    0.117819819098
7.73    0.116447485931
7.77    0.114986634095
7.81    0.113445115446
7.85    0.111832766891
7.89    0.110159286363
7.93    0.108430724429
7.97    0.106656147495
8.01    0.104844682229
8.05    0.103005359897
8.09    0.101147538419
8.13    0.0992798699733
8.17    0.0974090141687
8.21    0.09554260353
8.25    0.093687718174
8.29    0.0918507909821
8.33    0.0900374743025
8.37    0.0882525194642
8.41    0.0864997187572
8.45    0.0847847727225
8.49    0.0831094189203
8.53    0.0816495191898
8.57    0.0807399327244
8.61    0.0798234324839
8.65    0.0789052877353
8.69    0.0779849792254
8.73    0.07707110498
8.77    0.0761607134367
8.81    0.0752620454699
8.85    0.0743732876877
8.89    0.0734989575366
8.93    0.0726415803177
8.97    0.0718009914812
9.01    0.0709809260338
9.05    0.0701832322055
9.09    0.0694076328926
9.13    0.0686555829952
9.17    0.0679289579971
9.21    0.0672295655336
9.25    0.0665566536745
9.29    0.0659109625256
9.33    0.065293081845
9.37    0.0647034639829
9.41    0.0641424362964
9.45    0.063610212915
9.49    0.063106905798
9.53    0.0626325350194
9.57    0.0621870382589
9.61    0.0617704335449
9.65    0.0613823091128
9.69    0.0611286947798
9.73    0.0617824590024
9.77    0.0624003996629
9.81    0.0630299179116
9.85    0.0635993452529
9.89    0.0641002181781
9.93    0.0645256866317
9.97    0.0649173385949
