0.05    3.58739164808e-05
0.09    0.000117913307106
0.13    0.000284847905987
0.17    0.000441808649339
0.21    0.000851815077496
0.25    0.00156923853436
0.29    0.00336215361324
0.33    0.00320794439029
0.37    0.00445910356592
0.41    0.00498843508583
0.45    0.00609367481422
0.49    0.00735365167261
0.53    0.00731913795614
0.57    0.0089896575375
0.61    0.0147503044477
0.65    0.0155762295359
0.69    0.015108953727
0.73    0.0143352808414
0.77    0.0175319460964
0.81    0.0200543267697
0.85    0.0221911741168
0.89    0.0290513027647
0.93    0.0328543621984
0.97    0.0347888305609
1.01    0.0384819837814
1.05    0.0419684681275
1.09    0.0432376081968
1.13    0.0415354968563
1.17    0.0367695572575
1.21    0.0296726776737
1.25    0.0258803979605
1.29    0.0253299164203
1.33    0.0265645998087
1.37    0.0292678076081
1.41    0.0364422970684
1.45    0.0458951066161
1.49    0.0528457920781
1.53    0.0550829848029
1.57    0.0546232531343
1.61    0.0537061710542
1.65    0.0532716827263
1.69    0.0536648773663
1.73    0.0551678565169
1.77    0.057935440529
1.81    0.0615052568843
1.85    0.0646653862296
1.89    0.066268031285
1.93    0.0659667443074
1.97    0.0658461404158
2.01    0.0680820159765
2.05    0.0692288885977
2.09    0.069330515893
2.13    0.0684393184168
2.17    0.0666681426179
2.21    0.0641895296599
2.25    0.0612911760668
2.29    0.0582263263094
2.33    0.0552109552587
2.37    0.0523457662172
2.41    0.0496806879681
2.45    0.0472331360618
2.49    0.0450215127945
2.53    0.0430665523704
2.57    0.042730018813
2.61    0.044348459783
2.65    0.0456483485607
2.69    0.0466003180047
2.73    0.0487209362367
2.77    0.0512367773294
2.81    0.0532802417411
2.85    0.0573569157627
2.89    0.0606025424841
2.93    0.0626629454578
2.97    0.0639454327505
3.01    0.0667696857848
3.05    0.0687967261577
3.09    0.070139620992
3.13    0.070865597196
3.17    0.0709600023725
3.21    0.0702803689017
3.25    0.0686899108471
3.29    0.0662002717693
3.33    0.0630106117832
3.37    0.0633825274237
3.41    0.063979062432
3.45    0.0646545941092
3.49    0.0656156288739
3.53    0.0670444781249
3.57    0.0690676747066
3.61    0.0716966930556
3.65    0.0748563505533
3.69    0.0783822001219
3.73    0.0820582543305
3.77    0.0856459102124
3.81    0.0889243931899
3.85    0.0917084265174
3.89    0.0938543283872
3.93    0.0952552513566
3.97    0.0958458331482
4.01    0.0977978421436
4.05    0.0995551693121
4.09    0.100562129733
4.13    0.10088490933
4.17    0.100599063918
4.21    0.0997868693069
4.25    0.0985356302191
4.29    0.0969640547291
4.33    0.0952150425652
4.37    0.0934224964452
4.41    0.0917247725261
4.45    0.0902553408935
4.49    0.0891147156172
4.53    0.0883912287774
4.57    0.0881433359216
4.61    0.0883990729518
4.65    0.089158672897
4.69    0.0903992171266
4.73    0.0920781487525
4.77    0.0941311258097
4.81    0.0964880395598
4.85    0.099080037675
4.89    0.10182423793
4.93    0.10465509919
4.97    0.10750367679
5.01    0.110315490504
5.05    0.113042194009
5.09    0.115649813644
5.13    0.118113274056
5.17    0.120420978205
5.21    0.122583363099
5.25    0.124655965395
5.29    0.126690935453
5.33    0.128614905149
5.37    0.130358585188
5.41    0.131901702257
5.45    0.133233581691
5.49    0.134354080254
5.53    0.135279592719
5.57    0.136012418542
5.61    0.136581470983
5.65    0.136996558798
5.69    0.137277852476
5.73    0.137449392387
5.77    0.137521931371
5.81    0.137507076353
5.85    0.137424494343
5.89    0.137280708898
5.93    0.137088479847
5.97    0.136861942301
6.01    0.136615966951
6.05    0.13635826103
6.09    0.13609949928
6.13    0.135849167037
6.17    0.135615465803
6.21    0.13540518498
6.25    0.135223576283
6.29    0.135074265828
6.33    0.134959311259
6.37    0.134883815654
6.41    0.134841715671
6.45    0.13483044236
6.49    0.134846430032
6.53    0.1348898415
6.57    0.134952981687
6.61    0.135029428188
6.65    0.135120288032
6.69    0.135213370229
6.73    0.135306791661
6.77    0.13538906403
6.81    0.135457388402
6.85    0.135502117399
6.89    0.135526132683
6.93    0.13554078931
6.97    0.135610295229
7.01    0.135853818194
7.05    0.136195236752
7.09    0.136537775399
7.13    0.136844495602
7.17    0.137106198873
7.21    0.137324256101
7.25    0.137803450894
7.29    0.139423068601
7.33    0.141059547531
7.37    0.142670429858
7.41    0.144225069554
7.45    0.145699713131
7.49    0.147078832557
7.53    0.148659891077
7.57    0.150712465908
7.61    0.152738044775
7.65    0.154731921131
7.69    0.156687729447
7.73    0.158604001037
7.77    0.160470555497
7.81    0.162285043227
7.85    0.164042870083
7.89    0.165737335252
7.93    0.167366955427
7.97    0.168929069033
8.01    0.170416598948
8.05    0.171825628556
8.09    0.173152187204
8.13    0.174392406625
8.17    0.175542729049
8.21    0.176600110898
8.25    0.177562168715
8.29    0.178431333715
8.33    0.179204274399
8.37    0.179878640847
8.41    0.18045435018
8.45    0.180931928354
8.49    0.181312490779
8.53    0.181597741753
8.57    0.181789970487
8.61    0.181892009726
8.65    0.18190712845
8.69    0.181838860655
8.73    0.181702888745
8.77    0.181525151856
8.81    0.181354718978
8.85    0.181146154571
8.89    0.180865371612
8.93    0.180509530615
8.97    0.18007152947
9.01    0.17955047401
9.05    0.178946045001
9.09    0.178259733593
9.13    0.177494689755
9.17    0.176648155534
9.21    0.175720516415
9.25    0.174716965028
9.29    0.173640985366
9.33    0.172488475404
9.37    0.171267626789
9.41    0.169980217234
9.45    0.168623896515
9.49    0.167210062978
9.53    0.165735801144
9.57    0.164203216166
9.61    0.162621512927
9.65    0.160990549243
9.69    0.159313542696
9.73    0.157595472486
9.77    0.155841075694
9.81    0.154054640086
9.85    0.152243755143
9.89    0.150407943501
9.93    0.148548652492
9.97    0.146664666352
