0.05    9.5750718766e-05
0.09    0.000314134167535
0.13    0.00104095121288
0.17    0.00173831045774
0.21    0.0020277902181
0.25    0.00299560890074
0.29    0.00550592007522
0.33    0.00505678718602
0.37    0.00686565437802
0.41    0.00854384190841
0.45    0.0118937521245
0.49    0.017512543698
0.53    0.0186299432089
0.57    0.0226472549422
0.61    0.0257597337601
0.65    0.0289939984327
0.69    0.0372207645577
0.73    0.0423345292746
0.77    0.0429629697649
0.81    0.0445155556609
0.85    0.0434221509602
0.89    0.0413488053343
0.93    0.0408962444995
0.97    0.0447208844136
1.01    0.0481634805126
1.05    0.0505351749266
1.09    0.0519022223338
1.13    0.0542606835802
1.17    0.0561649038569
1.21    0.0576052052707
1.25    0.0572019322988
1.29    0.0548097376901
1.33    0.0516892867136
1.37    0.0510835494031
1.41    0.0531925422302
1.45    0.0562559527138
1.49    0.0600980215847
1.53    0.0637941550347
1.57    0.0667380347909
1.61    0.0691410713391
1.65    0.0752159554158
1.69    0.080150106432
1.73    0.0828856280247
1.77    0.0830896058922
1.81    0.0813605100235
1.85    0.0790210687826
1.89    0.0769288576579
1.93    0.0762222584311
1.97    0.0766972437317
2.01    0.0770375251394
2.05    0.0770962360541
2.09    0.0771262756681
2.13    0.0776433860315
2.17    0.0793433295777
2.21    0.0831177900542
2.25    0.0840352067529
2.29    0.0859831183872
2.33    0.0883414322945
2.37    0.0907513871356
2.41    0.0924408953039
2.45    0.0953249164514
2.49    0.100569640947
2.53    0.108222978005
2.57    0.11802632579
2.61    0.129595053872
2.65    0.142239241446
2.69    0.155043547216
2.73    0.166710375073
2.77    0.176150487822
2.81    0.182231992859
2.85    0.184587580159
2.89    0.183699457188
2.93    0.1806325411
2.97    0.176579348245
3.01    0.17299179722
3.05    0.170914594455
3.09    0.171012910756
3.13    0.173467175071
3.17    0.178132148638
3.21    0.185557631517
3.25    0.197317483239
3.29    0.209846908851
3.33    0.222734980511
3.37    0.235549484074
3.41    0.247841795541
3.45    0.259097606041
3.49    0.268895745178
3.53    0.276892753181
3.57    0.282811564159
3.61    0.287535958395
3.65    0.297530034367
3.69    0.306355245598
3.73    0.313784810319
3.77    0.319621790463
3.81    0.323788596993
3.85    0.326170119921
3.89    0.326792008251
3.93    0.325605977545
3.97    0.32258957039
4.01    0.324295031699
4.05    0.326161566201
4.09    0.326300943155
4.13    0.324610423349
4.17    0.32108397783
4.21    0.315875001023
4.25    0.309104935112
4.29    0.300971028801
4.33    0.291834763577
4.37    0.281617818878
4.41    0.270261502448
4.45    0.258825404773
4.49    0.252573620293
4.53    0.245479703349
4.57    0.237626677643
4.61    0.229061644413
4.65    0.221164651021
4.69    0.224710205032
4.73    0.228383022538
4.77    0.23218399164
4.81    0.23610227504
4.85    0.240130301646
4.89    0.24426029667
4.93    0.248483817541
4.97    0.252805523992
5.01    0.257240370824
5.05    0.261791361906
5.09    0.266436211508
5.13    0.271134930561
5.17    0.275863990088
5.21    0.280630168328
5.25    0.28543863082
5.29    0.290272487184
5.33    0.295097258074
5.37    0.299871045726
5.41    0.304547874514
5.45    0.309081142655
5.49    0.313531036491
5.53    0.317791171689
5.57    0.321861070047
5.61    0.325806973954
5.65    0.329575510422
5.69    0.333188717598
5.73    0.33667490044
5.77    0.340046142265
5.81    0.3433159576
5.85    0.346457465602
5.89    0.349462587256
5.93    0.352324685645
5.97    0.355047399457
6.01    0.357641607872
6.05    0.360134475124
6.09    0.362509646392
6.13    0.364823927193
6.17    0.36712344694
6.21    0.369406787423
6.25    0.371600135655
6.29    0.373695068452
6.33    0.37564875245
6.37    0.377475177875
6.41    0.379193770075
6.45    0.380859919334
6.49    0.382427382528
6.53    0.38389417999
6.57    0.385278926236
6.61    0.386543522947
6.65    0.387703559424
6.69    0.388811994067
6.73    0.389875349025
6.77    0.390873257443
6.81    0.391803212176
6.85    0.392572696306
6.89    0.393207083252
6.93    0.393662336322
6.97    0.393929761754
7.01    0.394023340607
7.05    0.39399174404
7.09    0.393788355344
7.13    0.393437583641
7.17    0.392969463212
7.21    0.392405453219
7.25    0.391764153898
7.29    0.391098375029
7.33    0.390511412109
7.37    0.389927075683
7.41    0.389310949758
7.45    0.388639794017
7.49    0.387896226973
7.53    0.387086064578
7.57    0.386218565837
7.61    0.385297071887
7.65    0.384303508678
7.69    0.387703029438
7.73    0.391934600498
7.77    0.395871876373
7.81    0.399486271619
7.85    0.40283586151
7.89    0.405908121544
7.93    0.408679489224
7.97    0.411152692118
8.01    0.413801292725
8.05    0.41641791717
8.09    0.418739164377
8.13    0.420737097658
8.17    0.422408423426
8.21    0.423770456939
8.25    0.424839471546
8.29    0.425601964563
8.33    0.426028086223
8.37    0.426109960966
8.41    0.425881157493
8.45    0.425405992021
8.49    0.424766620491
8.53    0.42419037854
8.57    0.423528870682
8.61    0.422608347411
8.65    0.42142063466
8.69    0.419990482343
8.73    0.418346827765
8.77    0.416509226448
8.81    0.414488858653
8.85    0.412288719474
8.89    0.409904205384
8.93    0.407330401639
8.97    0.404589678044
9.01    0.402327330725
9.05    0.399880700081
9.09    0.39722176554
9.13    0.394699548035
9.17    0.394874246028
9.21    0.39502350388
9.25    0.395164594927
9.29    0.39526509638
9.33    0.395326112122
9.37    0.395348726455
9.41    0.395334003925
9.45    0.395309839307
9.49    0.395268867728
9.53    0.395192892243
9.57    0.395082905172
9.61    0.394939878846
9.65    0.39476476561
9.69    0.394563798428
9.73    0.394368806173
9.77    0.394143771673
9.81    0.39388957623
9.85    0.393607081619
9.89    0.393297130219
9.93    0.392960545166
9.97    0.392629107938
