0.05    6.45408415705e-05
0.09    0.000303679392631
0.13    0.000960471914517
0.17    0.00159313091929
0.21    0.00180109940401
0.25    0.00352210290464
0.29    0.0037121358193
0.33    0.00573263778769
0.37    0.00893192972794
0.41    0.0123709789362
0.45    0.0132912749058
0.49    0.0130726643829
0.53    0.0138213321041
0.57    0.0170164122704
0.61    0.0151169531804
0.65    0.0128076820927
0.69    0.011696153279
0.73    0.0110569964593
0.77    0.010836378066
0.81    0.0104162308841
0.85    0.0116268770601
0.89    0.0149937082668
0.93    0.0183620562224
0.97    0.0214799154411
1.01    0.0251403787877
1.05    0.0304692745378
1.09    0.0352445688436
1.13    0.0400620945611
1.17    0.0428957839493
1.21    0.0431245988755
1.25    0.0434900962132
1.29    0.0426071446183
1.33    0.0399435914276
1.37    0.036242209344
1.41    0.0320847840624
1.45    0.0324697685522
1.49    0.0326514963794
1.53    0.032435626279
1.57    0.0319550055915
1.61    0.0315713016907
1.65    0.0328595003047
1.69    0.0366188498002
1.73    0.0403652800709
1.77    0.0438107184415
1.81    0.0467886726311
1.85    0.0491128961985
1.89    0.0506290232089
1.93    0.0514174961245
1.97    0.0516883098775
2.01    0.0522639563269
2.05    0.0547889500357
2.09    0.0568884451704
2.13    0.0585895206571
2.17    0.0601184849592
2.21    0.0617074756406
2.25    0.0633815388105
2.29    0.0649191419625
2.33    0.0663813497276
2.37    0.0674827793527
2.41    0.068621352615
2.45    0.0692419341611
2.49    0.0694715760148
2.53    0.069685608286
2.57    0.0701531251124
2.61    0.0709416201852
2.65    0.0718993416194
2.69    0.0727395835517
2.73    0.073138170992
2.77    0.0728638823053
2.81    0.0718347232879
2.85    0.0701190805868
2.89    0.067955039992
2.93    0.0655941833165
2.97    0.064825796726
3.01    0.0651668432737
3.05    0.0653374157242
3.09    0.0654472387456
3.13    0.065563788049
3.17    0.0657130828561
3.21    0.0658994244538
3.25    0.0660894865323
3.29    0.0662558605227
3.33    0.06638570199
3.37    0.0664612578756
3.41    0.0664875105845
3.45    0.066483296649
3.49    0.0664655740709
3.53    0.0664525159013
3.57    0.0664587976456
3.61    0.0664903639328
3.65    0.0665429803366
3.69    0.0666026360866
3.73    0.0666496537072
3.77    0.0666563291678
3.81    0.0665918834453
3.85    0.0664286586134
3.89    0.0661434045425
3.93    0.065719442511
3.97    0.065147990348
4.01    0.0644286169149
4.05    0.0635732342395
4.09    0.0625954855669
4.13    0.0615142223892
4.17    0.0603611355285
4.21    0.0591564111477
4.25    0.0579332830403
4.29    0.0567157246056
4.33    0.0555266518736
4.37    0.0543881195627
4.41    0.0533183699258
4.45    0.0523268930077
4.49    0.0514214135366
4.53    0.0506052304459
4.57    0.0498776628804
4.61    0.0492346283516
4.65    0.0486692977659
4.69    0.049967323555
4.73    0.0530604121614
4.77    0.055831008614
4.81    0.0582515113615
4.85    0.060311012028
4.89    0.0619941375645
4.93    0.0632918246017
4.97    0.0642372858648
5.01    0.0648581202886
5.05    0.065184312965
5.09    0.0653117222237
5.13    0.0653358632801
5.17    0.0650961484875
5.21    0.0646886655833
5.25    0.0643192957534
5.29    0.0639067243101
5.33    0.0633182354806
5.37    0.0625977240771
5.41    0.0618054334367
5.45    0.0609722832146
5.49    0.0601467230725
5.53    0.0593841569811
5.57    0.0587387670023
5.61    0.0582591442147
5.65    0.0579895613467
5.69    0.0579671560204
5.73    0.0582212257832
5.77    0.0587701879659
5.81    0.0596218280292
5.85    0.0607740482873
5.89    0.0622158334164
5.93    0.0639283613299
5.97    0.0658862720453
6.01    0.0680610111056
6.05    0.0704208319265
6.09    0.0729319827653
6.13    0.0755619877059
6.17    0.0782783492602
6.21    0.0810519733177
6.25    0.0838596743194
6.29    0.086688787211
6.33    0.0895159301815
6.37    0.0923138101853
6.41    0.0951463910675
6.45    0.0980333625103
6.49    0.100872260932
6.53    0.103642682933
6.57    0.10632833159
6.61    0.108910414815
6.65    0.111378112014
6.69    0.113739705752
6.73    0.116012067627
6.77    0.11817833887
6.81    0.120226264256
6.85    0.122145672249
6.89    0.123929602367
6.93    0.125580096801
6.97    0.127107473112
7.01    0.12850945403
7.05    0.129785520236
7.09    0.130956764355
7.13    0.132050388801
7.17    0.13303841142
7.21    0.133911456869
7.25    0.134674695799
7.29    0.135336655376
7.33    0.135897773534
7.37    0.136358082314
7.41    0.136727971404
7.45    0.137031251963
7.49    0.137279745708
7.53    0.137458400137
7.57    0.137576383586
7.61    0.137680859304
7.65    0.137732541448
7.69    0.137706402955
7.73    0.137643631344
7.77    0.137636524904
7.81    0.137687937702
7.85    0.138042250405
7.89    0.138362610009
7.93    0.138635244202
7.97    0.138994148916
8.01    0.139299481082
8.05    0.139594528187
8.09    0.13986280978
8.13    0.140082643288
8.17    0.140249215247
8.21    0.140326729997
8.25    0.140307513231
8.29    0.140196103981
8.33    0.140043758397
8.37    0.139907291884
8.41    0.139788352238
8.45    0.139770208912
8.49    0.139672751567
8.53    0.13947232921
8.57    0.139175217019
8.61    0.138872414973
8.65    0.138522546902
8.69    0.138060515765
8.73    0.137703260883
8.77    0.137751053631
8.81    0.137699167554
8.85    0.137553101395
8.89    0.13731951262
8.93    0.137002385455
8.97    0.136602884472
9.01    0.13612616057
9.05    0.135572182241
9.09    0.134931459991
9.13    0.13419753393
9.17    0.133371103545
9.21    0.132454254033
9.25    0.131452277672
9.29    0.130371788048
9.33    0.129222320999
9.37    0.128013630586
9.41    0.126750477616
9.45    0.125433839784
9.49    0.124066420384
9.53    0.122653368587
9.57    0.121200619379
9.61    0.119715222715
9.65    0.118205461915
9.69    0.116677761473
9.73    0.115137380661
9.77    0.113588287757
9.81    0.112035036233
9.85    0.110482368245
9.89    0.108935531753
9.93    0.107400486143
9.97    0.10588305471
