0.05    5.95357836643e-05
0.09    0.00029925372072
0.13    0.000606069163112
0.17    0.00125540721135
0.21    0.0015243538187
0.25    0.00157125466263
0.29    0.00284007357887
0.33    0.0041270788014
0.37    0.00469859660609
0.41    0.00787066465647
0.45    0.00922870908874
0.49    0.0110001835922
0.53    0.012698401633
0.57    0.011828352845
0.61    0.0126910607527
0.65    0.0132963372412
0.69    0.0114796255714
0.73    0.0163682672325
0.77    0.0211983488205
0.81    0.0245939961988
0.85    0.0264574089928
0.89    0.026659142943
0.93    0.0297766035102
0.97    0.0323435731571
1.01    0.0334153987498
1.05    0.0331171441743
1.09    0.0318589826564
1.13    0.0301725632384
1.17    0.0287440040504
1.21    0.0278436981438
1.25    0.0272585519938
1.29    0.0269432781022
1.33    0.0268899185637
1.37    0.0270532304529
1.41    0.0273375491825
1.45    0.0276745883977
1.49    0.028171894295
1.53    0.0289836940292
1.57    0.0301439134529
1.61    0.0315965107197
1.65    0.0332117358397
1.69    0.03483364089
1.73    0.0363922748721
1.77    0.0379348332898
1.81    0.0395109063934
1.85    0.0411706761716
1.89    0.0429394090693
1.93    0.0448143230928
1.97    0.0467983332465
2.01    0.0488484571607
2.05    0.0509012944074
2.09    0.0532273006227
2.13    0.0558859515249
2.17    0.0586709448687
2.21    0.0614756762621
2.25    0.0640983589341
2.29    0.0663465929651
2.33    0.0681938073851
2.37    0.0696582986168
2.41    0.0707925315995
2.45    0.0716919924411
2.49    0.0727595342753
2.53    0.0746418371028
2.57    0.0765609807305
2.61    0.0784353722533
2.65    0.0801845091604
2.69    0.0817458919074
2.73    0.0830880671786
2.77    0.0842252397649
2.81    0.0852048379338
2.85    0.0860672686524
2.89    0.0868440994317
2.93    0.0875552867631
2.97    0.088181436369
3.01    0.0886967018816
3.05    0.089073678631
3.09    0.089279791685
3.13    0.0892883522835
3.17    0.0890828785192
3.21    0.0886735457215
3.25    0.0881006725041
3.29    0.0879335893812
3.33    0.0879606634664
3.37    0.0878432566246
3.41    0.087615329927
3.45    0.0873136261127
3.49    0.0869613763031
3.53    0.0865671629732
3.57    0.0861361784515
3.61    0.085675210428
3.65    0.0851876659725
3.69    0.0846650009286
3.73    0.0841019576999
3.77    0.0834920949453
3.81    0.0828405269066
3.85    0.0823153551142
3.89    0.0820082599961
3.93    0.0816710505949
3.97    0.0812878132455
4.01    0.0808649146908
4.05    0.0806185792698
4.09    0.0804315951814
4.13    0.0813527220284
4.17    0.0823476243711
4.21    0.0833369820401
4.25    0.0843218307212
4.29    0.085300956998
4.33    0.0862737222038
4.37    0.0872389837765
4.41    0.0881916760489
4.45    0.0891281620051
4.49    0.0900444425002
4.53    0.0909382067878
4.57    0.0918057914093
4.61    0.0926420681687
4.65    0.09344325907
4.69    0.0942120610422
4.73    0.0949398936102
4.77    0.0956271262538
4.81    0.0962734469189
4.85    0.0968737506754
4.89    0.0974335215
4.93    0.0979448802537
4.97    0.0984163114615
5.01    0.100060210874
5.05    0.101794722491
5.09    0.103314845847
5.13    0.104820137886
5.17    0.106296383857
5.21    0.107536401106
5.25    0.109340671502
5.29    0.111125800422
5.33    0.112676824405
5.37    0.113958301651
5.41    0.114955920399
5.45    0.115675316234
5.49    0.116130463193
5.53    0.116339702806
5.57    0.117379064905
5.61    0.119261524127
5.65    0.121115986252
5.69    0.123660043902
5.73    0.126272844748
5.77    0.128649988982
5.81    0.130719594045
5.85    0.132485390704
5.89    0.133979247941
5.93    0.135208599208
5.97    0.136183496187
6.01    0.136938798628
6.05    0.137495032662
6.09    0.137874426788
6.13    0.138307806988
6.17    0.138842538902
6.21    0.139263018578
6.25    0.139548821698
6.29    0.139692391039
6.33    0.139861541494
6.37    0.14004208232
6.41    0.140161731645
6.45    0.140199776748
6.49    0.140212723893
6.53    0.140147966035
6.57    0.140000940031
6.61    0.139790442405
6.65    0.139540477223
6.69    0.139280130965
6.73    0.139048716275
6.77    0.139027515781
6.81    0.139055811808
6.85    0.139115615621
6.89    0.139259837716
6.93    0.139441070509
6.97    0.139637512463
7.01    0.139835232824
7.05    0.140031044301
7.09    0.140228323523
7.13    0.140436873673
7.17    0.140666633274
7.21    0.140916098149
7.25    0.141181565164
7.29    0.14146261106
7.33    0.141761134613
7.37    0.142080483166
7.41    0.142424841476
7.45    0.142799525299
7.49    0.143215348821
7.53    0.143734388343
7.57    0.144331330629
7.61    0.144968182993
7.65    0.145640753449
7.69    0.146350960284
7.73    0.147098894744
7.77    0.147886745177
7.81    0.148717435066
7.85    0.149592488462
7.89    0.150513687696
7.93    0.151484365783
7.97    0.152505842291
8.01    0.15358077098
8.05    0.154711080669
8.09    0.155898108672
8.13    0.157143299631
8.17    0.158446825672
8.21    0.159808610602
8.25    0.161228176659
8.29    0.162704371659
8.33    0.164236669823
8.37    0.165823494334
8.41    0.167464678354
8.45    0.169158939314
8.49    0.170905045651
8.53    0.172701869498
8.57    0.174548151267
8.61    0.176443192311
8.65    0.178385544491
8.69    0.180374139345
8.73    0.182408093698
8.77    0.184486694608
8.81    0.186608981085
8.85    0.188774709501
8.89    0.190982226792
8.93    0.193228289708
8.97    0.195508803549
9.01    0.197818665743
9.05    0.200152902068
9.09    0.202507322265
9.13    0.204877688812
9.17    0.207259806931
9.21    0.209650576718
9.25    0.212046111637
9.29    0.214445393981
9.33    0.216848088734
9.37    0.219260451615
9.41    0.221705991547
9.45    0.224174130719
9.49    0.226669007372
9.53    0.229286254834
9.57    0.232053810014
9.61    0.23482631561
9.65    0.237596905524
9.69    0.240360050987
9.73    0.24310969019
9.77    0.245844253886
9.81    0.248572249527
9.85    0.251317693683
9.89    0.254059460414
9.93    0.256784831876
9.97    0.259484157535
