0.05    6.66724015724e-05
0.09    0.000252020411873
0.13    0.000598995224286
0.17    0.00120324437792
0.21    0.00267303782338
0.25    0.0030948603941
0.29    0.00337240205875
0.33    0.00511609763459
0.37    0.00888823797764
0.41    0.00934943714087
0.45    0.010314313125
0.49    0.0160325502289
0.53    0.0183787386502
0.57    0.0221132221513
0.61    0.0277924848227
0.65    0.0330952726692
0.69    0.0373258310333
0.73    0.0387277713923
0.77    0.0326072759442
0.81    0.0260102590281
0.85    0.024298139165
0.89    0.0309511767636
0.93    0.0355157018389
0.97    0.0379441075621
1.01    0.0426916801859
1.05    0.0493805868522
1.09    0.0563525117076
1.13    0.0581759863329
1.17    0.054327366905
1.21    0.0595803642484
1.25    0.0669282666885
1.29    0.0717468040169
1.33    0.0720230036385
1.37    0.0660515961376
1.41    0.0656745302448
1.45    0.061433273838
1.49    0.0560499946814
1.53    0.0535300813533
1.57    0.0544859793321
1.61    0.0573966297371
1.65    0.0643730905699
1.69    0.0732037588297
1.73    0.0819841208102
1.77    0.0876653434336
1.81    0.0909921570357
1.85    0.0932414901393
1.89    0.0918323075307
1.93    0.0872852999098
1.97    0.084334513716
2.01    0.0853653168735
2.05    0.0867416393782
2.09    0.0889347280458
2.13    0.0897574349328
2.17    0.0887000884767
2.21    0.093540187191
2.25    0.100488771382
2.29    0.10275854936
2.33    0.102157462988
2.37    0.0991524927731
2.41    0.0944834786044
2.45    0.09401721324
2.49    0.0963585689749
2.53    0.100782696472
2.57    0.107130562933
2.61    0.114889591801
2.65    0.123378790515
2.69    0.131919713267
2.73    0.139922650711
2.77    0.146917027889
2.81    0.152498031204
2.85    0.156411179626
2.89    0.159308117637
2.93    0.164550307421
2.97    0.170478538521
3.01    0.174407423334
3.05    0.194366838629
3.09    0.210585549082
3.13    0.221881361748
3.17    0.229347576181
3.21    0.239333146289
3.25    0.244186564265
3.29    0.243709729908
3.33    0.238705739425
3.37    0.230041070269
3.41    0.22143442071
3.45    0.213686718507
3.49    0.205029901307
3.53    0.196219900392
3.57    0.18793368733
3.61    0.181962761681
3.65    0.176718951625
3.69    0.172576433499
3.73    0.169746796751
3.77    0.168281536128
3.81    0.168197575705
3.85    0.169443945724
3.89    0.171903183391
3.93    0.175387532403
3.97    0.179561326897
4.01    0.183920559398
4.05    0.190126470637
4.09    0.196631422609
4.13    0.202635513891
4.17    0.207767357287
4.21    0.21180230756
4.25    0.214834817094
4.29    0.216786643331
4.33    0.217169804696
4.37    0.21576867721
4.41    0.212315192759
4.45    0.21030449711
4.49    0.208469850869
4.53    0.204773809951
4.57    0.202257487251
4.61    0.200486443367
4.65    0.19711994149
4.69    0.192214731203
4.73    0.185778125507
4.77    0.181211086118
4.81    0.176116968707
4.85    0.17868371621
4.89    0.184327504489
4.93    0.189807031186
4.97    0.19510426969
5.01    0.200208959621
5.05    0.205112559982
5.09    0.209809684096
5.13    0.214306935143
5.17    0.218604787937
5.21    0.222714935176
5.25    0.226659543323
5.29    0.230494268902
5.33    0.234560772385
5.37    0.238665040102
5.41    0.242654056943
5.45    0.246518187249
5.49    0.250267117587
5.53    0.253918382598
5.57    0.257481424053
5.61    0.26096699535
5.65    0.264385189352
5.69    0.26773905774
5.73    0.271034235902
5.77    0.274276804116
5.81    0.277470070785
5.85    0.280621726483
5.89    0.283738105441
5.93    0.286822172458
5.97    0.289884649068
6.01    0.2929319718
6.05    0.295978545279
6.09    0.299048528164
6.13    0.302169602306
6.17    0.305323795552
6.21    0.308473314368
6.25    0.31159227345
6.29    0.314660361124
6.33    0.317664477786
6.37    0.320591307454
6.41    0.323426428057
6.45    0.326154802264
6.49    0.328766874948
6.53    0.331247963293
6.57    0.33756960669
6.61    0.345251147382
6.65    0.352098514272
6.69    0.358098863037
6.73    0.363290005488
6.77    0.367840364234
6.81    0.37189673348
6.85    0.375384690969
6.89    0.378233655139
6.93    0.380433693334
6.97    0.382453425576
7.01    0.385472240555
7.05    0.388554081424
7.09    0.391053947664
7.13    0.392793719713
7.17    0.393736585801
7.21    0.39647903494
7.25    0.404140387752
7.29    0.41121309678
7.33    0.417679259421
7.37    0.42351003136
7.41    0.428661514752
7.45    0.433119692745
7.49    0.436955395385
7.53    0.440271503825
7.57    0.443034734595
7.61    0.445168838689
7.65    0.446650696206
7.69    0.447511591022
7.73    0.44780628025
7.77    0.447559742423
7.81    0.446868065185
7.85    0.445951886884
7.89    0.445364409776
7.93    0.444830622215
7.97    0.444037817164
8.01    0.442800432604
8.05    0.440922230756
8.09    0.438359080729
8.13    0.435169275169
8.17    0.431596201064
8.21    0.428086831364
8.25    0.424242051046
8.29    0.41992242807
8.33    0.419002256374
8.37    0.421793129089
8.41    0.424427572995
8.45    0.42689884811
8.49    0.429206171665
8.53    0.431342372247
8.57    0.433305072749
8.61    0.435096149161
8.65    0.436711272874
8.69    0.438149507617
8.73    0.439416125623
8.77    0.440506475931
8.81    0.441422107885
8.85    0.442164890636
8.89    0.442741174636
8.93    0.443148931238
8.97    0.44339091079
9.01    0.443470077928
9.05    0.443389958797
9.09    0.443158184932
9.13    0.442774015111
9.17    0.442241141526
9.21    0.441567159523
9.25    0.440755037117
9.29    0.439807908853
9.33    0.438734349556
9.37    0.437535258961
9.41    0.436217140323
9.45    0.434784658624
9.49    0.433239798828
9.53    0.431588755048
9.57    0.429835665645
9.61    0.427983148626
9.65    0.426035815229
9.69    0.423997460007
9.73    0.421873107787
9.77    0.419662300892
9.81    0.417365808498
9.85    0.414989467265
9.89    0.412530511165
9.93    0.409991678196
9.97    0.407377705116
