0.05    0.000182958161729
0.09    0.00089843896569
0.13    0.00226815342397
0.17    0.00623884404936
0.21    0.0103279287249
0.25    0.0076852287443
0.29    0.00880839600392
0.33    0.0145535596496
0.37    0.0124005764258
0.41    0.0168784032343
0.45    0.018244688999
0.49    0.0230536071129
0.53    0.0187654237241
0.57    0.0149934271642
0.61    0.0169828527607
0.65    0.0205562608009
0.69    0.0199944534592
0.73    0.019755565816
0.77    0.0241328694782
0.81    0.0304318787816
0.85    0.0316479048184
0.89    0.0320108500258
0.93    0.040162105734
0.97    0.0397821168809
1.01    0.0349952774304
1.05    0.0361439396726
1.09    0.0376928498031
1.13    0.0359221740294
1.17    0.0338178819123
1.21    0.0306892886372
1.25    0.0310797829618
1.29    0.0332438029192
1.33    0.0342666283154
1.37    0.033485126491
1.41    0.0332201226099
1.45    0.0370106492965
1.49    0.0399058796975
1.53    0.0418693967099
1.57    0.0429647626668
1.61    0.0432415300781
1.65    0.0454587024928
1.69    0.0467194150157
1.73    0.0472739859077
1.77    0.0494691387126
1.81    0.0511745087501
1.85    0.0518155785525
1.89    0.0515901162661
1.93    0.0507392560186
1.97    0.0494770334245
2.01    0.0480067726967
2.05    0.0465073396409
2.09    0.0468538553575
2.13    0.0476492839555
2.17    0.0485493759614
2.21    0.0496129769318
2.25    0.0507782641782
2.29    0.0519834062178
2.33    0.0531822496125
2.37    0.0543310671098
2.41    0.0553760000289
2.45    0.0562606232634
2.49    0.0569309530783
2.53    0.0573403408183
2.57    0.0574635094707
2.61    0.0572804959857
2.65    0.0569877498393
2.69    0.0594026404893
2.73    0.0612406582158
2.77    0.0624750813184
2.81    0.063099877515
2.85    0.063148690552
2.89    0.0626621267447
2.93    0.0617419508613
2.97    0.0605394853838
3.01    0.0595992129881
3.05    0.0585444858694
3.09    0.058907202681
3.13    0.0587749813376
3.17    0.0581821457017
3.21    0.0572227661594
3.25    0.0575135729374
3.29    0.0573705275177
3.33    0.056848529285
3.37    0.0560157448885
3.41    0.054943497817
3.45    0.0536995851122
3.49    0.052345152525
3.53    0.0509388000417
3.57    0.0520593449752
3.61    0.0536355632499
3.65    0.0547447168889
3.69    0.0553844314502
3.73    0.0584626598047
3.77    0.0629487596561
3.81    0.0670349441199
3.85    0.0707427912968
3.89    0.0740193794018
3.93    0.0767796725956
3.97    0.0789727144961
4.01    0.080553695199
4.05    0.081503937443
4.09    0.0818214937089
4.13    0.0814874490066
4.17    0.0805251434109
4.21    0.0790139631159
4.25    0.0770555975305
4.29    0.0766717973179
4.33    0.076195043219
4.37    0.0752549864075
4.41    0.0737980949803
4.45    0.0718236330272
4.49    0.0694253650313
4.53    0.069717135009
4.57    0.0710196846702
4.61    0.0721883586422
4.65    0.0732358772098
4.69    0.0741358924463
4.73    0.0748993342829
4.77    0.0755207672736
4.81    0.0759914851024
4.85    0.0763286900592
4.89    0.076522025265
4.93    0.0765722769672
4.97    0.0764906057152
5.01    0.0762801435544
5.05    0.0759403326496
5.09    0.0754779571671
5.13    0.0749002411443
5.17    0.0742145978516
5.21    0.0734284954615
5.25    0.072549413206
5.29    0.0715848380682
5.33    0.0744692333181
5.37    0.0781671674115
5.41    0.0821824593337
5.45    0.0860655160102
5.49    0.0897297180695
5.53    0.0931204841778
5.57    0.0961905409604
5.61    0.0989021578582
5.65    0.101241232738
5.69    0.103199303816
5.73    0.104793329971
5.77    0.106027446269
5.81    0.106904311035
5.85    0.107425794443
5.89    0.10760806601
5.93    0.107460578207
5.97    0.107005569814
6.01    0.106276520811
6.05    0.10531991439
6.09    0.104189893834
6.13    0.102910926728
6.17    0.103016844845
6.21    0.103567796568
6.25    0.103891525611
6.29    0.10397399644
6.33    0.103809054233
6.37    0.103411118425
6.41    0.102794196165
6.45    0.101971635861
6.49    0.100958731496
6.53    0.0997784744661
6.57    0.0984446826857
6.61    0.0969807504741
6.65    0.0954046863036
6.69    0.0937282850534
6.73    0.0919583493716
6.77    0.0901130407946
6.81    0.0882029173689
6.85    0.0862444172417
6.89    0.0842535389937
6.93    0.0822448122934
6.97    0.0802306549671
7.01    0.0782215652258
7.05    0.0762268500363
7.09    0.0742557337352
7.13    0.0723234842191
7.17    0.070431583003
7.21    0.0685960557104
7.25    0.0668179349438
7.29    0.0651057440579
7.33    0.0634671271984
7.37    0.062262875868
7.41    0.0611149415105
7.45    0.0599745039914
7.49    0.0588463245845
7.53    0.0577370564829
7.57    0.0566488428577
7.61    0.0555870494051
7.65    0.0550897532851
7.69    0.0550895443794
7.73    0.0550813912886
7.77    0.0550656029392
7.81    0.055042480596
7.85    0.0550123178817
7.89    0.0549754008114
7.93    0.0549320078405
7.97    0.0548824099249
8.01    0.0548300574439
8.05    0.0547726008542
8.09    0.0547096216295
8.13    0.0546413628966
8.17    0.0545680607394
8.21    0.0544899443063
8.25    0.0544072359217
8.29    0.0543201512031
8.33    0.0542288991816
8.37    0.0541336824255
8.41    0.0540346971673
8.45    0.0539321334325
8.49    0.0538261751698
8.53    0.0537170003834
8.57    0.0536047812644
8.61    0.0534896843252
8.65    0.0533718705328
8.69    0.053251757699
8.73    0.0531314915234
8.77    0.0530088963627
8.81    0.0528841136366
8.85    0.0527572798623
8.89    0.0526285267836
8.93    0.052497981497
8.97    0.0523657665766
9.01    0.0522320001982
9.05    0.0520967962596
9.09    0.0519602645029
9.13    0.0518225106292
9.17    0.0516836364173
9.21    0.0515437398358
9.25    0.0514029151549
9.29    0.0512612530563
9.33    0.0511188407408
9.37    0.0509757620317
9.41    0.0508320974793
9.45    0.0506879244602
9.49    0.0505433172761
9.53    0.0503983472487
9.57    0.0502530828153
9.61    0.0501075896178
9.65    0.0499619305932
9.69    0.0498161660603
9.73    0.0496703538042
9.77    0.049524549159
9.81    0.0493788050873
9.85    0.0492331722595
9.89    0.0490876991287
9.93    0.0489479734178
9.97    0.0491416925085
