0.05    7.16573864285e-05
0.09    0.000364113642669
0.13    0.00137403051156
0.17    0.00266500483991
0.21    0.0047001018907
0.25    0.00348608395583
0.29    0.00493603889515
0.33    0.00422359976191
0.37    0.00457019900776
0.41    0.00589444678842
0.45    0.00868532010529
0.49    0.00946383341667
0.53    0.0100134402434
0.57    0.00945636264373
0.61    0.00939129666618
0.65    0.00755352269741
0.69    0.00817778595216
0.73    0.00862134745594
0.77    0.0104190153623
0.81    0.012829644818
0.85    0.0130375078743
0.89    0.0128315999004
0.93    0.0159165212041
0.97    0.0171004087531
1.01    0.0166733819365
1.05    0.0184739760482
1.09    0.0209608850319
1.13    0.0230226262576
1.17    0.021680749941
1.21    0.0191352868096
1.25    0.0209598846838
1.29    0.0231834356644
1.33    0.0266263462243
1.37    0.0257797841976
1.41    0.0231230889857
1.45    0.0211848872763
1.49    0.0183920858399
1.53    0.0154403875038
1.57    0.0149039743954
1.61    0.0140925343264
1.65    0.0132846575317
1.69    0.0130425974442
1.73    0.012539572718
1.77    0.0118427014701
1.81    0.0110368543225
1.85    0.0116175950596
1.89    0.0124521880517
1.93    0.0130398229995
1.97    0.0133937016027
2.01    0.013563699611
2.05    0.0136148017446
2.09    0.0135924159849
2.13    0.0135254955027
2.17    0.0134274751403
2.21    0.0132995577786
2.25    0.0131424664312
2.29    0.012959401045
2.33    0.0127586517476
2.37    0.0125438193731
2.41    0.0123207064168
2.45    0.0120921898741
2.49    0.0118559159392
2.53    0.0119949173167
2.57    0.0121173426867
2.61    0.0121421815847
2.65    0.012057241926
2.69    0.0118500411405
2.73    0.0126304042647
2.77    0.0132655286386
2.81    0.0134322177644
2.85    0.0131707296448
2.89    0.0125810902239
2.93    0.0118129658094
2.97    0.0114049947097
3.01    0.0114083402718
3.05    0.0117762001809
3.09    0.012017056417
3.13    0.0121331254604
3.17    0.0121314466769
3.21    0.0120445271084
3.25    0.0129988258832
3.29    0.01392734355
3.33    0.0147421262228
3.37    0.015381042802
3.41    0.0158085489475
3.45    0.0160142718566
3.49    0.0160070585784
3.53    0.015810059996
3.57    0.0154550922045
3.61    0.0149771652457
3.65    0.0149413944165
3.69    0.0151919002427
3.73    0.0153018832439
3.77    0.0152927975261
3.81    0.0151911794013
3.85    0.0150173024791
3.89    0.0147779663139
3.93    0.0144722198975
3.97    0.0140984106935
4.01    0.0136563654923
4.05    0.0131464143402
4.09    0.0130442589048
4.13    0.013299267618
4.17    0.0135264734463
4.21    0.0137199704132
4.25    0.013875097399
4.29    0.013988299201
4.33    0.0140575340372
4.37    0.0140829228923
4.41    0.0140619173077
4.45    0.0139923201691
4.49    0.0138745362369
4.53    0.0137114513514
4.57    0.0135070687019
4.61    0.0132664323451
4.65    0.0129954923891
4.69    0.0127013329513
4.73    0.0123893862178
4.77    0.0120661762892
4.81    0.0117381158278
4.85    0.0114103577675
4.89    0.0110873243163
4.93    0.0108591893554
4.97    0.0107565684973
5.01    0.0106459598088
5.05    0.0105297990156
5.09    0.0104113124133
5.13    0.0102933311656
5.17    0.010177989265
5.21    0.0100670621387
5.25    0.00996283426363
5.29    0.00986579950089
5.33    0.00977690128602
5.37    0.00969705166546
5.41    0.00962643723474
5.45    0.00956474651653
5.49    0.00951171815944
5.53    0.009466878262
5.57    0.00942957851327
5.61    0.00939948168072
5.65    0.00937526023883
5.69    0.00935595132928
5.73    0.0093405598505
5.77    0.00932807553914
5.81    0.00931749621104
5.85    0.00930828736059
5.89    0.00929916834438
5.93    0.00928919322553
5.97    0.00927755890315
6.01    0.00926353883472
6.05    0.00924679805708
6.09    0.00922674213379
6.13    0.00920262920273
6.17    0.00917407126113
6.21    0.00914076505676
6.25    0.00910285760372
6.29    0.00906004889073
6.33    0.00901204742923
6.37    0.00895884831483
6.41    0.00890050895574
6.45    0.00883746377321
6.49    0.00876975075343
6.53    0.00869736354471
6.57    0.00862054674719
6.61    0.00853957732978
6.65    0.0084547589604
6.69    0.00836672849084
6.73    0.00827558482979
6.77    0.00818158507742
6.81    0.00808508870838
6.85    0.00798645851504
6.89    0.00788605699228
6.93    0.0078933450862
6.97    0.00790890067446
7.01    0.00792103559839
7.05    0.00792977617724
7.09    0.00793539009141
7.13    0.00793791003168
7.17    0.00793720312673
7.21    0.00793335275452
7.25    0.00792645283571
7.29    0.00791660637958
7.33    0.00790392410798
7.37    0.00788852316039
7.41    0.00787052588138
7.45    0.00785005869293
7.49    0.00782725104886
7.53    0.00780251611946
7.57    0.00777574863962
7.61    0.00774702713856
7.65    0.0077164842934
7.69    0.00768425183424
7.73    0.00765045995885
7.77    0.00761523681344
7.81    0.0075787080372
7.85    0.0075409963649
7.89    0.00750222128668
7.93    0.00746249875569
7.97    0.00742194094849
8.01    0.00738065606603
8.05    0.00733874817673
8.09    0.00729631709551
8.13    0.00725352104915
8.17    0.00721049478377
8.21    0.00716720941773
8.25    0.00714935044918
8.29    0.00713265690653
8.33    0.00711616159714
8.37    0.00709986814384
8.41    0.00708377968534
8.45    0.00706789890496
8.49    0.00707062202423
8.53    0.00708199282068
8.57    0.00709235213993
8.61    0.00710173044673
8.65    0.00711015849241
8.69    0.00711766720171
8.73    0.00712428756877
8.77    0.0071300505626
8.81    0.00713500249338
8.85    0.0071392969392
8.89    0.00714282323221
8.93    0.00714561143433
8.97    0.0071476912326
9.01    0.00714909188806
9.05    0.00714984219048
9.09    0.00714997041874
9.13    0.00714950430619
9.17    0.0071484710108
9.21    0.00714689708975
9.25    0.00714480847802
9.29    0.0071422304708
9.33    0.00713918770945
9.37    0.00713570417047
9.41    0.0071318031576
9.45    0.00712750729649
9.49    0.00712283853174
9.53    0.0071178181265
9.57    0.00711246666348
9.61    0.00710680404864
9.65    0.00710084951562
9.69    0.00709469622277
9.73    0.00708830955065
9.77    0.00708168240035
9.81    0.00707483143416
9.85    0.00706777268563
9.89    0.00706052157178
9.93    0.00705309290456
9.97    0.00704550090353
