0.05    8.82415330199e-05
0.09    0.000524190981746
0.13    0.00112370519355
0.17    0.00346086706694
0.21    0.00420917822361
0.25    0.00724916612551
0.29    0.00858703560148
0.33    0.0099063455027
0.37    0.0118363651003
0.41    0.0135585809591
0.45    0.0155184837276
0.49    0.0177911107776
0.53    0.0160533847997
0.57    0.0168894044
0.61    0.0167815131673
0.65    0.0145813273107
0.69    0.0139730831657
0.73    0.0176786176997
0.77    0.0217628322593
0.81    0.0208301424431
0.85    0.0181358592571
0.89    0.0171894553272
0.93    0.0182150992431
0.97    0.0194167043943
1.01    0.0234702103139
1.05    0.0288370739136
1.09    0.0346495028654
1.13    0.0411171644122
1.17    0.0520433373059
1.21    0.0596446073731
1.25    0.0648052424161
1.29    0.0651350500925
1.33    0.0642673822238
1.37    0.05957547023
1.41    0.0532547154952
1.45    0.0465723766951
1.49    0.0424864394833
1.53    0.0385522144896
1.57    0.0345718679199
1.61    0.0305446985649
1.65    0.0267766925831
1.69    0.0247675194519
1.73    0.0247099511312
1.77    0.0244993495924
1.81    0.0241564814686
1.85    0.0237011180472
1.89    0.0231687100481
1.93    0.0225878827057
1.97    0.021979657643
2.01    0.0213578155349
2.05    0.0214296882003
2.09    0.0223772932154
2.13    0.0232888968539
2.17    0.0241329057093
2.21    0.0248887289455
2.25    0.0255447818317
2.29    0.026083789154
2.33    0.02649459584
2.37    0.0272475764109
2.41    0.0279518257865
2.45    0.0282507155079
2.49    0.0281601000806
2.53    0.0280492217597
2.57    0.0282406212145
2.61    0.0285573640697
2.65    0.0287203637367
2.69    0.0287385162862
2.73    0.0286188271288
2.77    0.028730788085
2.81    0.029380082506
2.85    0.0298037223199
2.89    0.0300122648098
2.93    0.0300258402519
2.97    0.0298638496409
3.01    0.029547117304
3.05    0.0291009979681
3.09    0.0285467457088
3.13    0.0279053766411
3.17    0.0271972557697
3.21    0.026441391411
3.25    0.0256569027951
3.29    0.0248555065428
3.33    0.0240535125669
3.37    0.0232587667507
3.41    0.0225366510516
3.45    0.0224833652986
3.49    0.022408642491
3.53    0.0223164347492
3.57    0.0222103800629
3.61    0.022094176752
3.65    0.0219734828384
3.69    0.0218476005762
3.73    0.0217188885874
3.77    0.0215894022465
3.81    0.021460910061
3.85    0.0213349123013
3.89    0.0212126610518
3.93    0.0210951809994
3.97    0.020983290403
4.01    0.0208776218041
4.05    0.0207786421322
4.09    0.0206866719506
4.13    0.0206019036555
4.17    0.0205244185041
4.21    0.0204542023962
4.25    0.0203915970066
4.29    0.0203364977235
4.33    0.0202881406897
4.37    0.0202462697857
4.41    0.0202105927177
4.45    0.0201807895425
4.49    0.0201565201655
4.53    0.020137430883
4.57    0.020123160047
4.61    0.0201133429267
4.65    0.0201076158415
4.69    0.0201056196356
4.73    0.0201070025637
4.77    0.0201114226501
4.81    0.0201185495824
4.85    0.020128066194
4.89    0.0201396695871
4.93    0.0201530719433
4.97    0.0201680010626
5.01    0.0201842006712
5.05    0.020201430531
5.09    0.0202194663824
5.13    0.020238099748
5.17    0.0202571376214
5.21    0.0202764020623
5.25    0.0202957297174
5.29    0.0203149712833
5.33    0.0203339909255
5.37    0.0203526656667
5.41    0.0203708847535
5.45    0.0203885490126
5.49    0.0204055702019
5.53    0.0204218703655
5.57    0.0204373811953
5.61    0.0204520434055
5.65    0.0204658061229
5.69    0.0204786262956
5.73    0.0204904681229
5.77    0.0205013025068
5.81    0.0205111065285
5.85    0.0205198629475
5.89    0.0205275597275
5.93    0.0205341895854
5.97    0.0205397495662
6.01    0.0205442406424
6.05    0.0205476673367
6.09    0.0205500373689
6.13    0.0205513613256
6.17    0.0205516523511
6.21    0.0205509258601
6.25    0.0205491992707
6.29    0.0205464917561
6.33    0.0205428240155
6.37    0.0205384018601
6.41    0.0205333219542
6.45    0.0205273430127
6.49    0.0205204898963
6.53    0.0205127880981
6.57    0.0205042636042
6.61    0.020494942768
6.65    0.0204848521941
6.69    0.0204740186346
6.73    0.0204624688944
6.77    0.0204502297459
6.81    0.0204373278525
6.85    0.0204237896998
6.89    0.0204096415348
6.93    0.0203949093115
6.97    0.0203796186426
7.01    0.0203637947578
7.05    0.0203474624669
7.09    0.0203306461277
7.13    0.0203133696192
7.17    0.0202956563183
7.21    0.0202775290803
7.25    0.0202590102237
7.29    0.0202401215166
7.33    0.0202208841677
7.37    0.0202013188191
7.41    0.0201814455409
7.45    0.0201612838292
7.49    0.0201408526049
7.53    0.0201201702149
7.57    0.0200992544348
7.61    0.0200781224725
7.65    0.0200567909732
7.69    0.0200352760263
7.73    0.0200135931721
7.77    0.0199917574096
7.81    0.0199697832056
7.85    0.019947684504
7.89    0.0199254747359
7.93    0.0199031668291
7.97    0.0198807732197
8.01    0.019858305863
8.05    0.0198357762445
8.09    0.0198131953907
8.13    0.019790573882
8.17    0.0197679218638
8.21    0.0197452490575
8.25    0.0197225647733
8.29    0.019699877921
8.33    0.019677197022
8.37    0.0196545302208
8.41    0.0196318852964
8.45    0.0196092696734
8.49    0.0195866904336
8.53    0.0195641543264
8.57    0.0195416677797
8.61    0.0195192369112
8.65    0.0194968675377
8.69    0.0194745651858
8.73    0.0194523351022
8.77    0.0194301822635
8.81    0.0194081113846
8.85    0.0193861269291
8.89    0.0193642331184
8.93    0.01934243394
8.97    0.0193207331562
9.01    0.0192991343129
9.05    0.0192776407469
9.09    0.019256255595
9.13    0.0192349818006
9.17    0.0192138221215
9.21    0.0191927791378
9.25    0.019171855258
9.29    0.0191510527259
9.33    0.0191303736278
9.37    0.0191098198986
9.41    0.0190893933274
9.45    0.0190690955646
9.49    0.0190489281261
9.53    0.019028892401
9.57    0.0190089896546
9.61    0.0189892210358
9.65    0.0189695875805
9.69    0.0189500902172
9.73    0.0189307297718
9.77    0.0189115069716
9.81    0.0188924224503
9.85    0.0188734767513
9.89    0.0188546703331
9.93    0.0188360035717
9.97    0.0188174767653
