0.05    6.31065256035e-05
0.09    0.000293210822595
0.13    0.000898879391252
0.17    0.00152981175281
0.21    0.00264708091862
0.25    0.00370930952342
0.29    0.00519953153303
0.33    0.00735475101521
0.37    0.00999564721281
0.41    0.00924795209645
0.45    0.0106423072471
0.49    0.0114995245163
0.53    0.0117600269537
0.57    0.0144908600313
0.61    0.0180465225191
0.65    0.0220107998786
0.69    0.0204639152212
0.73    0.0248989912941
0.77    0.0274880551187
0.81    0.0325181162912
0.85    0.0366813379272
0.89    0.0374393854733
0.93    0.0384270172751
0.97    0.0398534035509
1.01    0.0345445929486
1.05    0.0377619922309
1.09    0.0385094556564
1.13    0.0389966478601
1.17    0.044518353226
1.21    0.0527482430785
1.25    0.0550472385635
1.29    0.0527971238682
1.33    0.0555989865361
1.37    0.0594820126867
1.41    0.06504625584
1.45    0.0712372917984
1.49    0.0770988333316
1.53    0.0830847405493
1.57    0.0945333907934
1.61    0.0991868152969
1.65    0.0974406555725
1.69    0.0968732330814
1.73    0.100584399308
1.77    0.103787938952
1.81    0.106543802676
1.85    0.108925594839
1.89    0.110975695266
1.93    0.112581987835
1.97    0.128646469967
2.01    0.146563430022
2.05    0.161300615797
2.09    0.172744500869
2.13    0.180014624954
2.17    0.183515657863
2.21    0.18209662535
2.25    0.175804019681
2.29    0.173124035827
2.33    0.179799272371
2.37    0.187417350043
2.41    0.195583041346
2.45    0.197308125283
2.49    0.194683053213
2.53    0.189552542446
2.57    0.183320409199
2.61    0.176462579922
2.65    0.16883717169
2.69    0.160038513593
2.73    0.149919687104
2.77    0.146581856366
2.81    0.153510512284
2.85    0.159954157543
2.89    0.165928415474
2.93    0.171463659551
2.97    0.17619161789
3.01    0.179884327186
3.05    0.182702015603
3.09    0.184970158159
3.13    0.204615883184
3.17    0.226066153456
3.21    0.246448413249
3.25    0.265346946786
3.29    0.28239602073
3.33    0.297278065487
3.37    0.309661405749
3.41    0.319466189843
3.45    0.326570712313
3.49    0.330952030441
3.53    0.332595717973
3.57    0.33156014237
3.61    0.327922144248
3.65    0.330373641578
3.69    0.331062413605
3.73    0.328802266851
3.77    0.323715124021
3.81    0.316036701039
3.85    0.308586783211
3.89    0.303531770424
3.93    0.296407177943
3.97    0.287874121407
4.01    0.27864914087
4.05    0.269257444655
4.09    0.260334468693
4.13    0.252533657853
4.17    0.246282115613
4.21    0.241691452051
4.25    0.238978190641
4.29    0.238306093359
4.33    0.239644908784
4.37    0.242824859534
4.41    0.247560596278
4.45    0.253456077981
4.49    0.260086219828
4.53    0.266985545343
4.57    0.273721037741
4.61    0.279865998224
4.65    0.28509772492
4.69    0.289124285359
4.73    0.291715669806
4.77    0.292752369547
4.81    0.292206423523
4.85    0.290039265776
4.89    0.286267462122
4.93    0.281034769177
4.97    0.274480036218
5.01    0.266709848702
5.05    0.25945074138
5.09    0.256330414221
5.13    0.252137063093
5.17    0.246952838768
5.21    0.241151142461
5.25    0.235289823978
5.29    0.22862118904
5.33    0.228647072984
5.37    0.229117807049
5.41    0.22904003272
5.45    0.22837916545
5.49    0.227148157363
5.53    0.225369907225
5.57    0.223081433175
5.61    0.220332557849
5.65    0.217189052993
5.69    0.213689392821
5.73    0.209903323737
5.77    0.205899413603
5.81    0.201743975339
5.85    0.197500477671
5.89    0.193249770037
5.93    0.189040742743
5.97    0.184952603841
6.01    0.181028108629
6.05    0.177324714534
6.09    0.17389265629
6.13    0.170774878374
6.17    0.168007084151
6.21    0.165617885986
6.25    0.163629041165
6.29    0.162055759065
6.33    0.160907065953
6.37    0.160196949718
6.41    0.159918248596
6.45    0.160058508908
6.49    0.160608774366
6.53    0.161563414174
6.57    0.1628894922
6.61    0.164564766657
6.65    0.166567664751
6.69    0.16887481442
6.73    0.171449551601
6.77    0.174262403591
6.81    0.177283152139
6.85    0.180481172443
6.89    0.183825743432
6.93    0.18728632913
6.97    0.190832831244
7.01    0.194437122769
7.05    0.198081693853
7.09    0.201729224119
7.13    0.205353265002
7.17    0.208944431984
7.21    0.212470849137
7.25    0.215911405718
7.29    0.219259496433
7.33    0.222479758758
7.37    0.225579575337
7.41    0.228520792796
7.45    0.23131339775
7.49    0.233927060211
7.53    0.236364436212
7.57    0.238611710805
7.61    0.240656397626
7.65    0.242508976198
7.69    0.244144984518
7.73    0.245572826273
7.77    0.246790335606
7.81    0.247786203816
7.85    0.248566810593
7.89    0.249139820056
7.93    0.249497406958
7.97    0.249642249314
8.01    0.24957590889
8.05    0.249303745124
8.09    0.248831920789
8.13    0.24815641499
8.17    0.247279978444
8.21    0.246205074011
8.25    0.24494774508
8.29    0.243501650358
8.33    0.241869272137
8.37    0.2400618647
8.41    0.238088625659
8.45    0.235944182543
8.49    0.233640442991
8.53    0.231188824889
8.57    0.228583130079
8.61    0.225841665976
8.65    0.222965374498
8.69    0.219955877838
8.73    0.216833481169
8.77    0.213586247983
8.81    0.213780834135
8.85    0.215353959475
8.89    0.216723404214
8.93    0.217875156785
8.97    0.218858546513
9.01    0.219809009674
9.05    0.220822301946
9.09    0.221808924167
9.13    0.222745920022
9.17    0.223612873622
9.21    0.224355301848
9.25    0.224970444757
9.29    0.225457581111
9.33    0.225815995994
9.37    0.226189279543
9.41    0.227357455902
9.45    0.228444803271
9.49    0.229448919787
9.53    0.230369923357
9.57    0.231210495518
9.61    0.231976021499
9.65    0.232659936591
9.69    0.233265240982
9.73    0.233800490813
9.77    0.234256548389
9.81    0.234641679277
9.85    0.234956243014
9.89    0.235196019443
9.93    0.235375119919
9.97    0.235481831048
