0.05    0.000113270126492
0.09    0.000505103023695
0.13    0.0014001469144
0.17    0.0020511631474
0.21    0.00373005405609
0.25    0.00553204056676
0.29    0.00562113338162
0.33    0.0112956406539
0.37    0.0118861291428
0.41    0.0142439860383
0.45    0.0183306258718
0.49    0.0185144210255
0.53    0.0263935649858
0.57    0.034737049202
0.61    0.049706754386
0.65    0.0558482214181
0.69    0.0498854359332
0.73    0.0391566315144
0.77    0.036410681705
0.81    0.0383206347248
0.85    0.0383251596743
0.89    0.0405789307373
0.93    0.0463446196489
0.97    0.0484716151859
1.01    0.0516784532516
1.05    0.0525239166377
1.09    0.0619443666062
1.13    0.0723371268366
1.17    0.0849132495074
1.21    0.0961173792651
1.25    0.103021463244
1.29    0.105958812642
1.33    0.105833602812
1.37    0.10378194269
1.41    0.105098163188
1.45    0.111040791771
1.49    0.116859051677
1.53    0.122525661538
1.57    0.128039404612
1.61    0.133082101133
1.65    0.137463072164
1.69    0.140844098202
1.73    0.143110619345
1.77    0.144147156186
1.81    0.143854926023
1.85    0.142214547835
1.89    0.141446475953
1.93    0.144706202101
1.97    0.147500872977
2.01    0.149785594758
2.05    0.151569956676
2.09    0.152800446985
2.13    0.153506496143
2.17    0.153782508982
2.21    0.1536767166
2.25    0.15337515765
2.29    0.152806128349
2.33    0.151838378718
2.37    0.150438301513
2.41    0.148592049554
2.45    0.146365087033
2.49    0.143838757016
2.53    0.141016153417
2.57    0.137964514631
2.61    0.13468203626
2.65    0.131217628068
2.69    0.134225814078
2.73    0.136750410184
2.77    0.136565073811
2.81    0.134030360071
2.85    0.129594368433
2.89    0.123680268062
2.93    0.116792573877
2.97    0.109129697853
3.01    0.107339685838
3.05    0.107292952405
3.09    0.106633585935
3.13    0.106990343802
3.17    0.105121750502
3.21    0.102055872457
3.25    0.100707026196
3.29    0.098961499212
3.33    0.0968084647137
3.37    0.0981713429795
3.41    0.102053724761
3.45    0.107580953363
3.49    0.114170775162
3.53    0.121277106232
3.57    0.128477899899
3.61    0.135526833351
3.65    0.142327468996
3.69    0.148909017262
3.73    0.155401184508
3.77    0.16200999918
3.81    0.168936083483
3.85    0.176380076284
3.89    0.184513658971
3.93    0.193411774172
3.97    0.203106041189
4.01    0.213522300691
4.05    0.2245388787
4.09    0.235963421275
4.13    0.247593276622
4.17    0.25918245718
4.21    0.270496801985
4.25    0.281302626732
4.29    0.292189613964
4.33    0.304554115144
4.37    0.316137370635
4.41    0.326683676861
4.45    0.33605208888
4.49    0.344094798357
4.53    0.350748814631
4.57    0.356104581521
4.61    0.359999633241
4.65    0.362392676524
4.69    0.363473142335
4.73    0.363186593949
4.77    0.361415148303
4.81    0.3581300212
4.85    0.353369944613
4.89    0.347280956749
4.93    0.339996941289
4.97    0.331565380917
5.01    0.322030997945
5.05    0.31150000126
5.09    0.300112294261
5.13    0.288040649486
5.17    0.275464991055
5.21    0.265907579469
5.25    0.255986461203
5.29    0.245896778977
5.33    0.235784487434
5.37    0.225684412158
5.41    0.219102783927
5.45    0.214929500682
5.49    0.210663714647
5.53    0.206239934854
5.57    0.201689499393
5.61    0.197053283344
5.65    0.192366073256
5.69    0.187646940449
5.73    0.182915776476
5.77    0.178189895524
5.81    0.173513676723
5.85    0.168910144254
5.89    0.164412530585
5.93    0.160051675385
5.97    0.155855076587
6.01    0.151848833583
6.05    0.148265390391
6.09    0.145281682394
6.13    0.142440004775
6.17    0.13976551033
6.21    0.137263426553
6.25    0.134944345965
6.29    0.132818168522
6.33    0.130894683798
6.37    0.129174980876
6.41    0.127661914019
6.45    0.12635641956
6.49    0.125257868506
6.53    0.124365724278
6.57    0.123673744792
6.61    0.123176175444
6.65    0.122866072824
6.69    0.122735463016
6.73    0.122775492946
6.77    0.122976574084
6.81    0.12332851802
6.85    0.123821348532
6.89    0.124443704756
6.93    0.125183242151
6.97    0.126028500065
7.01    0.126967977204
7.05    0.127992352492
7.09    0.129089154152
7.13    0.130247132022
7.17    0.131455375086
7.21    0.132703257943
7.25    0.133982650463
7.29    0.135287036175
7.33    0.136602199168
7.37    0.13792415335
7.41    0.139244267101
7.45    0.140556228539
7.49    0.141851584085
7.53    0.143130733695
7.57    0.144666794183
7.61    0.147338475838
7.65    0.150012319463
7.69    0.152661977628
7.73    0.155273735663
7.77    0.157833709655
7.81    0.16032200884
7.85    0.162725891319
7.89    0.165033437924
7.93    0.167232980513
7.97    0.169312933235
8.01    0.171270087854
8.05    0.173089005151
8.09    0.174772611743
8.13    0.176312953489
8.17    0.177710875248
8.21    0.178979133763
8.25    0.180129453223
8.29    0.181175267861
8.33    0.18212765665
8.37    0.182999791502
8.41    0.183787917902
8.45    0.184494348561
8.49    0.185140926723
8.53    0.185758267991
8.57    0.18634129415
8.61    0.186877423163
8.65    0.187359110036
8.69    0.187784398125
8.73    0.188151219395
8.77    0.188459011784
8.81    0.188709153946
8.85    0.188901160419
8.89    0.191920100486
8.93    0.195025888209
8.97    0.198026652758
9.01    0.200919044045
9.05    0.203699890439
9.09    0.20636721699
9.13    0.208919807852
9.17    0.211356171102
9.21    0.21367441188
9.25    0.21587300283
9.29    0.217951680557
9.33    0.219911749385
9.37    0.221755977929
9.41    0.223494242917
9.45    0.225137161341
9.49    0.226719810517
9.53    0.228250271886
9.57    0.229715274618
9.61    0.231087892769
9.65    0.232358307957
9.69    0.233519843446
9.73    0.23456921291
9.77    0.235506687085
9.81    0.236335320436
9.85    0.23705885092
9.89    0.237675973863
9.93    0.238187574363
9.97    0.238595204098
