0.05    0.000194463059122
0.09    0.00095728828378
0.13    0.00285887019327
0.17    0.00506253900334
0.21    0.00963703225226
0.25    0.0161192464527
0.29    0.0225222778145
0.33    0.0294915375342
0.37    0.0318816430599
0.41    0.0322958815129
0.45    0.032540921149
0.49    0.0448401548175
0.53    0.0527186955836
0.57    0.0461500812201
0.61    0.0400811530012
0.65    0.0372477517131
0.69    0.0518931814741
0.73    0.0562763245584
0.77    0.0578405891365
0.81    0.0730774933695
0.85    0.0827348734183
0.89    0.0699048247965
0.93    0.0570894427262
0.97    0.047355325272
1.01    0.048750994497
1.05    0.0451394264904
1.09    0.0549693916262
1.13    0.0647857282747
1.17    0.0695179328004
1.21    0.068019028295
1.25    0.0624424119216
1.29    0.0594947731132
1.33    0.0681767866327
1.37    0.0717366213714
1.41    0.0722841892149
1.45    0.0676679003494
1.49    0.0623318940563
1.53    0.0651361282314
1.57    0.0704582554564
1.61    0.0763355751417
1.65    0.0815830683762
1.69    0.0848933503452
1.73    0.0866867159108
1.77    0.0876391413693
1.81    0.087939321999
1.85    0.0872204959691
1.89    0.0849725089247
1.93    0.0808904198449
1.97    0.075064731586
2.01    0.0684180293294
2.05    0.0622688761068
2.09    0.0599900741058
2.13    0.0595337167409
2.17    0.0603068293189
2.21    0.061062669367
2.25    0.0616184142079
2.29    0.0620023222481
2.33    0.0622429079183
2.37    0.0623006574445
2.41    0.0619664932465
2.45    0.0610552108437
2.49    0.0594353931688
2.53    0.057382929256
2.57    0.0598360918608
2.61    0.0627042948728
2.65    0.0658310653136
2.69    0.069062598905
2.73    0.0722888067532
2.77    0.0754680511275
2.81    0.0786325010457
2.85    0.0818691036928
2.89    0.08528167457
2.93    0.0889909277589
2.97    0.092944932108
3.01    0.0970304096174
3.05    0.101110241827
3.09    0.105000788773
3.13    0.108517301871
3.17    0.111450313773
3.21    0.11361587763
3.25    0.114923162423
3.29    0.115349588446
3.33    0.114978212197
3.37    0.1139822234
3.41    0.112603535508
3.45    0.115823656035
3.49    0.118325169719
3.53    0.120200024244
3.57    0.121610133495
3.61    0.122613866131
3.65    0.123559748764
3.69    0.124700607009
3.73    0.126130140555
3.77    0.128053212726
3.81    0.13310854819
3.85    0.139003988398
3.89    0.145489748082
3.93    0.152539425229
3.97    0.160089206707
4.01    0.16805414697
4.05    0.17632603493
4.09    0.1847826763
4.13    0.193310442891
4.17    0.201884898559
4.21    0.210482571474
4.25    0.218999933595
4.29    0.227391806253
4.33    0.235585217574
4.37    0.243509369101
4.41    0.251108504514
4.45    0.258571810421
4.49    0.266158606445
4.53    0.27340033632
4.57    0.280170505905
4.61    0.286379385647
4.65    0.29198036577
4.69    0.296968065288
4.73    0.301351266687
4.77    0.305191453246
4.81    0.308532969595
4.85    0.311444057432
4.89    0.314220675787
4.93    0.316559714586
4.97    0.318330055236
5.01    0.32276887833
5.05    0.328098539794
5.09    0.333034483703
5.13    0.337597055803
5.17    0.341801876263
5.21    0.345692660972
5.25    0.34930079855
5.29    0.352641533797
5.33    0.355722641166
5.37    0.35850461754
5.41    0.360969977212
5.45    0.363129295153
5.49    0.365000070078
5.53    0.366610333067
5.57    0.367993201709
5.61    0.369201242994
5.65    0.370295193471
5.69    0.371391472191
5.73    0.372561943883
5.77    0.373661341892
5.81    0.374703111753
5.85    0.37571450056
5.89    0.37670545357
5.93    0.377697976281
5.97    0.378748088715
6.01    0.380048678938
6.05    0.381409988896
6.09    0.382715745547
6.13    0.383947957911
6.17    0.385092169879
6.21    0.386141911195
6.25    0.387086438704
6.29    0.38791737939
6.33    0.388633495247
6.37    0.389243090695
6.41    0.389773366604
6.45    0.390286410661
6.49    0.390853985584
6.53    0.391446570966
6.57    0.391997336686
6.61    0.392490991225
6.65    0.39288189565
6.69    0.393127772868
6.73    0.393291539186
6.77    0.393425523082
6.81    0.393842657386
6.85    0.395480008542
6.89    0.397091254595
6.93    0.398593733913
6.97    0.39993645832
7.01    0.401057126714
7.05    0.401943628151
7.09    0.402601530133
7.13    0.403039431103
7.17    0.403225527712
7.21    0.403154921345
7.25    0.402825793511
7.29    0.4022378865
7.33    0.401395042003
7.37    0.400277445954
7.41    0.398865780396
7.45    0.397193481927
7.49    0.395562881369
7.53    0.396247416914
7.57    0.39675513083
7.61    0.397086913701
7.65    0.397245672508
7.69    0.397232556615
7.73    0.397051787995
7.77    0.396706712748
7.81    0.396199731615
7.85    0.39553762231
7.89    0.394736870719
7.93    0.393816430925
7.97    0.392824062048
8.01    0.391747575945
8.05    0.390531427245
8.09    0.389802378701
8.13    0.389290523923
8.17    0.388623670778
8.21    0.388164134108
8.25    0.387911208464
8.29    0.387535687236
8.33    0.387024526503
8.37    0.386380708885
8.41    0.386302351374
8.45    0.386470681287
8.49    0.386511142554
8.53    0.386434889629
8.57    0.386227747671
8.61    0.38588251829
8.65    0.385396696796
8.69    0.384766063273
8.73    0.383991608713
8.77    0.383073501202
8.81    0.382014694365
8.85    0.380818440485
8.89    0.379488597239
8.93    0.378030359561
8.97    0.376448919913
9.01    0.37474927433
9.05    0.372937529103
9.09    0.371021535375
9.13    0.369014243086
9.17    0.367201269116
9.21    0.365948383882
9.25    0.364593441235
9.29    0.36313970378
9.33    0.361590692703
9.37    0.359955582988
9.41    0.358278353896
9.45    0.356577808607
9.49    0.354804780543
9.53    0.352956487721
9.57    0.351035606944
9.61    0.349043881878
9.65    0.34698297522
9.69    0.344853598928
9.73    0.342659343341
9.77    0.340402745364
9.81    0.338087726425
9.85    0.335719298311
9.89    0.333299390757
9.93    0.330832531529
9.97    0.328321083431
