0.05    0.00027161167088
0.09    0.00101422650785
0.13    0.00233926528135
0.17    0.0039836454817
0.21    0.00822202167783
0.25    0.0125992761986
0.29    0.0199862780374
0.33    0.0359950375855
0.37    0.0410914283643
0.41    0.0409155854776
0.45    0.069652137893
0.49    0.0650708242781
0.53    0.0920398973254
0.57    0.093928296933
0.61    0.075259245746
0.65    0.0975191504108
0.69    0.140198184971
0.73    0.150142980001
0.77    0.124070997974
0.81    0.103003184433
0.85    0.099088283021
0.89    0.103436000701
0.93    0.107753804013
0.97    0.0998194280101
1.01    0.0906378143527
1.05    0.0880348104613
1.09    0.0947398317737
1.13    0.119582693666
1.17    0.145467827482
1.21    0.163976559266
1.25    0.171844525578
1.29    0.181334100078
1.33    0.186509573114
1.37    0.184283098613
1.41    0.181976649198
1.45    0.175956006744
1.49    0.166285801679
1.53    0.154095025996
1.57    0.140806571933
1.61    0.131034378798
1.65    0.136624089349
1.69    0.140043143358
1.73    0.13817053573
1.77    0.131345104415
1.81    0.122950322692
1.85    0.121299684383
1.89    0.118956740191
1.93    0.114922357509
1.97    0.115337445517
2.01    0.116002553526
2.05    0.11672218541
2.09    0.117308306192
2.13    0.117696771833
2.17    0.117987962627
2.21    0.118371196171
2.25    0.119038271532
2.29    0.120079177214
2.33    0.121410752654
2.37    0.122820383779
2.41    0.12400140251
2.45    0.12464443331
2.49    0.124510781278
2.53    0.123476026617
2.57    0.121544868432
2.61    0.118837633038
2.65    0.115557767885
2.69    0.111964072885
2.73    0.108307409939
2.77    0.104825550423
2.81    0.10440790561
2.85    0.106410125062
2.89    0.106637838896
2.93    0.105476019176
2.97    0.103820807281
3.01    0.101498617627
3.05    0.0994467627052
3.09    0.0994052047036
3.13    0.0992666834852
3.17    0.0991202934351
3.21    0.0990341483813
3.25    0.0992109098866
3.29    0.100811893294
3.33    0.102553035676
3.37    0.104420072301
3.41    0.106405463472
3.45    0.108504540715
3.49    0.110714176487
3.53    0.113031757264
3.57    0.115454446304
3.61    0.117978696759
3.65    0.120599965082
3.69    0.123312574007
3.73    0.126109679983
3.77    0.1289833089
3.81    0.131924433219
3.85    0.134923072406
3.89    0.137968405913
3.93    0.141048892999
3.97    0.144152397366
4.01    0.147266316394
4.05    0.150380056608
4.09    0.153481873321
4.13    0.158201004643
4.17    0.1631377854
4.21    0.168098306864
4.25    0.173049816179
4.29    0.177963176755
4.33    0.182803883095
4.37    0.187545158422
4.41    0.192154544548
4.45    0.196605507399
4.49    0.200873939275
4.53    0.20493402713
4.57    0.208764683891
4.61    0.212347584557
4.65    0.215667654599
4.69    0.218711551332
4.73    0.221468130155
4.77    0.223929540644
4.81    0.226090834605
4.85    0.227949788137
4.89    0.229506119729
4.93    0.236490125605
4.97    0.244881383471
5.01    0.252744914611
5.05    0.259974693464
5.09    0.26651618674
5.13    0.272448836375
5.17    0.278030779331
5.21    0.283505257141
5.25    0.288479034334
5.29    0.292776332212
5.33    0.296385233884
5.37    0.299354569747
5.41    0.302118126106
5.45    0.304931039406
5.49    0.30741934386
5.53    0.30957973784
5.57    0.311155140737
5.61    0.312028118463
5.65    0.314865101705
5.69    0.320069090712
5.73    0.324875173833
5.77    0.329288654449
5.81    0.333365604209
5.85    0.337800480286
5.89    0.342768925905
5.93    0.347925538913
5.97    0.352898361118
6.01    0.357643924949
6.05    0.362150794393
6.09    0.366512990463
6.13    0.371245584508
6.17    0.375920651541
6.21    0.380289985579
6.25    0.38432136091
6.29    0.388014935668
6.33    0.391416796533
6.37    0.394526816237
6.41    0.397363008063
6.45    0.399979774234
6.49    0.402385998001
6.53    0.404570731914
6.57    0.406528645318
6.61    0.408230779176
6.65    0.409623929012
6.69    0.410693046894
6.73    0.411428566363
6.77    0.411824882736
6.81    0.41187853428
6.85    0.411589371543
6.89    0.410960440143
6.93    0.410007281892
6.97    0.408751499948
7.01    0.40721513925
7.05    0.405415444746
7.09    0.403370489376
7.13    0.401120491274
7.17    0.398681930922
7.21    0.396083347168
7.25    0.393358933477
7.29    0.390742133438
7.33    0.387924397514
7.37    0.384880343409
7.41    0.381613983398
7.45    0.378119597636
7.49    0.374388366536
7.53    0.370434454008
7.57    0.366960602715
7.61    0.366453500887
7.65    0.365847527295
7.69    0.365158776809
7.73    0.364388063043
7.77    0.363530032837
7.81    0.362584939396
7.85    0.361558782353
7.89    0.360458335374
7.93    0.359280322744
7.97    0.358025545935
8.01    0.356685394044
8.05    0.356672413306
8.09    0.356660890908
8.13    0.3565619696
8.17    0.356524666259
8.21    0.356522740194
8.25    0.356408197746
8.29    0.356178315746
8.33    0.355833072869
8.37    0.355373952623
8.41    0.354804906382
8.45    0.354130656316
8.49    0.353356591825
8.53    0.352496531873
8.57    0.351776178885
8.61    0.350992453473
8.65    0.350113978487
8.69    0.349142448622
8.73    0.348079472813
8.77    0.346926247509
8.81    0.34568557569
8.85    0.34436211737
8.89    0.342964292437
8.93    0.341502662211
8.97    0.339988812628
9.01    0.338436579061
9.05    0.336874565959
9.09    0.335371174026
9.13    0.333891437475
9.17    0.332359702814
9.21    0.330767089653
9.25    0.329112895094
9.29    0.327397180915
9.33    0.325622976835
9.37    0.323794757922
9.41    0.322443210951
9.45    0.32217690673
9.49    0.321815464355
9.53    0.321359257226
9.57    0.320812048856
9.61    0.320175442904
9.65    0.319453816792
9.69    0.318648148126
9.73    0.317762257362
9.77    0.316799372278
9.81    0.31576142949
9.85    0.314651730359
9.89    0.313474836851
9.93    0.312232172798
9.97    0.310927951144
