0.05    0.000116183912451
0.09    0.000413744764977
0.13    0.00196291343869
0.17    0.00493782205308
0.21    0.00985462626364
0.25    0.00746365709768
0.29    0.00813614983027
0.33    0.00749343694757
0.37    0.00640544121526
0.41    0.00773425079831
0.45    0.00961625570389
0.49    0.0122518460214
0.53    0.01739491372
0.57    0.0236596025159
0.61    0.0254142955009
0.65    0.0285397550982
0.69    0.0311175399172
0.73    0.0390145424814
0.77    0.0361289828324
0.81    0.0306701357701
0.85    0.0273618829876
0.89    0.0237010865354
0.93    0.0242108600501
0.97    0.02845455104
1.01    0.0302968307868
1.05    0.0303475447037
1.09    0.0300075396838
1.13    0.0317030093449
1.17    0.0356646502282
1.21    0.0385247881994
1.25    0.0374012786022
1.29    0.0346802903072
1.33    0.0335729076562
1.37    0.0324804966821
1.41    0.0319011473205
1.45    0.0312016266955
1.49    0.0313704710141
1.53    0.0323019216595
1.57    0.0321023458318
1.61    0.0333514150735
1.65    0.0329971095731
1.69    0.0321705231005
1.73    0.0296100485594
1.77    0.0256260404293
1.81    0.0237107859851
1.85    0.0238559880799
1.89    0.0242400397486
1.93    0.0243100734801
1.97    0.0241046530144
2.01    0.0238450439829
2.05    0.0241209537525
2.09    0.0245894354061
2.13    0.0249990086001
2.17    0.0253616275547
2.21    0.0256854734661
2.25    0.0259712630742
2.29    0.0262145906366
2.33    0.026408091332
2.37    0.0288022683432
2.41    0.0314337446936
2.45    0.0338248767953
2.49    0.0357705702233
2.53    0.0371321684161
2.57    0.037844770322
2.61    0.0379232303807
2.65    0.0374581554587
2.69    0.0365849331516
2.73    0.0354529245076
2.77    0.0341974456927
2.81    0.0329232027959
2.85    0.0317015613414
2.89    0.0319383841582
2.93    0.0361244191728
2.97    0.0401358429126
3.01    0.0437713916787
3.05    0.0469034085236
3.09    0.0494911942348
3.13    0.0515787531393
3.17    0.0532800735137
3.21    0.0547419335244
3.25    0.0561185349145
3.29    0.0575000128488
3.33    0.0588816020522
3.37    0.0601763074731
3.41    0.0612528480672
3.45    0.0620833874294
3.49    0.0630714267402
3.53    0.0661134849283
3.57    0.0685681215414
3.61    0.0702155258183
3.65    0.0709612528399
3.69    0.070920441323
3.73    0.0700830373658
3.77    0.0683381496601
3.81    0.0657780246165
3.85    0.0626116971671
3.89    0.059949836358
3.93    0.058669593685
3.97    0.0584489798997
4.01    0.0581613482024
4.05    0.0578690841647
4.09    0.0576308296854
4.13    0.0574997294121
4.17    0.0575222133392
4.21    0.057738581161
4.25    0.0581862970423
4.29    0.0588847160365
4.33    0.059855758437
4.37    0.061108683853
4.41    0.0626466284378
4.45    0.0644686385844
4.49    0.0665681644194
4.53    0.0689339002565
4.57    0.0715506933099
4.61    0.0744019226904
4.65    0.0774657189165
4.69    0.0807206979832
4.73    0.0841451403811
4.77    0.0877173023767
4.81    0.0914169417564
4.85    0.0952248035428
4.89    0.0991245135857
4.93    0.103100647742
4.97    0.107141686327
5.01    0.111235219451
5.05    0.115371310802
5.09    0.119540766697
5.13    0.123735089077
5.17    0.127946389264
5.21    0.132167253564
5.25    0.136390550717
5.29    0.140609219111
5.33    0.144816115663
5.37    0.149003986637
5.41    0.153165548747
5.45    0.157293627767
5.49    0.16138572598
5.53    0.165432019041
5.57    0.169425780791
5.61    0.173360984439
5.65    0.177236342083
5.69    0.181043373006
5.73    0.184775817073
5.77    0.188429037646
5.81    0.191998803206
5.85    0.195481263045
5.89    0.198872895848
5.93    0.202170479407
5.97    0.205371129942
6.01    0.208570863566
6.05    0.212202889728
6.09    0.215782925463
6.13    0.219383304265
6.17    0.223143891182
6.21    0.227023991602
6.25    0.230863875047
6.29    0.234617686858
6.33    0.238270517457
6.37    0.241814690387
6.41    0.245242151738
6.45    0.248546253029
6.49    0.251723723197
6.53    0.254775758258
6.57    0.257696065772
6.61    0.260484418106
6.65    0.263147930794
6.69    0.265694183885
6.73    0.26884276758
6.77    0.271890663133
6.81    0.27482274508
6.85    0.277634722124
6.89    0.280329572313
6.93    0.282919582125
6.97    0.285746780848
7.01    0.288566585779
7.05    0.291261864692
7.09    0.29382678502
7.13    0.296252982861
7.17    0.298544416791
7.21    0.300699923123
7.25    0.303050735347
7.29    0.305666764313
7.33    0.308151586702
7.37    0.310501242101
7.41    0.312711555309
7.45    0.314789174286
7.49    0.316729716661
7.53    0.318542348159
7.57    0.320231271664
7.61    0.321813399657
7.65    0.323666130652
7.69    0.325467015544
7.73    0.327181474836
7.77    0.328804519606
7.81    0.330332449886
7.85    0.331766413873
7.89    0.333112752372
7.93    0.334446033224
7.97    0.335945278843
8.01    0.337353201357
8.05    0.338665019208
8.09    0.339884633524
8.13    0.341017974917
8.17    0.342088174282
8.21    0.343290011723
8.25    0.344473204675
8.29    0.345576301847
8.33    0.346585499702
8.37    0.347498136783
8.41    0.348311647109
8.45    0.349025508544
8.49    0.349641204853
8.53    0.350160563046
8.57    0.350585807501
8.61    0.350919579243
8.65    0.351164932729
8.69    0.351325945972
8.73    0.351405015397
8.77    0.351406866228
8.81    0.351336462384
8.85    0.351197787242
8.89    0.351108551135
8.93    0.351506188074
8.97    0.352151842712
9.01    0.352720559182
9.05    0.353213437049
9.09    0.353632448952
9.13    0.353980030119
9.17    0.354259005183
9.21    0.354472433082
9.25    0.354624576615
9.29    0.354722247165
9.33    0.354770883166
9.37    0.354912200848
9.41    0.35510607451
9.45    0.355254873422
9.49    0.355353184216
9.53    0.355403665717
9.57    0.355402678517
9.61    0.355352338545
9.65    0.355254798138
9.69    0.355109177992
9.73    0.355019302616
9.77    0.355210168403
9.81    0.355352568397
9.85    0.355449857711
9.89    0.355500939821
9.93    0.355506264363
9.97    0.355469092726
