0.05    1.81819361929e-05
0.09    5.99751163536e-05
0.13    0.000128666366847
0.17    0.000242551514617
0.21    0.000368581712812
0.25    0.000537289808196
0.29    0.000965722005567
0.33    0.00156750402108
0.37    0.00201341647918
0.41    0.00285400372895
0.45    0.00340085501255
0.49    0.00294837449714
0.53    0.00360462523591
0.57    0.00411156315615
0.61    0.00550437691282
0.65    0.0048570121395
0.69    0.00567789381366
0.73    0.0070406584414
0.77    0.00893014582086
0.81    0.0108645328772
0.85    0.0119742201427
0.89    0.0114981472186
0.93    0.00999992615975
0.97    0.0096628193349
1.01    0.0106021572748
1.05    0.0115676365516
1.09    0.0121549695521
1.13    0.016071997632
1.17    0.0201547501453
1.21    0.0244865141289
1.25    0.027876141747
1.29    0.0298484421329
1.33    0.0311680819357
1.37    0.0314387785981
1.41    0.0301657789486
1.45    0.0289726097301
1.49    0.0284647373949
1.53    0.027897417045
1.57    0.0314251097466
1.61    0.0358813640174
1.65    0.0387519084427
1.69    0.0393759922556
1.73    0.0385832400498
1.77    0.0371947283598
1.81    0.0358313207174
1.85    0.0347768789939
1.89    0.0344397431113
1.93    0.0348761818505
1.97    0.0358070211907
2.01    0.0384185644942
2.05    0.0435845856626
2.09    0.0501689527609
2.13    0.0569957078856
2.17    0.062497662732
2.21    0.065603077469
2.25    0.0657450291448
2.29    0.0627836717767
2.33    0.0572554855769
2.37    0.0556564930983
2.41    0.0535681963881
2.45    0.0517498242005
2.49    0.0541234857875
2.53    0.0573248486377
2.57    0.0616394909251
2.61    0.066896607092
2.65    0.0726514925102
2.69    0.0783318830713
2.73    0.0833327727793
2.77    0.0880707915959
2.81    0.0926298459044
2.85    0.0960240072688
2.89    0.0982772474746
2.93    0.106196592768
2.97    0.11156663112
3.01    0.114009105482
3.05    0.113457101819
3.09    0.118939813088
3.13    0.125009769542
3.17    0.126831705283
3.21    0.124856615895
3.25    0.120824858798
3.29    0.11587171671
3.33    0.110593130007
3.37    0.106088073715
3.41    0.103219966575
3.45    0.102367977906
3.49    0.103388469054
3.53    0.105671122693
3.57    0.108347237454
3.61    0.110952608734
3.65    0.120778219381
3.69    0.128885198614
3.73    0.134489083414
3.77    0.137843834431
3.81    0.141144990505
3.85    0.142171915431
3.89    0.141376286409
3.93    0.139331936608
3.97    0.136560164732
4.01    0.133455739828
4.05    0.130227929763
4.09    0.126867139007
4.13    0.123220488679
4.17    0.119054409224
4.21    0.119071039703
4.25    0.11954637364
4.29    0.119412694485
4.33    0.118484691483
4.37    0.116644957984
4.41    0.113806335022
4.45    0.110632930504
4.49    0.108611993872
4.53    0.105677341444
4.57    0.101853367147
4.61    0.0981805641801
4.65    0.09381994921
4.69    0.0905790950169
4.73    0.0884059500608
4.77    0.0865084849209
4.81    0.0841882810972
4.85    0.0819224810822
4.89    0.0821349417615
4.93    0.0820366050293
4.97    0.0816651578874
5.01    0.0810731632625
5.05    0.0803114820403
5.09    0.0794458047036
5.13    0.078530068115
5.17    0.077627648126
5.21    0.0767961105695
5.25    0.0760855901849
5.29    0.07554757608
5.33    0.0752086894275
5.37    0.0750959988494
5.41    0.0752182791321
5.45    0.0755695509841
5.49    0.0761352007139
5.53    0.0768922049004
5.57    0.0778168197095
5.61    0.0788722349997
5.65    0.0800279874706
5.69    0.0812596017936
5.73    0.0825336807923
5.77    0.083831762796
5.81    0.0851294476512
5.85    0.086404880761
5.89    0.0876423911234
5.93    0.0888243094349
5.97    0.0899299896934
6.01    0.0909424103801
6.05    0.0918454347403
6.09    0.0926245306004
6.13    0.0932675947261
6.17    0.0937657420468
6.21    0.0941139292017
6.25    0.0943113107456
6.29    0.0943612696043
6.33    0.0942711121721
6.37    0.0940514639205
6.41    0.093715437891
6.45    0.0932776716714
6.49    0.0927533371737
6.53    0.0921582619969
6.57    0.0915061457633
6.61    0.0908080331824
6.65    0.0900737446243
6.69    0.089310945178
6.73    0.0885252371483
6.77    0.087720400521
6.81    0.08689888664
6.85    0.0860647023105
6.89    0.0852152664473
6.93    0.084350686427
6.97    0.0834709846186
7.01    0.0825763039953
7.05    0.0816697314603
7.09    0.0807502621651
7.13    0.0798181161034
7.17    0.0790488617332
7.21    0.0807338953661
7.25    0.0823421824715
7.29    0.0838724175798
7.33    0.085329131527
7.37    0.0867105092934
7.41    0.0880189392067
7.45    0.0892601300499
7.49    0.0904366809256
7.53    0.091553434737
7.57    0.0926160188338
7.61    0.0936315926165
7.65    0.0946047362052
7.69    0.0955400126178
7.73    0.0964452388072
7.77    0.0973260627118
7.81    0.0981889383486
7.85    0.0990377117799
7.89    0.0998731809368
7.93    0.100694580308
7.97    0.101503417304
8.01    0.102297594795
8.05    0.103077442322
8.09    0.103843828427
8.13    0.104591216282
8.17    0.105318434931
8.21    0.106016515115
8.25    0.106679612832
8.29    0.107301580752
8.33    0.107876281093
8.37    0.108397653191
8.41    0.108859612342
8.45    0.109255934307
8.49    0.109580538538
8.53    0.109827998408
8.57    0.109991287976
8.61    0.11006462318
8.65    0.110042596917
8.69    0.109921163257
8.73    0.109696737185
8.77    0.10936318306
8.81    0.108917803016
8.85    0.108360766684
8.89    0.10919070173
8.93    0.11035570908
8.97    0.111424885133
9.01    0.112393591611
9.05    0.113257520421
9.09    0.114013618082
9.13    0.114659691749
9.17    0.115194437897
9.21    0.115617461111
9.25    0.115931557821
9.29    0.116136020873
9.33    0.116232822403
9.37    0.116225147917
9.41    0.116117048231
9.45    0.115913386932
9.49    0.115619772911
9.53    0.115242479391
9.57    0.11478835138
9.61    0.114264703878
9.65    0.113679213613
9.69    0.113039807126
9.73    0.112354547792
9.77    0.111631523884
9.81    0.110878739282
9.85    0.110104008646
9.89    0.109314866398
9.93    0.108521081251
9.97    0.107726822326
