0.05    0.000601529797079
0.09    0.0017682123283
0.13    0.00477124650777
0.17    0.00626026872486
0.21    0.0122992328194
0.25    0.0153348306649
0.29    0.015184239408
0.33    0.0238135318018
0.37    0.0277376668639
0.41    0.0428710326662
0.45    0.0493562194298
0.49    0.0623706172216
0.53    0.0656128164021
0.57    0.0699547460421
0.61    0.0754782204137
0.65    0.0826080433122
0.69    0.0754296769175
0.73    0.0648709720666
0.77    0.066682225643
0.81    0.0814886167348
0.85    0.103107306783
0.89    0.120183281363
0.93    0.124764762657
0.97    0.136563712272
1.01    0.150494185594
1.05    0.170026513605
1.09    0.193682842085
1.13    0.206655035922
1.17    0.209617456858
1.21    0.203904502067
1.25    0.191752507904
1.29    0.187154822086
1.33    0.181947741536
1.37    0.176467750736
1.41    0.170259746676
1.45    0.162456070504
1.49    0.152358601708
1.53    0.14010690248
1.57    0.136515431213
1.61    0.138511185803
1.65    0.139747240021
1.69    0.139944338167
1.73    0.138994039541
1.77    0.136903316875
1.81    0.133457707803
1.85    0.128685995853
1.89    0.122809480785
1.93    0.116213531873
1.97    0.108859196809
2.01    0.100858254279
2.05    0.0993143544541
2.09    0.0981587793787
2.13    0.104171590724
2.17    0.110075767635
2.21    0.113973150236
2.25    0.11744025923
2.29    0.119620776122
2.33    0.120104355795
2.37    0.118121677299
2.41    0.113844596024
2.45    0.10764313423
2.49    0.100005224984
2.53    0.0915120790323
2.57    0.0907687597742
2.61    0.0923097200866
2.65    0.0935036676516
2.69    0.0944270931942
2.73    0.0951919839888
2.77    0.0959043741238
2.81    0.0967616759245
2.85    0.0976251144132
2.89    0.0983273855693
2.93    0.098813115252
2.97    0.0990599620974
3.01    0.0991007163956
3.05    0.0999521714586
3.09    0.101063855321
3.13    0.102146812893
3.17    0.103202785657
3.21    0.104180701501
3.25    0.105134615287
3.29    0.105984741185
3.33    0.106795489628
3.37    0.107488816686
3.41    0.109122370262
3.45    0.11151475913
3.49    0.113982963856
3.53    0.122660599472
3.57    0.13372560855
3.61    0.144096395101
3.65    0.153481685685
3.69    0.161760204755
3.73    0.169161284025
3.77    0.175736205535
3.81    0.183070566226
3.85    0.19074613152
3.89    0.197130861953
3.93    0.202060964203
3.97    0.205535311107
4.01    0.207465472833
4.05    0.208305093471
4.09    0.209169064163
4.13    0.209304674363
4.17    0.208462018874
4.21    0.206594093697
4.25    0.203219600295
4.29    0.198278738344
4.33    0.191957861508
4.37    0.184751973363
4.41    0.177406760891
4.45    0.171295449134
4.49    0.165297305307
4.53    0.163241819049
4.57    0.166787630856
4.61    0.170123908862
4.65    0.173178622381
4.69    0.176013543306
4.73    0.17854659097
4.77    0.180846292595
4.81    0.182845004122
4.85    0.184600053916
4.89    0.186056306351
4.93    0.1872713186
4.97    0.188186306755
5.01    0.188855964636
5.05    0.189239010912
5.09    0.189365401476
5.13    0.189232726618
5.17    0.188855418264
5.21    0.188246236614
5.25    0.187448214546
5.29    0.186473534683
5.33    0.186979989873
5.37    0.187837490965
5.41    0.188592760903
5.45    0.189280801738
5.49    0.189874410929
5.53    0.190371103025
5.57    0.190773054457
5.61    0.191082538143
5.65    0.191302315378
5.69    0.191468254487
5.73    0.191548291149
5.77    0.191544936297
5.81    0.191460737746
5.85    0.191298270167
5.89    0.191060125837
5.93    0.190750692557
5.97    0.190398444211
6.01    0.189977564536
6.05    0.189490636143
6.09    0.188940224907
6.13    0.189503740182
6.17    0.191753039077
6.21    0.1939006225
6.25    0.195947545217
6.29    0.197900876837
6.33    0.199785264972
6.37    0.201572623447
6.41    0.203264414967
6.45    0.204864188417
6.49    0.206403612696
6.53    0.207851990821
6.57    0.20921105046
6.61    0.210490028695
6.65    0.211708482387
6.69    0.212842673626
6.73    0.213894481399
6.77    0.218484942467
6.81    0.222925892955
6.85    0.227049882224
6.89    0.230857757317
6.93    0.234353030349
6.97    0.237541906984
7.01    0.240443486877
7.05    0.243044691436
7.09    0.24534113887
7.13    0.247331794618
7.17    0.249018529731
7.21    0.25040751415
7.25    0.251509418858
7.29    0.252337985673
7.33    0.252926537942
7.37    0.253284697199
7.41    0.2534224518
7.45    0.253745052363
7.49    0.254994504445
7.53    0.256025304412
7.57    0.256817477572
7.61    0.257370198169
7.65    0.257692070049
7.69    0.257785404197
7.73    0.25765418863
7.77    0.257306685687
7.81    0.256752985235
7.85    0.256026173427
7.89    0.255143572181
7.93    0.254110767374
7.97    0.25292367667
8.01    0.251599521328
8.05    0.250145578671
8.09    0.248556456531
8.13    0.246815585021
8.17    0.24492401468
8.21    0.242885202391
8.25    0.240703623514
8.29    0.238384853927
8.33    0.235934326504
8.37    0.233356223214
8.41    0.23065433234
8.45    0.227844797314
8.49    0.224924019274
8.53    0.221895907353
8.57    0.218772116251
8.61    0.218580605952
8.65    0.220000094892
8.69    0.221303035139
8.73    0.222492150978
8.77    0.223599039992
8.81    0.224597439073
8.85    0.2254900039
8.89    0.2262929902
8.93    0.227009826636
8.97    0.227628889312
9.01    0.228152998791
9.05    0.228601213513
9.09    0.228969673371
9.13    0.229251145334
9.17    0.229448396571
9.21    0.229573265988
9.25    0.229634351164
9.29    0.229618909685
9.33    0.229529600989
9.37    0.229369051736
9.41    0.229155413862
9.45    0.228881909679
9.49    0.228544351801
9.53    0.228145213719
9.57    0.227686926703
9.61    0.227182133879
9.65    0.226632192443
9.69    0.226029664621
9.73    0.225376803206
9.77    0.224675813861
9.81    0.223928854482
9.85    0.223149765463
9.89    0.222334029605
9.93    0.221478064712
9.97    0.220583838655
