0.05    0.000430501738592
0.09    0.00138947457251
0.13    0.0035541346228
0.17    0.00465680409614
0.21    0.00751254690778
0.25    0.00905633459417
0.29    0.015429759333
0.33    0.0130762020482
0.37    0.0224241569415
0.41    0.0288467890897
0.45    0.0321812743882
0.49    0.0393081377947
0.53    0.0394656207011
0.57    0.0479095310292
0.61    0.0554582391886
0.65    0.0555932694548
0.69    0.0428306573548
0.73    0.048474828071
0.77    0.0464194430736
0.81    0.0505600483055
0.85    0.060345910366
0.89    0.0689177012438
0.93    0.0707349899113
0.97    0.0665837784833
1.01    0.0657279634233
1.05    0.0643398298601
1.09    0.0604623135762
1.13    0.0545354387061
1.17    0.0477818412551
1.21    0.0412287173144
1.25    0.0387712905784
1.29    0.0412664774641
1.33    0.0439311919437
1.37    0.0464818142761
1.41    0.0486920341591
1.45    0.050368561454
1.49    0.0516470364319
1.53    0.0540491676222
1.57    0.0606961285542
1.61    0.0663149556997
1.65    0.0699954778031
1.69    0.0727226475042
1.73    0.0795140678841
1.77    0.0847733939891
1.81    0.0886151004919
1.85    0.0911851258066
1.89    0.0925543087009
1.93    0.092860778367
1.97    0.0922987159214
2.01    0.09111744671
2.05    0.0899549229939
2.09    0.0895794767905
2.13    0.0889715366141
2.17    0.0877828525342
2.21    0.0860373000937
2.25    0.0838017381981
2.29    0.0812581553001
2.33    0.0824506985377
2.37    0.0833959132632
2.41    0.0815038435125
2.45    0.0775610640875
2.49    0.0727705512337
2.53    0.0682762598704
2.57    0.0647768796917
2.61    0.0624024816407
2.65    0.0608370093935
2.69    0.0595407041615
2.73    0.0580898634153
2.77    0.0563340487794
2.81    0.0543999737906
2.85    0.0538119878905
2.89    0.0562570849025
2.93    0.0584503894582
2.97    0.0604247191161
3.01    0.0622272587442
3.05    0.063911441829
3.09    0.0679972352774
3.13    0.0733717569566
3.17    0.0792640252675
3.21    0.0847004338283
3.25    0.0893764159714
3.29    0.0939597773725
3.33    0.099645443867
3.37    0.104413511408
3.41    0.108132243127
3.45    0.110732628853
3.49    0.114999920391
3.53    0.118676058407
3.57    0.121047911766
3.61    0.12195722926
3.65    0.121639089739
3.69    0.125604276249
3.73    0.130003365996
3.77    0.135467601462
3.81    0.141174609792
3.85    0.147111073897
3.89    0.15314687917
3.93    0.159294409212
3.97    0.165600249916
4.01    0.171886155664
4.05    0.178110409224
4.09    0.184250765839
4.13    0.190279184654
4.17    0.196128786171
4.21    0.201762672326
4.25    0.207196771836
4.29    0.212513821764
4.33    0.217578011339
4.37    0.222338312529
4.41    0.22676423616
4.45    0.23094796867
4.49    0.234992815514
4.53    0.238929951478
4.57    0.242658609061
4.61    0.24622959487
4.65    0.249628966572
4.69    0.252667919843
4.73    0.255298408905
4.77    0.257572898073
4.81    0.259695592545
4.85    0.261549808075
4.89    0.263018606164
4.93    0.2641688694
4.97    0.26537283677
5.01    0.266740540205
5.05    0.268017897748
5.09    0.269056332721
5.13    0.269771040418
5.17    0.270095747542
5.21    0.270026001166
5.25    0.269568125407
5.29    0.269257214132
5.33    0.270543066432
5.37    0.27139794165
5.41    0.271919536769
5.45    0.272093447484
5.49    0.271786329999
5.53    0.270924149241
5.57    0.269496406196
5.61    0.267579391634
5.65    0.267867562274
5.69    0.267530150352
5.73    0.266807916087
5.77    0.265620728885
5.81    0.263869356274
5.85    0.261496776266
5.89    0.262725828162
5.93    0.263756940988
5.97    0.264586734305
6.01    0.265223039835
6.05    0.265688171956
6.09    0.265986277195
6.13    0.266131831524
6.17    0.266157998297
6.21    0.266132826003
6.25    0.26603740699
6.29    0.265815783891
6.33    0.265457473975
6.37    0.264962255428
6.41    0.264323705779
6.45    0.263546786854
6.49    0.262656387752
6.53    0.261641186876
6.57    0.260500111836
6.61    0.259257757675
6.65    0.257906966536
6.69    0.256448762977
6.73    0.254905155632
6.77    0.253271274557
6.81    0.251542457229
6.85    0.249745012814
6.89    0.24786061454
6.93    0.24590501554
6.97    0.2438771307
7.01    0.24178351182
7.05    0.239625236127
7.09    0.237412506495
7.13    0.235139385292
7.17    0.232825222798
7.21    0.230453606899
7.25    0.22805446753
7.29    0.225604222285
7.33    0.223131702146
7.37    0.220620054334
7.41    0.218087188963
7.45    0.215527598953
7.49    0.212949607688
7.53    0.210354427188
7.57    0.207746407383
7.61    0.205126926647
7.65    0.202504740818
7.69    0.201163806263
7.73    0.2007905414
7.77    0.200389523157
7.81    0.199961969491
7.85    0.199509065692
7.89    0.199031964657
7.93    0.198531787224
7.97    0.198018539422
8.01    0.197490157179
8.05    0.196941491691
8.09    0.196373546328
8.13    0.195787294537
8.17    0.195183680317
8.21    0.194563618736
8.25    0.193927996445
8.29    0.19328447654
8.33    0.19263227434
8.37    0.191966678861
8.41    0.191288475199
8.45    0.190598422747
8.49    0.189897255761
8.53    0.189185683927
8.57    0.188464392925
8.61    0.187734045002
8.65    0.186995279537
8.69    0.186248713598
8.73    0.185502199804
8.77    0.184750665118
8.81    0.18399279387
8.85    0.183229125336
8.89    0.182460179154
8.93    0.181686455851
8.97    0.180908437371
9.01    0.180126587583
9.05    0.179341352796
9.09    0.178553162259
9.13    0.177762428641
9.17    0.176969548529
9.21    0.176174902891
9.25    0.175378857541
9.29    0.174581763592
9.33    0.173783957914
9.37    0.172985763551
9.41    0.172189464129
9.45    0.171396706567
9.49    0.170604277988
9.53    0.169812454669
9.57    0.169021501023
9.61    0.168231669964
9.65    0.16744320329
9.69    0.166656332036
9.73    0.165871276827
9.77    0.165088248223
9.81    0.164307447047
9.85    0.163529064717
9.89    0.162753283553
9.93    0.161980277093
9.97    0.161210210392
