0.05    1.04441617762e-05
0.09    3.60531408271e-05
0.13    8.6058975161e-05
0.17    0.000175442789199
0.21    0.000379523889637
0.25    0.000585829108404
0.29    0.000700015916668
0.33    0.00127559796447
0.37    0.00206057037477
0.41    0.00254249380276
0.45    0.00246384977449
0.49    0.00275577735009
0.53    0.00327541387462
0.57    0.00343579100106
0.61    0.00373383507698
0.65    0.0036368993054
0.69    0.00422264208655
0.73    0.0040519034502
0.77    0.0047401895047
0.81    0.00544127577226
0.85    0.00603495369884
0.89    0.00600854050534
0.93    0.006813927914
0.97    0.00767453690073
1.01    0.00845366154157
1.05    0.00936210460654
1.09    0.00933005177631
1.13    0.00809397730151
1.17    0.00709334535582
1.21    0.00759320501846
1.25    0.00831391947464
1.29    0.00831956220046
1.33    0.00755517263332
1.37    0.00661433186223
1.41    0.00662413806961
1.45    0.00697436922668
1.49    0.0072288052982
1.53    0.00730742062225
1.57    0.00796803058878
1.61    0.00779616726227
1.65    0.0072992730456
1.69    0.00734665536067
1.73    0.00732736845887
1.77    0.00732525441537
1.81    0.00739479643813
1.85    0.00764708702476
1.89    0.00823824652972
1.93    0.00924060941138
1.97    0.0104712202565
2.01    0.0115841724677
2.05    0.0129606086449
2.09    0.0148836224568
2.13    0.0164568021625
2.17    0.0174898824886
2.21    0.0178977918155
2.25    0.0177115667143
2.29    0.0169916020203
2.33    0.0157494025237
2.37    0.0142408000352
2.41    0.0128626879833
2.45    0.0119573730178
2.49    0.0116365041538
2.53    0.0115853676391
2.57    0.0113917660632
2.61    0.0109194781278
2.65    0.0107881220562
2.69    0.0106071603707
2.73    0.0104484214775
2.77    0.0104554377768
2.81    0.0106307880729
2.85    0.0109025448194
2.89    0.0111501839641
2.93    0.0112944395848
2.97    0.01134234008
3.01    0.0113519668717
3.05    0.0113932483291
3.09    0.011513375702
3.13    0.0117160573266
3.17    0.01196611362
3.21    0.0122113972103
3.25    0.0124057421846
3.29    0.0125233176243
3.33    0.012562177304
3.37    0.0125400436422
3.41    0.0124892271752
3.45    0.0124473230836
3.49    0.0124531959062
3.53    0.0125625963907
3.57    0.0129167247138
3.61    0.0132209406416
3.65    0.0134781571756
3.69    0.014003572906
3.73    0.0145901639432
3.77    0.0151936472322
3.81    0.0157646910125
3.85    0.016257310508
3.89    0.0166338445889
3.93    0.0168697980805
3.97    0.0175917108824
4.01    0.0187037249486
4.05    0.0198501963491
4.09    0.0209434717735
4.13    0.0219150075221
4.17    0.0227303644027
4.21    0.023386039717
4.25    0.0239067937096
4.29    0.0243359353743
4.33    0.0247202504538
4.37    0.0250962817732
4.41    0.0254918850271
4.45    0.0259257798764
4.49    0.0264047696775
4.53    0.0269234435347
4.57    0.0276545538133
4.61    0.0286063682653
4.65    0.0295375232082
4.69    0.0304201303492
4.73    0.0312259492785
4.77    0.0319296794875
4.81    0.0325131241604
4.85    0.0329673266127
4.89    0.0332882330265
4.93    0.0334748671317
4.97    0.0335353158926
5.01    0.033491422659
5.05    0.0333743975373
5.09    0.0332216370916
5.13    0.0339033419415
5.17    0.0350167048625
5.21    0.0360539455189
5.25    0.0370110110468
5.29    0.0378878053749
5.33    0.0391142712214
5.37    0.0407689616432
5.41    0.042349705216
5.45    0.0438483701482
5.49    0.0452658360798
5.53    0.0466117964069
5.57    0.0479107210362
5.61    0.0492099567805
5.65    0.0505265080327
5.69    0.0518203915797
5.73    0.0530869513544
5.77    0.055149921016
5.81    0.0575520985501
5.85    0.0599545381836
5.89    0.0623550732056
5.93    0.0647551862159
5.97    0.0672880205247
6.01    0.0699648241928
6.05    0.0726940180162
6.09    0.0754774823356
6.13    0.0783223950691
6.17    0.0812326413825
6.21    0.0841982556613
6.25    0.0872094360621
6.29    0.0902531013548
6.33    0.0933100791745
6.37    0.0963584804869
6.41    0.0993794352953
6.45    0.10235958444
6.49    0.105293096131
6.53    0.108172209513
6.57    0.110985622843
6.61    0.113716756816
6.65    0.116341192763
6.69    0.118846318762
6.73    0.121225660731
6.77    0.123459369228
6.81    0.125524257156
6.85    0.127414737633
6.89    0.129149254372
6.93    0.130734152632
6.97    0.132149759053
7.01    0.13339510574
7.05    0.134484670606
7.09    0.135417641401
7.13    0.136179327589
7.17    0.136772591922
7.21    0.137214578786
7.25    0.137519717584
7.29    0.137691263797
7.33    0.137736797113
7.37    0.137669835039
7.41    0.137511477374
7.45    0.13728452752
7.49    0.137004751727
7.53    0.136676654272
7.57    0.136303099534
7.61    0.135897690928
7.65    0.135475241014
7.69    0.135036171459
7.73    0.134575368219
7.77    0.134096552443
7.81    0.133607480935
7.85    0.133812350874
7.89    0.134121709728
7.93    0.134441035991
7.97    0.134771905423
8.01    0.135113199359
8.05    0.135463215541
8.09    0.135819364203
8.13    0.136178562121
8.17    0.136537077434
8.21    0.136891257392
8.25    0.137237195145
8.29    0.137570640775
8.33    0.137887123184
8.37    0.138181679016
8.41    0.13844908135
8.45    0.138686686924
8.49    0.138893902311
8.53    0.139071931769
8.57    0.139220018524
8.61    0.139334977446
8.65    0.139414397978
8.69    0.139458433919
8.73    0.139466051082
8.77    0.139434295434
8.81    0.139358106248
8.85    0.139234879465
8.89    0.139062962194
8.93    0.138842604286
8.97    0.138573838013
9.01    0.13825291146
9.05    0.137873021452
9.09    0.137426734962
9.13    0.136909090473
9.17    0.13631859135
9.21    0.135654548291
9.25    0.134920742628
9.29    0.134122227295
9.33    0.133270370558
9.37    0.132385287487
9.41    0.131481868209
9.45    0.130547523219
9.49    0.129571280782
9.53    0.128552984025
9.57    0.127498786357
9.61    0.126416198863
9.65    0.125305501104
9.69    0.124162220135
9.73    0.12298449205
9.77    0.121773981554
9.81    0.120535709492
9.85    0.119460782096
9.89    0.119073874892
9.93    0.11867467431
9.97    0.118266249665
