0.1	2.4981352537e-05
0.12	4.51827687598e-05
0.14	5.706383246e-05
0.16	9.11027940165e-05
0.18	0.000157569857356
0.2	0.000209262800183
0.22	0.00025432746251
0.24	0.000289109321588
0.26	0.000318906764028
0.28	0.000392462648237
0.3	0.000494647636568
0.32	0.000521217605265
0.34	0.000597355801066
0.36	0.00073195742484
0.38	0.00102420850716
0.4	0.00101651016355
0.42	0.000840115968697
0.44	0.000829467564439
0.46	0.000846227625351
0.48	0.000984931104031
0.5	0.00127502925916
0.52	0.00141511716336
0.54	0.00143019461645
0.56	0.00128914818324
0.58	0.00135314634589
0.6	0.00147272940764
0.62	0.00143008680826
0.64	0.00156449684957
0.66	0.00202162583356
0.68	0.0025460753737
0.7	0.002825406677
0.72	0.00295864231854
0.74	0.00299018857045
0.76	0.00294947716402
0.78	0.00298761750816
0.8	0.00315921175133
0.82	0.0034874171496
0.84	0.00378745367465
0.86	0.00402382758143
0.88	0.00412624319346
0.9	0.00414558468195
0.92	0.00424837575686
0.94	0.0045499939491
0.96	0.00491599247513
0.98	0.00523974186639
1.0	0.00553690694284
1.02	0.00580512478948
1.04	0.00598197010789
1.06	0.0060350039753
1.08	0.00596797708236
1.1	0.00576946918116
1.12	0.00543395392075
1.14	0.00497866761074
1.16	0.00442390545164
1.18	0.00433435263039
1.2	0.00418896534294
1.22	0.00397087457858
1.24	0.00376103362699
1.26	0.0036122473436
1.28	0.00356603033675
1.3	0.00376380566042
1.32	0.0040007987871
1.34	0.00426425814166
1.36	0.00454008072425
1.38	0.00480280927731
1.4	0.00501380244292
1.42	0.00514324897843
1.44	0.005200912778
1.46	0.00523493831387
1.48	0.00529214446592
1.5	0.00537743971522
1.52	0.00546610003176
1.54	0.00552995499168
1.56	0.00553963707914
1.58	0.00547207041771
1.6	0.0053218241199
1.62	0.00509682461211
1.64	0.00485197583078
1.66	0.00490348794572
1.68	0.00494782857337
1.7	0.00509967939154
1.72	0.00524681606105
1.74	0.00533188389264
1.76	0.00536693090791
1.78	0.00535811816205
1.8	0.00531103039823
1.82	0.00523691939141
1.84	0.00515249216342
1.86	0.00514744008921
1.88	0.00515802575479
1.9	0.00521622116678
1.92	0.00534435428878
1.94	0.00554675947332
1.96	0.00580849072388
1.98	0.00610501284379
2.0	0.0064146621544
2.02	0.00672815020307
2.04	0.00703813852204
2.06	0.00733720324542
2.08	0.00762582998652
2.1	0.00791272494275
2.12	0.00820795578831
2.14	0.00850670062397
2.16	0.00879190121818
2.18	0.00905359297983
2.2	0.0092945251587
2.22	0.00950785555849
2.24	0.0096993724286
2.26	0.0100215026932
2.28	0.01025994666
2.3	0.0104191264946
2.32	0.0105078302426
2.34	0.0105321775863
2.36	0.0107050780728
2.38	0.0110007864119
2.4	0.011288680372
2.42	0.011569043914
2.44	0.0118387466153
2.46	0.0120918427925
2.48	0.0123216850152
2.5	0.0125235270957
2.52	0.0126964535792
2.54	0.0128441242485
2.56	0.0129745902735
2.58	0.0130967990168
2.6	0.0132197983038
2.62	0.0133503004247
2.64	0.0134911466072
2.66	0.0136408465421
2.68	0.0137917656576
2.7	0.0139332508195
2.72	0.014053462131
2.74	0.0141407290167
2.76	0.0141866157445
2.78	0.0141840718804
2.8	0.014128110563
2.82	0.0140151481859
2.84	0.0138447172885
2.86	0.0136189123692
2.88	0.01345838954
2.9	0.0140990090442
2.92	0.0146852416818
2.94	0.015205920263
2.96	0.0156541588625
2.98	0.016029184605
3.0	0.0163359721677
3.02	0.0165820659205
3.04	0.0167740843615
3.06	0.0169194997846
3.08	0.0170323785739
3.1	0.0171291905855
3.12	0.0172107419517
3.14	0.0172675501528
3.16	0.0173006686119
3.18	0.0173166079794
3.2	0.0173231888151
3.22	0.0173274905172
3.24	0.0173365407968
3.26	0.0173564362334
3.28	0.0173927412576
3.3	0.0174486703479
3.32	0.017525305843
3.34	0.0178664335068
3.36	0.0182456460588
3.38	0.0186139862491
3.4	0.0189746432948
3.42	0.0193304307354
3.44	0.0196839983251
3.46	0.0200370778047
3.48	0.0203911961429
3.5	0.0207470186584
3.52	0.021104398954
3.54	0.0214623701921
3.56	0.0219936463588
3.58	0.0225331085005
3.6	0.0230661742453
3.62	0.0235882085884
3.64	0.0240932164917
3.66	0.0245740987126
3.68	0.025023611761
3.7	0.0254339132689
3.72	0.0257969527509
3.74	0.0261056117194
3.76	0.0263524015375
3.78	0.026680192348
3.8	0.0272465088913
3.82	0.0277930322461
3.84	0.0283148510078
3.86	0.0288079289552
3.88	0.0292701818049
3.9	0.0297000129107
3.92	0.0300957290702
3.94	0.0304544751255
3.96	0.0307724621408
3.98	0.0310453823577
4.0	0.0312686012386
4.02	0.0314380603522
4.04	0.0315508553675
4.06	0.0316049298555
4.08	0.031598856774
4.1	0.0315314050355
4.12	0.0314010796611
4.14	0.0312080419833
4.16	0.0309541188423
4.18	0.0306419491165
4.2	0.0302750787679
4.22	0.0303838314507
4.24	0.0305957520083
4.26	0.0307675717008
4.28	0.0309476160747
4.3	0.0311767965208
4.32	0.0313827914076
4.34	0.0315630015163
4.36	0.0317162305568
4.38	0.031841696657
4.4	0.0319404125101
4.42	0.0320122037182
4.44	0.0320575144763
4.46	0.0320769435448
4.48	0.0320709738281
4.5	0.0320407653758
4.52	0.0319881712207
4.54	0.0322816427367
4.56	0.0329655577551
4.58	0.033722689066
4.6	0.0344086065445
4.62	0.0350232000952
4.64	0.0355677354699
4.66	0.0360446171716
4.68	0.0364572688418
4.7	0.0368100144911
4.72	0.0371079494931
4.74	0.0373572031748
4.76	0.0375642239859
4.78	0.0377364617179
4.8	0.0378813772196
4.82	0.0380070593261
4.84	0.0381221550397
4.86	0.0382346430824
4.88	0.0383530803358
4.9	0.0384856375544
4.92	0.0386398806431
4.94	0.0388235357693
4.96	0.0390426852932
4.98	0.0393031962014
5.0	0.0396098464545
5.02	0.0399662929756
5.04	0.0403750682627
5.06	0.0408376915669
5.08	0.0413547948102
5.1	0.0419254042336
5.12	0.0425479889523
5.14	0.0432202379109
5.16	0.0439391789684
5.18	0.0447013061251
5.2	0.0455027110297
5.22	0.0463392148497
5.24	0.0472066314579
5.26	0.0481013201329
5.28	0.0490190115726
5.3	0.0499561783592
5.32	0.0509096975238
5.34	0.0518767737086
5.36	0.0528549832738
5.38	0.053842304466
5.4	0.0548371337212
5.42	0.0558385311173
5.44	0.0568461031028
5.46	0.0578591575321
5.48	0.0588784272455
5.5	0.0599039184885
5.52	0.0609364422639
5.54	0.0619773659083
5.56	0.0630273556446
5.58	0.0640877112259
5.6	0.0651598590553
5.62	0.0662453114966
5.64	0.0673450605866
5.66	0.0684603122803
5.68	0.0695921384065
5.7	0.0707414403849
5.72	0.0719089179685
5.74	0.0730950434427
5.76	0.0743000414783
5.78	0.0755241993973
5.8	0.0767671918432
5.82	0.0780498555109
5.84	0.0795172888924
5.86	0.0810092070374
5.88	0.0825245875647
5.9	0.0840626992566
5.92	0.0856218326743
5.94	0.0872004405316
5.96	0.0887971892071
5.98	0.0904099258862
6.0	0.0920367562603
6.02	0.0936760617
6.04	0.0953252460739
6.06	0.0969822430719
6.08	0.0986452017716
6.1	0.100311980288
6.12	0.101980329795
6.14	0.103648352343
6.16	0.105314258928
6.18	0.106976343308
6.2	0.108632964007
6.22	0.110282525422
6.24	0.111923889709
6.26	0.113555450157
6.28	0.115175922136
6.3	0.11678430453
6.32	0.118380724453
6.34	0.119963596051
6.36	0.121532648563
6.38	0.123087294448
6.4	0.12462654637
6.42	0.126150563362
6.44	0.127658098731
6.46	0.129149939976
6.48	0.130624704618
6.5	0.132083500743
6.52	0.133524926826
6.54	0.134950335828
6.56	0.136358510517
6.58	0.137750995521
6.6	0.139126853932
6.62	0.140487277805
6.64	0.141831681173
6.66	0.14316068945
6.68	0.14447421371
6.7	0.145772541229
6.72	0.147056023079
6.74	0.148324480126
6.76	0.149578941012
6.78	0.150818632612
6.8	0.152045270485
6.82	0.153258044722
6.84	0.154457478518
6.86	0.155644431831
6.88	0.15681806154
6.9	0.157978369589
6.92	0.15912620265
6.94	0.160260407507
6.96	0.161380816576
6.98	0.162487540488
7.0	0.163580636861
