0.05    4.636933104e-06
0.09    1.73425478801e-05
0.13    5.33588817278e-05
0.17    0.000108167272739
0.21    0.00021478468014
0.25    0.000317546466358
0.29    0.000437897296599
0.33    0.000576631961293
0.37    0.00088802308009
0.41    0.000902899681062
0.45    0.000830109515878
0.49    0.00113977602279
0.53    0.00144902357272
0.57    0.00125291597202
0.61    0.00144472117402
0.65    0.00172302410991
0.69    0.00271394317632
0.73    0.00299011043872
0.77    0.00294045509456
0.81    0.0033147486614
0.85    0.00391819962738
0.89    0.00413822027041
0.93    0.00437901702828
0.97    0.00508363828704
1.01    0.00567820802383
1.05    0.00602389330852
1.09    0.00588657363155
1.13    0.00522941770892
1.17    0.0043627290309
1.21    0.00408443897991
1.25    0.00367781948102
1.29    0.00365925335321
1.33    0.00412985273101
1.37    0.00467538604543
1.41    0.0050892286227
1.45    0.00521729152059
1.49    0.00533259899947
1.53    0.00550321855535
1.57    0.0055165177311
1.61    0.00521884658298
1.65    0.00484422463833
1.69    0.00500258438185
1.73    0.00529659244739
1.77    0.0053678481475
1.81    0.00527667665314
1.85    0.00515003194528
1.89    0.00517947076013
1.93    0.00543684506746
1.97    0.00595395943264
2.01    0.00657123840696
2.05    0.00718919659229
2.09    0.00776871958742
2.13    0.00835811902525
2.17    0.00892573763846
2.21    0.00940620639526
2.25    0.00987116712212
2.29    0.0103489449959
2.33    0.0105280363352
2.37    0.0108540705059
2.41    0.0114298892735
2.45    0.0119677615981
2.49    0.0124262228898
2.53    0.012773072203
2.57    0.013036129542
2.61    0.0132838296659
2.65    0.0135652872842
2.69    0.0138644019724
2.73    0.0141018572903
2.77    0.0141916499618
2.81    0.0140789230566
2.85    0.0137384738303
2.89    0.0137847614589
2.93    0.0149543351092
2.97    0.0158505400546
3.01    0.0164661559551
3.05    0.0168518924856
3.09    0.0170820529431
3.13    0.0172423693238
3.17    0.0173101439625
3.21    0.0173251961512
3.25    0.0173447013812
3.29    0.0174181607639
3.33    0.0176718591853
3.37    0.0184309864361
3.41    0.0191529649123
3.45    0.0198604851707
3.49    0.0205688858538
3.53    0.0212834067423
3.57    0.0222639111012
3.61    0.0233290499743
3.65    0.0243372323914
3.69    0.0252341008449
3.73    0.0259585421749
3.77    0.0264505466978
3.81    0.0275225643091
3.85    0.0285651849033
3.89    0.0294890617985
3.93    0.0302800038817
3.97    0.0309149374334
4.01    0.031360307696
4.05    0.0315853586391
4.09    0.0315729445224
4.13    0.0313122729439
4.17    0.0308049340951
4.21    0.0302633330446
4.25    0.0306866838272
4.29    0.0310649604601
4.33    0.0314762714132
4.37    0.0317824277792
4.41    0.0319795452111
4.45    0.0320705148579
4.49    0.0320587308851
4.53    0.0321353343179
4.57    0.0333530138262
4.61    0.0347247679579
4.65    0.0358144415763
4.69    0.0366408279583
4.73    0.0372381393657
4.77    0.037654270943
4.81    0.0379461948533
4.85    0.0381781861628
4.89    0.0384171054655
4.93    0.0387276630276
4.97    0.0391673922142
5.01    0.03978149684
5.05    0.040599701498
5.09    0.0416333261411
5.13    0.0428781494138
5.17    0.0443152059338
5.21    0.0459166576962
5.25    0.047650829261
5.29    0.0494853628005
5.33    0.0513917015981
5.37    0.0533476150383
5.41    0.0553369780831
5.45    0.0573518905557
5.49    0.0593901665899
5.53    0.0614558745104
5.57    0.0635561477654
5.61    0.0657010173409
5.65    0.0679005813651
5.69    0.0701643870615
5.73    0.072499584236
5.77    0.0749099304457
5.81    0.0773953258531
5.85    0.0802602451887
5.89    0.0832908573552
5.93    0.0864087002707
5.97    0.0896014717235
6.01    0.0928550378355
6.05    0.0961529532542
6.09    0.0994783744272
6.13    0.102814351163
6.17    0.106145767497
6.21    0.109458911917
6.25    0.11274098729
6.29    0.115981749825
6.33    0.119173633058
6.37    0.122311634026
6.41    0.12539046454
6.45    0.128406066578
6.49    0.131356215378
6.53    0.134239757464
6.57    0.137056782578
6.61    0.139808926359
6.65    0.142497892057
6.69    0.145124995009
6.73    0.147691947246
6.77    0.150200608748
6.81    0.152653375244
6.85    0.155052623033
6.89    0.157399871578
6.93    0.159695017848
6.97    0.161935795967
7.01    0.164121781794
7.05    0.166249216884
7.09    0.168314735492
7.13    0.170315933157
7.17    0.172248936857
7.21    0.17410897681
7.25    0.175888479493
7.29    0.177579655884
7.33    0.179175985434
7.37    0.18067290724
7.41    0.182063774102
7.45    0.183341872598
7.49    0.18450047703
7.53    0.185533659246
7.57    0.186436583152
7.61    0.18720558394
7.65    0.187837436616
7.69    0.188328790411
7.73    0.188677355028
7.77    0.189827957397
7.81    0.191568312539
7.85    0.193185911586
7.89    0.194676677648
7.93    0.196040312258
7.97    0.197272753426
8.01    0.198367325021
8.05    0.19931506061
8.09    0.200113275592
8.13    0.200760967629
8.17    0.201262979046
8.21    0.201616757323
8.25    0.201815563507
8.29    0.201857804584
8.33    0.201743092086
8.37    0.201474262107
8.41    0.201056019356
8.45    0.200491955175
8.49    0.199784861443
8.53    0.198937090028
8.57    0.19794735236
8.61    0.196811742339
8.65    0.195529510144
8.69    0.194099446196
8.73    0.192524578143
8.77    0.190808128944
8.81    0.188950644373
8.85    0.186951152785
8.89    0.184812360874
8.93    0.183900059111
8.97    0.183502840356
9.01    0.183028597507
9.05    0.182477709882
9.09    0.181846669835
9.13    0.181130538481
9.17    0.18032670251
9.21    0.179436164586
9.25    0.178460878312
9.29    0.17740439239
9.33    0.176270092842
9.37    0.175058019961
9.41    0.173769721778
9.45    0.172406979226
9.49    0.171111404842
9.53    0.171180073888
9.57    0.171191466718
9.61    0.171146557478
9.65    0.171047849096
9.69    0.170896618687
9.73    0.170694819223
9.77    0.170445237588
9.81    0.170150748954
9.85    0.169814381504
9.89    0.169436354382
9.93    0.169015751707
9.97    0.168550894673
