0.05    5.38705327744e-05
0.09    0.000191829792341
0.13    0.000441141598044
0.17    0.000993783562506
0.21    0.00195402753232
0.25    0.00389919966447
0.29    0.00478794170905
0.33    0.00512515151601
0.37    0.00663831199495
0.41    0.0101257316417
0.45    0.00972960188287
0.49    0.0119547078825
0.53    0.0122722505481
0.57    0.0136841855637
0.61    0.0130296896294
0.65    0.0138415822993
0.69    0.0172671671199
0.73    0.0204927587161
0.77    0.0257928466828
0.81    0.0317224593094
0.85    0.0380922784129
0.89    0.0441744863922
0.93    0.0487100817092
0.97    0.0521016660498
1.01    0.0478844466604
1.05    0.0414361749692
1.09    0.0361120587223
1.13    0.0346943710244
1.17    0.0407761782771
1.21    0.048288217282
1.25    0.0526620078733
1.29    0.0551020911483
1.33    0.0522612797465
1.37    0.0516120712321
1.41    0.0526063753559
1.45    0.0555813330454
1.49    0.0611583213706
1.53    0.0678885079562
1.57    0.0737347432327
1.61    0.0786157391519
1.65    0.0825051038546
1.69    0.0842411684873
1.73    0.0823601205746
1.77    0.0765558206274
1.81    0.0681873045426
1.85    0.0680455038128
1.89    0.0688713222932
1.93    0.0695240418261
1.97    0.0700226044118
2.01    0.0698631684337
2.05    0.0680711742199
2.09    0.0656402583869
2.13    0.0641907399728
2.17    0.0622564630044
2.21    0.0602384212744
2.25    0.0660709001514
2.29    0.0737205913081
2.33    0.0798721256886
2.37    0.084548313562
2.41    0.0878479393322
2.45    0.0942913647158
2.49    0.0981465287912
2.53    0.0989096516398
2.57    0.0968197852778
2.61    0.0930306769748
2.65    0.0892922819675
2.69    0.0873239199617
2.73    0.0880543506613
2.77    0.0911719109328
2.81    0.095414091518
2.85    0.0992886739827
2.89    0.101667567091
2.93    0.102065734255
2.97    0.100557583899
3.01    0.0975655662093
3.05    0.093770402496
3.09    0.089864126451
3.13    0.0865008137502
3.17    0.0841460845378
3.21    0.0829402567393
3.25    0.0827080604081
3.29    0.0830878184652
3.33    0.0836920862347
3.37    0.0842405951837
3.41    0.0846189851624
3.45    0.0850072899298
3.49    0.0865716241657
3.53    0.0881451459268
3.57    0.0899924762258
3.61    0.0923418237026
3.65    0.0953133835761
3.69    0.0988846221722
3.73    0.102900083149
3.77    0.107121091632
3.81    0.11129708671
3.85    0.115168474129
3.89    0.118508853039
3.93    0.121205890007
3.97    0.123334958665
4.01    0.125797630837
4.05    0.128586127082
4.09    0.131932147014
4.13    0.13443958987
4.17    0.136316136962
4.21    0.137808650166
4.25    0.142173158622
4.29    0.149193597933
4.33    0.15551123896
4.37    0.161401909004
4.41    0.167145696345
4.45    0.172505715284
4.49    0.177139815674
4.53    0.180865451812
4.57    0.183742617139
4.61    0.186135179251
4.65    0.187764809892
4.69    0.188453439597
4.73    0.194188286562
4.77    0.200816702366
4.81    0.207229848338
4.85    0.213400949093
4.89    0.219236192123
4.93    0.224565888176
4.97    0.229301001326
5.01    0.233392314448
5.05    0.236807759408
5.09    0.239540481091
5.13    0.241614245035
5.17    0.243049841657
5.21    0.243846415421
5.25    0.244015861612
5.29    0.243593513227
5.33    0.242621265094
5.37    0.241163675691
5.41    0.243359191735
5.45    0.246564719985
5.49    0.249422581278
5.53    0.251973994194
5.57    0.254263805897
5.61    0.25633785474
5.65    0.258241360331
5.69    0.260016513986
5.73    0.261700963256
5.77    0.263332728521
5.81    0.264942720081
5.85    0.26656212214
5.89    0.268219460414
5.93    0.269937040046
5.97    0.27173008622
6.01    0.273605313561
6.05    0.275562378015
6.09    0.27760185498
6.13    0.279713543576
6.17    0.28188990095
6.21    0.284119579925
6.25    0.286385579854
6.29    0.288671115676
6.33    0.290958811762
6.37    0.293234789059
6.41    0.295477913799
6.45    0.297674812097
6.49    0.299811909103
6.53    0.301874068376
6.57    0.303855844264
6.61    0.305756269693
6.65    0.307583344744
6.69    0.309345068594
6.73    0.311037574868
6.77    0.31263640615
6.81    0.314113331375
6.85    0.315468136901
6.89    0.316699069306
6.93    0.3177781216
6.97    0.318670467989
7.01    0.31935494974
7.05    0.31981606862
7.09    0.320036171072
7.13    0.320003639862
7.17    0.319708408051
7.21    0.319139933459
7.25    0.318299844249
7.29    0.317202782073
7.33    0.315872859188
7.37    0.314306366145
7.41    0.312479064095
7.45    0.310375899399
7.49    0.307996841293
7.53    0.305355687794
7.57    0.302468650923
7.61    0.299344338639
7.65    0.300692647359
7.69    0.302035893368
7.73    0.303236088
7.77    0.304302174301
7.81    0.305259080791
7.85    0.306133453336
7.89    0.306922287018
7.93    0.307607913923
7.97    0.308180101976
8.01    0.308639928406
8.05    0.309038403187
8.09    0.309503942716
8.13    0.309908175005
8.17    0.310215993046
8.21    0.310409300863
8.25    0.310478786971
8.29    0.310421377636
8.33    0.310241731624
8.37    0.30994439847
8.41    0.309533785707
8.45    0.309015844757
8.49    0.308398996487
8.53    0.307684094302
8.57    0.30687275679
8.61    0.305963938152
8.65    0.304961436842
8.69    0.303868689664
8.73    0.302692717384
8.77    0.301436214009
8.81    0.300110107161
8.85    0.298718270162
8.89    0.29726836322
8.93    0.295767938349
8.97    0.294224347985
9.01    0.292644720558
9.05    0.291036088771
9.09    0.289408665446
9.13    0.287766052463
9.17    0.286114392303
9.21    0.284464272365
9.25    0.282818677243
9.29    0.281184711302
9.33    0.279569196727
9.37    0.277976279475
9.41    0.276412334446
9.45    0.274882595864
9.49    0.273389167759
9.53    0.271941969502
9.57    0.270539849102
9.61    0.26918746158
9.65    0.267892175302
9.69    0.266653128897
9.73    0.265473472991
9.77    0.264357281944
9.81    0.263307768442
9.85    0.262324837326
9.89    0.261410356102
9.93    0.26056589085
9.97    0.25979312684
