0.05    5.63870187119e-05
0.09    0.000217054278467
0.13    0.000582500549378
0.17    0.000970662259641
0.21    0.00190772837229
0.25    0.00253234258321
0.29    0.0056603333407
0.33    0.00623068062442
0.37    0.00953748279947
0.41    0.00825531054121
0.45    0.0150404574484
0.49    0.019535951591
0.53    0.025602901965
0.57    0.0227663247632
0.61    0.0197249547106
0.65    0.0206767188343
0.69    0.0240997699059
0.73    0.0245329653498
0.77    0.0241370016649
0.81    0.0238695962797
0.85    0.0313102189168
0.89    0.037855740243
0.93    0.0386408731456
0.97    0.0384445290154
1.01    0.0340674427437
1.05    0.0321676399993
1.09    0.0294846741069
1.13    0.0297812474012
1.17    0.0309643976614
1.21    0.035615319903
1.25    0.0403856428344
1.29    0.0461968558977
1.33    0.0511124853431
1.37    0.0543846141544
1.41    0.0622198457002
1.45    0.0644175694553
1.49    0.0635385232063
1.53    0.061311752814
1.57    0.0615300871884
1.61    0.0601432021329
1.65    0.0627884958087
1.69    0.0687098613181
1.73    0.0776909659411
1.77    0.0861769656282
1.81    0.0930571287795
1.85    0.097943798526
1.89    0.100764044883
1.93    0.101127568328
1.97    0.108564583983
2.01    0.115499676798
2.05    0.116247894409
2.09    0.112264594377
2.13    0.105906842568
2.17    0.0998243860602
2.21    0.0958573578021
2.25    0.0942552823413
2.29    0.0938189085228
2.33    0.0951906746849
2.37    0.0996291134561
2.41    0.101870291709
2.45    0.101119484008
2.49    0.0981045114884
2.53    0.103447380692
2.57    0.107259827577
2.61    0.10952432479
2.65    0.110121253099
2.69    0.108689726333
2.73    0.105848651447
2.77    0.10205918047
2.81    0.115191800341
2.85    0.127944448341
2.89    0.137884997811
2.93    0.147911600866
2.97    0.160162328845
3.01    0.168823565476
3.05    0.173926687659
3.09    0.175526142556
3.13    0.173837313426
3.17    0.170589813965
3.21    0.169067648132
3.25    0.166261941617
3.29    0.162842443365
3.33    0.160726486716
3.37    0.159167836694
3.41    0.158108195285
3.45    0.156370989206
3.49    0.154975506931
3.53    0.154425299571
3.57    0.153558544691
3.61    0.152248105436
3.65    0.152244731338
3.69    0.156120340037
3.73    0.160044431822
3.77    0.163777133554
3.81    0.16707293314
3.85    0.170887950178
3.89    0.176558961122
3.93    0.181760900598
3.97    0.186347438626
4.01    0.190193258849
4.05    0.193243892265
4.09    0.195506675661
4.13    0.197068930716
4.17    0.198058625435
4.21    0.198640779483
4.25    0.199042750999
4.29    0.199464451865
4.33    0.200014112886
4.37    0.200766680901
4.41    0.201913996788
4.45    0.206563308452
4.49    0.211586875773
4.53    0.217050177317
4.57    0.22299261218
4.61    0.229424145117
4.65    0.236325893805
4.69    0.24365198128
4.73    0.251334017087
4.77    0.259293952395
4.81    0.267439075739
4.85    0.275667580012
4.89    0.283871798421
4.93    0.291942416913
4.97    0.299763134798
5.01    0.307215247152
5.05    0.314186269076
5.09    0.320582934215
5.13    0.326339921909
5.17    0.331426517719
5.21    0.335826254864
5.25    0.33952642392
5.29    0.342530742271
5.33    0.344855468563
5.37    0.346523531638
5.41    0.347583765828
5.45    0.348032302538
5.49    0.34785713495
5.53    0.349128112973
5.57    0.355898283583
5.61    0.362864875386
5.65    0.370135100671
5.69    0.377351722298
5.73    0.384370305264
5.77    0.391105761204
5.81    0.397470710099
5.85    0.403423542377
5.89    0.408951318142
5.93    0.414061808776
5.97    0.418764123592
6.01    0.423042382122
6.05    0.426887625786
6.09    0.430303862831
6.13    0.433312574804
6.17    0.435927173043
6.21    0.438158491267
6.25    0.440057951581
6.29    0.441685440205
6.33    0.445699440089
6.37    0.450687407976
6.41    0.455726017075
6.45    0.460676880469
6.49    0.465484647153
6.53    0.470127011821
6.57    0.474597238309
6.61    0.478894231112
6.65    0.483012295201
6.69    0.486953680383
6.73    0.490714860568
6.77    0.494291726619
6.81    0.497676406336
6.85    0.500867532224
6.89    0.503857726838
6.93    0.506650059514
6.97    0.509240094059
7.01    0.511635240387
7.05    0.513834925128
7.09    0.515842752143
7.13    0.517664575079
7.17    0.519313318894
7.21    0.520788731977
7.25    0.522100856995
7.29    0.523256409576
7.33    0.524262194737
7.37    0.5251189806
7.41    0.525836157522
7.45    0.526412108436
7.49    0.526857861837
7.53    0.52718815801
7.57    0.527426621616
7.61    0.527644512015
7.65    0.527930848473
7.69    0.528219839028
7.73    0.528472793585
7.77    0.52867971051
7.81    0.528831178657
7.85    0.528925689321
7.89    0.528997369772
7.93    0.529213487676
7.97    0.529642047129
8.01    0.530065591728
8.05    0.530435579839
8.09    0.530738250727
8.13    0.530970298066
8.17    0.531124009972
8.21    0.531193697236
8.25    0.531174696347
8.29    0.531069438138
8.33    0.530891942895
8.37    0.530665062617
8.41    0.530411963123
8.45    0.530132044343
8.49    0.529787348243
8.53    0.529342923807
8.57    0.528785138378
8.61    0.528109882897
8.65    0.527319318018
8.69    0.526423349632
8.73    0.525424795417
8.77    0.524324847056
8.81    0.523125694311
8.85    0.521831387619
8.89    0.520447531926
8.93    0.518968437981
8.97    0.517390040817
9.01    0.515705545577
9.05    0.513911524031
9.09    0.512008182172
9.13    0.510000817492
9.17    0.507898204199
9.21    0.505717649135
9.25    0.50348959173
9.29    0.502052998804
9.33    0.500910747888
9.37    0.499692032951
9.41    0.498382589814
9.45    0.496982194223
9.49    0.495493008056
9.53    0.493925936729
9.57    0.492306088926
9.61    0.490694320754
9.65    0.489177221127
9.69    0.487705970065
9.73    0.486227187261
9.77    0.484718513188
9.81    0.483164139402
9.85    0.482838363861
9.89    0.484479050894
9.93    0.486061299755
9.97    0.487584995498
