0.05    0.000100180876511
0.09    0.000391598105737
0.13    0.000857779639529
0.17    0.0020251549013
0.21    0.00371455867011
0.25    0.00590793891024
0.29    0.007822720816
0.33    0.0110708854272
0.37    0.0134250300627
0.41    0.012552911915
0.45    0.0112581101268
0.49    0.0176560391849
0.53    0.0209562500102
0.57    0.0222731819282
0.61    0.0252486653937
0.65    0.0297009092436
0.69    0.0347225817758
0.73    0.037035839293
0.77    0.0384801902231
0.81    0.0505350405307
0.85    0.0661187600672
0.89    0.0769718535707
0.93    0.0796691420171
0.97    0.0837037092822
1.01    0.0886312783316
1.05    0.0937643986706
1.09    0.0827026603706
1.13    0.0739867780325
1.17    0.0732129371791
1.21    0.0708329924844
1.25    0.0788041698662
1.29    0.0790753356466
1.33    0.092426492997
1.37    0.0984376112345
1.41    0.103362559017
1.45    0.10452773259
1.49    0.100649406518
1.53    0.0906763874854
1.57    0.0930028498786
1.61    0.0974304046077
1.65    0.102985745478
1.69    0.10526073912
1.73    0.117868919537
1.77    0.125094575549
1.81    0.124991084246
1.85    0.138519423289
1.89    0.143788455221
1.93    0.146747844242
1.97    0.141012329091
2.01    0.127323914499
2.05    0.115975870635
2.09    0.116967875436
2.13    0.115213124246
2.17    0.111399341913
2.21    0.106277297334
2.25    0.100582867758
2.29    0.0949360978377
2.33    0.0897200652399
2.37    0.0851469576436
2.41    0.0842986933165
2.45    0.0871049909542
2.49    0.092200089867
2.53    0.0988698345057
2.57    0.105480469202
2.61    0.110332829074
2.65    0.112146506502
2.69    0.110651208952
2.73    0.112566656446
2.77    0.116718109415
2.81    0.116446670158
2.85    0.111583731666
2.89    0.102146917773
2.93    0.101003524776
2.97    0.104201678055
3.01    0.111804336245
3.05    0.117615011621
3.09    0.121013532278
3.13    0.121485345481
3.17    0.118884678599
3.21    0.113602189035
3.25    0.106177914214
3.29    0.10397098275
3.33    0.104638093322
3.37    0.109203034558
3.41    0.114073405847
3.45    0.118259640223
3.49    0.1216850227
3.53    0.124379949818
3.57    0.126420268212
3.61    0.127913799978
3.65    0.128822952769
3.69    0.129130825118
3.73    0.128901503816
3.77    0.128265478166
3.81    0.13079841397
3.85    0.13419863835
3.89    0.137301041418
3.93    0.140060156461
3.97    0.142602443314
4.01    0.148850441153
4.05    0.155305018122
4.09    0.16103088828
4.13    0.169238389494
4.17    0.174936384747
4.21    0.178225592964
4.25    0.178966933448
4.29    0.177245025139
4.33    0.179932670273
4.37    0.18417459887
4.41    0.185861600324
4.45    0.185244172602
4.49    0.182426750796
4.53    0.177742924488
4.57    0.171692293495
4.61    0.164546551415
4.65    0.156865900501
4.69    0.155945730373
4.73    0.155991301425
4.77    0.156126430046
4.81    0.156205384962
4.85    0.156218121553
4.89    0.156193218428
4.93    0.156126956019
4.97    0.155970243217
5.01    0.155674589688
5.05    0.155221022873
5.09    0.154817633092
5.13    0.155261304402
5.17    0.15537600766
5.21    0.155072448628
5.25    0.161958308892
5.29    0.17017028588
5.33    0.178149890765
5.37    0.185639614595
5.41    0.192444512699
5.45    0.198492075157
5.49    0.203543715847
5.53    0.207589147544
5.57    0.210636271117
5.61    0.212846563336
5.65    0.215772301789
5.69    0.22354981558
5.73    0.229986353212
5.77    0.235065722555
5.81    0.238664758669
5.85    0.240780515373
5.89    0.241462963769
5.93    0.24079656836
5.97    0.238854252019
6.01    0.235678622262
6.05    0.231306392124
6.09    0.225795470963
6.13    0.219236314511
6.17    0.211744928408
6.21    0.203455195256
6.25    0.200865624396
6.29    0.198223809466
6.33    0.194928622946
6.37    0.191007579225
6.41    0.186582576564
6.45    0.181684692163
6.49    0.17638051109
6.53    0.171590141874
6.57    0.168754393793
6.61    0.16570834221
6.65    0.167050267147
6.69    0.168170065487
6.73    0.169024481235
6.77    0.169681861569
6.81    0.170099907111
6.85    0.170335121202
6.89    0.170292994594
6.93    0.170063721149
6.97    0.169601396545
7.01    0.168905493703
7.05    0.168058711936
7.09    0.166986553802
7.13    0.165734237007
7.17    0.164329896272
7.21    0.162729316355
7.25    0.160998130887
7.29    0.159113231088
7.33    0.157059240146
7.37    0.154912091065
7.41    0.152617670898
7.45    0.150179519657
7.49    0.148786855615
7.53    0.148692584341
7.57    0.148458724114
7.61    0.148086060541
7.65    0.147566895474
7.69    0.146909184768
7.73    0.146139047094
7.77    0.145245797731
7.81    0.144230537456
7.85    0.143088213271
7.89    0.141835484548
7.93    0.140467657567
7.97    0.138969762084
8.01    0.137383835679
8.05    0.135678676695
8.09    0.133874112856
8.13    0.133537562045
8.17    0.134905100215
8.21    0.136738034199
8.25    0.138230396461
8.29    0.13942787921
8.33    0.140300218058
8.37    0.140832525645
8.41    0.141029128949
8.45    0.140938201975
8.49    0.140548541651
8.53    0.139846698344
8.57    0.138844064138
8.61    0.137594096027
8.65    0.136087077429
8.69    0.134319191675
8.73    0.132306521446
8.77    0.131231893318
8.81    0.130771561389
8.85    0.130223888067
8.89    0.129619355768
8.93    0.128949584178
8.97    0.128228646891
9.01    0.128142151003
9.05    0.128110727965
9.09    0.128070748251
9.13    0.128022054382
9.17    0.127964505214
9.21    0.127897975503
9.25    0.127822355438
9.29    0.127737550177
9.33    0.12764347937
9.37    0.127540076682
9.41    0.127427289302
9.45    0.127305077464
9.49    0.127173413955
9.53    0.127035966817
9.57    0.126894405
9.61    0.127139620551
9.65    0.12742002144
9.69    0.127687466916
9.73    0.127941905617
9.77    0.128183298068
9.81    0.12841161635
9.85    0.128626843774
9.89    0.128828974537
9.93    0.129018613662
9.97    0.129208325035
