0.05    0.000111263298205
0.09    0.000607398116417
0.13    0.00128320139609
0.17    0.00291128639524
0.21    0.00478851786821
0.25    0.00738528235644
0.29    0.00830459008186
0.33    0.0133875228629
0.37    0.0199406551086
0.41    0.0172817109783
0.45    0.0166212779518
0.49    0.0175573053896
0.53    0.0237949486052
0.57    0.0202390674609
0.61    0.0275670356869
0.65    0.0338879291887
0.69    0.0350996901117
0.73    0.0335782525155
0.77    0.0281620179969
0.81    0.0276650733391
0.85    0.034446928702
0.89    0.0412504390736
0.93    0.0512135516758
0.97    0.0597207807154
1.01    0.0549014203231
1.05    0.046667755978
1.09    0.0487552969116
1.13    0.0490230148711
1.17    0.0586493168829
1.21    0.0572970222007
1.25    0.0561689071277
1.29    0.0653782433568
1.33    0.0664805081897
1.37    0.0665034019663
1.41    0.069932089207
1.45    0.0699526729251
1.49    0.0727889884006
1.53    0.073749707189
1.57    0.0726109990448
1.61    0.0719115110699
1.65    0.0690687663078
1.69    0.0638574480224
1.73    0.060500228778
1.77    0.0652034040684
1.81    0.075905844037
1.85    0.0811407247916
1.89    0.0781633939607
1.93    0.0810012572592
1.97    0.0819607348171
2.01    0.0808162963892
2.05    0.0784319430946
2.09    0.0751652798563
2.13    0.0717656917044
2.17    0.0689451767208
2.21    0.0676529323214
2.25    0.06807950642
2.29    0.0695693079081
2.33    0.0709542805777
2.37    0.0711254926165
2.41    0.0696193099683
2.45    0.0666224973845
2.49    0.0632021248546
2.53    0.0636425670955
2.57    0.0658064606275
2.61    0.068406452867
2.65    0.0724435372617
2.69    0.0783122823194
2.73    0.0873869888168
2.77    0.0967308778148
2.81    0.105041021827
2.85    0.110680661355
2.89    0.112449100602
2.93    0.110311516016
2.97    0.105721853262
3.01    0.104077984129
3.05    0.0995888145222
3.09    0.0933481686096
3.13    0.08625826548
3.17    0.0793462963344
3.21    0.073542636072
3.25    0.0693691093751
3.29    0.0670262277443
3.33    0.0663731281922
3.37    0.0669659120759
3.41    0.0682996171397
3.45    0.0698888673535
3.49    0.0713860957873
3.53    0.072522678775
3.57    0.07317636447
3.61    0.0733361455823
3.65    0.0730480611272
3.69    0.0723682688019
3.73    0.0713089652026
3.77    0.0698644553043
3.81    0.0681539949595
3.85    0.0662106263256
3.89    0.0641011070296
3.93    0.0624779592031
3.97    0.0611139531219
4.01    0.0597464668208
4.05    0.0586027411702
4.09    0.0577349107105
4.13    0.0571731339274
4.17    0.0570197015323
4.21    0.057347820766
4.25    0.0580956382417
4.29    0.0591713497857
4.33    0.0604800822324
4.37    0.0620487506471
4.41    0.0646201004054
4.45    0.0674119019278
4.49    0.0700681955996
4.53    0.0724621363279
4.57    0.074427795202
4.61    0.0758757318867
4.65    0.0767280590943
4.69    0.0770374589643
4.73    0.0807008862062
4.77    0.0838705095074
4.81    0.0864367110582
4.85    0.0883974261557
4.89    0.0896582896801
4.93    0.0902305390876
4.97    0.0901079068673
5.01    0.0893584042822
5.05    0.0879922009949
5.09    0.0860534612533
5.13    0.0836547783091
5.17    0.0816527159253
5.21    0.0830899043727
5.25    0.0844241610156
5.29    0.0856513508428
5.33    0.086800574849
5.37    0.0878665781244
5.41    0.0888171941299
5.45    0.0896503610456
5.49    0.0903918030948
5.53    0.0910504545822
5.57    0.0915883885801
5.61    0.0920052522569
5.65    0.0923332725075
5.69    0.0925726222892
5.73    0.0926916457209
5.77    0.0936361896469
5.81    0.095452908561
5.85    0.0972409350295
5.89    0.0989990524813
5.93    0.100726159507
5.97    0.102421264737
6.01    0.104105237752
6.05    0.105761652875
6.09    0.107384147938
6.13    0.108972076446
6.17    0.110524879056
6.21    0.112042078966
6.25    0.113523277427
6.29    0.114968149377
6.33    0.11637643922
6.37    0.117747956734
6.41    0.11908257312
6.45    0.120380217202
6.49    0.121640871765
6.53    0.122864570036
6.57    0.124051392315
6.61    0.125201462743
6.65    0.126314946216
6.69    0.12739204543
6.73    0.128432998068
6.77    0.129438074119
6.81    0.130426391419
6.85    0.131390831408
6.89    0.132320223064
6.93    0.133214924533
6.97    0.134075315786
7.01    0.134901796622
7.05    0.135694784779
7.09    0.136454714143
7.13    0.137182033063
7.17    0.137877202755
7.21    0.138540695804
7.25    0.13917299475
7.29    0.139774590763
7.33    0.140345982394
7.37    0.140887674402
7.41    0.141400176665
7.45    0.141884003146
7.49    0.142339670939
7.53    0.14276769937
7.57    0.143168609164
7.61    0.143554423
7.65    0.14571729244
7.69    0.148278367131
7.73    0.150780505382
7.77    0.153191158302
7.81    0.155500360856
7.85    0.157753505226
7.89    0.159911572374
7.93    0.161967831745
7.97    0.163927349898
8.01    0.165833436972
8.05    0.167638354549
8.09    0.169342489165
8.13    0.170955993268
8.17    0.172513410057
8.21    0.173971813642
8.25    0.175350755212
8.29    0.176666359472
8.33    0.177920075662
8.37    0.179099498459
8.41    0.180371002271
8.45    0.181670134936
8.49    0.182875049212
8.53    0.183986767619
8.57    0.185031117013
8.61    0.186010781248
8.65    0.186900354638
8.69    0.187701079271
8.73    0.188414249516
8.77    0.189071055989
8.81    0.189662199366
8.85    0.190169440487
8.89    0.190594213041
8.93    0.190944843313
8.97    0.191256204865
9.01    0.191489004505
9.05    0.19165096364
9.09    0.191776797987
9.13    0.191858976146
9.17    0.191946916195
9.21    0.192038044312
9.25    0.192118477599
9.29    0.192483295757
9.33    0.192796725043
9.37    0.193069002865
9.41    0.1932807187
9.45    0.193449031762
9.49    0.193562725788
9.53    0.193607342527
9.57    0.193611069208
9.61    0.19356364041
9.65    0.193450881362
9.69    0.193274240997
9.73    0.193035169829
9.77    0.193776317941
9.81    0.195015052111
9.85    0.196220561384
9.89    0.197352013376
9.93    0.19844869986
9.97    0.199493476316
