0.05    7.94525257675e-05
0.09    0.000276122697944
0.13    0.00101714301998
0.17    0.00138896329324
0.21    0.00286270590991
0.25    0.00429808259064
0.29    0.00513057952502
0.33    0.00660305872872
0.37    0.00952948242451
0.41    0.0144933895265
0.45    0.0172831616869
0.49    0.0214615861158
0.53    0.0266489232994
0.57    0.0338623085569
0.61    0.035644833236
0.65    0.0499240840562
0.69    0.063122916086
0.73    0.0716840136759
0.77    0.0789246267474
0.81    0.0811323406136
0.85    0.0711547089471
0.89    0.0592763736222
0.93    0.0572922484432
0.97    0.060607251912
1.01    0.0638020273349
1.05    0.0642040240431
1.09    0.0608403342631
1.13    0.0571667067614
1.17    0.0538293914639
1.21    0.0492140956475
1.25    0.0447784622894
1.29    0.0412080981423
1.33    0.0386057713025
1.37    0.0363582885951
1.41    0.0410861923553
1.45    0.0495136919466
1.49    0.0584927780039
1.53    0.0681585275001
1.57    0.078692486006
1.61    0.0922224937791
1.65    0.10467150126
1.69    0.11636184484
1.73    0.127077253424
1.77    0.134981364602
1.81    0.1438736063
1.85    0.164642139352
1.89    0.177594503294
1.93    0.182744955434
1.97    0.180210658428
2.01    0.169543229592
2.05    0.151552842086
2.09    0.140025138132
2.13    0.143835276655
2.17    0.156860399619
2.21    0.166173850141
2.25    0.170874613458
2.29    0.171058594091
2.33    0.167065685745
2.37    0.162235407281
2.41    0.15839152881
2.45    0.152173055245
2.49    0.144145597847
2.53    0.146428318398
2.57    0.145854569158
2.61    0.142445029225
2.65    0.13751514984
2.69    0.132082162735
2.73    0.127719388251
2.77    0.127904406623
2.81    0.128488130615
2.85    0.131744097209
2.89    0.13704829719
2.93    0.142276889185
2.97    0.146970984994
3.01    0.150699017211
3.05    0.153079781437
3.09    0.153856408939
3.13    0.152924245737
3.17    0.154272060532
3.21    0.158288127735
3.25    0.161429241479
3.29    0.163734070685
3.33    0.165059313973
3.37    0.165276273019
3.41    0.164420102803
3.45    0.162427746929
3.49    0.159334254435
3.53    0.155311036634
3.57    0.150335494142
3.61    0.151739156345
3.65    0.155149909857
3.69    0.15852454755
3.73    0.161818209501
3.77    0.165046896061
3.81    0.16818037739
3.85    0.171178300238
3.89    0.174078581526
3.93    0.176751867129
3.97    0.179333946871
4.01    0.181634377667
4.05    0.183789921147
4.09    0.185652597853
4.13    0.187325637714
4.17    0.188694769282
4.21    0.189854138638
4.25    0.190697036567
4.29    0.191322943858
4.33    0.191630838755
4.37    0.191713050572
4.41    0.191499267179
4.45    0.191043950116
4.49    0.190340396057
4.53    0.189380423555
4.57    0.188233220782
4.61    0.186826469365
4.65    0.185291376467
4.69    0.183514442205
4.73    0.181647211746
4.77    0.179580572862
4.81    0.177437319229
4.85    0.175143114432
4.89    0.172791282483
4.93    0.170328639862
4.97    0.167827229704
5.01    0.165250296338
5.05    0.162651051524
5.09    0.160007696421
5.13    0.157353961734
5.17    0.154685063195
5.21    0.152012783795
5.25    0.149351997395
5.29    0.146690221213
5.33    0.144064122677
5.37    0.141434875807
5.41    0.140482556521
5.45    0.140662458762
5.49    0.141458113834
5.53    0.14827839561
5.57    0.154702290354
5.61    0.16067002255
5.65    0.166179380788
5.69    0.171225682717
5.73    0.175759952255
5.77    0.179774510304
5.81    0.183291048838
5.85    0.186314119255
5.89    0.188827027257
5.93    0.190835783
5.97    0.19234427663
6.01    0.193357679271
6.05    0.193923584957
6.09    0.194013494569
6.13    0.194295894594
6.17    0.194103400524
6.21    0.193336541614
6.25    0.192023651401
6.29    0.190225383459
6.33    0.187921568078
6.37    0.185167044512
6.41    0.181980252614
6.45    0.178399422981
6.49    0.174458144
6.53    0.170206472859
6.57    0.16566772712
6.61    0.160903831455
6.65    0.155915875307
6.69    0.150670645573
6.73    0.147074719994
6.77    0.147438231413
6.81    0.14781369748
6.85    0.148200752041
6.89    0.148586606105
6.93    0.14897019835
6.97    0.149354211094
7.01    0.149752743937
7.05    0.150145805216
7.09    0.150534583741
7.13    0.151110556675
7.17    0.151818015516
7.21    0.152274749034
7.25    0.152510419297
7.29    0.15251449314
7.33    0.152903207426
7.37    0.153286669008
7.41    0.15365902631
7.45    0.154037559969
7.49    0.154400782185
7.53    0.15475850219
7.57    0.155112624803
7.61    0.155449460412
7.65    0.155791370502
7.69    0.156115524344
7.73    0.156424023667
7.77    0.156733457504
7.81    0.157022985065
7.85    0.157292235895
7.89    0.157554411439
7.93    0.157805522169
7.97    0.158035319913
8.01    0.158243575544
8.05    0.158435950292
8.09    0.158623603174
8.13    0.158789054819
8.17    0.158932204208
8.21    0.159052981693
8.25    0.159156446897
8.29    0.159254761177
8.33    0.159330460518
8.37    0.15938358363
8.41    0.159414195219
8.45    0.159422384845
8.49    0.15942581352
8.53    0.159410839989
8.57    0.159373607176
8.61    0.159314287974
8.65    0.159233074746
8.69    0.159144818734
8.73    0.159040823687
8.77    0.158915353481
8.81    0.158768664166
8.85    0.158606515719
8.89    0.158437790863
8.93    0.158248421609
8.97    0.158038713578
9.01    0.157808983334
9.05    0.15757675613
9.09    0.157326436689
9.13    0.157056815001
9.17    0.156768241444
9.21    0.156461265716
9.25    0.156153466979
9.29    0.155827515481
9.33    0.155483784773
9.37    0.15512265282
9.41    0.154750224462
9.45    0.154371859847
9.49    0.153976955249
9.53    0.153568934494
9.57    0.153157940817
9.61    0.152731288814
9.65    0.152301544687
9.69    0.151859974154
9.73    0.151403637497
9.77    0.150932929584
9.81    0.150459701488
9.85    0.149975756947
9.89    0.149478333404
9.93    0.148967821951
9.97    0.148444611591
