0.05    8.29307695904e-05
0.09    0.000300471901679
0.13    0.000659175153203
0.17    0.00100407047186
0.21    0.00250013976464
0.25    0.0035890929596
0.29    0.00483928256073
0.33    0.00751067222747
0.37    0.0102677562923
0.41    0.0179503654515
0.45    0.015761175573
0.49    0.016035972516
0.53    0.0183171900947
0.57    0.0187173435829
0.61    0.019753156108
0.65    0.0236820744451
0.69    0.0314168483062
0.73    0.0373493808263
0.77    0.0329034488599
0.81    0.0326623297385
0.85    0.0356881067541
0.89    0.043499550765
0.93    0.0533419767379
0.97    0.0625209317021
1.01    0.0685298220974
1.05    0.077926960316
1.09    0.0832508191902
1.13    0.0852140317326
1.17    0.0847164956047
1.21    0.0828341756869
1.25    0.0803217568576
1.29    0.0790440055987
1.33    0.0792140501546
1.37    0.0792097275089
1.41    0.0789115316175
1.45    0.0781826749926
1.49    0.0768321823077
1.53    0.0746046254153
1.57    0.0712175469585
1.61    0.0796837671384
1.65    0.0865857190149
1.69    0.0909147282426
1.73    0.101401466653
1.77    0.119309550774
1.81    0.137615548545
1.85    0.149946214413
1.89    0.15396679182
1.93    0.154716328429
1.97    0.154717286221
2.01    0.154553208936
2.05    0.151953333651
2.09    0.14840877534
2.13    0.145611323449
2.17    0.145264919268
2.21    0.148213637962
2.25    0.153652260666
2.29    0.159389586967
2.33    0.163106559702
2.37    0.163014376081
2.41    0.158551583656
2.45    0.150657563213
2.49    0.146157196999
2.53    0.141018026412
2.57    0.135319206943
2.61    0.129007583351
2.65    0.123274330014
2.69    0.122445854241
2.73    0.127068412258
2.77    0.131655999064
2.81    0.136611772388
2.85    0.142100232531
2.89    0.147655378361
2.93    0.153148602628
2.97    0.158640657913
3.01    0.164132557812
3.05    0.177021681829
3.09    0.188703907656
3.13    0.197844488357
3.17    0.203979080472
3.21    0.206890411887
3.25    0.212130226355
3.29    0.221933161334
3.33    0.229238959164
3.37    0.233773154172
3.41    0.235578208187
3.45    0.234911967401
3.49    0.231773660384
3.53    0.23819921727
3.57    0.243910007732
3.61    0.248847323266
3.65    0.253021002271
3.69    0.256840415905
3.73    0.260811764791
3.77    0.264667037655
3.81    0.268166702204
3.85    0.271074842927
3.89    0.273268910773
3.93    0.274837434226
3.97    0.275727795107
4.01    0.275941773425
4.05    0.275422845502
4.09    0.274282069013
4.13    0.27251437468
4.17    0.270116441975
4.21    0.267179067543
4.25    0.263775289474
4.29    0.259868895819
4.33    0.255546750624
4.37    0.250820021797
4.41    0.245688692128
4.45    0.240277345705
4.49    0.23454248
4.53    0.232008073902
4.57    0.232198323236
4.61    0.232025957757
4.65    0.231545001091
4.69    0.230705200726
4.73    0.229501827269
4.77    0.227975073305
4.81    0.226157680357
4.85    0.223989125217
4.89    0.221541641644
4.93    0.218835225458
4.97    0.215826426599
5.01    0.212606470836
5.05    0.209134994108
5.09    0.213655012788
5.13    0.217706145364
5.17    0.220968990121
5.21    0.223520772746
5.25    0.22542062655
5.29    0.22670090146
5.33    0.22738197866
5.37    0.230068601515
5.41    0.233541878594
5.45    0.236165216636
5.49    0.238038277296
5.53    0.239167529047
5.57    0.239658021786
5.61    0.23957483545
5.65    0.238961244316
5.69    0.237927184081
5.73    0.2365071308
5.77    0.234743407398
5.81    0.232691961191
5.85    0.230405184029
5.89    0.227933170421
5.93    0.225329619023
5.97    0.222709799509
6.01    0.222160913804
6.05    0.224430571062
6.09    0.228706302171
6.13    0.23273665178
6.17    0.236476434747
6.21    0.23989749121
6.25    0.243036429462
6.29    0.245879647133
6.33    0.248502120816
6.37    0.250921342976
6.41    0.253159256177
6.45    0.255247341046
6.49    0.25725035744
6.53    0.259140340806
6.57    0.260925619648
6.61    0.262651063971
6.65    0.264282939353
6.69    0.265833032877
6.73    0.267296339712
6.77    0.26864093576
6.81    0.269842687498
6.85    0.270852766261
6.89    0.271685755184
6.93    0.272257275055
6.97    0.272581860235
7.01    0.272593841545
7.05    0.272294655984
7.09    0.272512267279
7.13    0.275320749066
7.17    0.278044387737
7.21    0.28065487347
7.25    0.283139796037
7.29    0.285409581292
7.33    0.287457358361
7.37    0.289216777719
7.41    0.290693556307
7.45    0.291851164534
7.49    0.292658575133
7.53    0.293136928933
7.57    0.293269348268
7.61    0.29302940413
7.65    0.292439729119
7.69    0.291446694324
7.73    0.29004749178
7.77    0.288278844129
7.81    0.286097824671
7.85    0.283516211591
7.89    0.282476868506
7.93    0.285269390573
7.97    0.287775676594
8.01    0.289966088504
8.05    0.291822798501
8.09    0.293331803065
8.13    0.294490955164
8.17    0.295334555295
8.21    0.295816697342
8.25    0.295939306866
8.29    0.295713401806
8.33    0.295176255798
8.37    0.294297715887
8.41    0.29308517386
8.45    0.291545926609
8.49    0.29317807989
8.53    0.295045704608
8.57    0.296709375199
8.61    0.298148228736
8.65    0.29936782549
8.69    0.300374803485
8.73    0.301151895695
8.77    0.301725562689
8.81    0.302065345328
8.85    0.302208185802
8.89    0.30211909185
8.93    0.301833835553
8.97    0.301327151961
9.01    0.300620823581
9.05    0.299710316537
9.09    0.298597506154
9.13    0.297299060171
9.17    0.295797071131
9.21    0.294128345422
9.25    0.292256059051
9.29    0.290236163737
9.33    0.288012129502
9.37    0.285661323412
9.41    0.283111594135
9.45    0.280446594915
9.49    0.277599834159
9.53    0.27464099637
9.57    0.275726403991
9.61    0.277281281097
9.65    0.278740107241
9.69    0.280128103113
9.73    0.281419709927
9.77    0.282613661791
9.81    0.283735029199
9.85    0.284741529914
9.89    0.285683165037
9.93    0.286501941041
9.97    0.287256420593
