0.05    0.000447426297765
0.09    0.00142978420127
0.13    0.00335912877312
0.17    0.00511668750823
0.21    0.00790524165933
0.25    0.00694979470543
0.29    0.00848066619413
0.33    0.0108747129149
0.37    0.0139495905057
0.41    0.0114122543285
0.45    0.0119574459375
0.49    0.0105533024744
0.53    0.0091254341608
0.57    0.0128305103253
0.61    0.0197556487866
0.65    0.0172647953904
0.69    0.0199611861108
0.73    0.0215368602662
0.77    0.0206841752811
0.81    0.0249158706778
0.85    0.0266782480665
0.89    0.0263820402379
0.93    0.0286510619762
0.97    0.0315711715769
1.01    0.0332637015496
1.05    0.0332972704516
1.09    0.0321952653748
1.13    0.0318957393521
1.17    0.0329856931839
1.21    0.0346957951413
1.25    0.0387130697195
1.29    0.0463158249818
1.33    0.0486986821218
1.37    0.0467496059911
1.41    0.0458559954583
1.45    0.047621151013
1.49    0.0490034921732
1.53    0.0482060414587
1.57    0.046563466054
1.61    0.0424007395307
1.65    0.0391309251018
1.69    0.0402666199808
1.73    0.0460926834788
1.77    0.0535526672974
1.81    0.0597580947639
1.85    0.0633641899902
1.89    0.064600789401
1.93    0.0649393880229
1.97    0.0657629384282
2.01    0.0683200965313
2.05    0.0729966492726
2.09    0.0790463458597
2.13    0.0851982245502
2.17    0.0904043904749
2.21    0.0941780869899
2.25    0.0965006976186
2.29    0.106891157528
2.33    0.115786838606
2.37    0.124248130285
2.41    0.131070400916
2.45    0.135838698836
2.49    0.138194796652
2.53    0.140630125004
2.57    0.141930571442
2.61    0.139671282369
2.65    0.135466665151
2.69    0.140115092222
2.73    0.142272064265
2.77    0.141823578198
2.81    0.138395750964
2.85    0.132437348721
2.89    0.124392336725
2.93    0.129034239928
2.97    0.132336995551
3.01    0.135012673167
3.05    0.138274884289
3.09    0.140616571831
3.13    0.143407652083
3.17    0.145705230897
3.21    0.14627670833
3.25    0.146585495193
3.29    0.147629342618
3.33    0.16310938797
3.37    0.1778302422
3.41    0.191178176302
3.45    0.202957083302
3.49    0.212763620376
3.53    0.22047916728
3.57    0.226250549417
3.61    0.230043477663
3.65    0.231754871091
3.69    0.231785741079
3.73    0.231241952429
3.77    0.231678205265
3.81    0.231028127605
3.85    0.229905580689
3.89    0.228071279091
3.93    0.225137505779
3.97    0.221442899751
4.01    0.217170521191
4.05    0.212363720613
4.09    0.207279170614
4.13    0.202217048655
4.17    0.197903134923
4.21    0.19947338744
4.25    0.200818938802
4.29    0.201942514329
4.33    0.202849532046
4.37    0.203547830837
4.41    0.204536551814
4.45    0.205926346547
4.49    0.207127663157
4.53    0.212103973819
4.57    0.218989038317
4.61    0.226506897895
4.65    0.234492466121
4.69    0.242741957543
4.73    0.251090953134
4.77    0.261117215304
4.81    0.27288314107
4.85    0.284884791743
4.89    0.296946848363
4.93    0.308892010399
4.97    0.320614597123
5.01    0.332058950106
5.05    0.34319037556
5.09    0.354053035456
5.13    0.364403777008
5.17    0.374194089346
5.21    0.383384778494
5.25    0.392004798271
5.29    0.40010539855
5.33    0.407525543556
5.37    0.414230436381
5.41    0.420285254741
5.45    0.426707122281
5.49    0.439285214874
5.53    0.451449038749
5.57    0.463232636468
5.61    0.474511311236
5.65    0.48522339574
5.69    0.49536529943
5.73    0.504968747309
5.77    0.51405860983
5.81    0.522681768811
5.85    0.530914397199
5.89    0.538679127911
5.93    0.545910578834
5.97    0.552526683247
6.01    0.558541356095
6.05    0.564035822712
6.09    0.569031934292
6.13    0.573513697783
6.17    0.577584533595
6.21    0.581270875606
6.25    0.584468503775
6.29    0.587119415682
6.33    0.589205100656
6.37    0.590766346735
6.41    0.591851689364
6.45    0.592485785889
6.49    0.592679365029
6.53    0.592552066544
6.57    0.592154326696
6.61    0.591381483769
6.65    0.590295635495
6.69    0.588963454705
6.73    0.587440483351
6.77    0.585769432232
6.81    0.583808662721
6.85    0.581448032764
6.89    0.578674447972
6.93    0.575633768885
6.97    0.572582105165
7.01    0.569622423186
7.05    0.566552977142
7.09    0.563192396739
7.13    0.559653179144
7.17    0.555908914534
7.21    0.551937378471
7.25    0.548330291422
7.29    0.544922772229
7.33    0.541693957187
7.37    0.538436547037
7.41    0.534901130763
7.45    0.531140197382
7.49    0.527299007045
7.53    0.52337419748
7.57    0.519397044541
7.61    0.515456910515
7.65    0.513252534306
7.69    0.513949174492
7.73    0.514499346311
7.77    0.515204954495
7.81    0.515846654486
7.85    0.516336247191
7.89    0.516667107588
7.93    0.516841585813
7.97    0.516863350425
8.01    0.516737134652
8.05    0.516468241245
8.09    0.516062193115
8.13    0.51552482338
8.17    0.51486662345
8.21    0.514093663879
8.25    0.513294119391
8.29    0.512780828154
8.33    0.512414575545
8.37    0.51192785993
8.41    0.51132220488
8.45    0.510600682001
8.49    0.509767705489
8.53    0.508829406247
8.57    0.507794215185
8.61    0.506672728758
8.65    0.505601220596
8.69    0.504505623825
8.73    0.503333450438
8.77    0.502090192659
8.81    0.500772116073
8.85    0.49938173862
8.89    0.49792212679
8.93    0.496396764391
8.97    0.494812445719
9.01    0.493169056799
9.05    0.491470160738
9.09    0.489727259214
9.13    0.488060321907
9.17    0.486769293892
9.21    0.485615221228
9.25    0.484410215762
9.29    0.48314622296
9.33    0.481824169202
9.37    0.480446173013
9.41    0.47901531694
9.45    0.477535731108
9.49    0.476013289396
9.53    0.474461158066
9.57    0.472886338437
9.61    0.471289348111
9.65    0.469672876373
9.69    0.468072251847
9.73    0.466490698222
9.77    0.464878754404
9.81    0.463229695639
9.85    0.461545691297
9.89    0.459822928453
9.93    0.458064442148
9.97    0.456275213185
