0.05    0.000206242705694
0.09    0.000744947363071
0.13    0.00180375958811
0.17    0.00346489752885
0.21    0.00538720112559
0.25    0.00895976186856
0.29    0.0139994487398
0.33    0.0231886482717
0.37    0.0352625598826
0.41    0.0416825985272
0.45    0.0385125215137
0.49    0.0381002193878
0.53    0.0537921086131
0.57    0.064589198671
0.61    0.0709780419002
0.65    0.0722979188953
0.69    0.0698838118477
0.73    0.0675715180392
0.77    0.0705231267159
0.81    0.0713285645664
0.85    0.0805727821329
0.89    0.0897544394418
0.93    0.0978790391405
0.97    0.104597879262
1.01    0.108697171259
1.05    0.109771724611
1.09    0.108341327349
1.13    0.105218767215
1.17    0.101221695169
1.21    0.097214225854
1.25    0.100037479069
1.29    0.102992317202
1.33    0.106290963964
1.37    0.110079409681
1.41    0.114386505146
1.45    0.119127449689
1.49    0.135313626769
1.53    0.139523304217
1.57    0.134419447756
1.61    0.139552982907
1.65    0.14474779742
1.69    0.150950239221
1.73    0.159968462585
1.77    0.168348456536
1.81    0.180068484651
1.85    0.199896293396
1.89    0.231887927734
1.93    0.260890460784
1.97    0.287306451531
2.01    0.31083629055
2.05    0.330665261092
2.09    0.346880995571
2.13    0.359895634143
2.17    0.36930998747
2.21    0.37458635675
2.25    0.376418665987
2.29    0.375147876861
2.33    0.370096855309
2.37    0.361204492902
2.41    0.34907985926
2.45    0.334624264359
2.49    0.318734501135
2.53    0.302319479778
2.57    0.286354429874
2.61    0.271880841315
2.65    0.26125120864
2.69    0.259752990922
2.73    0.258517763825
2.77    0.258950204332
2.81    0.262397526849
2.85    0.271624675421
2.89    0.289949500304
2.93    0.31229392334
2.97    0.33765711365
3.01    0.365071706501
3.05    0.393682068946
3.09    0.422730259077
3.13    0.451600128196
3.17    0.481842949905
3.21    0.516495629016
3.25    0.550253388817
3.29    0.582544833089
3.33    0.612944906849
3.37    0.641252105632
3.41    0.667386985879
3.45    0.691269009179
3.49    0.712889789425
3.53    0.732375271846
3.57    0.74974331505
3.61    0.765023097488
3.65    0.778367156048
3.69    0.789806981664
3.73    0.799307300309
3.77    0.807198064633
3.81    0.813987059195
3.85    0.81986321105
3.89    0.824188375453
3.93    0.826522416183
3.97    0.826771227873
4.01    0.8249731989
4.05    0.821252264861
4.09    0.815755392917
4.13    0.808681116339
4.17    0.800256533911
4.21    0.790743905156
4.25    0.78042301316
4.29    0.769534762328
4.33    0.758299073405
4.37    0.746899795522
4.41    0.735548150731
4.45    0.724431543149
4.49    0.713755248579
4.53    0.703700598721
4.57    0.69442017346
4.61    0.686044904338
4.65    0.678675660226
4.69    0.672371275124
4.73    0.667178370006
4.77    0.663140735497
4.81    0.66027835362
4.85    0.658611091007
4.89    0.658128118161
4.93    0.658803790507
4.97    0.660601700073
5.01    0.663469643514
5.05    0.6673573318
5.09    0.672213257969
5.13    0.677975761731
5.17    0.684584902875
5.21    0.691978879099
5.25    0.700104830235
5.29    0.708906375128
5.33    0.71832786545
5.37    0.728308117988
5.41    0.738791744605
5.45    0.749753235847
5.49    0.761205509542
5.53    0.773154833887
5.57    0.785513517981
5.61    0.798082013553
5.65    0.810681546597
5.69    0.82318779542
5.73    0.835500715236
5.77    0.847542758762
5.81    0.859253975374
5.85    0.870581499246
5.89    0.881478377794
5.93    0.891903064834
5.97    0.9018287175
6.01    0.911224608836
6.05    0.920062052212
6.09    0.928322074103
6.13    0.944146445182
6.17    0.959329629677
6.21    0.973426012129
6.25    0.98653631542
6.29    0.998754990509
6.33    1.00997016103
6.37    1.02004017116
6.41    1.02893402147
6.45    1.03663670434
6.49    1.04328053707
6.53    1.04886493532
6.57    1.05323655195
6.61    1.06417260248
6.65    1.07546992149
6.69    1.08626337433
6.73    1.09655370824
6.77    1.10631652221
6.81    1.11555919238
6.85    1.12427317527
6.89    1.13244917624
6.93    1.14009496408
6.97    1.14721419887
7.01    1.15380425952
7.05    1.15987417042
7.09    1.16543529452
7.13    1.17050018907
7.17    1.17508128398
7.21    1.17920580777
7.25    1.18286719231
7.29    1.18607974021
7.33    1.1888405859
7.37    1.19114410226
7.41    1.19299069789
7.45    1.19437934231
7.49    1.19530306867
7.53    1.19576491022
7.57    1.1957686835
7.61    1.19531449731
7.65    1.19440557149
7.69    1.19304678262
7.73    1.19125822408
7.77    1.18903802671
7.81    1.18639522708
7.85    1.18334793516
7.89    1.17991278006
7.93    1.17610106694
7.97    1.17193509215
8.01    1.16744271361
8.05    1.16266100935
8.09    1.15764060283
8.13    1.15244183151
8.17    1.14717252698
8.21    1.14197217067
8.25    1.13692266699
8.29    1.13199585657
8.33    1.12720731269
8.37    1.12259919981
8.41    1.1180585398
8.45    1.11346635846
8.49    1.10876777206
8.53    1.10394647942
8.57    1.09900398995
8.61    1.09393402772
8.65    1.08872490005
8.69    1.08336429952
8.73    1.07784248455
8.77    1.07216454579
8.81    1.0663313443
8.85    1.06034758163
8.89    1.05421737681
8.93    1.04794576233
8.97    1.04153911525
9.01    1.03499633487
9.05    1.0283157624
9.09    1.02149840227
9.13    1.01454335088
9.17    1.00745462364
9.21    1.00024272233
9.25    0.992916027979
9.29    0.985483292186
9.33    0.977954810786
9.37    0.970335514967
9.41    0.963499365188
9.45    0.965940571648
9.49    0.968276957663
9.53    0.970511657771
9.57    0.972649200174
9.61    0.974694629908
9.65    0.976649204637
9.69    0.978513772054
9.73    0.980288962826
9.77    0.981974019872
9.81    0.983572276489
9.85    0.985079233763
9.89    0.986495314562
9.93    0.987818959128
9.97    0.9890534221
