0.05    0.000223069346978
0.09    0.000893886569907
0.13    0.00286606531218
0.17    0.00469406350971
0.21    0.00768059317197
0.25    0.0154575690998
0.29    0.0275646577497
0.33    0.0279493069492
0.37    0.044521935441
0.41    0.0447973164747
0.45    0.0412083954595
0.49    0.0409691181981
0.53    0.0521832162049
0.57    0.0534567574937
0.61    0.0571991252468
0.65    0.0680548830508
0.69    0.0766350496048
0.73    0.0773593028104
0.77    0.0803383695763
0.81    0.0882614578335
0.85    0.0998905361513
0.89    0.113268813373
0.93    0.127710064027
0.97    0.141941687049
1.01    0.154012854037
1.05    0.165762672032
1.09    0.185416240019
1.13    0.2038502174
1.17    0.221994768555
1.21    0.239938121406
1.25    0.25753403123
1.29    0.274826621584
1.33    0.29119444248
1.37    0.305411476082
1.41    0.31673009123
1.45    0.324643937393
1.49    0.32857267879
1.53    0.328311603106
1.57    0.324096131224
1.61    0.316598251406
1.65    0.306877351011
1.69    0.2995146065
1.73    0.314486588328
1.77    0.327679898356
1.81    0.338931218444
1.85    0.34887188523
1.89    0.3583818311
1.93    0.367731788528
1.97    0.375826183759
2.01    0.381375630923
2.05    0.383759358093
2.09    0.383162545744
2.13    0.380480910973
2.17    0.376650980109
2.21    0.371550423167
2.25    0.364799799687
2.29    0.356546959886
2.33    0.347176756509
2.37    0.337205407831
2.41    0.327402330772
2.45    0.31891516562
2.49    0.312129553162
2.53    0.305944292867
2.57    0.299726656921
2.61    0.293315143309
2.65    0.286688422076
2.69    0.279839437239
2.73    0.2728468156
2.77    0.265786809335
2.81    0.258726135845
2.85    0.252414160227
2.89    0.246753254147
2.93    0.24106411151
2.97    0.235353692538
3.01    0.229621439119
3.05    0.223873810866
3.09    0.218806371623
3.13    0.227372557539
3.17    0.235163880936
3.21    0.242191381265
3.25    0.24853267161
3.29    0.254133229308
3.33    0.258879070074
3.37    0.262766539733
3.41    0.265868911383
3.45    0.268293886162
3.49    0.270159146566
3.53    0.271584034058
3.57    0.272693574219
3.61    0.273630954873
3.65    0.274566055056
3.69    0.275622436885
3.73    0.276809197597
3.77    0.278100803491
3.81    0.279518135372
3.85    0.281125251534
3.89    0.282982783499
3.93    0.285024686446
3.97    0.287180063797
4.01    0.298681869546
4.05    0.309601140498
4.09    0.3198830065
4.13    0.329533840456
4.17    0.338562891718
4.21    0.346969336576
4.25    0.354766663191
4.29    0.361983729008
4.33    0.368678168085
4.37    0.374974816876
4.41    0.381170169806
4.45    0.387415544481
4.49    0.393498913034
4.53    0.399279016091
4.57    0.404727707687
4.61    0.409982675329
4.65    0.415576880182
4.69    0.422535021332
4.73    0.429956234598
4.77    0.437935294947
4.81    0.446009834768
4.85    0.453844743098
4.89    0.461371623985
4.93    0.468607181001
4.97    0.475567460377
5.01    0.482214685445
5.05    0.488510550697
5.09    0.494437382911
5.13    0.500012324552
5.17    0.505256276114
5.21    0.510141856255
5.25    0.514643552031
5.29    0.518778766956
5.33    0.522603879323
5.37    0.526199960612
5.41    0.529605108074
5.45    0.532722013152
5.49    0.535454304833
5.53    0.537736351927
5.57    0.539538691237
5.61    0.540848090358
5.65    0.541649529264
5.69    0.54192731428
5.73    0.541676573514
5.77    0.540910912207
5.81    0.539656093307
5.85    0.537945530962
5.89    0.535830921761
5.93    0.533407429679
5.97    0.530864349287
6.01    0.528469436081
6.05    0.52741454276
6.09    0.530695427856
6.13    0.532996535916
6.17    0.534381551078
6.21    0.534814151472
6.25    0.534159876603
6.29    0.532358602399
6.33    0.529303320421
6.37    0.524962978
6.41    0.521995827142
6.45    0.523422048483
6.49    0.524628036596
6.53    0.525605619524
6.57    0.526361167832
6.61    0.52689608406
6.65    0.52721124585
6.69    0.52731205354
6.73    0.527209833065
6.77    0.526905145761
6.81    0.526409942854
6.85    0.525735456281
6.89    0.524893534562
6.93    0.523893144184
6.97    0.522745527255
7.01    0.521458668686
7.05    0.520037302179
7.09    0.518484371761
7.13    0.516800645772
7.17    0.51498528071
7.21    0.513043764676
7.25    0.510977079962
7.29    0.50879409317
7.33    0.506506179363
7.37    0.504127280475
7.41    0.501687786345
7.45    0.499239605665
7.49    0.496876146131
7.53    0.494619912787
7.57    0.492377886946
7.61    0.490101065409
7.65    0.487768035225
7.69    0.485365627015
7.73    0.48289281773
7.77    0.4803458564
7.81    0.477722132071
7.85    0.475014165461
7.89    0.472217555247
7.93    0.469328951343
7.97    0.466348276064
8.01    0.463278911507
8.05    0.460122722745
8.09    0.456878518925
8.13    0.453555766124
8.17    0.450149868706
8.21    0.446671566481
8.25    0.443119054639
8.29    0.439495928984
8.33    0.43580748034
8.37    0.432059130287
8.41    0.428252157525
8.45    0.424390737948
8.49    0.420478949109
8.53    0.416520737033
8.57    0.412519888004
8.61    0.408480013029
8.65    0.404404545422
8.69    0.400296743381
8.73    0.399039949154
8.77    0.398201631878
8.81    0.39733720082
8.85    0.396447364454
8.89    0.395532790367
8.93    0.394594133727
8.97    0.393632055659
9.01    0.392647231659
9.05    0.391641762813
9.09    0.390615598484
9.13    0.38956902081
9.17    0.388502770953
9.21    0.387417618664
9.25    0.386314349297
9.29    0.385196197649
9.33    0.384061604109
9.37    0.382911222836
9.41    0.381745779137
9.45    0.380566920855
9.49    0.379376267014
9.53    0.378172615542
9.57    0.376956612844
9.61    0.375729869762
9.65    0.374494108945
9.69    0.37324785873
9.73    0.371991677737
9.77    0.370728477797
9.81    0.369457300451
9.85    0.368177636836
9.89    0.366891968239
9.93    0.365600252967
9.97    0.364301030834
