0.05    5.47429817016e-05
0.09    0.000210666754747
0.13    0.000819451523573
0.17    0.00264197019276
0.21    0.00327092224639
0.25    0.00399444737063
0.29    0.00547454145505
0.33    0.00554823962977
0.37    0.00751324442072
0.41    0.0100167485789
0.45    0.0126465406543
0.49    0.011267468002
0.53    0.0128756685406
0.57    0.0106757201256
0.61    0.0130659613966
0.65    0.0156591904112
0.69    0.0141317100653
0.73    0.0127185929145
0.77    0.0111727425975
0.81    0.012033947324
0.85    0.0130627253925
0.89    0.0151891469206
0.93    0.0155830267989
0.97    0.0150900507587
1.01    0.0153216603313
1.05    0.0161025946711
1.09    0.016602450729
1.13    0.0182313645919
1.17    0.0199481855944
1.21    0.0224366266943
1.25    0.025681465881
1.29    0.0302190375983
1.33    0.034373893101
1.37    0.0365679236301
1.41    0.0377740479044
1.45    0.0370437018783
1.49    0.0338404329397
1.53    0.0325106472051
1.57    0.0327446444207
1.61    0.0335590763401
1.65    0.035508893021
1.69    0.0386294625324
1.73    0.0426402723963
1.77    0.0476797247475
1.81    0.0529544310957
1.85    0.0576951840824
1.89    0.0637789027524
1.93    0.0740028381992
1.97    0.0829010368582
2.01    0.0900518089554
2.05    0.095493699725
2.09    0.0995542235638
2.13    0.102723052168
2.17    0.106958871279
2.21    0.11076749605
2.25    0.115322664936
2.29    0.119271121263
2.33    0.122517049184
2.37    0.125335449643
2.41    0.12761154996
2.45    0.128444322182
2.49    0.127499786473
2.53    0.126982483119
2.57    0.126747726241
2.61    0.125344544551
2.65    0.123152692614
2.69    0.12072113596
2.73    0.118140801796
2.77    0.115366193049
2.81    0.112228448308
2.85    0.108687393073
2.89    0.104842504419
2.93    0.100816446164
2.97    0.0967170283985
3.01    0.0926502718533
3.05    0.0886837369636
3.09    0.0879361050237
3.13    0.0909095039843
3.17    0.0930252572301
3.21    0.0944014789844
3.25    0.0952062516305
3.29    0.0961159569164
3.33    0.0965028859558
3.37    0.0961942536677
3.41    0.0952227096372
3.45    0.0936408768845
3.49    0.0914978048824
3.53    0.0888877433774
3.57    0.08788312965
3.61    0.0871556890233
3.65    0.0863589283272
3.69    0.0856010649984
3.73    0.084595380679
3.77    0.0833578829897
3.81    0.0819328966175
3.85    0.0803725121392
3.89    0.0787366570731
3.93    0.0770782550525
3.97    0.0754529905404
4.01    0.073906917187
4.05    0.0724837499042
4.09    0.0712207292487
4.13    0.0701520332367
4.17    0.0693015852915
4.21    0.0686903263774
4.25    0.0683313865497
4.29    0.0682304078962
4.33    0.0689969366185
4.37    0.0699335665013
4.41    0.0709557287192
4.45    0.0738713621763
4.49    0.07803790956
4.53    0.0823502333297
4.57    0.0867385236827
4.61    0.0911308498669
4.65    0.0954902143025
4.69    0.0998212658638
4.73    0.104015740665
4.77    0.107962815569
4.81    0.111603144782
4.85    0.114860028829
4.89    0.117670425298
4.93    0.120066345559
4.97    0.122727554777
5.01    0.126883614317
5.05    0.130650392171
5.09    0.134047019915
5.13    0.137044313574
5.17    0.139699925663
5.21    0.141958322076
5.25    0.143717676361
5.29    0.144880960903
5.33    0.145314496442
5.37    0.144995790954
5.41    0.1440028059
5.45    0.142566301082
5.49    0.140741638298
5.53    0.138382712541
5.57    0.13551590396
5.61    0.132253270938
5.65    0.129846888321
5.69    0.127958691224
5.73    0.12588999308
5.77    0.123694561026
5.81    0.121378148885
5.85    0.118848890215
5.89    0.116331078924
5.93    0.113777322479
5.97    0.110997759312
6.01    0.108038241653
6.05    0.104978001712
6.09    0.104247437972
6.13    0.104351691213
6.17    0.104343446129
6.21    0.104222790198
6.25    0.103976732946
6.29    0.103600161787
6.33    0.103093995592
6.37    0.102463005248
6.41    0.101718664322
6.45    0.100877653439
6.49    0.0999799426505
6.53    0.0990551034124
6.57    0.09806560008
6.61    0.0969951801835
6.65    0.095838732695
6.69    0.0945975607535
6.73    0.0932754674923
6.77    0.0918798248613
6.81    0.0904248322789
6.85    0.0889410295985
6.89    0.0874334198349
6.93    0.0858694833479
6.97    0.0842344510116
7.01    0.0825247857697
7.05    0.0807421680782
7.09    0.0790040726236
7.13    0.0787652601285
7.17    0.0785045319642
7.21    0.078226401587
7.25    0.077925770748
7.29    0.0776059618844
7.33    0.0772634384725
7.37    0.0769006393272
7.41    0.076514722592
7.45    0.0761082189951
7.49    0.0760816895067
7.53    0.0774327273654
7.57    0.0787203920702
7.61    0.0808118680858
7.65    0.0830608751421
7.69    0.0851941398078
7.73    0.0872223349263
7.77    0.0891519224524
7.81    0.0909160450934
7.85    0.0925461514145
7.89    0.0940316376739
7.93    0.0952782574297
7.97    0.0962668193378
8.01    0.0970736729937
8.05    0.0978034984051
8.09    0.0983230724754
8.13    0.098587820301
8.17    0.0985704696756
8.21    0.0982593971383
8.25    0.0976762407902
8.29    0.0968777360691
8.33    0.0962399134091
8.37    0.0955519840846
8.41    0.0946513054909
8.45    0.0936290791259
8.49    0.0925055262911
8.53    0.0912042986452
8.57    0.0897100764721
8.61    0.0880315025449
8.65    0.0861987469914
8.69    0.0844609255072
8.73    0.0835531822152
8.77    0.0838621045926
8.81    0.0841579193663
8.85    0.0844422414583
8.89    0.0847145236864
8.93    0.0849740433139
8.97    0.0852227678493
9.01    0.0854583847641
9.05    0.085682650297
9.09    0.0858948973416
9.13    0.086094346713
9.17    0.0862834661442
9.21    0.0864598285183
9.25    0.0866244735171
9.29    0.0867782543115
9.33    0.0869196273935
9.37    0.0870500046712
9.41    0.0871695136701
9.45    0.0872770455144
9.49    0.0873738029041
9.53    0.0874603285041
9.57    0.0875353731895
9.61    0.0875992428146
9.65    0.0876542507089
9.69    0.0876983253462
9.73    0.0877316683564
9.77    0.0877552073313
9.81    0.0877699529863
9.85    0.0877745636886
9.89    0.0877692543516
9.93    0.087754580484
9.97    0.087732212088
