0.05    7.06541053408e-05
0.09    0.000217731934544
0.13    0.000537792796443
0.17    0.000938479028561
0.21    0.00164700061629
0.25    0.00301001432025
0.29    0.00390650477352
0.33    0.00514194079869
0.37    0.00711545010188
0.41    0.0113249858959
0.45    0.0150289004805
0.49    0.0167057485715
0.53    0.0166856340787
0.57    0.0219261793759
0.61    0.033814635836
0.65    0.0425579243605
0.69    0.043106388672
0.73    0.0403012533086
0.77    0.0408730150166
0.81    0.0463862951923
0.85    0.0527798220873
0.89    0.0554364621655
0.93    0.0553433765353
0.97    0.0548816789316
1.01    0.0509552280534
1.05    0.0493242789363
1.09    0.047552326463
1.13    0.0466379006734
1.17    0.0445716038987
1.21    0.0416187254986
1.25    0.0380400818678
1.29    0.034509728463
1.33    0.0335675127102
1.37    0.0322890745145
1.41    0.0307578080294
1.45    0.0290444405985
1.49    0.0272217057062
1.53    0.0258826511501
1.57    0.0248086209949
1.61    0.0237389357298
1.65    0.0226846817751
1.69    0.0216541034154
1.73    0.0209317093747
1.77    0.020324342334
1.81    0.0195743611941
1.85    0.0187578414774
1.89    0.0185408460542
1.93    0.0183218520583
1.97    0.0180961110534
2.01    0.0178690492835
2.05    0.0176387461535
2.09    0.017408996655
2.13    0.0176682566208
2.17    0.0182305623426
2.21    0.0184670443324
2.25    0.0183979303068
2.29    0.0180426882921
2.33    0.0174294231607
2.37    0.0168844201121
2.41    0.0173372546751
2.45    0.0177790269405
2.49    0.0182001406697
2.53    0.0194235779447
2.57    0.0202184195368
2.61    0.0204144435292
2.65    0.0201806567083
2.69    0.0205170952887
2.73    0.0215952199252
2.77    0.0226511200915
2.81    0.0236741269816
2.85    0.0246587466439
2.89    0.0256010050801
2.93    0.0274440341067
2.97    0.0300255329
3.01    0.0324397075108
3.05    0.0344736915354
3.09    0.0359595278888
3.13    0.037178755858
3.17    0.039397687413
3.21    0.0412694789733
3.25    0.0427873563998
3.29    0.0439998385925
3.33    0.0450085320596
3.37    0.0460099018464
3.41    0.047276335719
3.45    0.0484533952738
3.49    0.0493529365347
3.53    0.0498982178399
3.57    0.0500760993404
3.61    0.0499046023647
3.65    0.0494116113345
3.69    0.0486475001877
3.73    0.047673284448
3.77    0.0465522634463
3.81    0.0457538473891
3.85    0.0454348434041
3.89    0.044932681858
3.93    0.0442669736274
3.97    0.0434566188281
4.01    0.0425055888195
4.05    0.0414002371209
4.09    0.041097391742
4.13    0.0420133217027
4.17    0.0428642375325
4.21    0.0436533079145
4.25    0.0443812940082
4.29    0.0450501262054
4.33    0.0456605786434
4.37    0.046215473498
4.41    0.0467141208693
4.45    0.0471604758594
4.49    0.0475545690725
4.53    0.0478973280248
4.57    0.0481926841335
4.61    0.0484401015631
4.65    0.0486406797467
4.69    0.0487975674104
4.73    0.0489108415265
4.77    0.0489811637935
4.81    0.0490101198763
4.85    0.0490001860675
4.89    0.0489509210601
4.93    0.0488635957769
4.97    0.0487412156968
5.01    0.048584045271
5.05    0.048393739033
5.09    0.0483596431917
5.13    0.0490884378707
5.17    0.0497917065162
5.21    0.0504670237452
5.25    0.0511115911921
5.29    0.0517225324068
5.33    0.0522983891776
5.37    0.0528382283924
5.41    0.0533423982177
5.45    0.0538109450222
5.49    0.0542432538423
5.53    0.0546383893805
5.57    0.0549969595854
5.61    0.0553180302072
5.65    0.0566532841421
5.69    0.0583592686049
5.73    0.0605968196849
5.77    0.0628132405376
5.81    0.0649969241762
5.85    0.067152471821
5.89    0.0692752330872
5.93    0.0713583092382
5.97    0.0734026272439
6.01    0.075405812245
6.05    0.0773562060635
6.09    0.0792472818686
6.13    0.0810731526984
6.17    0.0828292843307
6.21    0.0845102940683
6.25    0.0861132066343
6.29    0.0876369683001
6.33    0.0890795030806
6.37    0.0904401962924
6.41    0.0917205239352
6.45    0.0929182721289
6.49    0.0940347843089
6.53    0.0950699272054
6.57    0.0960280725831
6.61    0.096913315326
6.65    0.099830793321
6.69    0.103088238847
6.73    0.106201843277
6.77    0.109146902561
6.81    0.111905194953
6.85    0.114477711461
6.89    0.116882546456
6.93    0.119132153486
6.97    0.121220460533
7.01    0.123140465814
7.05    0.124888103767
7.09    0.126463461273
7.13    0.127866667418
7.17    0.129099244754
7.21    0.130170331711
7.25    0.131091504778
7.29    0.131878481167
7.33    0.133207098926
7.37    0.135422723329
7.41    0.137505454307
7.45    0.13945728632
7.49    0.141309096066
7.53    0.143029225978
7.57    0.14457830344
7.61    0.145939108412
7.65    0.147118283042
7.69    0.148171387355
7.73    0.14915628186
7.77    0.150074569991
7.81    0.150951127979
7.85    0.151853276604
7.89    0.152866026098
7.93    0.153973328748
7.97    0.155152445451
8.01    0.156308971302
8.05    0.157324844892
8.09    0.158151556213
8.13    0.158779329418
8.17    0.159200610355
8.21    0.159419185189
8.25    0.159441961059
8.29    0.159267929546
8.33    0.158920656964
8.37    0.159014585125
8.41    0.159024617333
8.45    0.158975053984
8.49    0.158855212734
8.53    0.158674456553
8.57    0.158580348056
8.61    0.158650036327
8.65    0.158727127429
8.69    0.158782963581
8.73    0.158843985387
8.77    0.158945975144
8.81    0.159002088871
8.85    0.158969280967
8.89    0.158841334537
8.93    0.158617244336
8.97    0.158296338893
9.01    0.15787567193
9.05    0.157355305498
9.09    0.156737182532
9.13    0.15602446525
9.17    0.155222097242
9.21    0.154340687529
9.25    0.153386406702
9.29    0.152366173976
9.33    0.15128815873
9.37    0.150163336608
9.41    0.148999138018
9.45    0.147806498704
9.49    0.14711530549
9.53    0.146380578803
9.57    0.14635377421
9.61    0.14659239856
9.65    0.146778734124
9.69    0.146913950572
9.73    0.146998695081
9.77    0.147033597361
9.81    0.147018492875
9.85    0.146956044576
9.89    0.146845793333
9.93    0.146688633152
9.97    0.146485733304
