0.05    5.61946012207e-05
0.09    0.000182612038325
0.13    0.000513289990151
0.17    0.000927337941519
0.21    0.0017634995878
0.25    0.00338206868664
0.29    0.00458674124211
0.33    0.00507632551533
0.37    0.00790023764441
0.41    0.00756657638525
0.45    0.00829617059448
0.49    0.0127870487906
0.53    0.0171251730978
0.57    0.0227829741187
0.61    0.0238939607023
0.65    0.0214470655496
0.69    0.021427881946
0.73    0.0215136856139
0.77    0.0220998194794
0.81    0.0270507646943
0.85    0.0339107629107
0.89    0.0411015526546
0.93    0.048084891836
0.97    0.0560577935449
1.01    0.0624161930079
1.05    0.0640646014017
1.09    0.0671724068311
1.13    0.0688240876501
1.17    0.0689439548789
1.21    0.0674818518302
1.25    0.0652447983196
1.29    0.0642466813554
1.33    0.0629174258816
1.37    0.0613907851552
1.41    0.0597827684209
1.45    0.058171194509
1.49    0.0566272380431
1.53    0.0551918136485
1.57    0.0538779605993
1.61    0.0526780737357
1.65    0.051575788754
1.69    0.0505350083634
1.73    0.0508184824894
1.77    0.0516912816336
1.81    0.0526720652466
1.85    0.0537445052336
1.89    0.0548915343131
1.93    0.056097824115
1.97    0.0573470585727
2.01    0.0586220512691
2.05    0.0599084220297
2.09    0.061193193889
2.13    0.0624648347395
2.17    0.0637132375863
2.21    0.0649302377071
2.25    0.0661085473596
2.29    0.0672405341334
2.33    0.0683209431211
2.37    0.0693454881231
2.41    0.0703112796217
2.45    0.0712174249679
2.49    0.07206064097
2.53    0.0728395766265
2.57    0.0735533999724
2.61    0.0742017509622
2.65    0.0747847016518
2.69    0.0753097032797
2.73    0.0757718962475
2.77    0.0761715746404
2.81    0.076512066243
2.85    0.0768004906482
2.89    0.0770309698864
2.93    0.0772073538382
2.97    0.0773381220325
3.01    0.077416330721
3.05    0.0774503298237
3.09    0.0774409847817
3.13    0.0773862946303
3.17    0.0772975433773
3.21    0.0771654690572
3.25    0.0770035754882
3.29    0.0768031832777
3.33    0.0765755096851
3.37    0.0763136850559
3.41    0.0764434252534
3.45    0.0789198898901
3.49    0.0813526468268
3.53    0.0837503582104
3.57    0.0862008810285
3.61    0.0886156071501
3.65    0.090911895459
3.69    0.0930672305787
3.73    0.0950668934353
3.77    0.0969074094969
3.81    0.0985828017436
3.85    0.100094687729
3.89    0.101447399302
3.93    0.102647290273
3.97    0.103701867603
4.01    0.104619170423
4.05    0.105410254545
4.09    0.106081835353
4.13    0.106640817048
4.17    0.107092295784
4.21    0.107447086563
4.25    0.107715474387
4.29    0.107903378457
4.33    0.108011595172
4.37    0.108042354074
4.41    0.108010376931
4.45    0.107972149197
4.49    0.107999359889
4.53    0.108090775452
4.57    0.10855463752
4.61    0.109184129408
4.65    0.109753298732
4.69    0.110255598437
4.73    0.111642486034
4.77    0.113219572679
4.81    0.114707506034
4.85    0.116100955984
4.89    0.117397354073
4.93    0.118601093287
4.97    0.119714762454
5.01    0.120743523913
5.05    0.121695159937
5.09    0.122576325937
5.13    0.123391296118
5.17    0.124139235766
5.21    0.124817105106
5.25    0.125422816553
5.29    0.125958759005
5.33    0.126924631291
5.37    0.129357659244
5.41    0.131647908122
5.45    0.133777743657
5.49    0.135732476113
5.53    0.137498551392
5.57    0.139069052194
5.61    0.140443641468
5.65    0.141621656302
5.69    0.14260630143
5.73    0.143405193435
5.77    0.144032060829
5.81    0.144680740423
5.85    0.146213262209
5.89    0.147712004695
5.93    0.149329572773
5.97    0.151150367574
6.01    0.152888414993
6.05    0.154538636222
6.09    0.156102818918
6.13    0.157619249401
6.17    0.159121355103
6.21    0.160592996892
6.25    0.162010161643
6.29    0.163341328326
6.33    0.164564472942
6.37    0.165678441602
6.41    0.166686630691
6.45    0.16758904089
6.49    0.168381411217
6.53    0.169060195766
6.57    0.169630996139
6.61    0.170107678623
6.65    0.170510216466
6.69    0.170859687112
6.73    0.171152890048
6.77    0.171386383243
6.81    0.171552293053
6.85    0.171644189556
6.89    0.171662056899
6.93    0.171606383084
6.97    0.1714716879
7.01    0.172264451465
7.05    0.173401929807
7.09    0.174369756385
7.13    0.175165546297
7.17    0.175778695428
7.21    0.176210533459
7.25    0.176467886057
7.29    0.18097490756
7.33    0.186010743692
7.37    0.190630305898
7.41    0.1948218821
7.45    0.198589622249
7.49    0.201959233586
7.53    0.205013262499
7.57    0.208244528796
7.61    0.211870414093
7.65    0.2155207269
7.69    0.219054697637
7.73    0.222358549797
7.77    0.225370643768
7.81    0.22803958166
7.85    0.230349596679
7.89    0.232326997322
7.93    0.234002532819
7.97    0.23544743877
8.01    0.236684500084
8.05    0.237753947836
8.09    0.238877367208
8.13    0.24011061474
8.17    0.241230793119
8.21    0.24213775329
8.25    0.242859328502
8.29    0.243426626239
8.33    0.243831187963
8.37    0.244031876051
8.41    0.244019853138
8.45    0.243812619896
8.49    0.244757293732
8.53    0.246288295964
8.57    0.247654211557
8.61    0.248839950589
8.65    0.24983059005
8.69    0.250618081677
8.73    0.251197808677
8.77    0.251564047278
8.81    0.251719612805
8.85    0.251665750319
8.89    0.251408891323
8.93    0.250957538259
8.97    0.250321805191
9.01    0.24951624582
9.05    0.248560324963
9.09    0.247501299464
9.13    0.247200860335
9.17    0.247732928597
9.21    0.248127705114
9.25    0.248373107756
9.29    0.2484659495
9.33    0.248405247246
9.37    0.248199000864
9.41    0.247852373417
9.45    0.247366197956
9.49    0.24674116563
9.53    0.245978328371
9.57    0.245078245152
9.61    0.244043634813
9.65    0.242875958763
9.69    0.241580510054
9.73    0.240160531075
9.77    0.238620693192
9.81    0.23696611426
9.85    0.235202080833
9.89    0.233334148411
9.93    0.231367928576
9.97    0.229308965165
