0.05    4.42560159932e-05
0.09    0.000146808335831
0.13    0.00036257002867
0.17    0.000799546946346
0.21    0.00144809028354
0.25    0.00158504399747
0.29    0.0026451938858
0.33    0.00491294098499
0.37    0.00510326994463
0.41    0.00612634033962
0.45    0.00936747868651
0.49    0.00984470694034
0.53    0.0117320730814
0.57    0.0125711166535
0.61    0.0152920478526
0.65    0.0191641952736
0.69    0.0182221919327
0.73    0.0166082747107
0.77    0.0150514481203
0.81    0.0152411642267
0.85    0.0201908496662
0.89    0.0251997704977
0.93    0.0342389872836
0.97    0.0400252180143
1.01    0.0433407170229
1.05    0.0482794633795
1.09    0.0568591936813
1.13    0.0637518216686
1.17    0.0671241724829
1.21    0.0705681764764
1.25    0.0761345696667
1.29    0.0814817564939
1.33    0.0826470083274
1.37    0.0786505375927
1.41    0.0894274163009
1.45    0.0916780596672
1.49    0.0886298397856
1.53    0.082950438247
1.57    0.0764918913934
1.61    0.0698360841979
1.65    0.0713294954612
1.69    0.0760490177856
1.73    0.0811711024949
1.77    0.0865937577873
1.81    0.0896802844184
1.85    0.090444602963
1.89    0.0899331611381
1.93    0.0900220819049
1.97    0.0912197138599
2.01    0.100104322576
2.05    0.11717772519
2.09    0.130216798216
2.13    0.137179626294
2.17    0.137470025592
2.21    0.132510705409
2.25    0.124872186019
2.29    0.116663314974
2.33    0.109193335637
2.37    0.103530747453
2.41    0.100743091229
2.45    0.101000141685
2.49    0.103374595229
2.53    0.10634314606
2.57    0.108869664159
2.61    0.110288421112
2.65    0.110614985598
2.69    0.11048891137
2.73    0.11129180468
2.77    0.114547540316
2.81    0.121171261343
2.85    0.130751093575
2.89    0.141955145554
2.93    0.153085431058
2.97    0.162758469827
3.01    0.170109367275
3.05    0.175026380872
3.09    0.177845372172
3.13    0.18227821736
3.17    0.185063026268
3.21    0.186518579634
3.25    0.18745102356
3.29    0.1886241602
3.33    0.190473732435
3.37    0.193090644118
3.41    0.196262304414
3.45    0.199420395661
3.49    0.202097059678
3.53    0.204017512434
3.57    0.204897825044
3.61    0.204684342048
3.65    0.203429123888
3.69    0.201229579032
3.73    0.198272826304
3.77    0.194668327461
3.81    0.190554058538
3.85    0.186344440799
3.89    0.182223794818
3.93    0.179185542851
3.97    0.17806450769
4.01    0.177519012549
4.05    0.177682006809
4.09    0.178592527176
4.13    0.180197323767
4.17    0.182611537858
4.21    0.18614940431
4.25    0.189761695402
4.29    0.193131435719
4.33    0.198568422025
4.37    0.203786071159
4.41    0.208141725991
4.45    0.211844013766
4.49    0.215301122517
4.53    0.218330353604
4.57    0.220811543262
4.61    0.222789285821
4.65    0.22425429041
4.69    0.225415196197
4.73    0.226546105243
4.77    0.227584649657
4.81    0.228491869985
4.85    0.229121809989
4.89    0.2291367528
4.93    0.228433623483
4.97    0.226994601261
5.01    0.224851768379
5.05    0.222054202286
5.09    0.218711449964
5.13    0.214984000091
5.17    0.212870381239
5.21    0.212406571747
5.25    0.211756653215
5.29    0.210963304718
5.33    0.210093354119
5.37    0.20922104964
5.41    0.208417923229
5.45    0.207665615469
5.49    0.206979153545
5.53    0.206410465894
5.57    0.205856971748
5.61    0.205317742812
5.65    0.204761775208
5.69    0.204095227365
5.73    0.20328109263
5.77    0.202311428345
5.81    0.201101222365
5.85    0.199612632679
5.89    0.19780858397
5.93    0.19565778615
5.97    0.193135243193
6.01    0.190222998497
6.05    0.186913086521
6.09    0.183205580079
6.13    0.179101865091
6.17    0.174605078337
6.21    0.169735922727
6.25    0.164480075168
6.29    0.162254536289
6.33    0.165712621548
6.37    0.169164701967
6.41    0.172603804731
6.45    0.175976780115
6.49    0.179292746976
6.53    0.182497056595
6.57    0.185585994473
6.61    0.188525898819
6.65    0.191288123176
6.69    0.193867059352
6.73    0.196211712899
6.77    0.198338783717
6.81    0.2001884223
6.85    0.201786438423
6.89    0.203080946804
6.93    0.204092790629
6.97    0.20479215812
7.01    0.205182835727
7.05    0.205268532365
7.09    0.205024795264
7.13    0.204499697143
7.17    0.203627896551
7.21    0.202514536822
7.25    0.201075158581
7.29    0.199374581379
7.33    0.197416263634
7.37    0.195178834844
7.41    0.192751286432
7.45    0.190093350339
7.49    0.18721605424
7.53    0.184189346471
7.57    0.181005730227
7.61    0.177667683326
7.65    0.174198438622
7.69    0.170652571573
7.73    0.167034499197
7.77    0.163347279728
7.81    0.159611612886
7.85    0.155847158006
7.89    0.152072420429
7.93    0.148304662976
7.97    0.144579178239
8.01    0.140889142145
8.05    0.138033834261
8.09    0.138146058754
8.13    0.138140365305
8.17    0.138018050965
8.21    0.137765659427
8.25    0.137392752151
8.29    0.136911857
8.33    0.136370695677
8.37    0.135735051641
8.41    0.135013704016
8.45    0.134215117227
8.49    0.133347404509
8.53    0.132439397053
8.57    0.131490651469
8.61    0.130493092212
8.65    0.129453247166
8.69    0.128377217634
8.73    0.127270678181
8.77    0.126138880732
8.81    0.124998125233
8.85    0.123854089547
8.89    0.122696788805
8.93    0.121529946155
8.97    0.120356927652
9.01    0.119180760695
9.05    0.118004153461
9.09    0.116829514987
9.13    0.115658975622
9.17    0.114494407547
9.21    0.113337445147
9.25    0.112201609208
9.29    0.111076822836
9.33    0.109962539101
9.37    0.108859675426
9.41    0.107769002908
9.45    0.106691162492
9.49    0.10562668015
9.53    0.104575981039
9.57    0.103539402607
9.61    0.102517206668
9.65    0.101509590421
9.69    0.100516696466
9.73    0.0995386218225
9.77    0.098575425999
9.81    0.097627138148
9.85    0.0966937633631
9.89    0.0957752881561
9.93    0.0948716851763
9.97    0.0939829172276
