0.1	0.000488503018598
0.12	0.00106857905212
0.14	0.00119664534597
0.16	0.00148878420552
0.18	0.00241593426329
0.2	0.00256834788352
0.22	0.00454360470722
0.24	0.00612984638675
0.26	0.00698258132487
0.28	0.00807979155205
0.3	0.00717933370618
0.32	0.00783686100213
0.34	0.00805244655227
0.36	0.00930952048505
0.38	0.0115832745695
0.4	0.0123315284517
0.42	0.0142703558122
0.44	0.0169607561458
0.46	0.0185268495937
0.48	0.0213444369017
0.5	0.0261522509916
0.52	0.030097140677
0.54	0.0323056017554
0.56	0.0323093485766
0.58	0.0299244057871
0.6	0.0260585993798
0.62	0.0226814732958
0.64	0.0206994250387
0.66	0.0198003325658
0.68	0.0198292296233
0.7	0.0205887804819
0.72	0.0213382637783
0.74	0.0216066354006
0.76	0.0218316053123
0.78	0.0223642113522
0.8	0.022941465702
0.82	0.023032692588
0.84	0.0232017209405
0.86	0.0254435747409
0.88	0.0298181878314
0.9	0.0344625916601
0.92	0.0392714671497
0.94	0.0441428593105
0.96	0.0489765710246
0.98	0.0537195459272
1.0	0.0581524804025
1.02	0.0624463426122
1.04	0.0663095040698
1.06	0.0698568900013
1.08	0.0730321792866
1.1	0.0776521104384
1.12	0.084341865719
1.14	0.090785049543
1.16	0.096982379093
1.18	0.102923578155
1.2	0.108570142723
1.22	0.113861724724
1.24	0.118734220021
1.26	0.123234125097
1.28	0.127335481775
1.3	0.130975080872
1.32	0.134178850457
1.34	0.136974857801
1.36	0.139369684329
1.38	0.141474735081
1.4	0.143274473813
1.42	0.144646580537
1.44	0.145577851407
1.46	0.146385326241
1.48	0.146840776749
1.5	0.146956615776
1.52	0.147102222737
1.54	0.146951348494
1.56	0.146811291437
1.58	0.146575603913
1.6	0.146328674696
1.62	0.146105819323
1.64	0.145891651072
1.66	0.145737299066
1.68	0.145641734427
1.7	0.145587322338
1.72	0.145666677425
1.74	0.145726971523
1.76	0.146024282597
1.78	0.146313560203
1.8	0.147366007544
1.82	0.148530069754
1.84	0.149662840094
1.86	0.150760237881
1.88	0.152012847556
1.9	0.153146129758
1.92	0.154354088412
1.94	0.155542089479
1.96	0.156669545933
1.98	0.157908755915
2.0	0.159053182271
2.02	0.160253194791
2.04	0.16151779308
2.06	0.162800489888
2.08	0.164168292155
2.1	0.165684743728
2.12	0.167400037605
2.14	0.169356037564
2.16	0.171609385588
2.18	0.174000098513
2.2	0.17646251168
2.22	0.178961867015
2.24	0.181557487266
2.26	0.184190202268
2.28	0.18686576908
2.3	0.190446267924
2.32	0.194438329144
2.34	0.198174594192
2.36	0.201671750954
2.38	0.204988781332
2.4	0.208103977286
2.42	0.211214740288
2.44	0.214281531574
2.46	0.21727252527
2.48	0.220132632056
2.5	0.222799885347
2.52	0.225215436851
2.54	0.227333929251
2.56	0.229126155898
2.58	0.231625825944
2.6	0.233981030771
2.62	0.236326827677
2.64	0.238546781788
2.66	0.24065367213
2.68	0.242685076521
2.7	0.244675284368
2.72	0.246643775142
2.74	0.248595669877
2.76	0.250524968502
2.78	0.252411420976
2.8	0.254276497382
2.82	0.25606958686
2.84	0.257747905514
2.86	0.259289694806
2.88	0.260691011758
2.9	0.26207146855
2.92	0.263323083239
2.94	0.264441140973
2.96	0.26541629311
2.98	0.266351101608
3.0	0.267163267883
3.02	0.267819569646
3.04	0.268350943122
3.06	0.268837887577
3.08	0.269146934247
3.1	0.269305360383
3.12	0.269413813322
3.14	0.269300544754
3.16	0.269118628494
3.18	0.268767382454
3.2	0.26826773049
3.22	0.267658757431
3.24	0.266863563671
3.26	0.265974254706
3.28	0.264905502873
3.3	0.263717962177
3.32	0.262397187831
3.34	0.260904118315
3.36	0.259352220411
3.38	0.25756062453
3.4	0.255797721047
3.42	0.253807002868
3.44	0.251778329258
3.46	0.249610983633
3.48	0.247368256103
3.5	0.245041935624
3.52	0.24267653424
3.54	0.24025268959
3.56	0.237872714003
3.58	0.235655902722
3.6	0.234440264956
3.62	0.233868925135
3.64	0.233224542427
3.66	0.232590302679
3.68	0.231936095106
3.7	0.231227216951
3.72	0.230564977681
3.74	0.22983783122
3.76	0.229127612499
3.78	0.228396327072
3.8	0.227631743391
3.82	0.226897577717
3.84	0.226105525409
3.86	0.225335318408
3.88	0.22454342347
3.9	0.223697954358
3.92	0.222904070019
3.94	0.222061329803
3.96	0.22117594847
3.98	0.220336544318
4.0	0.219449076576
4.02	0.218522679931
4.04	0.217640531904
4.06	0.216713786174
4.08	0.21575226091
4.1	0.214832511043
4.12	0.213871361736
4.14	0.212889771181
4.16	0.2119370398
4.18	0.210945872103
4.2	0.209966306293
4.22	0.208984772417
4.24	0.207988668092
4.26	0.207016802973
4.28	0.206042682353
4.3	0.205761394908
4.32	0.205445330596
4.34	0.204666944219
4.36	0.203500424707
4.38	0.202037297386
4.4	0.201331816853
4.42	0.200855917463
4.44	0.201885066653
4.46	0.202579747083
4.48	0.202917769019
4.5	0.202906213173
4.52	0.202548819867
4.54	0.201845149864
4.56	0.200794959824
4.58	0.199403524642
4.6	0.19768021469
4.62	0.195637552227
4.64	0.193291318262
4.66	0.192555224247
4.68	0.192546501116
4.7	0.192526408165
4.72	0.192495126496
4.74	0.192452835981
4.76	0.192399715395
4.78	0.19233594254
4.8	0.192261694356
4.82	0.192177147019
4.84	0.192082476023
4.86	0.191977856258
4.88	0.191863462071
4.9	0.19173946732
4.92	0.191606045416
4.94	0.19146336936
4.96	0.191311611766
4.98	0.191150944876
5.0	0.190981540578
5.02	0.190803570402
5.04	0.190617205517
5.06	0.190422616727
5.08	0.190219974449
5.1	0.1900094487
5.12	0.189791209067
5.14	0.189565424683
5.16	0.189349147341
5.18	0.1891328781
5.2	0.188909177997
5.22	0.188678217846
5.24	0.18844016781
5.26	0.188195197359
5.28	0.187943475223
5.3	0.187685169344
5.32	0.187420446831
5.34	0.187149473907
5.36	0.186872415862
5.38	0.186589437003
5.4	0.186300700606
5.42	0.18600636886
5.44	0.185706602827
5.46	0.185401562385
5.48	0.185091406183
5.5	0.184776291596
5.52	0.184456374676
5.54	0.184131810104
5.56	0.183802751153
5.58	0.183469349639
5.6	0.18313175588
5.62	0.182790118661
5.64	0.182444585189
5.66	0.18209530106
5.68	0.181742410222
5.7	0.181386054942
5.72	0.181026375775
5.74	0.18066351153
5.76	0.180297599245
5.78	0.17992877416
5.8	0.179557169691
5.82	0.179182917404
5.84	0.178806147001
5.86	0.178426986291
5.88	0.178054265551
5.9	0.177683846179
5.92	0.177311147571
5.94	0.176936293423
5.96	0.176559405454
5.98	0.176180603391
6.0	0.175800004964
6.02	0.175417725895
6.04	0.175033879897
6.06	0.174648578667
6.08	0.174261931882
6.1	0.173874047202
6.12	0.173485030269
6.14	0.173094984703
6.16	0.172704012114
6.18	0.1723122121
6.2	0.171919682255
6.22	0.171526518173
6.24	0.171132813458
6.26	0.170738659734
6.28	0.170344146651
6.3	0.169949361897
6.32	0.169554391214
6.34	0.169159318406
6.36	0.168764225352
6.38	0.168369192026
6.4	0.167974296507
6.42	0.167579614996
6.44	0.167185221836
6.46	0.166791189524
6.48	0.166397588735
6.5	0.166004488334
6.52	0.165611955402
6.54	0.165220055251
6.56	0.164828851445
6.58	0.16443840582
6.6	0.16404877851
6.62	0.16366002796
6.64	0.163272210956
6.66	0.16288538264
6.68	0.162499596537
6.7	0.162114904578
6.72	0.161731357118
6.74	0.161349002964
6.76	0.160967889395
6.78	0.160588062188
6.8	0.16020956564
6.82	0.159832442589
6.84	0.159456734443
6.86	0.159082481201
6.88	0.158709721475
6.9	0.158338492516
6.92	0.157968830239
6.94	0.157600769243
6.96	0.157234342836
6.98	0.156869583061
7.0	0.156506520717
