0.05    9.61580462932e-05
0.09    0.000319641772865
0.13    0.000994637116504
0.17    0.00283924544854
0.21    0.00316047952957
0.25    0.00694212123539
0.29    0.00911888733533
0.33    0.0137566787061
0.37    0.0125271653808
0.41    0.0148446329584
0.45    0.0147664767671
0.49    0.0145046866057
0.53    0.018218792898
0.57    0.0255424922389
0.61    0.0268838536566
0.65    0.0273029740872
0.69    0.0261967421744
0.73    0.0264932614156
0.77    0.0273283624384
0.81    0.0243861550042
0.85    0.0241495110704
0.89    0.0229806056328
0.93    0.028207725789
0.97    0.0330863397025
1.01    0.036663650374
1.05    0.0377515558013
1.09    0.0438648144138
1.13    0.0501682798588
1.17    0.0562518450089
1.21    0.0622192205768
1.25    0.0682334998858
1.29    0.0739740197793
1.33    0.0796617417945
1.37    0.0862139518767
1.41    0.0947220356678
1.45    0.102843172719
1.49    0.110400482556
1.53    0.116867321588
1.57    0.121781984766
1.61    0.125137625646
1.65    0.127015580902
1.69    0.127954801402
1.73    0.127889437417
1.77    0.126900761272
1.81    0.125180573897
1.85    0.122781404524
1.89    0.120123388554
1.93    0.117483473156
1.97    0.114731658191
2.01    0.111804263014
2.05    0.1085004126
2.09    0.107254992747
2.13    0.106513117656
2.17    0.105495205896
2.21    0.104180674291
2.25    0.102751052697
2.29    0.103057051011
2.33    0.113003392621
2.37    0.118333701478
2.41    0.118924347895
2.45    0.116476213351
2.49    0.113581155977
2.53    0.112433164447
2.57    0.113535902936
2.61    0.115410372124
2.65    0.115977380248
2.69    0.113758537848
2.73    0.108179174639
2.77    0.0995572368245
2.81    0.0926947522335
2.85    0.0914055681256
2.89    0.088379760837
2.93    0.0840303389611
2.97    0.0787757629912
3.01    0.0755582215693
3.05    0.0739065355691
3.09    0.0728812498857
3.13    0.0722190263399
3.17    0.071461210793
3.21    0.0702451403802
3.25    0.0709349594801
3.29    0.0729722414258
3.33    0.0751915991977
3.37    0.0775468484087
3.41    0.0799911320135
3.45    0.0824781592038
3.49    0.0850004929673
3.53    0.0874906870343
3.57    0.0899076701932
3.61    0.092215934005
3.65    0.0943842793496
3.69    0.0963860968015
3.73    0.0982380079813
3.77    0.0999353842332
3.81    0.101417740733
3.85    0.102675754362
3.89    0.103762647249
3.93    0.10465758304
3.97    0.105322984967
4.01    0.10582517098
4.05    0.106142077903
4.09    0.106259979699
4.13    0.111251486274
4.17    0.118270235331
4.21    0.123901636249
4.25    0.12763771975
4.29    0.129262084238
4.33    0.128706342207
4.37    0.126022706136
4.41    0.124996539604
4.45    0.123307141215
4.49    0.120065243993
4.53    0.115627646075
4.57    0.110387043656
4.61    0.104802631475
4.65    0.103233996992
4.69    0.104236720744
4.73    0.104864309852
4.77    0.10512728576
4.81    0.105105517007
4.85    0.104763117415
4.89    0.104141465269
4.93    0.103284559181
4.97    0.105546344993
5.01    0.111668456782
5.05    0.118317132597
5.09    0.124811709822
5.13    0.130866343471
5.17    0.136286946071
5.21    0.140857244735
5.25    0.144476507836
5.29    0.147074693346
5.33    0.148641498071
5.37    0.149251504074
5.41    0.148978618423
5.45    0.147849166783
5.49    0.145899055011
5.53    0.143146084787
5.57    0.139718939026
5.61    0.135714598799
5.65    0.131215617859
5.69    0.127953471102
5.73    0.125094628932
5.77    0.122420648538
5.81    0.122552774963
5.85    0.12206227226
5.89    0.121031579629
5.93    0.119489944884
5.97    0.11749110165
6.01    0.115160337509
6.05    0.112510574073
6.09    0.109671987975
6.13    0.106662846445
6.17    0.103597786948
6.21    0.100531465582
6.25    0.0975118212663
6.29    0.0946001517148
6.33    0.0918490573772
6.37    0.0893021513145
6.41    0.0869940054815
6.45    0.0866235106332
6.49    0.0868639254429
6.53    0.0871010276997
6.57    0.0873346144538
6.61    0.0875644734022
6.65    0.0877903856299
6.69    0.0880121281026
6.73    0.0882294759238
6.77    0.0884422043654
6.81    0.0886500906866
6.85    0.0888529157531
6.89    0.0890504654674
6.93    0.0892425320241
6.97    0.0894289150003
7.01    0.0896094222941
7.05    0.0897838709222
7.09    0.0899520876855
7.13    0.0901139097155
7.17    0.0902691849105
7.21    0.09041777227
7.25    0.0905595421378
7.29    0.0907000533319
7.33    0.0908386481368
7.37    0.0909700062798
7.41    0.0910940433161
7.45    0.0912106861847
7.49    0.0913198730774
7.53    0.091421553265
7.57    0.0915156868837
7.61    0.0916022446893
7.65    0.091681207781
7.69    0.0917525673016
7.73    0.0918163241164
7.77    0.0918724884747
7.81    0.0919210796578
7.85    0.0919621256161
7.89    0.0919956625973
7.93    0.0920217347698
7.97    0.0920403938423
8.01    0.0920516986811
8.05    0.0920557149293
8.09    0.0920525146265
8.13    0.0920421758325
8.17    0.0920247822558
8.21    0.0920004228871
8.25    0.0919691916407
8.29    0.0919311870019
8.33    0.0918865116842
8.37    0.0918352722941
8.41    0.0917775790059
8.45    0.0917135452467
8.49    0.0916432873902
8.53    0.0915669244622
8.57    0.0914845778559
8.61    0.0913963710583
8.65    0.0913024293867
8.69    0.0912028797367
8.73    0.0910978503407
8.77    0.0909874705368
8.81    0.0908718705484
8.85    0.0907511812745
8.89    0.0906255340896
8.93    0.090495060655
8.97    0.0903598927382
9.01    0.0902201620432
9.05    0.0900760000505
9.09    0.0899275378648
9.13    0.0897749060732
9.17    0.0896182346112
9.21    0.0894576526371
9.25    0.089293288415
9.29    0.0891252692056
9.33    0.0889537211637
9.37    0.0887787692438
9.41    0.0886005371131
9.45    0.0884191470701
9.49    0.0882347199701
9.53    0.0880473751579
9.57    0.0878572304044
9.61    0.0876644018508
9.65    0.0874690039571
9.69    0.0872711494566
9.73    0.0870709493137
9.77    0.086868512689
9.81    0.0866639469058
9.85    0.0864573574236
9.89    0.0862488478138
9.93    0.0860385197395
9.97    0.085828010435
