0.05    0.000134527777086
0.09    0.000547759490995
0.13    0.00195179621785
0.17    0.00352311149196
0.21    0.00452483310739
0.25    0.00829022665551
0.29    0.0101983314283
0.33    0.0133817535287
0.37    0.0245047965129
0.41    0.0239879103533
0.45    0.0243707818468
0.49    0.0200543574951
0.53    0.0293300409187
0.57    0.0370887777661
0.61    0.0417047274148
0.65    0.0325695614593
0.69    0.0288521021085
0.73    0.025824657608
0.77    0.0208427429446
0.81    0.0175684491635
0.85    0.0145674641885
0.89    0.0139259301613
0.93    0.0141369902659
0.97    0.0137687040197
1.01    0.0145565439131
1.05    0.0143387982954
1.09    0.0148526389928
1.13    0.0159601571308
1.17    0.0176315359866
1.21    0.020889183737
1.25    0.0224683096541
1.29    0.0229319611324
1.33    0.0259836891291
1.37    0.0263056190341
1.41    0.0250577561508
1.45    0.0233570382057
1.49    0.0217232918203
1.53    0.0206226005252
1.57    0.0206052949225
1.61    0.0215302623609
1.65    0.0224260524352
1.69    0.0225292711626
1.73    0.0220332967864
1.77    0.021699315362
1.81    0.0219146007631
1.85    0.0222974196288
1.89    0.0221632272645
1.93    0.0211574933762
1.97    0.0208712920682
2.01    0.0205135238088
2.05    0.021125585889
2.09    0.0235236689437
2.13    0.0259477643538
2.17    0.0281902702768
2.21    0.0303603328954
2.25    0.0321518961039
2.29    0.0332516734584
2.33    0.0336116714779
2.37    0.03458871721
2.41    0.0356104862561
2.45    0.0363322858678
2.49    0.0374091274683
2.53    0.0394181386833
2.57    0.0426341696297
2.61    0.0469243074582
2.65    0.0518208734787
2.69    0.0567206901431
2.73    0.0610705124395
2.77    0.0645390647404
2.81    0.0670889429165
2.85    0.0687464129091
2.89    0.0696430690209
2.93    0.069949593952
2.97    0.0700335420871
3.01    0.070242147502
3.05    0.0709396482389
3.09    0.0712945982751
3.13    0.0712166567188
3.17    0.0706387486399
3.21    0.0694709691342
3.25    0.0676827312337
3.29    0.0653968763811
3.33    0.0654291238022
3.37    0.0650349920933
3.41    0.0640110027376
3.45    0.0624945080106
3.49    0.0605681301749
3.53    0.0584300988931
3.57    0.0562914570633
3.61    0.0543607366504
3.65    0.0527974343324
3.69    0.0516937159631
3.73    0.0510590191082
3.77    0.0508295745965
3.81    0.0508856468815
3.85    0.0510730739831
3.89    0.0512583482266
3.93    0.0524119224083
3.97    0.0534103951415
4.01    0.0541241972633
4.05    0.0544427265424
4.09    0.0542894154756
4.13    0.0536297800348
4.17    0.0524620875927
4.21    0.0508245363472
4.25    0.0520733298501
4.29    0.0539845548891
4.33    0.055669585777
4.37    0.0570821370991
4.41    0.0581941948399
4.45    0.0589875384798
4.49    0.0594569122532
4.53    0.0596087797243
4.57    0.0594621911973
4.61    0.0590405362701
4.65    0.0583770657598
4.69    0.0575113990121
4.73    0.0564875885295
4.77    0.0553524244715
4.81    0.0541541785155
4.85    0.0529417048719
4.89    0.0517591224654
4.93    0.0506531160208
4.97    0.0496637611018
5.01    0.0488293613047
5.05    0.0481828011713
5.09    0.0477524645694
5.13    0.0475602403356
5.17    0.0476201686469
5.21    0.0479430327459
5.25    0.0485285570078
5.29    0.0493766547464
5.33    0.0504748961554
5.37    0.051810316024
5.41    0.0533667376583
5.45    0.0551203781907
5.49    0.0570468874791
5.53    0.0591194132592
5.57    0.0613105164872
5.61    0.0635915353069
5.65    0.0659304538458
5.69    0.0683019093049
5.73    0.0706759699012
5.77    0.0730271152821
5.81    0.0753332468929
5.85    0.0776628722742
5.89    0.0801759520141
5.93    0.082627124053
5.97    0.0849925138326
6.01    0.0872578510875
6.05    0.0895667077542
6.09    0.0918306195509
6.13    0.0939779869751
6.17    0.0959628788454
6.21    0.0977566520263
6.25    0.0993464665363
6.29    0.100821274946
6.33    0.103584885824
6.37    0.106226177367
6.41    0.108738793135
6.45    0.11111413251
6.49    0.113347217504
6.53    0.116974051148
6.57    0.121218990789
6.61    0.125255271068
6.65    0.129076651242
6.69    0.132770232495
6.73    0.136925833194
6.77    0.140993713082
6.81    0.144913836838
6.85    0.148584902872
6.89    0.151983502613
6.93    0.155100073926
6.97    0.157929672201
7.01    0.160474647154
7.05    0.16274362021
7.09    0.164718272115
7.13    0.166399554897
7.17    0.168364157549
7.21    0.17165427708
7.25    0.174639528501
7.29    0.177348994757
7.33    0.179786766617
7.37    0.181920454095
7.41    0.183733304765
7.45    0.185551160984
7.49    0.187589914359
7.53    0.189396007874
7.57    0.190987456304
7.61    0.193190246486
7.65    0.19536439987
7.69    0.197329272778
7.73    0.19909340374
7.77    0.200664719221
7.81    0.202068962104
7.85    0.203381709899
7.89    0.204610318032
7.93    0.205675364957
7.97    0.20659055251
8.01    0.207464293639
8.05    0.20822052981
8.09    0.208830100435
8.13    0.209299109421
8.17    0.209639215776
8.21    0.209857504819
8.25    0.209955714968
8.29    0.209942530262
8.33    0.209829694806
8.37    0.209621635872
8.41    0.209325482449
8.45    0.208949235769
8.49    0.208492311447
8.53    0.207956270326
8.57    0.207348757711
8.61    0.207168949137
8.65    0.20744771376
8.69    0.207648979475
8.73    0.207780530407
8.77    0.207862642921
8.81    0.2079059258
8.85    0.20789457677
8.89    0.207831679433
8.93    0.207718829748
8.97    0.207562566127
9.01    0.207368554401
9.05    0.20714011011
9.09    0.20688667161
9.13    0.206612049937
9.17    0.20632255641
9.21    0.206024029754
9.25    0.205721476299
9.29    0.205419319737
9.33    0.205124127402
9.37    0.204836387216
9.41    0.204566366624
9.45    0.204311520396
9.49    0.204079189352
9.53    0.203871627119
9.57    0.203689229891
9.61    0.203539898337
9.65    0.203421164511
9.69    0.203335393111
9.73    0.203288111062
9.77    0.20327634364
9.81    0.203302495325
9.85    0.2033698884
9.89    0.203475678502
9.93    0.20362184832
9.97    0.20380996186
