0.05    0.000209602403571
0.09    0.000732941925117
0.13    0.00145602125505
0.17    0.00224508266685
0.21    0.00372072390832
0.25    0.00676131027392
0.29    0.00914665495895
0.33    0.00906113033702
0.37    0.0139545159692
0.41    0.0170876914296
0.45    0.0267165967687
0.49    0.0524050008153
0.53    0.0709503315117
0.57    0.0734669001305
0.61    0.0533176156181
0.65    0.0480360259989
0.69    0.0418510972767
0.73    0.0367157986453
0.77    0.0393725686034
0.81    0.0434724517945
0.85    0.04836395758
0.89    0.0450355969
0.93    0.042043037376
0.97    0.0336852285267
1.01    0.0294365980844
1.05    0.0302100167303
1.09    0.0356204636067
1.13    0.0407828097786
1.17    0.0434749649112
1.21    0.0428715134399
1.25    0.041945794281
1.29    0.0433735862245
1.33    0.0444078559498
1.37    0.0442389767825
1.41    0.0458957446433
1.45    0.0429377882622
1.49    0.0408507556378
1.53    0.0378781567055
1.57    0.0343264241241
1.61    0.0305058693535
1.65    0.0308299216331
1.69    0.031453817352
1.73    0.031513827743
1.77    0.0308786161158
1.81    0.0300802741117
1.85    0.0319039627521
1.89    0.0324431490822
1.93    0.0319451253844
1.97    0.0307915412029
2.01    0.0293257655265
2.05    0.0277526387452
2.09    0.0273898472257
2.13    0.0274456122465
2.17    0.0279560042144
2.21    0.0300645960699
2.25    0.0319840165963
2.29    0.0335733231005
2.33    0.0346930986755
2.37    0.0352394271211
2.41    0.0351535637386
2.45    0.0379318802323
2.49    0.0413565960452
2.53    0.044330789279
2.57    0.0466580559094
2.61    0.0482228246514
2.65    0.0490066730154
2.69    0.0491371331907
2.73    0.052465073486
2.77    0.0551684941825
2.81    0.0572593864884
2.85    0.0587946265278
2.89    0.0598555127449
2.93    0.0605284208297
2.97    0.0608896048708
3.01    0.0609959137145
3.05    0.0608815044619
3.09    0.0605594864007
3.13    0.0600271563
3.17    0.0597324948172
3.21    0.0616104867283
3.25    0.0631537556588
3.29    0.0682964257451
3.33    0.0735055459574
3.37    0.0784520622998
3.41    0.0829391346817
3.45    0.0868722667944
3.49    0.090162173026
3.53    0.092946403637
3.57    0.0954559078396
3.61    0.098015539783
3.65    0.1002911475
3.69    0.101946041584
3.73    0.103044404362
3.77    0.103749097849
3.81    0.105068603797
3.85    0.106209681398
3.89    0.10708056503
3.93    0.107788795507
3.97    0.10839790165
4.01    0.108955303713
4.05    0.1094855125
4.09    0.11139910517
4.13    0.113983814507
4.17    0.116727104073
4.21    0.119552401044
4.25    0.122379035407
4.29    0.125110778967
4.33    0.127673623693
4.37    0.130022283084
4.41    0.132090174967
4.45    0.133856159082
4.49    0.13526781454
4.53    0.136557737429
4.57    0.137447456499
4.61    0.137710930195
4.65    0.137328099449
4.69    0.136905367294
4.73    0.136887014857
4.77    0.136590578991
4.81    0.137449040049
4.85    0.138615661999
4.89    0.139900437418
4.93    0.140782426979
4.97    0.141257130257
5.01    0.141316576686
5.05    0.144357174251
5.09    0.148004575001
5.13    0.151356693578
5.17    0.154401492065
5.21    0.157132816647
5.25    0.159559691507
5.29    0.161678284022
5.33    0.163748300464
5.37    0.166207947662
5.41    0.168546018173
5.45    0.170773415141
5.49    0.172894438713
5.53    0.174909699081
5.57    0.176832167134
5.61    0.178663212701
5.65    0.18040286231
5.69    0.182067644845
5.73    0.183727038012
5.77    0.187162721082
5.81    0.19052481068
5.85    0.193815433979
5.89    0.197041725003
5.93    0.200199983559
5.97    0.203291075495
6.01    0.206315593303
6.05    0.209274014808
6.09    0.212170775165
6.13    0.215000804021
6.17    0.21776384806
6.21    0.220459496892
6.25    0.223087152168
6.29    0.225646084962
6.33    0.228135314774
6.37    0.23055330936
6.41    0.232897880613
6.45    0.235166374919
6.49    0.237355854569
6.53    0.239463167357
6.57    0.241485067617
6.61    0.243418347387
6.65    0.245259843751
6.69    0.247006447074
6.73    0.248655249851
6.77    0.250203772324
6.81    0.251650135139
6.85    0.252993007189
6.89    0.254231313724
6.93    0.255364089906
6.97    0.256390708641
7.01    0.258299057166
7.05    0.260587192308
7.09    0.262952589491
7.13    0.265221046942
7.17    0.267382955942
7.21    0.269429526277
7.25    0.271357603048
7.29    0.2731643496
7.33    0.274847369858
7.37    0.276404942506
7.41    0.27783615919
7.45    0.279141056986
7.49    0.280321261735
7.53    0.281376295887
7.57    0.282306794826
7.61    0.283113171181
7.65    0.283795723942
7.69    0.284357510784
7.73    0.284798149875
7.77    0.285117200598
7.81    0.285319116588
7.85    0.285413872171
7.89    0.285415719704
7.93    0.28535007515
7.97    0.285219448854
8.01    0.285652835941
8.05    0.286213967585
8.09    0.286775257038
8.13    0.28764038455
8.17    0.28841753408
8.21    0.289105505288
8.25    0.289712646454
8.29    0.290265560165
8.33    0.290789738032
8.37    0.291274189704
8.41    0.291664008601
8.45    0.291950862568
8.49    0.292134858321
8.53    0.292220857172
8.57    0.292215082386
8.61    0.2921272104
8.65    0.291956790531
8.69    0.29170616381
8.73    0.291373464169
8.77    0.290957144354
8.81    0.290457015675
8.85    0.290645526598
8.89    0.291543076437
8.93    0.292250046683
8.97    0.292764630205
9.01    0.293098298694
9.05    0.29327861107
9.09    0.293292380246
9.13    0.293113162977
9.17    0.292748932235
9.21    0.292676645214
9.25    0.293079456758
9.29    0.293538917724
9.33    0.293906422003
9.37    0.294213690896
9.41    0.294386341156
9.45    0.294398314048
9.49    0.294256519115
9.53    0.293973211764
9.57    0.293548203488
9.61    0.292982463841
9.65    0.292288885861
9.69    0.291480799916
9.73    0.290569491537
9.77    0.289808136556
9.81    0.28915454935
9.85    0.288384602275
9.89    0.287465810092
9.93    0.286394493126
9.97    0.285171562487
