0.05    7.2485749806e-05
0.09    0.000280682977017
0.13    0.00102409458697
0.17    0.00156104070405
0.21    0.00294032341461
0.25    0.00513033193568
0.29    0.00545431953508
0.33    0.00472543875397
0.37    0.00769769208584
0.41    0.0120153346731
0.45    0.0136428498147
0.49    0.0159066235172
0.53    0.0174363273869
0.57    0.0169134231225
0.61    0.0195575773294
0.65    0.0210014589238
0.69    0.0212700103616
0.73    0.0289374314003
0.77    0.0330195771869
0.81    0.0351201281916
0.85    0.0429159040328
0.89    0.0431697981657
0.93    0.0441647312405
0.97    0.0459315381501
1.01    0.0490608130728
1.05    0.0614018832259
1.09    0.0623190999702
1.13    0.0589985889227
1.17    0.0599015375202
1.21    0.0652998241609
1.25    0.0700848619664
1.29    0.071963457396
1.33    0.0714760298686
1.37    0.0704492476934
1.41    0.0697033016673
1.45    0.0685168095133
1.49    0.0658244697885
1.53    0.0611180911596
1.57    0.0565348549281
1.61    0.061009227227
1.65    0.0647684172655
1.69    0.0665227587932
1.73    0.0694409558159
1.77    0.0809105036151
1.81    0.0914570307223
1.85    0.100044813913
1.89    0.106431245684
1.93    0.11111526185
1.97    0.116121868358
2.01    0.120339290781
2.05    0.137266585518
2.09    0.149632982568
2.13    0.157290979379
2.17    0.160705391174
2.21    0.160957327928
2.25    0.159596599036
2.29    0.156672969824
2.33    0.152241730573
2.37    0.146138958089
2.41    0.154202435056
2.45    0.16504704578
2.49    0.176467227572
2.53    0.187796023342
2.57    0.19840672734
2.61    0.207816966104
2.65    0.215656058057
2.69    0.221413961076
2.73    0.235794384005
2.77    0.249390573789
2.81    0.261994669935
2.85    0.273519563039
2.89    0.283917420006
2.93    0.293383872675
2.97    0.301570932569
3.01    0.30846157612
3.05    0.314102212494
3.09    0.318353611372
3.13    0.321257088274
3.17    0.323125553736
3.21    0.323818472827
3.25    0.323804874874
3.29    0.323302267699
3.33    0.322434830505
3.37    0.321407611328
3.41    0.320588489154
3.45    0.319710789955
3.49    0.318354897951
3.53    0.316424850047
3.57    0.314047472887
3.61    0.311069477901
3.65    0.30756079512
3.69    0.303628021055
3.73    0.299305452533
3.77    0.294741388338
3.81    0.294712184843
3.85    0.294941909793
3.89    0.29483957372
3.93    0.294412757444
3.97    0.293681002762
4.01    0.292659757265
4.05    0.291349886166
4.09    0.289779262469
4.13    0.288006294628
4.17    0.285921829162
4.21    0.283645520288
4.25    0.281127841545
4.29    0.278420398882
4.33    0.275505143417
4.37    0.272469137776
4.41    0.26919650462
4.45    0.265920183406
4.49    0.262460577808
4.53    0.258882869042
4.57    0.255307093714
4.61    0.251977214278
4.65    0.252778055522
4.69    0.25314320937
4.73    0.253127506646
4.77    0.252640246349
4.81    0.251347384502
4.85    0.249166904415
4.89    0.246164746105
4.93    0.245493439875
4.97    0.244785153741
5.01    0.243612602119
5.05    0.241953833338
5.09    0.239858470238
5.13    0.237295725384
5.17    0.234303295471
5.21    0.230919051485
5.25    0.227180024525
5.29    0.223143660804
5.33    0.218871990092
5.37    0.214383156022
5.41    0.209747737901
5.45    0.205059489589
5.49    0.200375861341
5.53    0.19566167171
5.57    0.190907472616
5.61    0.18611446904
5.65    0.181300093613
5.69    0.179196066719
5.73    0.179263147798
5.77    0.179256608023
5.81    0.179182541816
5.85    0.179079795408
5.89    0.178954922262
5.93    0.17879096802
5.97    0.178606548348
6.01    0.178409952956
6.05    0.178177139212
6.09    0.177945002942
6.13    0.177686305548
6.17    0.177427674024
6.21    0.177157079039
6.25    0.176907001327
6.29    0.176678381862
6.33    0.176548567545
6.37    0.176531762203
6.41    0.176565799363
6.45    0.176626363615
6.49    0.17667449203
6.53    0.176736825251
6.57    0.176748718017
6.61    0.176779760293
6.65    0.176756147114
6.69    0.176700858815
6.73    0.17663267071
6.77    0.176503583834
6.81    0.176340643469
6.85    0.17615132573
6.89    0.175894021764
6.93    0.175604261543
6.97    0.175270743739
7.01    0.174863771748
7.05    0.174443662219
7.09    0.173949689765
7.13    0.173465636223
7.17    0.173108131858
7.21    0.172681287762
7.25    0.172470466874
7.29    0.173464611629
7.33    0.174451707459
7.37    0.17544974894
7.41    0.176445698523
7.45    0.177456356084
7.49    0.178461954461
7.53    0.179469160447
7.57    0.180458655296
7.61    0.181455995859
7.65    0.182429581149
7.69    0.183389016436
7.73    0.184343932086
7.77    0.185270734474
7.81    0.186191911816
7.85    0.187092533635
7.89    0.187979055451
7.93    0.188849285596
7.97    0.189704488493
8.01    0.190540609206
8.05    0.191356136883
8.09    0.192154899223
8.13    0.192920572987
8.17    0.193679170816
8.21    0.194399319553
8.25    0.195101740284
8.29    0.195778264487
8.33    0.196414871438
8.37    0.197035741384
8.41    0.197626188963
8.45    0.198175753387
8.49    0.198687064342
8.53    0.199338210716
8.57    0.203114803357
8.61    0.20666539483
8.65    0.210007463293
8.69    0.213119792514
8.73    0.216017643235
8.77    0.218714923214
8.81    0.221229480932
8.85    0.223559030639
8.89    0.225694563015
8.93    0.227650834559
8.97    0.22952378995
9.01    0.231745823421
9.05    0.234041292052
9.09    0.23628960795
9.13    0.238385640516
9.17    0.240271608514
9.21    0.241908967526
9.25    0.243984070812
9.29    0.246530694725
9.33    0.248913983866
9.37    0.251126599303
9.41    0.253135803274
9.45    0.25543270721
9.49    0.258626735249
9.53    0.261507678935
9.57    0.263979911251
9.61    0.266021227439
9.65    0.267665539548
9.69    0.268944673772
9.73    0.269891672194
9.77    0.270559733062
9.81    0.270936959013
9.85    0.271006449843
9.89    0.2707432087
9.93    0.270139290397
9.97    0.269205346808
