0.05    7.44835706736e-05
0.09    0.000287937311003
0.13    0.000900852823896
0.17    0.00197528989654
0.21    0.00207044584868
0.25    0.00342913606496
0.29    0.00527787338113
0.33    0.00655892086679
0.37    0.00731241458547
0.41    0.00987338376223
0.45    0.0151845682519
0.49    0.0177263015645
0.53    0.0165927601879
0.57    0.0161360889367
0.61    0.0194591406565
0.65    0.0229637110622
0.69    0.0260193206683
0.73    0.0302401162639
0.77    0.0345301087253
0.81    0.0392169195503
0.85    0.0438487507651
0.89    0.0485902447124
0.93    0.0498367442735
0.97    0.0478402017057
1.01    0.0454303183664
1.05    0.0491031812463
1.09    0.0521182917379
1.13    0.0543609792062
1.17    0.0557355314013
1.21    0.0564700184578
1.25    0.0617360831466
1.29    0.0597234042572
1.33    0.0583735519912
1.37    0.0602100612316
1.41    0.0618363970976
1.45    0.0699605861167
1.49    0.0777515910996
1.53    0.0840085894628
1.57    0.0887945822185
1.61    0.0927794458199
1.65    0.0964747887885
1.69    0.100214266634
1.73    0.104074845993
1.77    0.108341640226
1.81    0.112923492117
1.85    0.117734241354
1.89    0.122620509863
1.93    0.12935356412
1.97    0.13769909696
2.01    0.145768572393
2.05    0.153534101056
2.09    0.161081797998
2.13    0.167992846461
2.17    0.173786088376
2.21    0.178358651918
2.25    0.182143654517
2.29    0.187658500207
2.33    0.193072768288
2.37    0.196067087371
2.41    0.202788212441
2.45    0.211160179882
2.49    0.218300558419
2.53    0.223784465245
2.57    0.227790235138
2.61    0.230047414477
2.65    0.23028822126
2.69    0.228826153119
2.73    0.225826023168
2.77    0.221585279056
2.81    0.216815274879
2.85    0.216272541046
2.89    0.220371310221
2.93    0.224188679102
2.97    0.222448586418
3.01    0.216561092782
3.05    0.207678055128
3.09    0.199019446535
3.13    0.195714060332
3.17    0.196809662533
3.21    0.19785375226
3.25    0.19881649203
3.29    0.199671844663
3.33    0.200477347126
3.37    0.201154923727
3.41    0.201719431854
3.45    0.202222232719
3.49    0.202727284898
3.53    0.20327260761
3.57    0.20386749556
3.61    0.204453426896
3.65    0.205007190508
3.69    0.205479506447
3.73    0.205856619435
3.77    0.206144743505
3.81    0.20640576165
3.85    0.20936906388
3.89    0.21433695978
3.93    0.217802077011
3.97    0.219492624799
4.01    0.219183308171
4.05    0.217101402054
4.09    0.213851371004
4.13    0.20976413311
4.17    0.20679481748
4.21    0.206705689495
4.25    0.206601918302
4.29    0.206473225773
4.33    0.206317781845
4.37    0.206138870786
4.41    0.20593158131
4.45    0.205671194377
4.49    0.205312288364
4.53    0.204862694729
4.57    0.207565353029
4.61    0.210306393288
4.65    0.213034003729
4.69    0.215811418482
4.73    0.218569300625
4.77    0.221306116269
4.81    0.224020301861
4.85    0.226769899246
4.89    0.229506192596
4.93    0.232215199525
4.97    0.234942563331
5.01    0.237665182468
5.05    0.240355938206
5.09    0.243065588856
5.13    0.245761741476
5.17    0.248421697369
5.21    0.251044081003
5.25    0.253687688788
5.29    0.256305164655
5.33    0.258881249298
5.37    0.261414788416
5.41    0.263904695346
5.45    0.266380525195
5.49    0.268854442198
5.53    0.271281721483
5.57    0.276592324647
5.61    0.281456938382
5.65    0.284919268845
5.69    0.286941622932
5.73    0.287413153949
5.77    0.29114357548
5.81    0.297630531249
5.85    0.303295191969
5.89    0.308086285778
5.93    0.312051823317
5.97    0.315309027015
6.01    0.317876572978
6.05    0.319800343127
6.09    0.320997710237
6.13    0.321276848537
6.17    0.320633894251
6.21    0.319029790576
6.25    0.325961789615
6.29    0.333324903755
6.33    0.340206596335
6.37    0.346618548029
6.41    0.352469625112
6.45    0.357662259962
6.49    0.362154478687
6.53    0.365934164229
6.57    0.369016943001
6.61    0.371450617291
6.65    0.373303893837
6.69    0.37474139738
6.73    0.375603583588
6.77    0.375777844759
6.81    0.375201509777
6.85    0.373945161364
6.89    0.371969030037
6.93    0.370823898902
6.97    0.374052373375
7.01    0.377145822443
7.05    0.380086131072
7.09    0.382854137854
7.13    0.385481779038
7.17    0.387931677645
7.21    0.390241799792
7.25    0.392381533387
7.29    0.394369361063
7.33    0.396207380688
7.37    0.397874274266
7.41    0.399419445948
7.45    0.40077208442
7.49    0.402033604317
7.53    0.403091513563
7.57    0.404064530702
7.61    0.404854374769
7.65    0.405525153901
7.69    0.406056685665
7.73    0.406420886641
7.77    0.406703941142
7.81    0.407743387986
7.85    0.409894818798
7.89    0.411801892727
7.93    0.413498262216
7.97    0.415061852673
8.01    0.416421341383
8.05    0.417603028751
8.09    0.418584042153
8.13    0.419334165428
8.17    0.419823044172
8.21    0.42001787837
8.25    0.419958898157
8.29    0.419612352976
8.33    0.418962447904
8.37    0.418048576626
8.41    0.416902157933
8.45    0.415515248462
8.49    0.41392227587
8.53    0.412140030872
8.57    0.410173144766
8.61    0.408021305222
8.65    0.405685155825
8.69    0.403169254351
8.73    0.400481873736
8.77    0.400680926504
8.81    0.402623408252
8.85    0.404398539962
8.89    0.40611271095
8.93    0.407662994126
8.97    0.409090443032
9.01    0.410424884849
9.05    0.411603311292
9.09    0.412689799018
9.13    0.413664886428
9.17    0.414509771648
9.21    0.415289091786
9.25    0.415955397966
9.29    0.416546441645
9.33    0.417084468099
9.37    0.417558908808
9.41    0.417956790231
9.45    0.418284516961
9.49    0.418524567653
9.53    0.418683646863
9.57    0.418743204062
9.61    0.418740653234
9.65    0.418634933446
9.69    0.418477626788
9.73    0.418252998245
9.77    0.41810621919
9.81    0.418014954053
9.85    0.417868522776
9.89    0.41764198654
9.93    0.417377929192
9.97    0.417057257608
