0.05    1.61483963021e-05
0.09    6.8577321727e-05
0.13    0.000207603659827
0.17    0.000404352409866
0.21    0.000550983001517
0.25    0.000924741402711
0.29    0.00151761859789
0.33    0.00135336701224
0.37    0.00190635008638
0.41    0.00229076984105
0.45    0.00343317905933
0.49    0.00425932380516
0.53    0.00470321637701
0.57    0.00473214171023
0.61    0.00460096308263
0.65    0.00381537650607
0.69    0.00367311849316
0.73    0.00377561206193
0.77    0.00464105113251
0.81    0.00567453139753
0.85    0.00663006986914
0.89    0.00669528481465
0.93    0.00807471187445
0.97    0.00867988737575
1.01    0.00879552465561
1.05    0.00839028129892
1.09    0.0084952616468
1.13    0.00815543084067
1.17    0.0090766922926
1.21    0.00946682920139
1.25    0.0102344640984
1.29    0.0116279777967
1.33    0.0137226438231
1.37    0.0153170733508
1.41    0.0161085425958
1.45    0.0160351456504
1.49    0.0156901628185
1.53    0.0159098838733
1.57    0.0161562085689
1.61    0.0163465964055
1.65    0.0163255747964
1.69    0.0160690987419
1.73    0.0156344285447
1.77    0.0153806981499
1.81    0.0154067682335
1.85    0.0151258726941
1.89    0.0145197050543
1.93    0.0137002959833
1.97    0.0127901363376
2.01    0.0141554050981
2.05    0.0153006109356
2.09    0.0162372416546
2.13    0.0172207967016
2.17    0.0177117044973
2.21    0.0177029219496
2.25    0.0173235512023
2.29    0.0172957937418
2.33    0.0167299180207
2.37    0.016073349467
2.41    0.0150290435738
2.45    0.0139853585571
2.49    0.0155093727945
2.53    0.0168915562622
2.57    0.0179723213852
2.61    0.0186543325682
2.65    0.018892462099
2.69    0.0186536070022
2.73    0.0179343624744
2.77    0.0173684300114
2.81    0.017244232753
2.85    0.016768329589
2.89    0.0159900488804
2.93    0.0149578966979
2.97    0.0137440468206
3.01    0.0126035080748
3.05    0.0122354030269
3.09    0.0117631826985
3.13    0.011209448899
3.17    0.0105953839559
3.21    0.00994196488285
3.25    0.00927044289867
3.29    0.00860014990813
3.33    0.00813865919965
3.37    0.00833783983569
3.41    0.00859261132385
3.45    0.00884406352017
3.49    0.00904415660209
3.53    0.00915818238995
3.57    0.00916490550833
3.61    0.00905580428202
3.65    0.00883312197539
3.69    0.00887190396806
3.73    0.00903272118779
3.77    0.00949360651298
3.81    0.0098337322192
3.85    0.0101131468007
3.89    0.0105943339228
3.93    0.0109956750405
3.97    0.011325752788
4.01    0.0115949006907
4.05    0.0118125622537
4.09    0.0119863767949
4.13    0.0121192443531
4.17    0.0122115898619
4.21    0.0122604281434
4.25    0.0122592445808
4.29    0.012201361173
4.33    0.0120777208511
4.37    0.0118804811303
4.41    0.0116037919758
4.45    0.0112445537844
4.49    0.01111790318
4.53    0.0117403842
4.57    0.0122172284739
4.61    0.0125311698031
4.65    0.0126724143665
4.69    0.0126382141706
4.73    0.0124337293183
4.77    0.0120705442996
4.81    0.0119776000693
4.85    0.0122183587212
4.89    0.0124238275639
4.93    0.0125921404912
4.97    0.0127224427978
5.01    0.0128140951071
5.05    0.0128676793918
5.09    0.0128843338139
5.13    0.0128666653975
5.17    0.0128167880529
5.21    0.0127379909761
5.25    0.0126330923156
5.29    0.0125056340061
5.33    0.0123583294183
5.37    0.0121944208013
5.41    0.0120170014231
5.45    0.0118290017119
5.49    0.0116329426162
5.53    0.0114312428383
5.57    0.0112590659591
5.61    0.0112355695927
5.65    0.0112089548944
5.69    0.0111804446676
5.73    0.0111513806949
5.77    0.0111229002248
5.81    0.011095675856
5.85    0.0110706026678
5.89    0.0110484814753
5.93    0.0110300173997
5.97    0.0110158197953
6.01    0.011006403367
6.05    0.0110021903099
6.09    0.0110035133175
6.13    0.0110106193099
6.17    0.0110236737479
6.21    0.0110428681472
6.25    0.0110681099567
6.29    0.0113054705769
6.33    0.0117877989636
6.37    0.0122596886837
6.41    0.0127184463164
6.45    0.0131621143713
6.49    0.013588663301
6.53    0.0139961844441
6.57    0.0143807079692
6.61    0.0147374982293
6.65    0.0150632589733
6.69    0.0153562689417
6.73    0.0156225184195
6.77    0.0158904005652
6.81    0.0161287784297
6.85    0.0163336354071
6.89    0.0165044884056
6.93    0.0166406380745
6.97    0.0167387664529
7.01    0.0167936269735
7.05    0.0168031832571
7.09    0.0167676750834
7.13    0.0166879120317
7.17    0.0165642988649
7.21    0.0163979381054
7.25    0.0161904895131
7.29    0.0159434661676
7.33    0.0156590762606
7.37    0.0153401500985
7.41    0.0149902102289
7.45    0.0146115025238
7.49    0.0142513659258
7.53    0.0142309894293
7.57    0.0141772872095
7.61    0.0140914366639
7.65    0.013975084313
7.69    0.0138294756308
7.73    0.0136561786253
7.77    0.0135786268848
7.81    0.0136019111763
7.85    0.0136204896278
7.89    0.0136340829661
7.93    0.0136426732431
7.97    0.0136464504824
8.01    0.0136456268943
8.05    0.0136398214016
8.09    0.013629065729
8.13    0.0136134594617
8.17    0.013593514086
8.21    0.0135687692088
8.25    0.0135392954437
8.29    0.0135051716523
8.33    0.0134668853881
8.37    0.0134242601678
8.41    0.0133772544776
8.45    0.0133259734169
8.49    0.0132705650184
8.53    0.013211560205
8.57    0.0131486127497
8.61    0.013081845136
8.65    0.0130113830353
8.69    0.0129373548395
8.73    0.0128602484294
8.77    0.0127799005989
8.81    0.0126963705848
8.85    0.0126097932998
8.89    0.0125203044022
8.93    0.0124280399552
8.97    0.0123333071914
9.01    0.0122362398851
9.05    0.0121367908796
9.09    0.0120350948989
9.13    0.0119312856999
9.17    0.0118254958518
9.21    0.0117178565293
9.25    0.0116084973201
9.29    0.0114975460515
9.33    0.0113852890625
9.37    0.0112717501251
9.41    0.0111569775259
9.45    0.0110410907558
9.49    0.0109242068959
9.53    0.0108064405317
9.57    0.0106879036621
9.61    0.0105687056353
9.65    0.010448953081
9.69    0.0103287498628
9.73    0.0102081970346
9.77    0.0100873928057
9.81    0.00996643251766
9.85    0.00984540861887
9.89    0.00972441066364
9.93    0.00960352529861
9.97    0.00948283626653
