0.05    1.41369114339e-05
0.09    6.9081473321e-05
0.13    0.00020524066364
0.17    0.000363194620591
0.21    0.000524347183144
0.25    0.000803657706271
0.29    0.000959948461085
0.33    0.00126962774927
0.37    0.00179701802859
0.41    0.00301011101907
0.45    0.00284417656273
0.49    0.00285328721035
0.53    0.00352001722985
0.57    0.00333529817446
0.61    0.0041892525941
0.65    0.00415994150355
0.69    0.00345320180668
0.73    0.00436936027975
0.77    0.00510233319318
0.81    0.00563098054712
0.85    0.00597451241614
0.89    0.00632466595782
0.93    0.0066623195353
0.97    0.0091267283901
1.01    0.0107905739001
1.05    0.0110493279016
1.09    0.0107430597517
1.13    0.0106250113842
1.17    0.0110459231145
1.21    0.0106058859843
1.25    0.011656888139
1.29    0.0138111307021
1.33    0.0149797178371
1.37    0.0159916299391
1.41    0.0173292862813
1.45    0.0186171411563
1.49    0.0191890689942
1.53    0.0186600876683
1.57    0.0171877162625
1.61    0.0171767415653
1.65    0.0189882619371
1.69    0.0199407285586
1.73    0.0201276135304
1.77    0.0224343103443
1.81    0.023881209799
1.85    0.0241255198105
1.89    0.0262549293528
1.93    0.0283137610839
1.97    0.027926205543
2.01    0.0292390178789
2.05    0.0294833610386
2.09    0.0288990409743
2.13    0.0282277833737
2.17    0.0282657301485
2.21    0.0296287809434
2.25    0.0324477786707
2.29    0.0362787129762
2.33    0.0403901813044
2.37    0.0440943176778
2.41    0.0468291957541
2.45    0.0482240035603
2.49    0.0481075705469
2.53    0.0466067657293
2.57    0.0452624083018
2.61    0.0432226035813
2.65    0.0406802656546
2.69    0.0379556457291
2.73    0.035293095077
2.77    0.0328467382061
2.81    0.0306965011396
2.85    0.0288650516704
2.89    0.0273414139065
2.93    0.0260929186854
2.97    0.0250739078976
3.01    0.0247549792252
3.05    0.0243141135355
3.09    0.0234782980723
3.13    0.0222758212108
3.17    0.0220227143941
3.21    0.0217300242635
3.25    0.0213348690313
3.29    0.02079271545
3.33    0.0200748877122
3.37    0.0191718611391
3.41    0.0180971730613
3.45    0.0168880159492
3.49    0.0162845074579
3.53    0.016010225172
3.57    0.0156646275528
3.61    0.0161507644245
3.65    0.0166378538834
3.69    0.0169595401518
3.73    0.0170979411718
3.77    0.0170443980286
3.81    0.0173270920398
3.85    0.0181762273996
3.89    0.0188500042339
3.93    0.0193074259389
3.97    0.0195230631739
4.01    0.0194861376224
4.05    0.0192003120684
4.09    0.0189156139571
4.13    0.0195939868452
4.17    0.0200828667797
4.21    0.0203784682806
4.25    0.0204855570351
4.29    0.0204147496078
4.33    0.0201816767432
4.37    0.019806859155
4.41    0.0193162300495
4.45    0.018739513776
4.49    0.018108751229
4.53    0.0174567212776
4.57    0.0168158821544
4.61    0.0162158866339
4.65    0.0156837514382
4.69    0.0152414274242
4.73    0.0149072410318
4.77    0.0146919611278
4.81    0.0146015360364
4.85    0.0146360357631
4.89    0.0147902113382
4.93    0.0150543135482
4.97    0.0154153342865
5.01    0.0158561958304
5.05    0.0163599664825
5.09    0.0169072152761
5.13    0.0174792463526
5.17    0.0180583441447
5.21    0.0186267263776
5.25    0.0191688494144
5.29    0.0196706152377
5.33    0.0201194292546
5.37    0.0205045503048
5.41    0.0208179730768
5.45    0.0210520449874
5.49    0.0212016636676
5.53    0.021263824159
5.57    0.021235339388
5.61    0.0211148067855
5.65    0.0209038775082
5.69    0.0206032402856
5.73    0.0202168762658
5.77    0.0197492140247
5.81    0.0192047132025
5.85    0.0185892891141
5.89    0.0182611146979
5.93    0.0188949861257
5.97    0.0194823435324
6.01    0.020020211005
6.05    0.0205056759203
6.09    0.0209372641571
6.13    0.0213131295545
6.17    0.0216330249378
6.21    0.0218967467939
6.25    0.022104492919
6.29    0.022256694624
6.33    0.0223542728503
6.37    0.0228363257563
6.41    0.0235473409087
6.45    0.0241597453434
6.49    0.0246697002072
6.53    0.0250747150574
6.57    0.025373416638
6.61    0.0255656096597
6.65    0.025652575364
6.69    0.0256387707356
6.73    0.0255295414514
6.77    0.0253274182874
6.81    0.025039381976
6.85    0.0246713122575
6.89    0.0242250286468
6.93    0.0237066814492
6.97    0.0231243212707
7.01    0.0224864263623
7.05    0.0218008735962
7.09    0.0210761096049
7.13    0.0203206217874
7.17    0.0195426774576
7.21    0.0187504854551
7.25    0.0182124163492
7.29    0.0183136121463
7.33    0.0184058330479
7.37    0.0184880391353
7.41    0.0185586802659
7.45    0.0186172018348
7.49    0.0186637583304
7.53    0.0186986774769
7.57    0.0187223197362
7.61    0.0187350764712
7.65    0.0187373598808
7.69    0.0187295835808
7.73    0.0187121465092
7.77    0.01868548246
7.81    0.0186503542357
7.85    0.0186067394192
7.89    0.0185549470847
7.93    0.0184960121581
7.97    0.0184296529145
8.01    0.0183566170896
8.05    0.0182771535035
8.09    0.0181917193264
8.13    0.0181005148607
8.17    0.01800428506
8.21    0.0179027275726
8.25    0.0177970935078
8.29    0.017686986534
8.33    0.0175727503383
8.37    0.0174554370202
8.41    0.0173345794694
8.45    0.0172105081854
8.49    0.0170842081783
8.53    0.0169553730718
8.57    0.0168242032738
8.61    0.0166910741793
8.65    0.0165566934866
8.69    0.0164207450742
8.73    0.0162834704404
8.77    0.0161450991754
8.81    0.0160062131194
8.85    0.0158667923608
8.89    0.0157268698536
8.93    0.0155866314264
8.97    0.0154462525752
9.01    0.01532514118
9.05    0.0152474316961
9.09    0.0153026882676
9.13    0.01562415351
9.17    0.0159499292351
9.21    0.0162783785042
9.25    0.0166080332576
9.29    0.0169371106962
9.33    0.0172644547505
9.37    0.01758848545
9.41    0.0179082606092
9.45    0.0182223564487
9.49    0.0185297906152
9.53    0.0188297824527
9.57    0.0191212210277
9.61    0.0194032743868
9.65    0.019675163861
9.69    0.0199365024074
9.73    0.0201863951595
9.77    0.0204242559947
9.81    0.0206497888726
9.85    0.0208626867911
9.89    0.0210623636144
9.93    0.0212486578422
9.97    0.021421700442
