0.1	9.70490152457e-05
0.12	0.000158677663284
0.14	0.00029038688821
0.16	0.000333043610715
0.18	0.000390674654725
0.2	0.000469479692692
0.22	0.000522703662334
0.24	0.000671319828159
0.26	0.000934275201954
0.28	0.000885728405202
0.3	0.000959447911958
0.32	0.00114885276153
0.34	0.00142895586417
0.36	0.00168276377768
0.38	0.00220075602532
0.4	0.00287006626753
0.42	0.00320070359444
0.44	0.00309505979078
0.46	0.00273961544863
0.48	0.00278171021848
0.5	0.00337713865306
0.52	0.0036553837009
0.54	0.00333364046918
0.56	0.00324310167279
0.58	0.00354558996093
0.6	0.0040787600132
0.62	0.00429528266429
0.64	0.00427529133703
0.66	0.00394147245688
0.68	0.00356718401058
0.7	0.00334659840675
0.72	0.00390880626671
0.74	0.00470812821601
0.76	0.00503382849634
0.78	0.00517682770503
0.8	0.00544992014384
0.82	0.00580183275462
0.84	0.00598665466121
0.86	0.00589926195209
0.88	0.00606109647014
0.9	0.00654644546111
0.92	0.00670992513077
0.94	0.00725271172971
0.96	0.00851534474421
0.98	0.0096809546622
1.0	0.010524129009
1.02	0.0109582669293
1.04	0.0110649151796
1.06	0.0110116854753
1.08	0.0108687360751
1.1	0.0105588823381
1.12	0.0103865365495
1.14	0.0107834031331
1.16	0.0109876006497
1.18	0.0110592719576
1.2	0.0108593895806
1.22	0.0102493496973
1.24	0.0109547515907
1.26	0.0123046314471
1.28	0.013385448092
1.3	0.0141703142711
1.32	0.0147380710143
1.34	0.01521382197
1.36	0.0157116547513
1.38	0.0162982233547
1.4	0.0169745516298
1.42	0.0176840869468
1.44	0.018339002517
1.46	0.0188484374839
1.48	0.0191413828947
1.5	0.0191655757928
1.52	0.0188995773778
1.54	0.0183570383955
1.56	0.0175863516329
1.58	0.0167604994876
1.6	0.0165188754076
1.62	0.0177477382129
1.64	0.0186433320644
1.66	0.019306126618
1.68	0.0197786759643
1.7	0.0200586092801
1.72	0.0201536760788
1.74	0.0202425706249
1.76	0.0218066684151
1.78	0.0229515430157
1.8	0.0236669395573
1.82	0.0240209850046
1.84	0.0241316987002
1.86	0.0240833566772
1.88	0.0254829393901
1.9	0.0269438233344
1.92	0.0279905967769
1.94	0.0284792513599
1.96	0.0282872908103
1.98	0.02819791053
2.0	0.0289817582089
2.02	0.0294110717834
2.04	0.029524347661
2.06	0.0293887224776
2.08	0.0290842909086
2.1	0.0287078894543
2.12	0.0283598956055
2.14	0.0281420693598
2.16	0.0281498992641
2.18	0.0284667431044
2.2	0.0291459420549
2.22	0.0302058371896
2.24	0.031622465106
2.26	0.0333370324172
2.28	0.0352648177005
2.3	0.0373089031464
2.32	0.0393753158639
2.34	0.0413780977417
2.36	0.0432392513239
2.38	0.0448869000622
2.4	0.0462592930711
2.42	0.0473142790688
2.44	0.0480156157308
2.46	0.0483354288961
2.48	0.0482756663151
2.5	0.0478510031545
2.52	0.0470956586138
2.54	0.0462499833777
2.56	0.0456514727485
2.58	0.0448195100929
2.6	0.0437939564617
2.62	0.0426201285514
2.64	0.0413441096717
2.66	0.0400051580396
2.68	0.0386385151792
2.7	0.0372767658009
2.72	0.0359434927608
2.74	0.0346572554981
2.76	0.0334323039806
2.78	0.0322798917753
2.8	0.031204416904
2.82	0.0302086130086
2.84	0.0292929137708
2.86	0.0284562730874
2.88	0.0276949385957
2.9	0.0270047673494
2.92	0.0263813900515
2.94	0.0258185958933
2.96	0.025310038796
2.98	0.0248489943425
3.0	0.0247996138876
3.02	0.0246833204176
3.04	0.0244622249927
3.06	0.0241415720769
3.08	0.0237233729094
3.1	0.023209982145
3.12	0.022607399606
3.14	0.0222086887641
3.16	0.0220865078074
3.18	0.0219564952267
3.2	0.0218110514182
3.22	0.0216429392829
3.24	0.0214458376292
3.26	0.0212146589659
3.28	0.0209436244138
3.3	0.0206304996984
3.32	0.0202714566773
3.34	0.0198663417735
3.36	0.0194148230008
3.38	0.0189184254288
3.4	0.0183804805317
3.42	0.0178056860761
3.44	0.0171999818611
3.46	0.0165710295208
3.48	0.0163420630397
3.5	0.0162224806311
3.52	0.0160853338901
3.54	0.0159303657053
3.56	0.0157573719604
3.58	0.0156922519199
3.6	0.0160060658982
3.62	0.0162865634158
3.64	0.0165306525123
3.66	0.0167344106304
3.68	0.0168958151443
3.7	0.0170115092617
3.72	0.0170814241377
3.74	0.017102968277
3.76	0.0170758567461
3.78	0.0170006534713
3.8	0.0170936365095
3.82	0.0175531550884
3.84	0.0179786168648
3.86	0.0183628439443
3.88	0.0187005275787
3.9	0.0189858084353
3.92	0.0192148226599
3.94	0.0193847837711
3.96	0.0194927074759
3.98	0.0195378958334
4.0	0.0195192117549
4.02	0.0194377290948
4.04	0.0192940182832
4.06	0.0190917684218
4.08	0.0188330895979
4.1	0.0191020872834
4.12	0.019441421787
4.14	0.0197341222569
4.16	0.0199790454027
4.18	0.0201751327719
4.2	0.0203227458394
4.22	0.0204227374027
4.24	0.0204761110446
4.26	0.0204838897779
4.28	0.0204484682554
4.3	0.0203708838287
4.32	0.020254195507
4.34	0.0201005536258
4.36	0.0199127952577
4.38	0.0196942379347
4.4	0.0194484017757
4.42	0.0191789635721
4.44	0.0188897587484
4.46	0.0185856122467
4.48	0.0182695706652
4.5	0.0179464422904
4.52	0.0176197203549
4.54	0.0172943316594
4.56	0.016973420418
4.58	0.0166609179955
4.6	0.0163604968533
4.62	0.0160755426231
4.64	0.0158091313372
4.66	0.0155640116954
4.68	0.0153425921655
4.7	0.0151473172915
4.72	0.0149800816427
4.74	0.0148417708229
4.76	0.014734135371
4.78	0.0146574902195
4.8	0.0146121903679
4.82	0.0145985722215
4.84	0.0146156981153
4.86	0.0146637385923
4.88	0.0147407352087
4.9	0.0148465506083
4.92	0.0149788005732
4.94	0.0151361362646
4.96	0.0153169469182
4.98	0.0155187080825
5.0	0.0157393668362
5.02	0.0159770427328
5.04	0.016229216498
5.06	0.0164934361308
5.08	0.0167673562848
5.1	0.0170486120603
5.12	0.0173348375292
5.14	0.0176241326719
5.16	0.0179139656198
5.18	0.0182019913217
5.2	0.018486347748
5.22	0.0187653420898
5.24	0.0190363316153
5.26	0.0192986559394
5.28	0.0195494729125
5.3	0.0197881966225
5.32	0.0200127777787
5.34	0.0202217800566
5.36	0.0204148783766
5.38	0.0205901704293
5.4	0.0207467602315
5.42	0.0208838468146
5.44	0.0210011276021
5.46	0.0210975870858
5.48	0.0211726412769
5.5	0.0212258402424
5.52	0.0212567881582
5.54	0.0212651497452
5.56	0.021250681561
5.58	0.0212137639086
5.6	0.021153817264
5.62	0.0210708559262
5.64	0.0209650218387
5.66	0.0208366558833
5.68	0.0206865881388
5.7	0.0205146778959
5.72	0.0203214494276
5.74	0.020107476478
5.76	0.0198733594859
5.78	0.0196198131377
5.8	0.0193477111309
5.82	0.0190573964687
5.84	0.0187495749267
5.86	0.0184250030719
5.88	0.0180957837224
5.9	0.0184236534919
5.92	0.0187407164699
5.94	0.0190463571958
5.96	0.0193400845728
5.98	0.019621522197
6.0	0.0198904122619
6.02	0.0201465785762
6.04	0.0203894792556
6.06	0.0206188633065
6.08	0.0208345247588
6.1	0.0210362996969
6.12	0.021224364113
6.14	0.0213984213841
6.16	0.0215583593025
6.18	0.0217041493694
6.2	0.0218360167328
6.22	0.0219539640975
6.24	0.0220578157635
6.26	0.0221476327036
6.28	0.0222237681169
6.3	0.0222862307357
6.32	0.0223349704822
6.34	0.0223701311082
6.36	0.0226437260696
6.38	0.023023072371
6.4	0.0233786584044
6.42	0.0237098544937
6.44	0.0240161175128
6.46	0.0242969635421
6.48	0.024551980854
6.5	0.0247808483356
6.52	0.0249833843417
6.54	0.0251593905484
6.56	0.0253087429501
6.58	0.0254314272021
6.6	0.0255275072968
6.62	0.0255971156947
6.64	0.0256405438105
6.66	0.025658312496
6.68	0.0256513177322
6.7	0.0256202896582
6.72	0.0255656620836
6.74	0.0254875777418
6.76	0.0253863958341
6.78	0.0252630570845
6.8	0.025118874758
6.82	0.0249548567057
6.84	0.0247707280536
6.86	0.0245669110333
6.88	0.024343536905
6.9	0.0241018478306
6.92	0.023842612295
6.94	0.0235666714414
6.96	0.0232755184634
6.98	0.0229698523831
7.0	0.0226506590275
