0.05    0.000161208040401
0.09    0.000728247047625
0.13    0.00107822577964
0.17    0.00184795640345
0.21    0.00221390523086
0.25    0.00200021421478
0.29    0.00217057059985
0.33    0.0025707476692
0.37    0.00251424828501
0.41    0.00308333565799
0.45    0.00258658988636
0.49    0.00310528008494
0.53    0.0037544168766
0.57    0.00381609540018
0.61    0.00494340031416
0.65    0.00587810651921
0.69    0.00663851252635
0.73    0.00743488604967
0.77    0.00828284411724
0.81    0.0090868455298
0.85    0.00971264927619
0.89    0.0101937984772
0.93    0.0104814512302
0.97    0.0103444252819
1.01    0.0106033331012
1.05    0.0104356385981
1.09    0.00991392865432
1.13    0.00911919856764
1.17    0.00810225032377
1.21    0.00734189548772
1.25    0.00699369387995
1.29    0.00668464959738
1.33    0.00646285075337
1.37    0.00727204502954
1.41    0.00773497779106
1.45    0.00794651214203
1.49    0.00808785310583
1.53    0.00831585726474
1.57    0.00862253450738
1.61    0.00903254261283
1.65    0.00955249842767
1.69    0.0101292782395
1.73    0.0106910462245
1.77    0.0111632636904
1.81    0.0114797421056
1.85    0.0116101849398
1.89    0.0122976769565
1.93    0.0130558497359
1.97    0.0137153329698
2.01    0.0142521144894
2.05    0.0146933264671
2.09    0.0150397894608
2.13    0.0152548585179
2.17    0.0153391416547
2.21    0.0153038144986
2.25    0.0151629084901
2.29    0.0149326726803
2.33    0.0146262247606
2.37    0.014261000938
2.41    0.0142398641726
2.45    0.0141112136928
2.49    0.013833555484
2.53    0.0138415918703
2.57    0.0137547503279
2.61    0.0134960248186
2.65    0.0131261538006
2.69    0.0127426454506
2.73    0.0123128586265
2.77    0.0118123515133
2.81    0.0113212533704
2.85    0.0110765358881
2.89    0.0109932654908
2.93    0.0108977411563
2.97    0.0107894451899
3.01    0.0106734799043
3.05    0.0105486116069
3.09    0.0104185405551
3.13    0.0102837756955
3.17    0.010144836267
3.21    0.0100047820219
3.25    0.00986340165704
3.29    0.00972116753001
3.33    0.00957896097964
3.37    0.00943875706178
3.41    0.00930014092686
3.45    0.00916333521786
3.49    0.00902879469705
3.53    0.00889689266699
3.57    0.00876793068302
3.61    0.00864277354737
3.65    0.0085210937193
3.69    0.00840283133006
3.73    0.00828808833138
3.77    0.00817693038625
3.81    0.00806939201844
3.85    0.00796548118876
3.89    0.00786518334896
3.93    0.00776846502257
3.97    0.00767527695841
4.01    0.00758555689927
4.05    0.00749923200496
4.09    0.00741622096681
4.13    0.00733643584578
4.17    0.00725978366487
4.21    0.00718623255696
4.25    0.00711565593943
4.29    0.00704789909588
4.33    0.00698286265406
4.37    0.00692044717582
4.41    0.00686055378255
4.45    0.00680308467745
4.49    0.00674794357739
4.53    0.00669503606559
4.57    0.00664426987632
4.61    0.00659555511934
4.65    0.00654880445339
4.69    0.00650393321537
4.73    0.00646085951141
4.77    0.00641950427532
4.81    0.00637979129982
4.85    0.00634164724406
4.89    0.00630500162174
4.93    0.00626978677284
4.97    0.00623593782171
5.01    0.00620339262435
5.05    0.00617209170677
5.09    0.00614197819613
5.13    0.0061129977466
5.17    0.00608509846122
5.21    0.00605823081071
5.25    0.00603234755046
5.29    0.0060074036367
5.33    0.005983356142
5.37    0.00596016417138
5.41    0.00593778877906
5.45    0.00591619288651
5.49    0.0058953412019
5.53    0.00587522457468
5.57    0.00585578934147
5.61    0.00583700186461
5.65    0.005818833209
5.69    0.00580125586042
5.73    0.00578424365779
5.77    0.00576777172789
5.81    0.00575181642267
5.85    0.00573635525946
5.89    0.00572136686289
5.93    0.00570683091043
5.97    0.00569272807919
6.01    0.00567903999604
6.05    0.0056657491895
6.09    0.00565283904413
6.13    0.00564029375684
6.17    0.0056280982956
6.21    0.00561623835993
6.25    0.00560470034345
6.29    0.00559347129826
6.33    0.00558253890094
6.37    0.00557189142072
6.41    0.00556151768864
6.45    0.00555140706888
6.49    0.00554154943112
6.53    0.00553193512463
6.57    0.00552255495349
6.61    0.00551340015323
6.65    0.00550446236864
6.69    0.00549573363285
6.73    0.00548720634722
6.77    0.00547887326272
6.81    0.00547072746195
6.85    0.00546276234213
6.89    0.00545497159927
6.93    0.00544734921289
6.97    0.00543988943166
7.01    0.00543258675979
7.05    0.00542543594425
7.09    0.00541843196238
7.13    0.00541157001052
7.17    0.00540484549302
7.21    0.00539825401178
7.25    0.00539179135669
7.29    0.005385453496
7.33    0.00537923656786
7.37    0.0053731368718
7.41    0.00536715086081
7.45    0.00536127513408
7.49    0.0053555064296
7.53    0.00534984161773
7.57    0.00534427769476
7.61    0.00533881177679
7.65    0.00533344109409
7.69    0.00532816298574
7.73    0.00532297489443
7.77    0.00531787436159
7.81    0.00531285902279
7.85    0.00530792660338
7.89    0.00530307491436
7.93    0.00529830184834
7.97    0.00529360537593
8.01    0.00528898354215
8.05    0.00528443446305
8.09    0.00527995632241
8.13    0.00527554736891
8.17    0.00527120591318
8.21    0.00526693032496
8.25    0.00526271903062
8.29    0.00525857051062
8.33    0.0052544832972
8.37    0.00525045597208
8.41    0.00524648716449
8.45    0.00524257554894
8.49    0.00523871984353
8.53    0.00523491880792
8.57    0.0052311712417
8.61    0.00522747598275
8.65    0.0052238319056
8.69    0.00522023791992
8.73    0.00521669296918
8.77    0.00521319602932
8.81    0.0052097461072
8.85    0.00520634223968
8.89    0.00520298349225
8.93    0.00519966895799
8.97    0.00519639775644
9.01    0.00519316903264
9.05    0.00518998195609
9.09    0.00518683571986
9.13    0.00518372953972
9.17    0.00518066265321
9.21    0.00517763431899
9.25    0.00517464381586
9.29    0.00517169044217
9.33    0.00516877351506
9.37    0.0051658923698
9.41    0.00516304635911
9.45    0.00516023485261
9.49    0.00515745723611
9.53    0.0051547129112
9.57    0.00515200129456
9.61    0.00514932181757
9.65    0.0051466739257
9.69    0.00514405707809
9.73    0.0051414707471
9.77    0.00513891441787
9.81    0.00513638758786
9.85    0.00513388976646
9.89    0.00513142047472
9.93    0.00512897924475
9.97    0.00512656561961
