0.05    0.000281156014482
0.09    0.00105913779127
0.13    0.00194448818089
0.17    0.00436951192632
0.21    0.00770357162354
0.25    0.00968311008898
0.29    0.0126168747154
0.33    0.0166001396559
0.37    0.0225091248209
0.41    0.0300760134453
0.45    0.0359868418719
0.49    0.042269390137
0.53    0.0518223169997
0.57    0.0635787970181
0.61    0.0755095315094
0.65    0.0871209164244
0.69    0.0986075738635
0.73    0.109755476446
0.77    0.119902589271
0.81    0.128267578313
0.85    0.134618692069
0.89    0.138989962291
0.93    0.141548620684
0.97    0.142550399055
1.01    0.142314552365
1.05    0.143164722678
1.09    0.144635946192
1.13    0.144949696499
1.17    0.143983488017
1.21    0.141660646219
1.25    0.141199736328
1.29    0.14137781506
1.33    0.141451205788
1.37    0.14144673097
1.41    0.141355787679
1.45    0.141201958919
1.49    0.141010764158
1.53    0.140764101595
1.57    0.140428333049
1.61    0.139966409706
1.65    0.139350903592
1.69    0.138542790657
1.73    0.137508797905
1.77    0.136237028615
1.81    0.134733324385
1.85    0.133004767352
1.89    0.133153809609
1.93    0.134080273984
1.97    0.134885905065
2.01    0.135623192504
2.05    0.136238774618
2.09    0.136768636064
2.13    0.137202221013
2.17    0.137525506459
2.21    0.13778816492
2.25    0.137951848046
2.29    0.13802139755
2.33    0.138041072976
2.37    0.137979036797
2.41    0.137839997833
2.45    0.137646060649
2.49    0.137403539285
2.53    0.1371000711
2.57    0.13674117522
2.61    0.136340048863
2.65    0.135911659168
2.69    0.135441097733
2.73    0.134932768323
2.77    0.134390779976
2.81    0.133819591749
2.85    0.133241118005
2.89    0.132638459402
2.93    0.132014712891
2.97    0.131372734749
3.01    0.130715154068
3.05    0.130044386248
3.09    0.129362646324
3.13    0.128682784752
3.17    0.127997246026
3.21    0.127305551421
3.25    0.12660928364
3.29    0.125909882912
3.33    0.125208657483
3.37    0.124506793512
3.41    0.12380536437
3.45    0.123105339364
3.49    0.122407591893
3.53    0.121712907058
3.57    0.121022189792
3.61    0.12034189455
3.65    0.11966615755
3.69    0.118995499979
3.73    0.118330384087
3.77    0.117671218129
3.81    0.117018360918
3.85    0.116372126048
3.89    0.115732785775
3.93    0.115100574611
3.97    0.114475692623
4.01    0.113858308484
4.05    0.113248562274
4.09    0.112646568058
4.13    0.112052416261
4.17    0.111466175843
4.21    0.110887896311
4.25    0.110317609549
4.29    0.109755331513
4.33    0.109201063776
4.37    0.108654794954
4.41    0.108116502007
4.45    0.107586151431
4.49    0.107063700356
4.53    0.106549097543
4.57    0.106042284306
4.61    0.105543195346
4.65    0.105051759521
4.69    0.104567900546
4.73    0.104091537631
4.77    0.103622586069
4.81    0.103160957766
4.85    0.10270656173
4.89    0.102259304509
4.93    0.1018190906
4.97    0.101385822809
5.01    0.100959402591
5.05    0.100539730346
5.09    0.100126705696
5.13    0.0997202277339
5.17    0.099320195246
5.21    0.0989265069157
5.25    0.0985390615056
5.29    0.0981577580229
5.33    0.0977824958665
5.37    0.0974131749589
5.41    0.0970496958653
5.45    0.0966919598983
5.49    0.0963398692115
5.53    0.0959933268828
5.57    0.0956522369859
5.61    0.0953165046576
5.65    0.0949860361491
5.69    0.0946607388777
5.73    0.0943405214671
5.77    0.0940252937818
5.81    0.0937149669564
5.85    0.0934094534237
5.89    0.0931086669268
5.93    0.0928125225442
5.97    0.0925209366909
6.01    0.0922338271351
6.05    0.0919511129966
6.09    0.091672714754
6.13    0.0913985542395
6.17    0.0911285546375
6.21    0.0908626404811
6.25    0.0906007376429
6.29    0.0903427733282
6.33    0.0900886760608
6.37    0.0898383756781
6.41    0.0895918033116
6.45    0.0893488913785
6.49    0.089109573563
6.53    0.0888737848044
6.57    0.0886414612782
6.61    0.0884125403796
6.65    0.0881869607079
6.69    0.0879646620491
6.73    0.0877455853538
6.77    0.0875296727251
6.81    0.0873168673951
6.85    0.0871071137077
6.89    0.0869003571007
6.93    0.0866965440868
6.97    0.0864956222333
7.01    0.0862975401444
7.05    0.0861022474435
7.09    0.0859096947508
7.13    0.0857198336685
7.17    0.0855326167607
7.21    0.0853479975338
7.25    0.0851659304211
7.29    0.0849863707615
7.33    0.0848092747847
7.37    0.0846345995916
7.41    0.0844623031372
7.45    0.0842923442149
7.49    0.0841246824361
7.53    0.0839592782169
7.57    0.0837960927615
7.61    0.083635088044
7.65    0.0834762267928
7.69    0.0833194724766
7.73    0.0831647892888
7.77    0.0830121421298
7.81    0.0828614965952
7.85    0.0827128189587
7.89    0.0825660761619
7.93    0.0824212357935
7.97    0.0822782660823
8.01    0.0821371358808
8.05    0.0819978146523
8.09    0.0818602724543
8.13    0.0817244799323
8.17    0.0815904083046
8.21    0.081458029348
8.25    0.0813273153891
8.29    0.0811982392892
8.33    0.0810707744362
8.37    0.0809448947311
8.41    0.0808205745785
8.45    0.0806977888741
8.49    0.0805765129975
8.53    0.0804567227976
8.57    0.0803383945851
8.61    0.0802215051233
8.65    0.0801060316163
8.69    0.0799919517001
8.73    0.0798792434351
8.77    0.0797678852974
8.81    0.0796578561652
8.85    0.0795491353153
8.89    0.0794417024142
8.93    0.0793355375067
8.97    0.0792306210112
9.01    0.0791269337097
9.05    0.0790244567402
9.09    0.0789231715918
9.13    0.0788230600934
9.17    0.0787241044091
9.21    0.0786262870316
9.25    0.0785295907734
9.29    0.0784339987608
9.33    0.0783394944286
9.37    0.0782460615118
9.41    0.0781536840405
9.45    0.0780623463343
9.49    0.077972032993
9.53    0.0778827288966
9.57    0.0777944191934
9.61    0.0777070892996
9.65    0.0776207248896
9.69    0.0775353118936
9.73    0.0774508364909
9.77    0.0773672851054
9.81    0.0772846444013
9.85    0.0772029012746
9.89    0.0771220428548
9.93    0.0770420564943
9.97    0.0769629297663
