0.05    0.000161112055438
0.09    0.000645042080877
0.13    0.00222723426972
0.17    0.00291714391559
0.21    0.004815088519
0.25    0.00580135871772
0.29    0.010613190551
0.33    0.0133921386747
0.37    0.0163876474675
0.41    0.0227370323165
0.45    0.0231844637992
0.49    0.0275895640447
0.53    0.0363193483716
0.57    0.0337904975331
0.61    0.0386434173481
0.65    0.0332782984314
0.69    0.0265009303951
0.73    0.0313710017146
0.77    0.0367038689174
0.81    0.0471269237501
0.85    0.0592121804301
0.89    0.0646074885315
0.93    0.0647611085604
0.97    0.0613466636501
1.01    0.0548627689923
1.05    0.0458468345538
1.09    0.04406756297
1.13    0.045604409065
1.17    0.0466947936553
1.21    0.0474880161759
1.25    0.0481078113848
1.29    0.0514512907356
1.33    0.0615905436414
1.37    0.0705619480126
1.41    0.0780190183761
1.45    0.0837214074723
1.49    0.0875249559217
1.53    0.089426481775
1.57    0.0896303630124
1.61    0.0883827397843
1.65    0.0859003060167
1.69    0.0854066887635
1.73    0.0896027926198
1.77    0.0935007934068
1.81    0.0963869101494
1.85    0.0983528265577
1.89    0.0986701458175
1.93    0.0975835969639
1.97    0.0956196981876
2.01    0.0932281646105
2.05    0.0916926510372
2.09    0.0922295909811
2.13    0.0922364580146
2.17    0.0921884383941
2.21    0.0935423981797
2.25    0.0959340773776
2.29    0.0986875161219
2.33    0.10529050382
2.37    0.112983414388
2.41    0.121489103276
2.45    0.130566558982
2.49    0.140034377778
2.53    0.149759841045
2.57    0.15966010387
2.61    0.169671713446
2.65    0.179756684837
2.69    0.191565671182
2.73    0.204358427182
2.77    0.217484503838
2.81    0.230913646439
2.85    0.244521301247
2.89    0.25821537264
2.93    0.271911982777
2.97    0.285548010493
3.01    0.299100763086
3.05    0.312923326042
3.09    0.327084938339
3.13    0.34115034442
3.17    0.354988486881
3.21    0.368510185353
3.25    0.381662511772
3.29    0.394449996074
3.33    0.407695818269
3.37    0.422431666812
3.41    0.437305340778
3.45    0.451724153372
3.49    0.465700151075
3.53    0.479752847911
3.57    0.494396072117
3.61    0.508704549848
3.65    0.52253126094
3.69    0.535737746543
3.73    0.548217577637
3.77    0.559916305186
3.81    0.570847192042
3.85    0.581070733659
3.89    0.590612907213
3.93    0.59941713272
3.97    0.60744547904
4.01    0.614702446013
4.05    0.621232069132
4.09    0.627100108586
4.13    0.632513576789
4.17    0.637705899383
4.21    0.642730786521
4.25    0.647733444223
4.29    0.652848871063
4.33    0.658511179719
4.37    0.664319927678
4.41    0.669938618891
4.45    0.675548577619
4.49    0.680932661882
4.53    0.685942019397
4.57    0.690517481493
4.61    0.694680634017
4.65    0.698512028682
4.69    0.702028103593
4.73    0.70521971992
4.77    0.708070508329
4.81    0.710572544183
4.85    0.712724145848
4.89    0.714509948518
4.93    0.715950176525
4.97    0.717127465607
5.01    0.718267026685
5.05    0.720093749108
5.09    0.722521099613
5.13    0.72492835147
5.17    0.727227193108
5.21    0.729361394849
5.25    0.731317962674
5.29    0.733134006322
5.33    0.734865221914
5.37    0.736478425222
5.41    0.737934111603
5.45    0.739202718098
5.49    0.740295194537
5.53    0.741263777108
5.57    0.742785255901
5.61    0.744460416415
5.65    0.746154646435
5.69    0.748517387948
5.73    0.751203200371
5.77    0.753748525757
5.81    0.756115681911
5.85    0.758284359572
5.89    0.760276865261
5.93    0.762082747233
5.97    0.763708935595
6.01    0.76517394882
6.05    0.766467528598
6.09    0.767595449276
6.13    0.768570687023
6.17    0.769394863311
6.21    0.770066822056
6.25    0.770590882411
6.29    0.770971087182
6.33    0.771212139198
6.37    0.771323019206
6.41    0.771299567568
6.45    0.771145076678
6.49    0.770863140534
6.53    0.770457920941
6.57    0.769934387786
6.61    0.769314701884
6.65    0.768596471387
6.69    0.767805002079
6.73    0.766950870297
6.77    0.766034477614
6.81    0.765053568717
6.85    0.764008337806
6.89    0.767033452121
6.93    0.771995335158
6.97    0.776898997302
7.01    0.781903884024
7.05    0.787061910303
7.09    0.792364944185
7.13    0.797768499487
7.17    0.803145131188
7.21    0.808314250282
7.25    0.813300103759
7.29    0.818205242068
7.33    0.823289889582
7.37    0.828418463425
7.41    0.833348506603
7.45    0.838054714426
7.49    0.842572716166
7.53    0.846911342168
7.57    0.851101137813
7.61    0.855150049111
7.65    0.859001387804
7.69    0.862665018641
7.73    0.866235694845
7.77    0.869708943709
7.81    0.873105312123
7.85    0.876630305584
7.89    0.880266483873
7.93    0.883956152648
7.97    0.887703315662
8.01    0.891373276728
8.05    0.89495666419
8.09    0.898497109722
8.13    0.902075167813
8.17    0.905740180235
8.21    0.909212617235
8.25    0.912415792863
8.29    0.915417882795
8.33    0.918326265164
8.37    0.921201389021
8.41    0.924051653382
8.45    0.92695906223
8.49    0.929835939664
8.53    0.932557254754
8.57    0.935107568398
8.61    0.937434532425
8.65    0.939866513163
8.69    0.943729462121
8.73    0.94750288227
8.77    0.951249246386
8.81    0.9548732402
8.85    0.958335292161
8.89    0.961746073739
8.93    0.964922352267
8.97    0.96777935966
9.01    0.970427446424
9.05    0.973027230102
9.09    0.975660231426
9.13    0.978046973156
9.17    0.980143193129
9.21    0.982090389855
9.25    0.984177917098
9.29    0.986363857093
9.33    0.988626682904
9.37    0.991017421334
9.41    0.993346183467
9.45    0.995495918556
9.49    0.99738945933
9.53    0.999045631052
9.57    1.00039386596
9.61    1.0013855645
9.65    1.00206005553
9.69    1.00246147032
9.73    1.00274921803
9.77    1.00298297638
9.81    1.00313456321
9.85    1.00320611285
9.89    1.00317059058
9.93    1.00295198207
9.97    1.00262255017
