0.05    0.000108974444216
0.09    0.000561560558757
0.13    0.00159315550755
0.17    0.00330873829625
0.21    0.00363920953741
0.25    0.00446334613176
0.29    0.00602358764213
0.33    0.00871828623448
0.37    0.010321595309
0.41    0.0184813531422
0.45    0.0250562332717
0.49    0.0235556788824
0.53    0.0281609473694
0.57    0.023490267628
0.61    0.0244761437006
0.65    0.0232093357508
0.69    0.0219883083518
0.73    0.0223600005322
0.77    0.023316640651
0.81    0.0276996064648
0.85    0.0291288984444
0.89    0.0286829334379
0.93    0.0327901621016
0.97    0.0398860308632
1.01    0.0472428604942
1.05    0.0495723127779
1.09    0.0455548007506
1.13    0.0417608649351
1.17    0.0465730727431
1.21    0.0554997242437
1.25    0.0608769089366
1.29    0.0618678805994
1.33    0.059766945067
1.37    0.0567119328756
1.41    0.0551272331166
1.45    0.0558411000213
1.49    0.0581165004589
1.53    0.0605571330545
1.57    0.0623624938653
1.61    0.063570292944
1.65    0.0675503164643
1.69    0.0743164883015
1.73    0.0813219483377
1.77    0.0879788853312
1.81    0.093721510945
1.85    0.0981648176885
1.89    0.101106323852
1.93    0.102461538417
1.97    0.102226149552
2.01    0.100512428654
2.05    0.0975780813954
2.09    0.0937325806285
2.13    0.0892111095172
2.17    0.0870647398855
2.21    0.0839512991633
2.25    0.081853352713
2.29    0.0876077888448
2.33    0.0935864838728
2.37    0.0997149586381
2.41    0.105901671988
2.45    0.112084439888
2.49    0.118192803184
2.53    0.124178727509
2.57    0.130003993574
2.61    0.135640175599
2.65    0.141068305263
2.69    0.146278365481
2.73    0.151268536575
2.77    0.156044055703
2.81    0.160615697739
2.85    0.165006007888
2.89    0.16922552969
2.93    0.173291243435
2.97    0.177222568472
3.01    0.182693713165
3.05    0.189788747287
3.09    0.195205686202
3.13    0.199444676953
3.17    0.205669830278
3.21    0.212539700543
3.25    0.219158303432
3.29    0.225667054435
3.33    0.232743443365
3.37    0.240845521236
3.41    0.250688074388
3.45    0.260305664114
3.49    0.269689109777
3.53    0.278821067335
3.57    0.287685163015
3.61    0.296283194802
3.65    0.304677864892
3.69    0.314180044209
3.73    0.323520203691
3.77    0.332593585424
3.81    0.341396055297
3.85    0.350011184994
3.89    0.359004860376
3.93    0.36818989019
3.97    0.377226779289
4.01    0.386024564406
4.05    0.394581509312
4.09    0.402957720799
4.13    0.411195526598
4.17    0.419314234838
4.21    0.427357145463
4.25    0.435150218552
4.29    0.442588475473
4.33    0.449649080596
4.37    0.456322835023
4.41    0.462602450096
4.45    0.468489633953
4.49    0.474036486115
4.53    0.479360230137
4.57    0.484525777071
4.61    0.489510200212
4.65    0.494516409693
4.69    0.499777380369
4.73    0.505747757898
4.77    0.511355060949
4.81    0.516531317442
4.85    0.521294233782
4.89    0.52568372667
4.93    0.52986332544
4.97    0.533959631511
5.01    0.537736313416
5.05    0.541088662698
5.09    0.543988959795
5.13    0.546462315844
5.17    0.548609295018
5.21    0.550591537984
5.25    0.552525550654
5.29    0.555400664034
5.33    0.55801660387
5.37    0.560212743804
5.41    0.561992925754
5.45    0.566364731259
5.49    0.576109667763
5.53    0.585593692353
5.57    0.594689321053
5.61    0.603237128364
5.65    0.611262752416
5.69    0.619178767587
5.73    0.627074388491
5.77    0.634886055163
5.81    0.642613243872
5.85    0.650310345737
5.89    0.657729287879
5.93    0.664781781226
5.97    0.671442162981
6.01    0.677790024035
6.05    0.683735325084
6.09    0.689188515256
6.13    0.694073097695
6.17    0.698424966781
6.21    0.702319276453
6.25    0.705778110636
6.29    0.708877552193
6.33    0.711677470575
6.37    0.7141657861
6.41    0.716303138787
6.45    0.71807146403
6.49    0.71948421457
6.53    0.720591513841
6.57    0.72132159432
6.61    0.721594838425
6.65    0.721431493031
6.69    0.72089325952
6.73    0.720167027129
6.77    0.719673803142
6.81    0.719431088683
6.85    0.719036979517
6.89    0.718344194548
6.93    0.717313121416
6.97    0.71596611211
7.01    0.714364041415
7.05    0.712598271911
7.09    0.710789797333
7.13    0.708996994542
7.17    0.70713152292
7.21    0.705220530205
7.25    0.703395488004
7.29    0.701654914097
7.33    0.699774392422
7.37    0.697669233612
7.41    0.695397944511
7.45    0.692988896476
7.49    0.690439086585
7.53    0.687662707957
7.57    0.684628173852
7.61    0.681427225889
7.65    0.67814278878
7.69    0.674879780399
7.73    0.671711240321
7.77    0.668545762496
7.81    0.665421106384
7.85    0.662321159389
7.89    0.659033758454
7.93    0.655936288337
7.97    0.653728714931
8.01    0.651444619141
8.05    0.64914399715
8.09    0.646873041244
8.13    0.644613164067
8.17    0.642342144263
8.21    0.641241734342
8.25    0.640751807404
8.29    0.640258101357
8.33    0.639741407395
8.37    0.639203864432
8.41    0.638695961296
8.45    0.638160530323
8.49    0.637526607815
8.53    0.636778568632
8.57    0.63591299245
8.61    0.634929307896
8.65    0.633825726559
8.69    0.632606777191
8.73    0.63127598061
8.77    0.629834043547
8.81    0.628289271745
8.85    0.626641169147
8.89    0.624899717601
8.93    0.623063703899
8.97    0.621146335378
9.01    0.619145744179
9.05    0.617069418762
9.09    0.614926237798
9.13    0.612721303378
9.17    0.610464061135
9.21    0.608162125334
9.25    0.605815011104
9.29    0.603423267107
9.33    0.600986543786
9.37    0.598502449823
9.41    0.595969779572
9.45    0.593394623344
9.49    0.590777597801
9.53    0.588124811697
9.57    0.585443623063
9.61    0.582744714989
9.65    0.580034417859
9.69    0.577312944059
9.73    0.574577443502
9.77    0.571824959862
9.81    0.56905399005
9.85    0.566263619831
9.89    0.56345288932
9.93    0.560620589739
9.97    0.557769910578
