0.05    0.000122445527638
0.09    0.000580958911351
0.13    0.00145037118337
0.17    0.00340131661909
0.21    0.00676886272315
0.25    0.0071401691939
0.29    0.00774179062655
0.33    0.0094311163866
0.37    0.00999336294766
0.41    0.00853595834677
0.45    0.00812269914232
0.49    0.0101857159097
0.53    0.0114076056915
0.57    0.0125109648158
0.61    0.0146978886731
0.65    0.0146997453034
0.69    0.0137914665192
0.73    0.0167907176616
0.77    0.0212448504895
0.81    0.0228393474523
0.85    0.0204385258507
0.89    0.0199110011385
0.93    0.0214674323392
0.97    0.0244039639915
1.01    0.0278817988843
1.05    0.0284344913376
1.09    0.0249093643258
1.13    0.0212728867902
1.17    0.0192684160299
1.21    0.0211339062722
1.25    0.0244166233839
1.29    0.0281312107102
1.33    0.0317028042658
1.37    0.0340832408883
1.41    0.0352463266579
1.45    0.0363302504223
1.49    0.0420428773983
1.53    0.0462311053062
1.57    0.0489775879274
1.61    0.0506437546306
1.65    0.0530507741427
1.69    0.0552822709596
1.73    0.0571038268451
1.77    0.0584242502989
1.81    0.0587079154122
1.85    0.0579786152815
1.89    0.0566677906692
1.93    0.0551711247627
1.97    0.0533612396151
2.01    0.0507267445552
2.05    0.047243686262
2.09    0.043226544601
2.13    0.0424717413759
2.17    0.0422942266086
2.21    0.0419738275039
2.25    0.0415370207725
2.29    0.0413076606663
2.33    0.0415532008475
2.37    0.042571799917
2.41    0.0434570802463
2.45    0.04414837597
2.49    0.0446415856314
2.53    0.0449375744137
2.57    0.0450494695035
2.61    0.0449946317263
2.65    0.0472948550257
2.69    0.0499441652491
2.73    0.0523080854851
2.77    0.0552509398821
2.81    0.0589608279465
2.85    0.0637184460185
2.89    0.0677783919181
2.93    0.0708386684344
2.97    0.0727513534467
3.01    0.0736030260803
3.05    0.0739291786732
3.09    0.0741721643436
3.13    0.0735554713829
3.17    0.0736559965987
3.21    0.0751326596795
3.25    0.0765264072166
3.29    0.077464568531
3.33    0.0779926362329
3.37    0.0789410005932
3.41    0.0796160052924
3.45    0.0798318614655
3.49    0.0796115078835
3.53    0.0790183782784
3.57    0.0784599397113
3.61    0.0778386379287
3.65    0.0770019986204
3.69    0.0759872743227
3.73    0.0748910248687
3.77    0.0736800384675
3.81    0.072300059361
3.85    0.0707593527481
3.89    0.0690861019424
3.93    0.0673035440823
3.97    0.0660619706377
4.01    0.0649306308161
4.05    0.0637769674883
4.09    0.0629531341495
4.13    0.0622907921432
4.17    0.0616008231038
4.21    0.0608927126092
4.25    0.0601855509626
4.29    0.059481377867
4.33    0.0587949746259
4.37    0.0581274574302
4.41    0.0574911344598
4.45    0.0568836992222
4.49    0.0563130076526
4.53    0.0557797768689
4.57    0.0552830976152
4.61    0.0548260619326
4.65    0.0544086051441
4.69    0.0540271627134
4.73    0.0536803655751
4.77    0.0533687128566
4.81    0.0530892211264
4.85    0.0528375825502
4.89    0.0526110516361
4.93    0.0524710860789
4.97    0.0523933914112
5.01    0.0523339812539
5.05    0.0522896132047
5.09    0.0528201015851
5.13    0.0538338081879
5.17    0.0547435696859
5.21    0.0555468892823
5.25    0.0562432366113
5.29    0.0568312481652
5.33    0.0573094250643
5.37    0.0576753909802
5.41    0.0579264773475
5.45    0.058063193428
5.49    0.058084799214
5.53    0.0579905671769
5.57    0.0579995276897
5.61    0.059512517351
5.65    0.0608475526921
5.69    0.0619968037444
5.73    0.0629576430591
5.77    0.0637375653484
5.81    0.0643734036578
5.85    0.065066313155
5.89    0.0657542460785
5.93    0.066269374133
5.97    0.0666077296346
6.01    0.0667725564213
6.05    0.0667669280889
6.09    0.0665968416948
6.13    0.0662686704835
6.17    0.0657891308648
6.21    0.0651640910035
6.25    0.0650716426734
6.29    0.0652532385668
6.33    0.065271585397
6.37    0.0651379353657
6.41    0.0648739796227
6.45    0.0645251631705
6.49    0.0641090513068
6.53    0.0638260449105
6.57    0.0634670741837
6.61    0.062982585066
6.65    0.0623769735637
6.69    0.0616589426339
6.73    0.0608397046411
6.77    0.0599340348542
6.81    0.0589607785223
6.85    0.0579388730228
6.89    0.0568724818332
6.93    0.0557568426947
6.97    0.0545871261605
7.01    0.0535637089548
7.05    0.0532317784727
7.09    0.0528380534961
7.13    0.0523871941992
7.17    0.0520997277209
7.21    0.0517896333515
7.25    0.0514521566407
7.29    0.0510887210759
7.33    0.0507017894989
7.37    0.0502919700285
7.41    0.0498606083708
7.45    0.0494093474349
7.49    0.0489410519288
7.53    0.0484556182359
7.57    0.0479550367126
7.61    0.0479848926616
7.65    0.0480122983152
7.69    0.0480339555206
7.73    0.0480502236014
7.77    0.0480622469206
7.81    0.048068933192
7.85    0.048070428501
7.89    0.0480668790525
7.93    0.0480584308697
7.97    0.0480452295183
8.01    0.0480274198538
8.05    0.0480061722836
8.09    0.0479808261178
8.13    0.047951276324
8.17    0.0479176629092
8.21    0.0478801242288
8.25    0.0478387968471
8.29    0.0477938154098
8.33    0.0477453125343
8.37    0.0476936268151
8.41    0.0476395432688
8.45    0.0475823008931
8.49    0.0475220235503
8.53    0.047458832705
8.57    0.0473928473798
8.61    0.0473241841189
8.65    0.047252956957
8.69    0.0471792773979
8.73    0.0471032543996
8.77    0.0470249943672
8.81    0.0469450887297
8.85    0.0468635130421
8.89    0.046779984922
8.93    0.0466946008659
8.97    0.0466074548505
9.01    0.0465186383495
9.05    0.0464282403547
9.09    0.0463363474035
9.13    0.0462430436021
9.17    0.0461484106579
9.21    0.0460525279115
9.25    0.0459554723688
9.29    0.0458573187367
9.33    0.0457581394616
9.37    0.0456583282036
9.41    0.0455579183561
9.45    0.0454566718835
9.49    0.0453546528657
9.53    0.0452519233227
9.57    0.0451485432479
9.61    0.0450445706581
9.65    0.0449400616295
9.69    0.044835070344
9.73    0.0447296491312
9.77    0.0446238485104
9.81    0.0445177172349
9.85    0.0444113023289
9.89    0.044304649139
9.93    0.0441978013677
9.97    0.0440908011175
