0.05    5.85740926731e-05
0.09    0.000206261307018
0.13    0.000539665134381
0.17    0.00140838721743
0.21    0.00272707953674
0.25    0.0028029774481
0.29    0.0048778053163
0.33    0.00595138440754
0.37    0.00731384035951
0.41    0.00788829474347
0.45    0.0072171909322
0.49    0.00706864881588
0.53    0.00755401856712
0.57    0.00934743519031
0.61    0.0105797119817
0.65    0.0124062040329
0.69    0.0146084684098
0.73    0.0163823434327
0.77    0.0174906831826
0.81    0.0181231671044
0.85    0.0187903906885
0.89    0.0208853092841
0.93    0.0237635364032
0.97    0.0258409356062
1.01    0.0273550699797
1.05    0.029277860669
1.09    0.0341491415441
1.13    0.0356691975031
1.17    0.0367321776279
1.21    0.0369243755127
1.25    0.0354214326727
1.29    0.0361552554528
1.33    0.0368710150414
1.37    0.0377364538931
1.41    0.0389008126307
1.45    0.0402931294948
1.49    0.0416874340592
1.53    0.0428458137536
1.57    0.0436028394752
1.61    0.0438866398697
1.65    0.0437043113101
1.69    0.0432296810766
1.73    0.0456445287018
1.77    0.0482082967778
1.81    0.0462893142339
1.85    0.0444497016877
1.89    0.0441317053754
1.93    0.0420880684712
1.97    0.0414379223321
2.01    0.0419100570162
2.05    0.0427538615353
2.09    0.0449160313269
2.13    0.0476743336864
2.17    0.0503382441455
2.21    0.0528434443742
2.25    0.0551971044036
2.29    0.057434398239
2.33    0.0594684582423
2.37    0.0671381786046
2.41    0.0751528099575
2.45    0.0823566526341
2.49    0.0882783293274
2.53    0.0926477261692
2.57    0.09543390945
2.61    0.0967890220772
2.65    0.0968646158234
2.69    0.0959530482664
2.73    0.093727774893
2.77    0.0904193763923
2.81    0.0860029299048
2.85    0.0814742892082
2.89    0.0834350079086
2.93    0.0853299717547
2.97    0.0876184576203
3.01    0.0933770249413
3.05    0.0977880624172
3.09    0.101130917932
3.13    0.103557878985
3.17    0.104971941968
3.21    0.105010889601
3.25    0.103315506357
3.29    0.0997916057755
3.33    0.0948039411972
3.37    0.0947660751609
3.41    0.0973124267743
3.45    0.0980576943907
3.49    0.0969293694984
3.53    0.0941346531812
3.57    0.0951164106443
3.61    0.100680654451
3.65    0.105747511536
3.69    0.110462777535
3.73    0.114640729269
3.77    0.118183715039
3.81    0.121123883605
3.85    0.123600333488
3.89    0.126154414611
3.93    0.128493575146
3.97    0.13042289182
4.01    0.132031040144
4.05    0.133380241464
4.09    0.136882130779
4.13    0.148217026821
4.17    0.159180956933
4.21    0.169703347138
4.25    0.179742054498
4.29    0.189124978232
4.33    0.197803703335
4.37    0.20565371497
4.41    0.212547907625
4.45    0.218442877896
4.49    0.223452670432
4.53    0.228157846889
4.57    0.23333072994
4.61    0.237469277086
4.65    0.2405622013
4.69    0.243680757658
4.73    0.246884226844
4.77    0.249192906508
4.81    0.250398576678
4.85    0.250458238442
4.89    0.24934012138
4.93    0.249346653015
4.97    0.249867000159
5.01    0.249416145649
5.05    0.247774173568
5.09    0.244846666758
5.13    0.240790016189
5.17    0.235825068254
5.21    0.23011808175
5.25    0.22397042818
5.29    0.217646888186
5.33    0.211209965062
5.37    0.20471112935
5.41    0.198119056784
5.45    0.191495476097
5.49    0.185017001063
5.53    0.178738717961
5.57    0.172689346052
5.61    0.166955034604
5.65    0.161636374388
5.69    0.156830502869
5.73    0.152612613093
5.77    0.149034490373
5.81    0.146129946145
5.85    0.143910779365
5.89    0.142366625205
5.93    0.141465309868
5.97    0.141156111874
6.01    0.141373775957
6.05    0.142040277629
6.09    0.143069484821
6.13    0.144376663383
6.17    0.145877888692
6.21    0.147497356497
6.25    0.149161073641
6.29    0.150794668787
6.33    0.152390489976
6.37    0.157906864319
6.41    0.163360688799
6.45    0.168670285941
6.49    0.173758423968
6.53    0.178566378478
6.57    0.183050834295
6.61    0.187165744064
6.65    0.190882689874
6.69    0.194169021458
6.73    0.197002150235
6.77    0.199342253058
6.81    0.20118048108
6.85    0.202523318318
6.89    0.203410240978
6.93    0.203856171974
6.97    0.203859101847
7.01    0.203410485376
7.05    0.202497006845
7.09    0.201112340747
7.13    0.199273386984
7.17    0.197004529763
7.21    0.194346571846
7.25    0.191348409258
7.29    0.188050217438
7.33    0.184495631367
7.37    0.180729738603
7.41    0.176795590717
7.45    0.172745180754
7.49    0.168628294075
7.53    0.164490037987
7.57    0.160371488195
7.61    0.15631611941
7.65    0.152364685694
7.69    0.148559686658
7.73    0.144939376216
7.77    0.141541553406
7.81    0.13839748856
7.85    0.135535828057
7.89    0.132977899997
7.93    0.130741570882
7.97    0.128838666537
8.01    0.127274930426
8.05    0.126050351117
8.09    0.125159546487
8.13    0.125204003557
8.17    0.126204418458
8.21    0.127083332382
8.25    0.127843832525
8.29    0.128489609454
8.33    0.129024834969
8.37    0.129449393538
8.41    0.12976415575
8.45    0.129968158654
8.49    0.130525192161
8.53    0.131899578728
8.57    0.133307437556
8.61    0.134721716173
8.65    0.136114933262
8.69    0.137463459916
8.73    0.138747650683
8.77    0.1399491827
8.81    0.141057574224
8.85    0.142122288097
8.89    0.143545688683
8.93    0.144899156166
8.97    0.146150546507
9.01    0.147278134818
9.05    0.148268545692
9.09    0.149109558265
9.13    0.149794955621
9.17    0.150328817829
9.21    0.15106814856
9.25    0.154430581834
9.29    0.157734244806
9.33    0.160965303515
9.37    0.164111703354
9.41    0.167163021753
9.45    0.17010970734
9.49    0.172942423002
9.53    0.175657260652
9.57    0.178247296548
9.61    0.180712356121
9.65    0.183059106147
9.69    0.185282626891
9.73    0.187376380027
9.77    0.189335796898
9.81    0.191152228657
9.85    0.192823587572
9.89    0.194351065055
9.93    0.195736867474
9.97    0.19698057156
