0.05    8.11045871879e-05
0.09    0.000372523701224
0.13    0.000918847494988
0.17    0.00193871624671
0.21    0.00342614709281
0.25    0.00539151813456
0.29    0.00817973569365
0.33    0.00803165759887
0.37    0.0071057837724
0.41    0.0067187207901
0.45    0.0071208250778
0.49    0.00709308243916
0.53    0.00832319019854
0.57    0.00968322543048
0.61    0.0109166666379
0.65    0.0131043826414
0.69    0.0148193640815
0.73    0.0155174841543
0.77    0.0158190019959
0.81    0.0163569987125
0.85    0.0169475500674
0.89    0.0172992710494
0.93    0.018782818419
0.97    0.0209869676855
1.01    0.0233609087526
1.05    0.0273200277447
1.09    0.0305427222081
1.13    0.0291701626624
1.17    0.028130115127
1.21    0.0297826652421
1.25    0.0302084149287
1.29    0.0310395088342
1.33    0.0321500926885
1.37    0.0338708185798
1.41    0.0357511231994
1.45    0.0376596351155
1.49    0.0393647102005
1.53    0.0408235975392
1.57    0.0421407165906
1.61    0.0434216587872
1.65    0.0447395847841
1.69    0.0461151782693
1.73    0.0475370431097
1.77    0.0489901217182
1.81    0.0504867216495
1.85    0.052090908404
1.89    0.053748050705
1.93    0.0553038203109
1.97    0.0566545445923
2.01    0.0577308137831
2.05    0.0584764574352
2.09    0.0588726217094
2.13    0.0589245434601
2.17    0.0586830375979
2.21    0.0684957255113
2.25    0.0768141631648
2.29    0.0804607302986
2.33    0.079936683347
2.37    0.0777093638884
2.41    0.0758033075357
2.45    0.0745452280699
2.49    0.0730855599039
2.53    0.0707128920228
2.57    0.0707112231887
2.61    0.0762980176773
2.65    0.0836804026334
2.69    0.0927742228855
2.73    0.10245255649
2.77    0.110996252092
2.81    0.116640502289
2.85    0.11826310656
2.89    0.115025268323
2.93    0.122095524277
2.97    0.129407053466
3.01    0.135433305588
3.05    0.139803597502
3.09    0.142658154977
3.13    0.143713493779
3.17    0.142916849136
3.21    0.140375029891
3.25    0.136523672171
3.29    0.131998063287
3.33    0.126248547082
3.37    0.119215524849
3.41    0.118702646928
3.45    0.120797193209
3.49    0.123043762334
3.53    0.125288670245
3.57    0.127400978948
3.61    0.129347522324
3.65    0.131118886636
3.69    0.132711481151
3.73    0.134128115207
3.77    0.135369262772
3.81    0.136431079946
3.85    0.137320633304
3.89    0.138044739938
3.93    0.138603317594
3.97    0.139003799746
4.01    0.139317632712
4.05    0.139891249977
4.09    0.140562988855
4.13    0.141117295545
4.17    0.14155422003
4.21    0.147784651023
4.25    0.154654995431
4.29    0.160079808363
4.33    0.165161198618
4.37    0.172566671957
4.41    0.180762432817
4.45    0.190350159178
4.49    0.197675292781
4.53    0.202531513904
4.57    0.204608271758
4.61    0.209259444887
4.65    0.214125726688
4.69    0.218634472254
4.73    0.223273326372
4.77    0.227754493776
4.81    0.232337795871
4.85    0.236412014187
4.89    0.239807575735
4.93    0.242748891626
4.97    0.245303754669
5.01    0.247320873183
5.05    0.249275114357
5.09    0.251010075679
5.13    0.252291679086
5.17    0.253149190515
5.21    0.253666883103
5.25    0.253829578175
5.29    0.253569712276
5.33    0.254077412402
5.37    0.255214080585
5.41    0.256392168623
5.45    0.25736782425
5.49    0.257893911937
5.53    0.257920621741
5.57    0.257514294677
5.61    0.25680393387
5.65    0.256382353054
5.69    0.256943726052
5.73    0.26230293454
5.77    0.26575039662
5.81    0.267369105822
5.85    0.267153698171
5.89    0.265084215861
5.93    0.261234439456
5.97    0.255778745779
6.01    0.248975407352
6.05    0.245019326787
6.09    0.247290567004
6.13    0.249007160209
6.17    0.250368239091
6.21    0.251384167087
6.25    0.251974251605
6.29    0.252092069588
6.33    0.251760256064
6.37    0.251082808357
6.41    0.250214116803
6.45    0.24919044702
6.49    0.247952022832
6.53    0.246423674205
6.57    0.244603882124
6.61    0.242561238608
6.65    0.240391911446
6.69    0.238207658307
6.73    0.236101026245
6.77    0.234137722299
6.81    0.235770981721
6.85    0.237382569479
6.89    0.238919914768
6.93    0.240397718307
6.97    0.241851265789
7.01    0.243294225871
7.05    0.244704276855
7.09    0.246083243519
7.13    0.24743690121
7.17    0.248764475566
7.21    0.250076130962
7.25    0.251379276914
7.29    0.252679517822
7.33    0.253980522733
7.37    0.255284362824
7.41    0.25658760735
7.45    0.257889246941
7.49    0.259187548316
7.53    0.260479961941
7.57    0.261766907729
7.61    0.263049949813
7.65    0.2643279446
7.69    0.265599646023
7.73    0.266867636161
7.77    0.268126543188
7.81    0.269380672164
7.85    0.270623770233
7.89    0.271857829176
7.93    0.273081677368
7.97    0.274294114681
8.01    0.275498103222
8.05    0.27669678252
8.09    0.277897369994
8.13    0.279102269021
8.17    0.280306965943
8.21    0.281499052027
8.25    0.282669296582
8.29    0.283805988349
8.33    0.284902097592
8.37    0.285949026968
8.41    0.286942371149
8.45    0.287878359343
8.49    0.288751471342
8.53    0.289557003288
8.57    0.290291195403
8.61    0.290950691081
8.65    0.291534102943
8.69    0.292039995281
8.73    0.292464526836
8.77    0.292809971728
8.81    0.293073856128
8.85    0.293260840298
8.89    0.293386352961
8.93    0.293502171039
8.97    0.293656863047
9.01    0.293776991439
9.05    0.293821702607
9.09    0.293779231878
9.13    0.295433972852
9.17    0.29672629689
9.21    0.297661466478
9.25    0.298254479045
9.29    0.298527736396
9.33    0.298515486283
9.37    0.298278642395
9.41    0.297927971429
9.45    0.297425667575
9.49    0.296706398276
9.53    0.295789564764
9.57    0.294738786197
9.61    0.293514077917
9.65    0.292093038242
9.69    0.290478775513
9.73    0.288705864972
9.77    0.286873951427
9.81    0.285208521046
9.85    0.283700073664
9.89    0.282140775685
9.93    0.280443523418
9.97    0.278579413388
