0.05    8.27887412675e-05
0.09    0.000258636058244
0.13    0.000607006634646
0.17    0.00115048883979
0.21    0.00173840856597
0.25    0.00316350037991
0.29    0.00652282852579
0.33    0.00677649271936
0.37    0.0102185946025
0.41    0.0127998469513
0.45    0.0190922049562
0.49    0.02729518009
0.53    0.0357895637847
0.57    0.0423518467838
0.61    0.041388174645
0.65    0.0421849596449
0.69    0.0425071200181
0.73    0.0412439244929
0.77    0.0378620798739
0.81    0.0348107982529
0.85    0.0317461220788
0.89    0.0289747715399
0.93    0.0268888066329
0.97    0.0253775960731
1.01    0.0266772878586
1.05    0.026600258163
1.09    0.0248491998453
1.13    0.0231082815045
1.17    0.0255394853213
1.21    0.0283402621238
1.25    0.0313744336988
1.29    0.0340169846207
1.33    0.0356528589978
1.37    0.0388106887896
1.41    0.0370506446085
1.45    0.0358595918743
1.49    0.0395015811922
1.53    0.041454103932
1.57    0.0423282658841
1.61    0.0424584991586
1.65    0.0441785938321
1.69    0.0470309316124
1.73    0.0492595486567
1.77    0.0505318577511
1.81    0.050755525735
1.85    0.0500851505841
1.89    0.0488655450103
1.93    0.0474853180881
1.97    0.0462650919508
2.01    0.0453913651813
2.05    0.0448712729108
2.09    0.0445897489672
2.13    0.044368170249
2.17    0.0443933367249
2.21    0.0452813339119
2.25    0.0460582113735
2.29    0.0466640308044
2.33    0.0470530313091
2.37    0.0472526067928
2.41    0.0472807731404
2.45    0.0472062107798
2.49    0.0470661652913
2.53    0.0469152142541
2.57    0.0467871089994
2.61    0.0466959391308
2.65    0.0466514495257
2.69    0.046650051397
2.73    0.0466692589924
2.77    0.0466879004382
2.81    0.046693915883
2.85    0.0466535604442
2.89    0.0465472136654
2.93    0.0463705278214
2.97    0.0461009347749
3.01    0.0457355637447
3.05    0.0454240498672
3.09    0.0460962635517
3.13    0.0467860627874
3.17    0.048767966421
3.21    0.049838916179
3.25    0.0499928957516
3.29    0.0493026407065
3.33    0.0478813385852
3.37    0.0458648823011
3.41    0.0434096552056
3.45    0.0406748357703
3.49    0.0398738231681
3.53    0.0393898524277
3.57    0.0388732585145
3.61    0.0383289592579
3.65    0.0377675301797
3.69    0.0371933419425
3.73    0.0366177818664
3.77    0.0360420645509
3.81    0.035473366019
3.85    0.0349189198551
3.89    0.0343797887118
3.93    0.0338600071338
3.97    0.0333630128198
4.01    0.0328923572352
4.05    0.0324508699085
4.09    0.0320390484399
4.13    0.0316584542554
4.17    0.0313102650932
4.21    0.0309953066732
4.25    0.0307140812432
4.29    0.0304667935047
4.33    0.0302533743968
4.37    0.0300735031964
4.41    0.0299266283261
4.45    0.0298119872004
4.49    0.0297286253659
4.53    0.0296754151214
4.57    0.0296510737429
4.61    0.0296541813792
4.65    0.0296831986414
4.69    0.0297364838675
4.73    0.0298123100185
4.77    0.0299088811437
4.81    0.0300836416953
4.85    0.0306552114803
4.89    0.0311762783293
4.93    0.0316419996202
4.97    0.0320491051736
5.01    0.0323914069912
5.05    0.0333675697583
5.09    0.034651368953
5.13    0.0359050953995
5.17    0.0371203736764
5.21    0.0382890205849
5.25    0.0394029864859
5.29    0.0404554364305
5.33    0.0414385579886
5.37    0.0423452500458
5.41    0.0431690973998
5.45    0.0439056314848
5.49    0.0445492904561
5.53    0.0450947805561
5.57    0.0455395130005
5.61    0.0458810803691
5.65    0.0461161615915
5.69    0.0462448115584
5.73    0.0462666017799
5.77    0.0461807393788
5.81    0.0459893785931
5.85    0.0456947680438
5.89    0.0452981538754
5.93    0.044802809271
5.97    0.0442135699084
6.01    0.0435340882945
6.05    0.042768638359
6.09    0.0420851296153
6.13    0.0424288846833
6.17    0.0427046771248
6.21    0.0429129750089
6.25    0.0430545611035
6.29    0.0431300835106
6.33    0.0431407130452
6.37    0.0430878830024
6.41    0.0429733035949
6.45    0.0427989175183
6.49    0.0425668442052
6.53    0.0422793667719
6.57    0.0419389390193
6.61    0.041548161606
6.65    0.0411097534774
6.69    0.0406265507715
6.73    0.0401014986684
6.77    0.0395376226827
6.81    0.0389380012383
6.85    0.0383057428992
6.89    0.0376439633111
6.93    0.0369557657258
6.97    0.0362450709897
7.01    0.0355956919901
7.05    0.034966201102
7.09    0.0343155406919
7.13    0.0336445038065
7.17    0.0329558403161
7.21    0.0322510733392
7.25    0.031532490489
7.29    0.0308024289515
7.33    0.0300636343951
7.37    0.0295475290726
7.41    0.0298390701324
7.45    0.0301268242755
7.49    0.030410626217
7.53    0.0306903233986
7.57    0.0309657755786
7.61    0.0312368544189
7.65    0.0315034430669
7.69    0.0317661356763
7.73    0.032024416434
7.77    0.0322779316952
7.81    0.0325266053248
7.85    0.0327703706248
7.89    0.0330091699199
7.93    0.033242954173
7.97    0.0334716825797
8.01    0.0336953221885
8.05    0.0339138475241
8.09    0.0341272402225
8.13    0.0343354886624
8.17    0.0345385876185
8.21    0.0347365379217
8.25    0.0349293461251
8.29    0.0351170241845
8.33    0.035299589143
8.37    0.035477062832
8.41    0.0356494715769
8.45    0.0358168459178
8.49    0.0359792203327
8.53    0.0361366329821
8.57    0.036289125453
8.61    0.0364367425157
8.65    0.0365795318935
8.69    0.0367175440393
8.73    0.036850831919
8.77    0.0369800892974
8.81    0.0371050885762
8.85    0.0372255285368
8.89    0.0373414699378
8.93    0.037452975136
8.97    0.0375601079185
9.01    0.0376629333506
9.05    0.0377615176265
9.09    0.0378559279275
9.13    0.0379462322914
9.17    0.0380324994841
9.21    0.0381147988791
9.25    0.0381932003457
9.29    0.0382677741412
9.33    0.0383385908087
9.37    0.038405721083
9.41    0.0384692357995
9.45    0.0385292058095
9.49    0.0385857019026
9.53    0.0386387947283
9.57    0.0386885547297
9.61    0.0387350520757
9.65    0.0387783566008
9.69    0.0388185377483
9.73    0.0388556645163
9.77    0.0388898054092
9.81    0.0389210283913
9.85    0.0389494008456
9.89    0.0389749895332
9.93    0.0389978605588
9.97    0.0390180793373
