0.05    7.34531138069e-05
0.09    0.000249369025762
0.13    0.000541512416298
0.17    0.0012817040339
0.21    0.00296528308183
0.25    0.00446750685777
0.29    0.00551420923503
0.33    0.00477456200596
0.37    0.00690308261296
0.41    0.0132287743462
0.45    0.0162868819122
0.49    0.0180650842154
0.53    0.0214381977598
0.57    0.024669745087
0.61    0.0259873324911
0.65    0.0267756727287
0.69    0.0271034306366
0.73    0.0270433945465
0.77    0.027893510408
0.81    0.0273159062851
0.85    0.0285729067337
0.89    0.0296568044599
0.93    0.0256623162623
0.97    0.0258715352893
1.01    0.0263288660074
1.05    0.0269837387294
1.09    0.0298664173188
1.13    0.0337503875813
1.17    0.0345835288278
1.21    0.0327598106751
1.25    0.0344628448007
1.29    0.0367907136808
1.33    0.0395120738709
1.37    0.0420885569114
1.41    0.0440735400616
1.45    0.0451777639763
1.49    0.0452345971456
1.53    0.0442789410672
1.57    0.0435534566111
1.61    0.0446295283376
1.65    0.0455877445255
1.69    0.0445816998993
1.73    0.0450119434715
1.77    0.0462590038165
1.81    0.0467375431916
1.85    0.0464198393082
1.89    0.0479554825578
1.93    0.0498936307573
1.97    0.0511789562007
2.01    0.0516646601367
2.05    0.0512761863605
2.09    0.0500571887481
2.13    0.0504171757589
2.17    0.0506683617259
2.21    0.0505982270779
2.25    0.0503092369989
2.29    0.0498897175231
2.33    0.049404963732
2.37    0.0489014338663
2.41    0.0484028771953
2.45    0.0479090178733
2.49    0.0474217016202
2.53    0.0469311861861
2.57    0.0464280475271
2.61    0.0459241799435
2.65    0.0454155658397
2.69    0.0449152694789
2.73    0.0444410698304
2.77    0.0440175293329
2.81    0.043659293953
2.85    0.0433837330364
2.89    0.0432048018478
2.93    0.0431313229047
2.97    0.0431663706041
3.01    0.0433072040965
3.05    0.0435456645759
3.09    0.0438689270019
3.13    0.0442604882531
3.17    0.044701279059
3.21    0.0451708011956
3.25    0.0456535311773
3.29    0.0461247206563
3.33    0.0465655155959
3.37    0.0469591275919
3.41    0.0472928716081
3.45    0.0475605803633
3.49    0.0477472160731
3.53    0.0478471653298
3.57    0.0478622459693
3.61    0.0477919088317
3.65    0.0476341174023
3.69    0.0473931720882
3.73    0.0470815760315
3.77    0.046701062966
3.81    0.0462588631997
3.85    0.0457641819701
3.89    0.0452283157727
3.93    0.0446625662354
3.97    0.0440728282865
4.01    0.0434685101509
4.05    0.0428585509469
4.09    0.0422512790838
4.13    0.0416543038549
4.17    0.0410744378133
4.21    0.0405176470543
4.25    0.0399890262355
4.29    0.0394927950774
4.33    0.0390323130724
4.37    0.0386101092537
4.41    0.0382279240416
4.45    0.0378867604233
4.49    0.0375869419769
4.53    0.0373281755202
4.57    0.0371096164576
4.61    0.0369299351551
4.65    0.0376570992933
4.69    0.0389268742483
4.73    0.0401019856248
4.77    0.0411808371951
4.81    0.0421625343267
4.85    0.0430447924079
4.89    0.0438249027829
4.93    0.0444988434014
4.97    0.0450642150375
5.01    0.0456778864224
5.05    0.0467178659029
5.09    0.0477011539646
5.13    0.0486232242409
5.17    0.0494782929741
5.21    0.0502594009942
5.25    0.050960324202
5.29    0.0515748662641
5.33    0.0520969970384
5.37    0.0525209866916
5.41    0.05284213372
5.45    0.0530554174819
5.49    0.0531567627349
5.53    0.0531431642256
5.57    0.053012508403
5.61    0.0527636443299
5.65    0.0523963829723
5.69    0.0519114301093
5.73    0.0513103815911
5.77    0.0505957818953
5.81    0.0497711106797
5.85    0.0488406935022
5.89    0.0478096053731
5.93    0.0466835792989
5.97    0.0454689402636
6.01    0.0441725655329
6.05    0.0428018139946
6.09    0.0429928823219
6.13    0.0433242087832
6.17    0.0435840966479
6.21    0.0437694011361
6.25    0.0438791509382
6.29    0.0439126311945
6.33    0.0438695267877
6.37    0.043751875955
6.41    0.0435595242592
6.45    0.0432953369889
6.49    0.0429604412971
6.53    0.0425586626753
6.57    0.0420911270682
6.61    0.0415614731994
6.65    0.0409730180428
6.69    0.0403282840474
6.73    0.039630766443
6.77    0.0388840102074
6.81    0.0380915871188
6.85    0.0372570950288
6.89    0.0363841574185
6.93    0.0354764006783
6.97    0.0345374117978
7.01    0.0335717926032
7.05    0.0326309936754
7.09    0.0327001545772
7.13    0.0327281840908
7.17    0.0327174836968
7.21    0.0326688536387
7.25    0.0328326624345
7.29    0.0331161922809
7.33    0.0333919988775
7.37    0.0336608597617
7.41    0.0339223637704
7.45    0.0341759736429
7.49    0.0344216575801
7.53    0.0346593972
7.57    0.0348891867533
7.61    0.035111032366
7.65    0.0353250892807
7.69    0.0355324918747
7.73    0.0357320315909
7.77    0.0359237538022
7.81    0.0361653965404
7.85    0.0364041299337
7.89    0.0366350905244
7.93    0.0368594226827
7.97    0.0370763977243
8.01    0.0372857159593
8.05    0.0374874318476
8.09    0.0376830401979
8.13    0.0378711799455
8.17    0.0380519128364
8.21    0.038225317168
8.25    0.0383926888707
8.29    0.0385530981593
8.33    0.0387064323928
8.37    0.038852786936
8.41    0.0389926799947
8.45    0.0391267420886
8.49    0.039254118132
8.53    0.0393749149594
8.57    0.0394892416281
8.61    0.0395975716782
8.65    0.0397005987717
8.69    0.0397974795543
8.73    0.0398883289819
8.77    0.0399732629868
8.81    0.0400523982674
8.85    0.0401267042664
8.89    0.0401958162245
8.93    0.0402594668919
8.97    0.0403177739724
9.01    0.0403708550672
9.05    0.0404188275291
9.09    0.0404623042094
9.13    0.0405015414971
9.17    0.0405360034952
9.21    0.0405658052513
9.25    0.0405910609924
9.29    0.0406118840306
9.33    0.040628386678
9.37    0.0406410169256
9.41    0.0406502346182
9.45    0.0406554461586
9.49    0.0406567591763
9.53    0.0406542799794
9.57    0.0406481135047
9.61    0.0406383632739
9.65    0.040625131353
9.69    0.0406085976453
9.73    0.0405896035687
9.77    0.0405674096191
9.81    0.0405421118456
9.85    0.040513804713
9.89    0.0404825810876
9.93    0.0404485322213
9.97    0.0404117477427
