0.05    0.00018464105147
0.09    0.000839699055694
0.13    0.00274137219932
0.17    0.00363447824887
0.21    0.00591440812426
0.25    0.0115967306316
0.29    0.0127959713488
0.33    0.0197572927262
0.37    0.0290664683422
0.41    0.0273309232238
0.45    0.0342754621901
0.49    0.0404996205764
0.53    0.0463159392394
0.57    0.0462414503636
0.61    0.0401648911478
0.65    0.0384021685147
0.69    0.0442090480689
0.73    0.0494390352252
0.77    0.0454142657032
0.81    0.0399874660192
0.85    0.0387124480041
0.89    0.0367809343276
0.93    0.0371501130822
0.97    0.0380881846242
1.01    0.0480289119318
1.05    0.0535065500577
1.09    0.057400375289
1.13    0.0584710249262
1.17    0.0566947944047
1.21    0.0506367194808
1.25    0.0463702456744
1.29    0.0507278402749
1.33    0.0550958805024
1.37    0.0575332951324
1.41    0.0567493716259
1.45    0.0534536964216
1.49    0.0559915243141
1.53    0.0589597493522
1.57    0.0588923085987
1.61    0.0568209656357
1.65    0.0584363853971
1.69    0.0627585126584
1.73    0.0648945569745
1.77    0.064684294449
1.81    0.0642888741123
1.85    0.0636449372445
1.89    0.0627316296004
1.93    0.0635406189391
1.97    0.0627080559643
2.01    0.0607367622437
2.05    0.0578458264121
2.09    0.0563396311377
2.13    0.05910327189
2.17    0.061513212917
2.21    0.0636387739253
2.25    0.0655238471165
2.29    0.0671803217964
2.33    0.0685915824457
2.37    0.0697109961299
2.41    0.0704680347003
2.45    0.0707687275919
2.49    0.0705335595569
2.53    0.0696989169115
2.57    0.0724884090574
2.61    0.0800063558187
2.65    0.0870483495497
2.69    0.0932724848914
2.73    0.098405319839
2.77    0.102316274585
2.81    0.105017397196
2.85    0.108213569248
2.89    0.114110671201
2.93    0.118360317086
2.97    0.120801811393
3.01    0.121474290765
3.05    0.122564871703
3.09    0.125249504683
3.13    0.128012086414
3.17    0.130479585512
3.21    0.131907494057
3.25    0.131460390391
3.29    0.129366025328
3.33    0.126017910378
3.37    0.121708280279
3.41    0.116843468618
3.45    0.111865759067
3.49    0.106785372334
3.53    0.10363621741
3.57    0.106616036301
3.61    0.109490405251
3.65    0.112254244064
3.69    0.114903449631
3.73    0.117434915082
3.77    0.119846350685
3.81    0.122135783023
3.85    0.124301263552
3.89    0.126350874664
3.93    0.128287183346
3.97    0.13024723714
4.01    0.132406554131
4.05    0.13448843073
4.09    0.136457298643
4.13    0.13828995461
4.17    0.139987726416
4.21    0.141540681161
4.25    0.142947602803
4.29    0.144208130713
4.33    0.145322726908
4.37    0.146293053742
4.41    0.147125927865
4.45    0.147819851042
4.49    0.148377713657
4.53    0.148808847147
4.57    0.149113967768
4.61    0.149306423158
4.65    0.150774583897
4.69    0.15276268942
4.73    0.153913715377
4.77    0.154207469916
4.81    0.153639488865
4.85    0.155298452348
4.89    0.158617938338
4.93    0.161886179588
4.97    0.16475970169
5.01    0.167137656558
5.05    0.16898509663
5.09    0.170323900862
5.13    0.171213010447
5.17    0.171658104269
5.21    0.171601792917
5.25    0.175782630723
5.29    0.180544809392
5.33    0.18502484632
5.37    0.189215593897
5.41    0.193103859637
5.45    0.196675232944
5.49    0.199931191078
5.53    0.202865505869
5.57    0.2054852264
5.61    0.207799393753
5.65    0.20981970574
5.69    0.213195661143
5.73    0.216391807051
5.77    0.219307562706
5.81    0.221932935043
5.85    0.224268216635
5.89    0.226323861278
5.93    0.228127946319
5.97    0.230033782087
6.01    0.23279488435
6.05    0.235290771049
6.09    0.237520126121
6.13    0.239492382296
6.17    0.241215408076
6.21    0.242691791407
6.25    0.243918482412
6.29    0.244890670568
6.33    0.24561184905
6.37    0.246079415359
6.41    0.246296033743
6.45    0.246267683843
6.49    0.246005054563
6.53    0.245515521185
6.57    0.244807751075
6.61    0.243903037148
6.65    0.242815666707
6.69    0.241561586232
6.73    0.24015259465
6.77    0.238589190279
6.81    0.236873233285
6.85    0.235008978519
6.89    0.233005840371
6.93    0.230878632022
6.97    0.228650637553
7.01    0.226351577882
7.05    0.223991509685
7.09    0.221531481648
7.13    0.218961962428
7.17    0.216281165238
7.21    0.21430834398
7.25    0.214896574382
7.29    0.215412911892
7.33    0.215851549853
7.37    0.216219707968
7.41    0.216517111064
7.45    0.216745938334
7.49    0.216910912833
7.53    0.217009027322
7.57    0.217050675017
7.61    0.217029528381
7.65    0.216953918447
7.69    0.216823946704
7.73    0.216640045519
7.77    0.216407765408
7.81    0.216128844744
7.85    0.215804034288
7.89    0.215436010951
7.93    0.215026911004
7.97    0.214578290014
8.01    0.214091170271
8.05    0.213568669433
8.09    0.213009777322
8.13    0.213256218125
8.17    0.213498747106
8.21    0.213690994115
8.25    0.21383031829
8.29    0.213914501463
8.33    0.213945320279
8.37    0.213931020325
8.41    0.213871501886
8.45    0.213763538279
8.49    0.213608781298
8.53    0.213409796387
8.57    0.213176602173
8.61    0.212901156588
8.65    0.212584981914
8.69    0.212229567341
8.73    0.211838134911
8.77    0.211417862627
8.81    0.210962413616
8.85    0.210473147643
8.89    0.209951391956
8.93    0.209398441491
8.97    0.208822344851
9.01    0.208218877201
9.05    0.207587718067
9.09    0.20763332362
9.13    0.207974362165
9.17    0.208271753077
9.21    0.208529947818
9.25    0.208751225421
9.29    0.20893144661
9.33    0.209079668309
9.37    0.2091903609
9.41    0.209265068641
9.45    0.209310316667
9.49    0.209320063967
9.53    0.209299149017
9.57    0.209567322968
9.61    0.209786061935
9.65    0.209918610346
9.69    0.209963279511
9.73    0.20992467342
9.77    0.209807816966
9.81    0.209610770593
9.85    0.209338838976
9.89    0.208995284765
9.93    0.208578579892
9.97    0.208096425641
