0.05    0.000139991313873
0.09    0.00073956925482
0.13    0.00307195768587
0.17    0.00542360573982
0.21    0.00516831069866
0.25    0.00735081213255
0.29    0.0101746091714
0.33    0.0169323661723
0.37    0.0151947331175
0.41    0.012878521503
0.45    0.015828278002
0.49    0.022001467913
0.53    0.0311560397946
0.57    0.0256460668378
0.61    0.0237854907752
0.65    0.0273980732803
0.69    0.0286211784595
0.73    0.0258752062961
0.77    0.0261920818781
0.81    0.0291948058478
0.85    0.0357267467049
0.89    0.0353364253716
0.93    0.0332623648932
0.97    0.0360815911807
1.01    0.0383387872789
1.05    0.0390450837512
1.09    0.0390746007643
1.13    0.0391379654653
1.17    0.0435104549929
1.21    0.0518761342187
1.25    0.0590292745673
1.29    0.0654312652619
1.33    0.0740228725889
1.37    0.0816569336997
1.41    0.0877878962829
1.45    0.0922197045073
1.49    0.0958265611793
1.53    0.0994286865588
1.57    0.101769351023
1.61    0.102600697945
1.65    0.102055135209
1.69    0.100385420479
1.73    0.097898223387
1.77    0.0949200688527
1.81    0.0919426077994
1.85    0.0891136015852
1.89    0.0864167106173
1.93    0.0837494389334
1.97    0.081091030918
2.01    0.0785085789483
2.05    0.0760886468858
2.09    0.0741205066593
2.13    0.0739045338627
2.17    0.0744044131042
2.21    0.0749902053865
2.25    0.0754469024225
2.29    0.0756581726833
2.33    0.0755185229618
2.37    0.0749586624825
2.41    0.074274875152
2.45    0.0764107635681
2.49    0.0769366755021
2.53    0.0831459992764
2.57    0.0900074733302
2.61    0.0951136665643
2.65    0.09845852355
2.69    0.0988552003734
2.73    0.102102686801
2.77    0.105433706014
2.81    0.106981801481
2.85    0.107119635026
2.89    0.106262143951
2.93    0.104838261549
2.97    0.104411720403
3.01    0.103443475535
3.05    0.10213964074
3.09    0.100702408455
3.13    0.101221193928
3.17    0.102666003275
3.21    0.104929180566
3.25    0.107892345468
3.29    0.111384742919
3.33    0.115199153542
3.37    0.119120367819
3.41    0.122927670923
3.45    0.126417065247
3.49    0.129413744317
3.53    0.13181318288
3.57    0.134141585965
3.61    0.140637431117
3.65    0.148698733426
3.69    0.156091455475
3.73    0.161830744937
3.77    0.165530394673
3.81    0.167435683177
3.85    0.167706619023
3.89    0.166728539936
3.93    0.164242051199
3.97    0.160575492966
4.01    0.156123932787
4.05    0.151113707967
4.09    0.145749207037
4.13    0.140348357782
4.17    0.134985618758
4.21    0.129676075901
4.25    0.124605223444
4.29    0.12110038063
4.33    0.117595984412
4.37    0.11433295836
4.41    0.111382150252
4.45    0.108432587206
4.49    0.108412402265
4.53    0.11139708993
4.57    0.114987282147
4.61    0.11905484142
4.65    0.123556954963
4.69    0.128451518629
4.73    0.133574456986
4.77    0.138732332475
4.81    0.143773725114
4.85    0.148584960154
4.89    0.153085641574
4.93    0.157220248024
4.97    0.160967044779
5.01    0.16433925387
5.05    0.167371975615
5.09    0.170111443972
5.13    0.172619712414
5.17    0.174971903605
5.21    0.177263012388
5.25    0.179585341003
5.29    0.182029772316
5.33    0.184670521393
5.37    0.187558132206
5.41    0.190717228854
5.45    0.194141609166
5.49    0.197798935754
5.53    0.201642785802
5.57    0.206534466487
5.61    0.213235606459
5.65    0.219916390467
5.69    0.22643363115
5.73    0.232655395632
5.77    0.238461022268
5.81    0.243773387644
5.85    0.248545773578
5.89    0.252757959957
5.93    0.256504423914
5.97    0.259590552041
6.01    0.262417549984
6.05    0.269027609879
6.09    0.275097284333
6.13    0.280492787264
6.17    0.285103812825
6.21    0.288949317696
6.25    0.292081377936
6.29    0.294636941186
6.33    0.297021671231
6.37    0.300233311287
6.41    0.303814902676
6.45    0.306671990765
6.49    0.308788147877
6.53    0.312470156722
6.57    0.316696667438
6.61    0.32031749334
6.65    0.323360130478
6.69    0.325894880955
6.73    0.328017935617
6.77    0.329896972842
6.81    0.331426983523
6.85    0.332504824886
6.89    0.333120760135
6.93    0.333329245171
6.97    0.333274727727
7.01    0.332762249959
7.05    0.331728864688
7.09    0.330190488976
7.13    0.328191633208
7.17    0.325788908086
7.21    0.323031782902
7.25    0.320354434743
7.29    0.32271960764
7.33    0.325272996867
7.37    0.327389573728
7.41    0.329071985066
7.45    0.330330927055
7.49    0.331180140562
7.53    0.331636598575
7.57    0.331727838408
7.61    0.33148224213
7.65    0.330939978823
7.69    0.33014858834
7.73    0.329127085061
7.77    0.327909786935
7.81    0.326571732398
7.85    0.325178613787
7.89    0.323685412494
7.93    0.322071758691
7.97    0.32023401838
8.01    0.318131160048
8.05    0.315759974788
8.09    0.313126814319
8.13    0.310240731042
8.17    0.307110157192
8.21    0.303739381915
8.25    0.300143384844
8.29    0.29633490945
8.33    0.292331025749
8.37    0.288151973497
8.41    0.283823792232
8.45    0.279388057085
8.49    0.274864550142
8.53    0.270263223313
8.57    0.265610401621
8.61    0.262532189604
8.65    0.260933902343
8.69    0.259237209203
8.73    0.257487706103
8.77    0.25574777757
8.81    0.253942063875
8.85    0.25205588761
8.89    0.250087836914
8.93    0.248035072433
8.97    0.245896957328
9.01    0.243674567076
9.05    0.241370976408
9.09    0.238988127459
9.13    0.236531275909
9.17    0.234007011151
9.21    0.231421855424
9.25    0.228785597187
9.29    0.226124287682
9.33    0.223486972655
9.37    0.220859074687
9.41    0.218248494393
9.45    0.216007726246
9.49    0.214223639568
9.53    0.212840190484
9.57    0.211403790259
9.61    0.209908688837
9.65    0.208355505619
9.69    0.206753236423
9.73    0.205107999055
9.77    0.203418861311
9.81    0.201681999534
9.85    0.200407805661
9.89    0.199317698841
9.93    0.198209662282
9.97    0.197083317823
