0.05    0.000188354204696
0.09    0.000892499835913
0.13    0.00274704693154
0.17    0.0036692098707
0.21    0.00549870499435
0.25    0.00658758424079
0.29    0.0111615766546
0.33    0.0162168648888
0.37    0.0182660313941
0.41    0.0263173626958
0.45    0.0336593744028
0.49    0.0417520737423
0.53    0.039194138799
0.57    0.0383367140326
0.61    0.0468051706123
0.65    0.0572791232176
0.69    0.0643427697159
0.73    0.0723250067917
0.77    0.0771727396218
0.81    0.0773105227855
0.85    0.0798488033894
0.89    0.0894742062203
0.93    0.0861511738545
0.97    0.0813964718051
1.01    0.058920494791
1.05    0.0554809167905
1.09    0.0572713946719
1.13    0.0579805690399
1.17    0.0637277832517
1.21    0.0673439878821
1.25    0.0710305499105
1.29    0.0739149799818
1.33    0.0742256867393
1.37    0.0750370315197
1.41    0.085425333246
1.45    0.10118602133
1.49    0.114660239105
1.53    0.12866013016
1.57    0.142039315325
1.61    0.148911303998
1.65    0.154302444615
1.69    0.152970473756
1.73    0.156190104614
1.77    0.155189599008
1.81    0.148721683965
1.85    0.140663522639
1.89    0.14134410393
1.93    0.145655935529
1.97    0.148420468034
2.01    0.160901137585
2.05    0.177054713684
2.09    0.180913090047
2.13    0.179571499261
2.17    0.179916700514
2.21    0.178456021389
2.25    0.176147110736
2.29    0.176332872089
2.33    0.181586588545
2.37    0.189504677454
2.41    0.195447801702
2.45    0.199222670949
2.49    0.20827086146
2.53    0.216363448974
2.57    0.227714844689
2.61    0.243406952712
2.65    0.263041883105
2.69    0.284300084827
2.73    0.299964872661
2.77    0.307883352013
2.81    0.309243621606
2.85    0.30896748378
2.89    0.312665666346
2.93    0.322648517602
2.97    0.337319015049
3.01    0.353878411378
3.05    0.370489690132
3.09    0.386203436731
3.13    0.400207873549
3.17    0.411737729732
3.21    0.420005884857
3.25    0.424153290465
3.29    0.422783693329
3.33    0.414217576122
3.37    0.39776609659
3.41    0.37452627812
3.45    0.34792544851
3.49    0.322608545792
3.53    0.303042769826
3.57    0.291216653179
3.61    0.286463804744
3.65    0.288127179813
3.69    0.292368630741
3.73    0.295741023545
3.77    0.296021265159
3.81    0.292442644905
3.85    0.285468552534
3.89    0.276243847443
3.93    0.266122568025
3.97    0.256165295809
4.01    0.246834005188
4.05    0.237907273713
4.09    0.228601533729
4.13    0.223187014707
4.17    0.232618105951
4.21    0.247217418705
4.25    0.258238969208
4.29    0.2743384067
4.33    0.303912202207
4.37    0.332766811942
4.41    0.361619119415
4.45    0.390919199756
4.49    0.420117897568
4.53    0.447611381386
4.57    0.470822926126
4.61    0.48731746011
4.65    0.495490276945
4.69    0.495169596969
4.73    0.488520948488
4.77    0.483384716931
4.81    0.474335156389
4.85    0.465010909384
4.89    0.456401619442
4.93    0.450512408552
4.97    0.448757480376
5.01    0.451563999232
5.05    0.458394213315
5.09    0.467831673795
5.13    0.478005042056
5.17    0.486945461091
5.21    0.493038269865
5.25    0.495162689134
5.29    0.492948837176
5.33    0.486593075439
5.37    0.476837622774
5.41    0.464778385018
5.45    0.451376143511
5.49    0.437435928104
5.53    0.42361139342
5.57    0.410517132515
5.61    0.398731090591
5.65    0.388825102251
5.69    0.381322790926
5.73    0.37666660126
5.77    0.375098749919
5.81    0.376565048576
5.85    0.380658204455
5.89    0.386639650726
5.93    0.393592559739
5.97    0.400511254256
6.01    0.406517015438
6.05    0.410960002971
6.09    0.419806926819
6.13    0.427040091029
6.17    0.432551031008
6.21    0.436503623052
6.25    0.439209564373
6.29    0.441039246308
6.33    0.442273219766
6.37    0.443053634632
6.41    0.443370445613
6.45    0.443031188545
6.49    0.441715082206
6.53    0.439045613742
6.57    0.434664317327
6.61    0.428268054396
6.65    0.425070381155
6.69    0.420430841799
6.73    0.413416057982
6.77    0.404215712864
6.81    0.393192054389
6.85    0.380852940917
6.89    0.367762362489
6.93    0.354560859041
6.97    0.341889578159
7.01    0.330292715778
7.05    0.320208503108
7.09    0.311875450031
7.13    0.305345302116
7.17    0.30047588195
7.21    0.296975365797
7.25    0.294445357731
7.29    0.292453741972
7.33    0.290597972541
7.37    0.288534882398
7.41    0.286046500798
7.45    0.283017764385
7.49    0.279485606697
7.53    0.27557920204
7.57    0.271546625125
7.61    0.26770626262
7.65    0.2644116013
7.69    0.262035962725
7.73    0.260903884233
7.77    0.26128263295
7.81    0.263331500348
7.85    0.267100525676
7.89    0.272526594833
7.93    0.279440509509
7.97    0.287582069492
8.01    0.296649327426
8.05    0.306307655477
8.09    0.316216400483
8.13    0.326066654851
8.17    0.335575569954
8.21    0.344512025623
8.25    0.35268954881
8.29    0.359967106862
8.33    0.366260035486
8.37    0.371508749137
8.41    0.375701392751
8.45    0.378846540129
8.49    0.38097240091
8.53    0.382125027699
8.57    0.382383604247
8.61    0.381804247006
8.65    0.380438885039
8.69    0.378329513376
8.73    0.376927388324
8.77    0.384787226354
8.81    0.392156909256
8.85    0.399043545621
8.89    0.40544273132
8.93    0.411329929235
8.97    0.416684646521
9.01    0.421465041811
9.05    0.425628604283
9.09    0.429135333411
9.13    0.431934443603
9.17    0.433990407128
9.21    0.435251371609
9.25    0.43570357026
9.29    0.435327794878
9.33    0.434143644487
9.37    0.43216349697
9.41    0.429421702526
9.45    0.425926154513
9.49    0.421693671516
9.53    0.416735241154
9.57    0.411056197594
9.61    0.404693071227
9.65    0.397674287319
9.69    0.390079637119
9.73    0.381985824261
9.77    0.373486277644
9.81    0.364677551265
9.85    0.355663575678
9.89    0.346555245692
9.93    0.337464839421
9.97    0.328502407231
