0.05    0.000286546963247
0.09    0.0013659838914
0.13    0.00492375490307
0.17    0.00603195777933
0.21    0.00625377804579
0.25    0.0106627427827
0.29    0.0151980575534
0.33    0.0194373314632
0.37    0.0154839521932
0.41    0.0225047090841
0.45    0.0306257783745
0.49    0.0361425725145
0.53    0.0402805130588
0.57    0.056083277131
0.61    0.07210980865
0.65    0.0805158581788
0.69    0.0738017186714
0.73    0.0841753887634
0.77    0.0691301196448
0.81    0.0681785018905
0.85    0.0877529177641
0.89    0.0976008302422
0.93    0.108054031868
0.97    0.112296904651
1.01    0.119603174903
1.05    0.110875472406
1.09    0.104048911141
1.13    0.0942010616445
1.17    0.101612687979
1.21    0.124524293034
1.25    0.124727501865
1.29    0.127826800384
1.33    0.133528246271
1.37    0.143839512803
1.41    0.167150050519
1.45    0.176279074183
1.49    0.199057478872
1.53    0.25469339288
1.57    0.291939171927
1.61    0.307339865069
1.65    0.310189031941
1.69    0.296072311424
1.73    0.262058570035
1.77    0.230817398125
1.81    0.218429907695
1.85    0.214859897339
1.89    0.212786673584
1.93    0.2022990281
1.97    0.216364208232
2.01    0.221603440454
2.05    0.223697345759
2.09    0.224995153254
2.13    0.226241506412
2.17    0.226269477976
2.21    0.228404675986
2.25    0.220575196902
2.29    0.217865986672
2.33    0.2148652842
2.37    0.212783533963
2.41    0.236717401697
2.45    0.253780243146
2.49    0.265265787545
2.53    0.278916385871
2.57    0.291539629443
2.61    0.290066596727
2.65    0.281575585699
2.69    0.26777786382
2.73    0.254866800344
2.77    0.241828995469
2.81    0.22786229277
2.85    0.218611169269
2.89    0.21238653298
2.93    0.20610829243
2.97    0.20110252009
3.01    0.203733902835
3.05    0.211255695654
3.09    0.22356021014
3.13    0.240148872159
3.17    0.259706673729
3.21    0.280346103055
3.25    0.299839946022
3.29    0.316127152391
3.33    0.327463533003
3.37    0.332803883463
3.41    0.331693688692
3.45    0.324585208167
3.49    0.31223674134
3.53    0.295852438724
3.57    0.289141549602
3.61    0.289554237398
3.65    0.286720108593
3.69    0.281568792375
3.73    0.27490655454
3.77    0.267608508554
3.81    0.260273490135
3.85    0.261269090518
3.89    0.277197774467
3.93    0.295153116502
3.97    0.315018197166
4.01    0.336019253737
4.05    0.35743152912
4.09    0.378490138255
4.13    0.398318833379
4.17    0.416142051349
4.21    0.431413865106
4.25    0.443976571022
4.29    0.453998210862
4.33    0.461913735367
4.37    0.468199336444
4.41    0.476316733992
4.45    0.483472386794
4.49    0.488956343359
4.53    0.505028907621
4.57    0.518989992394
4.61    0.528582310082
4.65    0.533280108619
4.69    0.53293591856
4.73    0.528314616464
4.77    0.529567691413
4.81    0.53521905783
4.85    0.538780536871
4.89    0.541778658136
4.93    0.545332510302
4.97    0.549921123608
5.01    0.555301161728
5.05    0.560674886711
5.09    0.564898397455
5.13    0.566860278351
5.17    0.565672967207
5.21    0.561035825863
5.25    0.553335805047
5.29    0.543330941455
5.33    0.531908262896
5.37    0.519889279521
5.41    0.50786231108
5.45    0.496074638096
5.49    0.484478360041
5.53    0.472820385862
5.57    0.460818357452
5.61    0.448339129508
5.65    0.435481060674
5.69    0.422547821636
5.73    0.410072878446
5.77    0.398598983542
5.81    0.388562671599
5.85    0.381659690464
5.89    0.38553396775
5.93    0.389872173071
5.97    0.394363169537
6.01    0.398474814326
6.05    0.401628262022
6.09    0.403314989971
6.13    0.403099424596
6.17    0.40045037966
6.21    0.413013231519
6.25    0.42683711501
6.29    0.439299773311
6.33    0.449696543624
6.37    0.457486692134
6.41    0.462298266187
6.45    0.463964163067
6.49    0.462512105584
6.53    0.458090295967
6.57    0.450973074028
6.61    0.441527698138
6.65    0.430154013112
6.69    0.417291868097
6.73    0.403371167596
6.77    0.388846160585
6.81    0.374112478858
6.85    0.364557975877
6.89    0.376062901885
6.93    0.386639719582
6.97    0.395903185385
7.01    0.403568771211
7.05    0.409465198493
7.09    0.413505314829
7.13    0.415687090632
7.17    0.416104469498
7.21    0.414916996534
7.25    0.41238666949
7.29    0.40882712337
7.33    0.404638624344
7.37    0.400244425823
7.41    0.396096308584
7.45    0.392642819469
7.49    0.390320161157
7.53    0.389504575861
7.57    0.390485828886
7.61    0.399897981019
7.65    0.4156000539
7.69    0.430828018757
7.73    0.44531156244
7.77    0.458794114709
7.81    0.471073916473
7.85    0.481980872897
7.89    0.491404872019
7.93    0.499241416837
7.97    0.506246164516
8.01    0.527815428283
8.05    0.549385029761
8.09    0.570625230091
8.13    0.591248921151
8.17    0.611007665868
8.21    0.62977925516
8.25    0.647317562266
8.29    0.663566881116
8.33    0.678358051049
8.37    0.691531473396
8.41    0.703038472154
8.45    0.712838245074
8.49    0.721002297047
8.53    0.727724353324
8.57    0.73344034548
8.61    0.738367018951
8.65    0.742383027541
8.69    0.74521998038
8.73    0.74681540972
8.77    0.747124695617
8.81    0.746155458063
8.85    0.743937602275
8.89    0.740415025325
8.93    0.735673936388
8.97    0.729807055197
9.01    0.722929838241
9.05    0.715185957245
9.09    0.706680965192
9.13    0.697500071213
9.17    0.687700155902
9.21    0.677317255621
9.25    0.673724159149
9.29    0.672326212849
9.33    0.670652716729
9.37    0.668648796362
9.41    0.666311820609
9.45    0.663640641964
9.49    0.663413344013
9.53    0.663395947992
9.57    0.663060360765
9.61    0.662429269251
9.65    0.66149410388
9.69    0.660267010107
9.73    0.658746135842
9.77    0.656942226063
9.81    0.654847154825
9.85    0.6524576632
9.89    0.649780928792
9.93    0.646819503649
9.97    0.643586160924
