0.05    0.000514756439232
0.09    0.00205407974324
0.13    0.00465016492837
0.17    0.0087024837992
0.21    0.0131277151622
0.25    0.017644426896
0.29    0.0208507467887
0.33    0.0300973905153
0.37    0.0343838647483
0.41    0.0356735955026
0.45    0.0417225117822
0.49    0.0602814076525
0.53    0.0608668418183
0.57    0.0539834229126
0.61    0.0449143830267
0.65    0.0514872076266
0.69    0.0633282442977
0.73    0.0713232965065
0.77    0.0741391258588
0.81    0.0863414158671
0.85    0.10460260027
0.89    0.111893908003
0.93    0.109996879332
0.97    0.105081052422
1.01    0.101541161578
1.05    0.101102668602
1.09    0.106132698383
1.13    0.116039076401
1.17    0.124994317332
1.21    0.136559243477
1.25    0.141945215305
1.29    0.139481888403
1.33    0.140538227882
1.37    0.139124239604
1.41    0.134381093112
1.45    0.129352645858
1.49    0.139106205047
1.53    0.149096029521
1.57    0.158869749337
1.61    0.167940398837
1.65    0.175867208485
1.69    0.182474128408
1.73    0.188117011586
1.77    0.195299549313
1.81    0.203557664414
1.85    0.210943366541
1.89    0.217488752326
1.93    0.223412422947
1.97    0.228609964974
2.01    0.24185384622
2.05    0.268594932572
2.09    0.293742136266
2.13    0.317168703191
2.17    0.338748267099
2.21    0.358302660624
2.25    0.375420272987
2.29    0.389826741849
2.33    0.401372897367
2.37    0.410413174362
2.41    0.418194699899
2.45    0.425357797038
2.49    0.432652403625
2.53    0.451264165662
2.57    0.46930776186
2.61    0.483953992592
2.65    0.495628660266
2.69    0.505258387872
2.73    0.512227458621
2.77    0.516115314817
2.81    0.516977791427
2.85    0.514965508369
2.89    0.51073203451
2.93    0.506251302375
2.97    0.502084211016
3.01    0.497349406631
3.05    0.492363629661
3.09    0.487133603587
3.13    0.481199915093
3.17    0.474146615962
3.21    0.465929382989
3.25    0.456391409745
3.29    0.445752313849
3.33    0.434265857233
3.37    0.421952617387
3.41    0.416623431645
3.45    0.41647033756
3.49    0.415913818865
3.53    0.414927303886
3.57    0.413502461418
3.61    0.411648010448
3.65    0.409314760514
3.69    0.406505629109
3.73    0.405595843048
3.77    0.407414488552
3.81    0.40915997926
3.85    0.410826971786
3.89    0.41241639883
3.93    0.413924686867
3.97    0.415340414635
4.01    0.416669349091
4.05    0.417932467394
4.09    0.419247399175
4.13    0.424054012613
4.17    0.428701109078
4.21    0.433176153379
4.25    0.437479172784
4.29    0.441590177101
4.33    0.445503329438
4.37    0.449213215514
4.41    0.452714812288
4.45    0.45600337946
4.49    0.4590767658
4.53    0.461929215015
4.57    0.464559532985
4.61    0.466971671977
4.65    0.469173357312
4.69    0.471196315316
4.73    0.473155184353
4.77    0.475120629763
4.81    0.477128376999
4.85    0.479135997876
4.89    0.48111576573
4.93    0.483659627562
4.97    0.48663769942
5.01    0.489444827214
5.05    0.492060904394
5.09    0.494466719492
5.13    0.496680263176
5.17    0.498679882885
5.21    0.500465474623
5.25    0.502036505494
5.29    0.503392481943
5.33    0.504533470115
5.37    0.505460472221
5.41    0.506175685457
5.45    0.506682216924
5.49    0.506983740381
5.53    0.507084555631
5.57    0.507002148973
5.61    0.506984957859
5.65    0.524718063466
5.69    0.541950326087
5.73    0.558604797092
5.77    0.574849389254
5.81    0.590751380019
5.85    0.606375022906
5.89    0.621896715732
5.93    0.637166686544
5.97    0.652117994957
6.01    0.666562587034
6.05    0.684637893225
6.09    0.702735794056
6.13    0.720575204829
6.17    0.73788827207
6.21    0.75456853782
6.25    0.77061024046
6.29    0.786062296144
6.33    0.800940804569
6.37    0.815221987165
6.41    0.828943611219
6.45    0.84208061211
6.49    0.854598067564
6.53    0.866476822616
6.57    0.877762167288
6.61    0.888468338548
6.65    0.8985334221
6.69    0.907927566913
6.73    0.916659859527
6.77    0.924771979324
6.81    0.932311233463
6.85    0.939284779806
6.89    0.945763445771
6.93    0.951803678501
6.97    0.95749490756
7.01    0.962916965593
7.05    0.968007450356
7.09    0.972774980818
7.13    0.977232431524
7.17    0.981362647094
7.21    0.985148705588
7.25    0.988453042421
7.29    0.991179377463
7.33    0.993313895008
7.37    0.994885563713
7.41    0.995920156848
7.45    0.996449722469
7.49    0.996509822074
7.53    0.996139926802
7.57    0.995348862309
7.61    0.994111621
7.65    0.992424681109
7.69    0.990307220915
7.73    0.987794942436
7.77    0.984933377778
7.81    0.981873045645
7.85    0.978635659453
7.89    0.975161372712
7.93    0.971454797342
7.97    0.967535111489
8.01    0.963369018106
8.05    0.958934149769
8.09    0.954213901596
8.13    0.949195373906
8.17    0.943899155147
8.21    0.938326516086
8.25    0.932510103996
8.29    0.926569071666
8.33    0.920660305067
8.37    0.914777192574
8.41    0.908846125385
8.45    0.902811729405
8.49    0.896631525673
8.53    0.890258224043
8.57    0.883687445699
8.61    0.876976964636
8.65    0.870091842786
8.69    0.863031873575
8.73    0.85584361744
8.77    0.848474921013
8.81    0.84399095931
8.85    0.845499541928
8.89    0.846783696867
8.93    0.847853766974
8.97    0.84871241633
9.01    0.849363396913
9.05    0.849814124041
9.09    0.850069879113
9.13    0.850140310072
9.17    0.850029366105
9.21    0.849753211187
9.25    0.849312129961
9.29    0.848714693962
9.33    0.847972243328
9.37    0.847086461721
9.41    0.846060384625
9.45    0.844898479518
9.49    0.843609675773
9.53    0.842191799408
9.57    0.840650472759
9.61    0.838990183062
9.65    0.837209816943
9.69    0.835318493694
9.73    0.833315513454
9.77    0.831209293688
9.81    0.829001447672
9.85    0.826698001281
9.89    0.824301478718
9.93    0.821812624253
9.97    0.819239860458
