0.05    0.000359722871861
0.09    0.00166142235599
0.13    0.00301780524543
0.17    0.00698442209839
0.21    0.0115540870873
0.25    0.0157051117663
0.29    0.0205674693115
0.33    0.0280448512201
0.37    0.0346613954565
0.41    0.0338793067083
0.45    0.0381770499641
0.49    0.0424892610114
0.53    0.048554542073
0.57    0.0586816493568
0.61    0.0660851271931
0.65    0.072902987406
0.69    0.0798579726737
0.73    0.0861648033292
0.77    0.100409610377
0.81    0.124038345395
0.85    0.139499853089
0.89    0.147641592309
0.93    0.152725128028
0.97    0.146417340261
1.01    0.129570822462
1.05    0.132988079871
1.09    0.137987993696
1.13    0.142187416921
1.17    0.145542395282
1.21    0.148139758589
1.25    0.150224025123
1.29    0.15202141794
1.33    0.153574714537
1.37    0.154948454587
1.41    0.156679263461
1.45    0.15901747782
1.49    0.160842343003
1.53    0.177504640919
1.57    0.196170896229
1.61    0.211517678925
1.65    0.22347219034
1.69    0.232152780526
1.73    0.237994967032
1.77    0.241716825494
1.81    0.251969442066
1.85    0.263639004607
1.89    0.273931085728
1.93    0.281129842328
1.97    0.285063700137
2.01    0.285832506642
2.05    0.283942918002
2.09    0.278456387381
2.13    0.27066835831
2.17    0.273671715707
2.21    0.276104096218
2.25    0.277567052281
2.29    0.278212335927
2.33    0.278246094268
2.37    0.277771761641
2.41    0.276819223087
2.45    0.27539975352
2.49    0.273467471663
2.53    0.271015159752
2.57    0.268059241068
2.61    0.264651273928
2.65    0.260851717304
2.69    0.25672563301
2.73    0.252229121511
2.77    0.247343755526
2.81    0.242086598176
2.85    0.236435491294
2.89    0.230397029938
2.93    0.223984230915
2.97    0.217229667913
3.01    0.210143533648
3.05    0.202770767821
3.09    0.195157667182
3.13    0.187351916666
3.17    0.179402065126
3.21    0.17135628474
3.25    0.173818168813
3.29    0.176455499097
3.33    0.179008485894
3.37    0.18145739562
3.41    0.185606092857
3.45    0.192074580976
3.49    0.198180492682
3.53    0.203289928364
3.57    0.207369748554
3.61    0.210471798216
3.65    0.212676765662
3.69    0.214079712514
3.73    0.21489870688
3.77    0.215384342927
3.81    0.215483644156
3.85    0.215096532065
3.89    0.21424518239
3.93    0.212998185913
3.97    0.211427366731
4.01    0.209611254659
4.05    0.207600484767
4.09    0.205437340594
4.13    0.204943520819
4.17    0.204957595435
4.21    0.204859834852
4.25    0.204669161768
4.29    0.204385045499
4.33    0.20400089928
4.37    0.203521020529
4.41    0.20295091721
4.45    0.202314451568
4.49    0.201594371594
4.53    0.200794921085
4.57    0.199920289583
4.61    0.198975143699
4.65    0.197980776797
4.69    0.196922621089
4.73    0.195804552247
4.77    0.1946303455
4.81    0.193403670235
4.85    0.192146221488
4.89    0.194187791714
4.93    0.196474626447
4.97    0.198986198793
5.01    0.201700271243
5.05    0.204594730621
5.09    0.207653714417
5.13    0.210848897717
5.17    0.214163951689
5.21    0.217573032195
5.25    0.221062740351
5.29    0.224607993826
5.33    0.228191288297
5.37    0.231795968011
5.41    0.235406443958
5.45    0.23900814501
5.49    0.242587362536
5.53    0.246132447812
5.57    0.249637705382
5.61    0.253093601501
5.65    0.256490082476
5.69    0.259814112055
5.73    0.263053514943
5.77    0.266195983919
5.81    0.269235423672
5.85    0.272654089322
5.89    0.276126776761
5.93    0.27949305009
5.97    0.282735483819
6.01    0.28584524586
6.05    0.288817262403
6.09    0.291645707773
6.13    0.294323619456
6.17    0.296846755988
6.21    0.299211383892
6.25    0.30141423594
6.29    0.303452724142
6.33    0.305325079036
6.37    0.307030270701
6.41    0.308567983993
6.45    0.309938443106
6.49    0.311142290483
6.53    0.3133381554
6.57    0.316934951207
6.61    0.322746404412
6.65    0.336616787902
6.69    0.350182668441
6.73    0.363395657472
6.77    0.376217326517
6.81    0.388614319504
6.85    0.400526518252
6.89    0.411898914091
6.93    0.42267595258
6.97    0.432806753372
7.01    0.442219331942
7.05    0.450874678875
7.09    0.458725510713
7.13    0.465734949137
7.17    0.471934534313
7.21    0.477376626118
7.25    0.482080897774
7.29    0.485994929497
7.33    0.489036682368
7.37    0.491085135477
7.41    0.492119153212
7.45    0.49225997866
7.49    0.491604438241
7.53    0.490182251776
7.57    0.489159014267
7.61    0.490737338669
7.65    0.496701286751
7.69    0.502665774937
7.73    0.508458453959
7.77    0.513944289699
7.81    0.519124825904
7.85    0.524148598806
7.89    0.528911547292
7.93    0.533203959295
7.97    0.536976862195
8.01    0.540211208166
8.05    0.542950562102
8.09    0.545315750372
8.13    0.547261457632
8.17    0.548651253552
8.21    0.549430622652
8.25    0.54956505606
8.29    0.549021469045
8.33    0.547821374115
8.37    0.54600318001
8.41    0.543589493197
8.45    0.542966294418
8.49    0.544150426928
8.53    0.545102398837
8.57    0.545774483123
8.61    0.546165525841
8.65    0.546293756575
8.69    0.546183863622
8.73    0.545920168878
8.77    0.545502771101
8.81    0.544829861543
8.85    0.543897528774
8.89    0.542684223456
8.93    0.541202153743
8.97    0.539468151526
9.01    0.537455936452
9.05    0.535146643146
9.09    0.532546101226
9.13    0.529671534671
9.17    0.526539529485
9.21    0.526558857721
9.25    0.5271500004
9.29    0.527588819448
9.33    0.527888777571
9.37    0.528061560297
9.41    0.528102798295
9.45    0.528007134001
9.49    0.527778115996
9.53    0.527423620654
9.57    0.526949540211
9.61    0.526358050553
9.65    0.525641658454
9.69    0.524789941795
9.73    0.523802633932
9.77    0.522698603004
9.81    0.521539370917
9.85    0.520371820205
9.89    0.519226529338
9.93    0.518008269912
9.97    0.516675471452
