0.05    0.000124564173675
0.09    0.000870192942309
0.13    0.00157526408555
0.17    0.00239171394313
0.21    0.00248462575934
0.25    0.00444229375447
0.29    0.00563459251612
0.33    0.00536071829853
0.37    0.00531187269622
0.41    0.00646070111398
0.45    0.00622351265782
0.49    0.00809829867901
0.53    0.0114026441803
0.57    0.0103143889019
0.61    0.0120644380533
0.65    0.0122602461524
0.69    0.0119058616774
0.73    0.0122668470483
0.77    0.0128012713215
0.81    0.0123484042474
0.85    0.0128196501455
0.89    0.0141491124051
0.93    0.0148851171729
0.97    0.0154283527408
1.01    0.0176817224805
1.05    0.0169593928766
1.09    0.0167583347867
1.13    0.0168441489337
1.17    0.0210812339828
1.21    0.0244976111672
1.25    0.0231291896143
1.29    0.0201534807256
1.33    0.0229407244874
1.37    0.0252479999469
1.41    0.0278190560274
1.45    0.0300298277683
1.49    0.0340074892842
1.53    0.0367895304483
1.57    0.0389953929141
1.61    0.0409575702729
1.65    0.0424372772889
1.69    0.0459406926498
1.73    0.0492351018024
1.77    0.0523963129809
1.81    0.0546589289928
1.85    0.0567731307472
1.89    0.0585749663504
1.93    0.0601161233219
1.97    0.0614577055072
2.01    0.0632867474125
2.05    0.065315825943
2.09    0.0668192241341
2.13    0.0678169377729
2.17    0.0683737357072
2.21    0.0685830658097
2.25    0.0685055826038
2.29    0.0682145217701
2.33    0.0677514650834
2.37    0.0671459630491
2.41    0.0665242401211
2.45    0.0682119894276
2.49    0.0701518593845
2.53    0.0678647447152
2.57    0.0633552933092
2.61    0.0621835302488
2.65    0.0611539462697
2.69    0.0606371073687
2.73    0.0598356718201
2.77    0.0593222849977
2.81    0.0587194582401
2.85    0.0580135121055
2.89    0.0572656410682
2.93    0.0568694401595
2.97    0.0568387770332
3.01    0.0568381586027
3.05    0.056912855823
3.09    0.0570983578665
3.13    0.0575409574154
3.17    0.0582301688696
3.21    0.0595103598533
3.25    0.0615998674762
3.29    0.0636621198707
3.33    0.0656960674407
3.37    0.0677016828951
3.41    0.0697091738562
3.45    0.0723201798945
3.49    0.0756950696259
3.53    0.0785267400944
3.57    0.0818970348805
3.61    0.0863672801276
3.65    0.090461400506
3.69    0.0941486542169
3.73    0.0974357435976
3.77    0.100310079884
3.81    0.102813310676
3.85    0.104952780518
3.89    0.106653447197
3.93    0.108088129314
3.97    0.109869205121
4.01    0.112291669054
4.05    0.114495282105
4.09    0.116467385628
4.13    0.118265468064
4.17    0.120477641572
4.21    0.122859389685
4.25    0.124997006808
4.29    0.126873293597
4.33    0.128503992415
4.37    0.129905270885
4.41    0.131051859409
4.45    0.132088456438
4.49    0.133178407876
4.53    0.134144742948
4.57    0.134894003302
4.61    0.13530787941
4.65    0.135595777718
4.69    0.136217834586
4.73    0.13733902127
4.77    0.138236882867
4.81    0.138903003134
4.85    0.139339227816
4.89    0.139544071852
4.93    0.139522797355
4.97    0.139290666918
5.01    0.138867437242
5.05    0.138256973153
5.09    0.137459404537
5.13    0.136477299489
5.17    0.135343367412
5.21    0.134461537315
5.25    0.133968435525
5.29    0.133346858905
5.33    0.132559317699
5.37    0.131665959058
5.41    0.131027879284
5.45    0.13205060538
5.49    0.132954956788
5.53    0.133740594271
5.57    0.134414533089
5.61    0.13500117182
5.65    0.135491020932
5.69    0.135864544564
5.73    0.136117080894
5.77    0.136249803076
5.81    0.136263978556
5.85    0.136158403588
5.89    0.13593571956
5.93    0.135649034875
5.97    0.135353125124
6.01    0.13495480635
6.05    0.134444827973
6.09    0.138686395239
6.13    0.14504293838
6.17    0.150855856017
6.21    0.156058792405
6.25    0.160596819326
6.29    0.164473098155
6.33    0.167643130429
6.37    0.170088578866
6.41    0.17180499812
6.45    0.172799791481
6.49    0.173052579229
6.53    0.172591381581
6.57    0.17150102435
6.61    0.172297598258
6.65    0.173140886299
6.69    0.173538083502
6.73    0.173482027227
6.77    0.172957447368
6.81    0.171948186204
6.85    0.170463084315
6.89    0.168521528641
6.93    0.166152718939
6.97    0.163400021108
7.01    0.16031466781
7.05    0.156946524525
7.09    0.153350119983
7.13    0.149576225713
7.17    0.145678166297
7.21    0.141705870224
7.25    0.137703906065
7.29    0.13371931267
7.33    0.131330459432
7.37    0.131213452565
7.41    0.131061124466
7.45    0.130874900548
7.49    0.130652904917
7.53    0.130398992689
7.57    0.130111493461
7.61    0.129791838005
7.65    0.129442944544
7.69    0.129061234006
7.73    0.128654121402
7.77    0.128217191308
7.81    0.127818095283
7.85    0.127506046485
7.89    0.127169718883
7.93    0.126809011755
7.97    0.126424459683
8.01    0.126016992679
8.05    0.125588122875
8.09    0.125137992481
8.13    0.124667472586
8.17    0.124177201085
8.21    0.123667547185
8.25    0.1231386302
8.29    0.122591637046
8.33    0.122027257601
8.37    0.121468486733
8.41    0.121003820141
8.45    0.120518049434
8.49    0.120015270973
8.53    0.119492823383
8.57    0.118954129178
8.61    0.11839712352
8.65    0.119205500174
8.69    0.120112641427
8.73    0.121207388293
8.77    0.123123270257
8.81    0.124942751433
8.85    0.126652513091
8.89    0.128239218706
8.93    0.129693903985
8.97    0.131007122042
9.01    0.132171645435
9.05    0.133178941691
9.09    0.13402070488
9.13    0.134689998175
9.17    0.135184125122
9.21    0.135499650129
9.25    0.13563450637
9.29    0.135596915402
9.33    0.135396817097
9.37    0.135496174828
9.41    0.137092283257
9.45    0.138582916388
9.49    0.139958220889
9.53    0.141214689421
9.57    0.14235089157
9.61    0.143364305173
9.65    0.144252572691
9.69    0.145017496319
9.73    0.14566529071
9.77    0.146202476766
9.81    0.14663782333
9.85    0.147032953894
9.89    0.147387787369
9.93    0.147664425782
9.97    0.147862278563
