0.05    0.000160072722651
0.09    0.000961698927714
0.13    0.00211717577329
0.17    0.00148012936489
0.21    0.00336089386156
0.25    0.00475882522241
0.29    0.00671247425719
0.33    0.00672508750334
0.37    0.00677291042238
0.41    0.00802427772045
0.45    0.0134829255628
0.49    0.0125029895126
0.53    0.0148078413693
0.57    0.0112109083182
0.61    0.0117913689537
0.65    0.0162976062175
0.69    0.0207846878996
0.73    0.0220121834407
0.77    0.0197751637424
0.81    0.0186751812505
0.85    0.016833116049
0.89    0.0172334943751
0.93    0.0190194890455
0.97    0.0225593141132
1.01    0.0265141200385
1.05    0.0298928857323
1.09    0.0329274808723
1.13    0.0341445780764
1.17    0.0333203112119
1.21    0.0306506322684
1.25    0.0272805030239
1.29    0.0288108705017
1.33    0.0304107139183
1.37    0.0321010344246
1.41    0.0338808241082
1.45    0.0356642696871
1.49    0.0388108905355
1.53    0.0453199167949
1.57    0.0514927394895
1.61    0.0573235008043
1.65    0.0620726675694
1.69    0.0655299924459
1.73    0.0678520941755
1.77    0.0691756369502
1.81    0.0704778122457
1.85    0.0729102816424
1.89    0.0760453144844
1.93    0.0785897528914
1.97    0.081421307121
2.01    0.0837628859293
2.05    0.0854556897356
2.09    0.0868345616587
2.13    0.087863397106
2.17    0.0881041584907
2.21    0.0877957503504
2.25    0.0889323427326
2.29    0.0903016117481
2.33    0.0913563957898
2.37    0.0921409917553
2.41    0.0927122166948
2.45    0.0940456430918
2.49    0.0952320517283
2.53    0.0966695405479
2.57    0.0985856686084
2.61    0.100260307571
2.65    0.101690405887
2.69    0.102899100475
2.73    0.103921313941
2.77    0.104884016455
2.81    0.105756526332
2.85    0.10648466773
2.89    0.107081747737
2.93    0.107679076017
2.97    0.108221684538
3.01    0.108644750174
3.05    0.108963432407
3.09    0.109195094114
3.13    0.109362236316
3.17    0.109485489788
3.21    0.109583613128
3.25    0.10967345024
3.29    0.10976983187
3.33    0.109885406266
3.37    0.110030058943
3.41    0.110210135066
3.45    0.110428157934
3.49    0.110683315739
3.53    0.110972172252
3.57    0.111290776328
3.61    0.116370772025
3.65    0.123893140419
3.69    0.131360208032
3.73    0.138706910648
3.77    0.14590700932
3.81    0.153122572492
3.85    0.160274522914
3.89    0.167383538522
3.93    0.174487471589
3.97    0.181318190729
4.01    0.187671638045
4.05    0.193455497228
4.09    0.198696910686
4.13    0.203473087381
4.17    0.207846694956
4.21    0.211938053654
4.25    0.215730234861
4.29    0.219562006782
4.33    0.223364741897
4.37    0.226698452709
4.41    0.229398284638
4.45    0.23160693187
4.49    0.23344381304
4.53    0.234687754729
4.57    0.235292522895
4.61    0.235281144944
4.65    0.234744904481
4.69    0.233865584273
4.73    0.232524662882
4.77    0.230923126817
4.81    0.229115863464
4.85    0.227134988185
4.89    0.224993363971
4.93    0.222670584941
4.97    0.219984829383
5.01    0.216945896207
5.05    0.213806395786
5.09    0.211310594823
5.13    0.208572797077
5.17    0.205467083476
5.21    0.201994111626
5.25    0.198177466237
5.29    0.194029824306
5.33    0.18976696044
5.37    0.186488327401
5.41    0.182936111756
5.45    0.17908752124
5.49    0.175160135742
5.53    0.174240469122
5.57    0.173382037584
5.61    0.172371548639
5.65    0.171299488781
5.69    0.170202943726
5.73    0.169031328495
5.77    0.167795960289
5.81    0.166604160185
5.85    0.165328444098
5.89    0.163972932819
5.93    0.162522943067
5.97    0.160969236319
6.01    0.159325447831
6.05    0.157612309651
6.09    0.155834006397
6.13    0.153992374403
6.17    0.152092328279
6.21    0.15012869132
6.25    0.148105767645
6.29    0.147653275002
6.33    0.148152484628
6.37    0.148596168514
6.41    0.148988645472
6.45    0.149334797172
6.49    0.149645074963
6.53    0.149948150484
6.57    0.150223239981
6.61    0.150459687692
6.65    0.15065628965
6.69    0.150813529181
6.73    0.150932214033
6.77    0.151016120617
6.81    0.15440187892
6.85    0.15875245524
6.89    0.163040031093
6.93    0.167302993453
6.97    0.171572827223
7.01    0.175875340587
7.05    0.180231370817
7.09    0.184658083649
7.13    0.189164271344
7.17    0.193755816349
7.21    0.198432018399
7.25    0.203188624897
7.29    0.20801632569
7.33    0.212904545333
7.37    0.217836976925
7.41    0.222798023107
7.45    0.227767402664
7.49    0.232726714353
7.53    0.237652898736
7.57    0.242524937227
7.61    0.247321973356
7.65    0.252023676658
7.69    0.256614431108
7.73    0.261078755078
7.77    0.265400201269
7.81    0.269566521869
7.85    0.273565244377
7.89    0.277384432315
7.93    0.281013484052
7.97    0.28444325523
8.01    0.287665842139
8.05    0.290673970123
8.09    0.293463016152
8.13    0.296024483942
8.17    0.297987691257
8.21    0.299121755645
8.25    0.304149376372
8.29    0.308986131891
8.33    0.31361748459
8.37    0.318073417659
8.41    0.32228890777
8.45    0.32620457512
8.49    0.329827767352
8.53    0.333315775932
8.57    0.336776790116
8.61    0.340101388905
8.65    0.343212478483
8.69    0.345974053414
8.73    0.348345420886
8.77    0.350320081705
8.81    0.351895611713
8.85    0.353070185967
8.89    0.353841646566
8.93    0.354222346351
8.97    0.354222467069
9.01    0.35385825882
9.05    0.353138057497
9.09    0.352054612274
9.13    0.350601780069
9.17    0.348786617684
9.21    0.346607843416
9.25    0.344082517455
9.29    0.341222734204
9.33    0.338031680032
9.37    0.334556469623
9.41    0.330827817766
9.45    0.326860737001
9.49    0.322674299742
9.53    0.318253993788
9.57    0.31364339881
9.61    0.309969054619
9.65    0.307472968464
9.69    0.304828525814
9.73    0.302059001125
9.77    0.299159119819
9.81    0.296113692081
9.85    0.292962696468
9.89    0.290014137159
9.93    0.287513241655
9.97    0.285046684731
