0.05    0.000175823621597
0.09    0.00116112868312
0.13    0.00288339996147
0.17    0.00589934562427
0.21    0.00800468217047
0.25    0.00980176970263
0.29    0.00923753881259
0.33    0.00957490250422
0.37    0.00947245104065
0.41    0.0127753926509
0.45    0.0167285512167
0.49    0.0285351633615
0.53    0.0303520886628
0.57    0.0301736057319
0.61    0.0341824604451
0.65    0.0367162479102
0.69    0.0362068217886
0.73    0.0316530651266
0.77    0.0279596377888
0.81    0.0267067370831
0.85    0.0304947427039
0.89    0.0332742318693
0.93    0.033676020716
0.97    0.0326484532901
1.01    0.0328833047365
1.05    0.0360764098764
1.09    0.0406595592439
1.13    0.0451402162361
1.17    0.0522566516605
1.21    0.0600592373711
1.25    0.065987267218
1.29    0.0696736469058
1.33    0.0716374961953
1.37    0.0725984599919
1.41    0.0721002598135
1.45    0.0703334345749
1.49    0.0676620456019
1.53    0.0644363049854
1.57    0.0610242674596
1.61    0.0577648431628
1.65    0.0549753025757
1.69    0.0560507232885
1.73    0.0581425222064
1.77    0.0601480680379
1.81    0.0634946709972
1.85    0.0676240242207
1.89    0.0720885479206
1.93    0.0754071887001
1.97    0.0776376216364
2.01    0.0788184187324
2.05    0.0807848817973
2.09    0.0875559829168
2.13    0.094631277442
2.17    0.101856575833
2.21    0.109077592688
2.25    0.116170493703
2.29    0.123020565089
2.33    0.129586315818
2.37    0.135994316244
2.41    0.142459946852
2.45    0.148887204344
2.49    0.158111919518
2.53    0.16764242265
2.57    0.181706139317
2.61    0.196040912857
2.65    0.205937803096
2.69    0.211372937644
2.73    0.214141382083
2.77    0.218204280908
2.81    0.225682927196
2.85    0.234061128293
2.89    0.24268780909
2.93    0.2509333101
2.97    0.258558332187
3.01    0.265710191058
3.05    0.273422445154
3.09    0.280902190781
3.13    0.288155712905
3.17    0.295184669743
3.21    0.302029775351
3.25    0.308709733156
3.29    0.31601290523
3.33    0.32408318901
3.37    0.33130101053
3.41    0.337890719077
3.45    0.344619158347
3.49    0.351340734336
3.53    0.357621122739
3.57    0.363604456198
3.61    0.369316517269
3.65    0.374820229163
3.69    0.380567837242
3.73    0.386019074311
3.77    0.390925427723
3.81    0.395292079214
3.85    0.400027886281
3.89    0.40518811899
3.93    0.410033262381
3.97    0.414565927693
4.01    0.418972141822
4.05    0.423961485269
4.09    0.429048381475
4.13    0.433979673487
4.17    0.438739605884
4.21    0.443298660592
4.25    0.447985051822
4.29    0.452248037504
4.33    0.455899965716
4.37    0.4589380383
4.41    0.461437176447
4.45    0.46397312701
4.49    0.466928405737
4.53    0.47055289665
4.57    0.474187248777
4.61    0.478173501652
4.65    0.482433267446
4.69    0.486490712854
4.73    0.490315253509
4.77    0.49393408471
4.81    0.497435701803
4.85    0.500905791178
4.89    0.504314327431
4.93    0.507953933451
4.97    0.5115620002
5.01    0.514963704983
5.05    0.518120087227
5.09    0.521041665985
5.13    0.523736548734
5.17    0.526260971577
5.21    0.528712941931
5.25    0.531040062986
5.29    0.533130971335
5.33    0.534953462967
5.37    0.536495845934
5.41    0.537757472381
5.45    0.538743919858
5.49    0.539469336978
5.53    0.539938163192
5.57    0.540165791551
5.61    0.540167764516
5.65    0.539943718676
5.69    0.539497500581
5.73    0.538839820565
5.77    0.53800488049
5.81    0.537046848132
5.85    0.536328365702
5.89    0.535528395112
5.93    0.534524658547
5.97    0.533303181207
6.01    0.531863217148
6.05    0.530213629122
6.09    0.528373662681
6.13    0.527312346839
6.17    0.526113331463
6.21    0.524805155507
6.25    0.523507721125
6.29    0.522650926057
6.33    0.521804447645
6.37    0.52076932432
6.41    0.519567829118
6.45    0.518956561885
6.49    0.518254566312
6.53    0.517363685168
6.57    0.516277926809
6.61    0.514993187247
6.65    0.513517200616
6.69    0.511858015382
6.73    0.510017436152
6.77    0.50801691116
6.81    0.505858154539
6.85    0.503558178031
6.89    0.501131538836
6.93    0.498582684881
6.97    0.495913693905
7.01    0.49310864233
7.05    0.490174980528
7.09    0.487109320089
7.13    0.48391415843
7.17    0.480594429704
7.21    0.477156277069
7.25    0.473607298285
7.29    0.470680466346
7.33    0.467836411927
7.37    0.464901107584
7.41    0.461893673577
7.45    0.458963570563
7.49    0.456172318889
7.53    0.453392589861
7.57    0.452033307415
7.61    0.452243388757
7.65    0.452414724274
7.69    0.452531931679
7.73    0.452606830832
7.77    0.452637317282
7.81    0.452618111339
7.85    0.452565815356
7.89    0.452467681264
7.93    0.452325258275
7.97    0.452152990792
8.01    0.451937856437
8.05    0.451682312873
8.09    0.451400169275
8.13    0.451079021763
8.17    0.450720202269
8.21    0.45033819389
8.25    0.449921375447
8.29    0.449470442865
8.33    0.448996852123
8.37    0.448494059067
8.41    0.447960484902
8.45    0.447404850718
8.49    0.446825140998
8.53    0.446217762392
8.57    0.445589729054
8.61    0.444941536416
8.65    0.444268572283
8.69    0.443577517024
8.73    0.442868670258
8.77    0.442137742016
8.81    0.441392323098
8.85    0.44063006909
8.89    0.439848224741
8.93    0.439056168065
8.97    0.438247197456
9.01    0.437422634613
9.05    0.436589030336
9.09    0.43573950496
9.13    0.434879578361
9.17    0.434009070241
9.21    0.433124651582
9.25    0.432253393186
9.29    0.431524090305
9.33    0.43078706741
9.37    0.430035800001
9.41    0.429271300151
9.45    0.428500143952
9.49    0.427881152564
9.53    0.427338783607
9.57    0.426788271784
9.61    0.426221097112
9.65    0.425646584871
9.69    0.425056857292
9.73    0.424459797322
9.77    0.423849444311
9.81    0.423232032057
9.85    0.422602875938
9.89    0.421967566216
9.93    0.421321328707
9.97    0.420670401194
