0.1	0.000574132546471
0.12	0.00099511625589
0.14	0.00132929801212
0.16	0.00196597478572
0.18	0.00267111408468
0.2	0.00353530407476
0.22	0.00371938062632
0.24	0.00408512644012
0.26	0.00579978985172
0.28	0.00733647373997
0.3	0.00710323954853
0.32	0.00770137501622
0.34	0.00611406694925
0.36	0.00714433175311
0.38	0.00848716190855
0.4	0.00950202964022
0.42	0.0105535886153
0.44	0.0104577611682
0.46	0.010511868224
0.48	0.0109287863194
0.5	0.0120812382118
0.52	0.0125375666141
0.54	0.0140485064534
0.56	0.0154455696546
0.58	0.0166384588768
0.6	0.0169243404141
0.62	0.0170248951554
0.64	0.0182058120078
0.66	0.0190403965254
0.68	0.0184509649725
0.7	0.0185661273541
0.72	0.0202892349641
0.74	0.0218663325372
0.76	0.0235078430866
0.78	0.0247578249891
0.8	0.024996921667
0.82	0.0246876366118
0.84	0.0247267401706
0.86	0.0247749241442
0.88	0.0261385736328
0.9	0.0291183620471
0.92	0.0319431375922
0.94	0.0322933760605
0.96	0.0352143601317
0.98	0.0386103891977
1.0	0.0391724423638
1.02	0.0384883001808
1.04	0.0383117526708
1.06	0.0385807906127
1.08	0.0389679757893
1.1	0.0395459529652
1.12	0.0400022418278
1.14	0.0400285955967
1.16	0.0391239207713
1.18	0.0387035410231
1.2	0.043312463229
1.22	0.0474294393713
1.24	0.0509489212747
1.26	0.0537384281906
1.28	0.0555592758296
1.3	0.0560961375804
1.32	0.0562449403981
1.34	0.0595228775458
1.36	0.062276641506
1.38	0.0643149273109
1.4	0.0655125601312
1.42	0.0657209739206
1.44	0.0667101356368
1.46	0.0701848139334
1.48	0.0734686892291
1.5	0.0764881819705
1.52	0.0790941489641
1.54	0.0811636258926
1.56	0.0826548879931
1.58	0.0835561071397
1.6	0.0839026986198
1.62	0.0837894528092
1.64	0.0833495381003
1.66	0.0827357308567
1.68	0.0820338613663
1.7	0.0812980984407
1.72	0.0805535190073
1.74	0.0798165778774
1.76	0.0791769386844
1.78	0.0785925373075
1.8	0.0779636942562
1.82	0.0772812736416
1.84	0.0765418896477
1.86	0.075768141985
1.88	0.0751667023751
1.9	0.0755077747217
1.92	0.0758981574237
1.94	0.0763478677842
1.96	0.0768703737777
1.98	0.0774762849574
2.0	0.0781532174526
2.02	0.0788665740798
2.04	0.0796019258423
2.06	0.0810188748544
2.08	0.0826140754684
2.1	0.0837406403072
2.12	0.0844043589661
2.14	0.0867430011499
2.16	0.0894382426862
2.18	0.0917881191511
2.2	0.0938538029286
2.22	0.0955741588656
2.24	0.0970150278738
2.26	0.101387649642
2.28	0.105839283306
2.3	0.109547217768
2.32	0.11235885989
2.34	0.114219154082
2.36	0.115062370931
2.38	0.114887074
2.4	0.113756529843
2.42	0.115962103593
2.44	0.118954669575
2.46	0.120940122177
2.48	0.122080846438
2.5	0.122703298636
2.52	0.123098185747
2.54	0.123120388225
2.56	0.122784179771
2.58	0.122210603636
2.6	0.121523006356
2.62	0.120956656705
2.64	0.120584596711
2.66	0.120309666792
2.68	0.120182587743
2.7	0.120284631865
2.72	0.120682862865
2.74	0.121432461385
2.76	0.122568520476
2.78	0.124105030074
2.8	0.126036195275
2.82	0.128330679572
2.84	0.130938524305
2.86	0.13379683096
2.88	0.136841266664
2.9	0.140011654514
2.92	0.14325244483
2.94	0.146512347486
2.96	0.149724049125
2.98	0.152818330446
3.0	0.1557576011
3.02	0.158480536433
3.04	0.160878875498
3.06	0.162861552115
3.08	0.164342284993
3.1	0.165266189432
3.12	0.165601861736
3.14	0.165333701968
3.16	0.164463824352
3.18	0.162992926567
3.2	0.160959514782
3.22	0.160528220234
3.24	0.162762450795
3.26	0.169293828437
3.28	0.175200143787
3.3	0.180249929679
3.32	0.18437418582
3.34	0.187583071847
3.36	0.189930459394
3.38	0.191482396786
3.4	0.192324495154
3.42	0.192590960981
3.44	0.192418844886
3.46	0.191754391843
3.48	0.190616463045
3.5	0.189043011374
3.52	0.187029644712
3.54	0.18458273777
3.56	0.181744699458
3.58	0.178583457633
3.6	0.175188610084
3.62	0.17165041663
3.64	0.168060174822
3.66	0.164510822187
3.68	0.161100374363
3.7	0.157924991002
3.72	0.155579923667
3.74	0.15385596071
3.76	0.151997212697
3.78	0.150007611861
3.8	0.148886713522
3.82	0.149108409298
3.84	0.150049442975
3.86	0.151564604339
3.88	0.153630014836
3.9	0.156199492981
3.92	0.159215356724
3.94	0.162609289152
3.96	0.166306243163
3.98	0.170265352946
4.0	0.17443813457
4.02	0.178666328715
4.04	0.182878791196
4.06	0.187008696849
4.08	0.191002337672
4.1	0.194807455015
4.12	0.198379404332
4.14	0.201682799329
4.16	0.204690482077
4.18	0.20738342641
4.2	0.209744374471
4.22	0.211875478924
4.24	0.213961976948
4.26	0.215808694558
4.28	0.217388619907
4.3	0.218680844318
4.32	0.219701658397
4.34	0.220481982494
4.36	0.221051531866
4.38	0.221471657264
4.4	0.221798564712
4.42	0.222071018671
4.44	0.222308574439
4.46	0.22250800693
4.48	0.222665848412
4.5	0.222785335826
4.52	0.222887982082
4.54	0.22300687929
4.56	0.223171514075
4.58	0.223415106266
4.6	0.223768263817
4.62	0.224260862883
4.64	0.224922234212
4.66	0.225772181805
4.68	0.226827448695
4.7	0.228100872015
4.72	0.229601901457
4.74	0.231333257904
4.76	0.233291976635
4.78	0.235467259371
4.8	0.237844966991
4.82	0.240407958346
4.84	0.243135242614
4.86	0.246000953078
4.88	0.248977244081
4.9	0.252034590497
4.92	0.255144224524
4.94	0.258273683045
4.96	0.261388842083
4.98	0.26445660371
5.0	0.267444439869
5.02	0.270317798972
5.04	0.273046234747
5.06	0.275603256031
5.08	0.277963136297
5.1	0.280106414587
5.12	0.282019817262
5.14	0.283701037623
5.16	0.28514726002
5.18	0.286356572632
5.2	0.287318399619
5.22	0.288029746801
5.24	0.288482460434
5.26	0.288663802313
5.28	0.288577676393
5.3	0.28823188024
5.32	0.287632614119
5.34	0.286798011616
5.36	0.285761656026
5.38	0.284520689362
5.4	0.283062560165
5.42	0.281391221199
5.44	0.279499009206
5.46	0.277378079062
5.48	0.275042116526
5.5	0.272514668139
5.52	0.269929936366
5.54	0.267465801803
5.56	0.264798928181
5.58	0.261950462471
5.6	0.258955124924
5.62	0.255840474328
5.64	0.252637849921
5.66	0.24937782864
5.68	0.246092043605
5.7	0.242811759803
5.72	0.239569071394
5.74	0.236393335382
5.76	0.233316393121
5.78	0.234124479924
5.8	0.236295827868
5.82	0.238362891109
5.84	0.240320872844
5.86	0.242178822008
5.88	0.243939992815
5.9	0.245618504003
5.92	0.247281827239
5.94	0.2503318937
5.96	0.253295534791
5.98	0.256175347196
6.0	0.258983217549
6.02	0.261749605362
6.04	0.264485923808
6.06	0.267156672496
6.08	0.269743862797
6.1	0.272239716189
6.12	0.274641073464
6.14	0.276946865943
6.16	0.279157202547
6.18	0.281271930108
6.2	0.283290068251
6.22	0.285209465388
6.24	0.287026509306
6.26	0.288741023099
6.28	0.2903499991
6.3	0.291850383562
6.32	0.293242298
6.34	0.294526978469
6.36	0.295699294955
6.38	0.298223259148
6.4	0.30562498388
6.42	0.313095700513
6.44	0.320613627957
6.46	0.328152077727
6.48	0.335686935919
6.5	0.343196924714
6.52	0.350669290331
6.54	0.358091255156
6.56	0.365451151755
6.58	0.372735815938
6.6	0.379934060227
6.62	0.387031710139
6.64	0.394020311114
6.66	0.400894432297
6.68	0.407653034348
6.7	0.414258348348
6.72	0.420675310268
6.74	0.426886256282
6.76	0.43287760583
6.78	0.438636530072
6.8	0.444155115502
6.82	0.44943201393
6.84	0.454464940163
6.86	0.459275260203
6.88	0.463888937992
6.9	0.468317891582
6.92	0.4725587672
6.94	0.4766214142
6.96	0.48050148074
6.98	0.484178481775
7.0	0.487626349737
