0.05    8.01293198983e-05
0.09    0.000468178444981
0.13    0.00132354016225
0.17    0.0018029316562
0.21    0.00502476174897
0.25    0.00525086045983
0.29    0.00624454411211
0.33    0.00591436657238
0.37    0.00874112365011
0.41    0.0108623021925
0.45    0.0104609615072
0.49    0.013481315903
0.53    0.0177442340508
0.57    0.0224856474991
0.61    0.0207628872969
0.65    0.0186384332636
0.69    0.0158543920722
0.73    0.0167911022913
0.77    0.0199636338839
0.81    0.0203753579491
0.85    0.0193985129306
0.89    0.0257967824623
0.93    0.0289315000179
0.97    0.033111960633
1.01    0.0369665220909
1.05    0.0370991948335
1.09    0.0361269864702
1.13    0.0381038985721
1.17    0.0379076660903
1.21    0.0369192855557
1.25    0.042017599679
1.29    0.041308415067
1.33    0.0437031953827
1.37    0.0460513683815
1.41    0.0468678940916
1.45    0.0492370506808
1.49    0.0482822544733
1.53    0.0516390686676
1.57    0.0556372126766
1.61    0.0592629136287
1.65    0.0630156249741
1.69    0.07480403927
1.73    0.0819911624204
1.77    0.08379186185
1.81    0.0809028010808
1.85    0.0759887222248
1.89    0.0763559944346
1.93    0.0786717333318
1.97    0.080788577655
2.01    0.0827626075328
2.05    0.084583906658
2.09    0.0860651158958
2.13    0.0870145220943
2.17    0.092874003201
2.21    0.0993026183683
2.25    0.105818357009
2.29    0.112352562487
2.33    0.116842184667
2.37    0.119970052267
2.41    0.120858386855
2.45    0.119005875954
2.49    0.114615738495
2.53    0.107946184248
2.57    0.101699688914
2.61    0.103901605936
2.65    0.105974387345
2.69    0.10753428196
2.73    0.108450749703
2.77    0.108957148895
2.81    0.108890773577
2.85    0.108298000565
2.89    0.10735785117
2.93    0.10645199989
2.97    0.106045339736
3.01    0.105981692675
3.05    0.105445621076
3.09    0.104321980604
3.13    0.102802295662
3.17    0.101063076458
3.21    0.0990995104529
3.25    0.0976893083549
3.29    0.102174406131
3.33    0.105215406493
3.37    0.106887745465
3.41    0.107231867462
3.45    0.106781761299
3.49    0.106542223758
3.53    0.111383642297
3.57    0.11566352541
3.61    0.119407105729
3.65    0.122650440229
3.69    0.125438577654
3.73    0.12780706499
3.77    0.12977718736
3.81    0.131357368296
3.85    0.132572077557
3.89    0.133441691505
3.93    0.133957831337
3.97    0.134148672012
4.01    0.134068982801
4.05    0.133712682198
4.09    0.133048591035
4.13    0.132099263805
4.17    0.130933065355
4.21    0.129665281297
4.25    0.128339892888
4.29    0.127028958846
4.33    0.125851456153
4.37    0.124596814802
4.41    0.123185879605
4.45    0.121605190318
4.49    0.120007219447
4.53    0.118534878858
4.57    0.116960371931
4.61    0.115252223729
4.65    0.113416860309
4.69    0.111469918101
4.73    0.109434979033
4.77    0.107337927729
4.81    0.105203024664
4.85    0.103055214264
4.89    0.100917401694
4.93    0.0988135151999
4.97    0.0967644503504
5.01    0.0947875332997
5.05    0.0928990759767
5.09    0.0911133285439
5.13    0.0906925565891
5.17    0.0912779330468
5.21    0.0917113950792
5.25    0.0920659026103
5.29    0.0925044864323
5.33    0.0931866921468
5.37    0.0938539657207
5.41    0.0944655536124
5.45    0.0962082085778
5.49    0.0992541123145
5.53    0.102358837548
5.57    0.105485982832
5.61    0.10865382808
5.65    0.1118157521
5.69    0.114985259507
5.73    0.118153153689
5.77    0.121286237066
5.81    0.124365309253
5.85    0.127459684715
5.89    0.130637675233
5.93    0.133938907826
5.97    0.137412831528
6.01    0.14093943971
6.05    0.144395710849
6.09    0.147743641834
6.13    0.150952541953
6.17    0.154004417755
6.21    0.15688089149
6.25    0.159703097478
6.29    0.162489248541
6.33    0.164960399592
6.37    0.167118408415
6.41    0.169015712678
6.45    0.170741048161
6.49    0.172353896882
6.53    0.173872411796
6.57    0.175184261341
6.61    0.176225315817
6.65    0.176955120803
6.69    0.177335273344
6.73    0.17814458446
6.77    0.180892082706
6.81    0.183497892907
6.85    0.185957153179
6.89    0.188265978924
6.93    0.190419700269
6.97    0.192412893789
7.01    0.194239387253
7.05    0.195893966221
7.09    0.197376342486
7.13    0.198682948537
7.17    0.19981325698
7.21    0.200769326762
7.25    0.201552520005
7.29    0.202174241686
7.33    0.202648174655
7.37    0.2031948974
7.41    0.203512726346
7.45    0.203605658218
7.49    0.203476724942
7.53    0.203130326959
7.57    0.202833493354
7.61    0.202449402686
7.65    0.201952140883
7.69    0.201341303114
7.73    0.200618323995
7.77    0.199785057997
7.81    0.198851125723
7.85    0.197841018998
7.89    0.19677455009
7.93    0.195662432203
7.97    0.194501220019
8.01    0.193287249125
8.05    0.192589644579
8.09    0.192389510829
8.13    0.192150531262
8.17    0.191881374838
8.21    0.191564928144
8.25    0.19119444628
8.29    0.190769082669
8.33    0.190263620968
8.37    0.189661808536
8.41    0.188959104752
8.45    0.188158696751
8.49    0.187258157875
8.53    0.186255750592
8.57    0.185152392036
8.61    0.183951816175
8.65    0.182659572091
8.69    0.181283107719
8.73    0.179828230603
8.77    0.17830074413
8.81    0.176709522797
8.85    0.175061515925
8.89    0.173363495643
8.93    0.171624836009
8.97    0.169854980122
9.01    0.168053152705
9.05    0.166501892409
9.09    0.165641702338
9.13    0.164740527471
9.17    0.163800020461
9.21    0.162823349613
9.25    0.16181073638
9.29    0.160763821321
9.33    0.15968554735
9.37    0.158576947761
9.41    0.157439831401
9.45    0.156276501939
9.49    0.155090843136
9.53    0.153889930576
9.57    0.152700560003
9.61    0.151524982353
9.65    0.150340115306
9.69    0.149138470566
9.73    0.147919801364
9.77    0.146687207703
9.81    0.146150605212
9.85    0.145669167237
9.89    0.145156299942
9.93    0.144613811856
9.97    0.144043441145
