0.05    0.000119972033668
0.09    0.000621553727562
0.13    0.00135540129152
0.17    0.00240064459214
0.21    0.00416734749176
0.25    0.00516944896376
0.29    0.00703013687873
0.33    0.00819984928094
0.37    0.0116611273845
0.41    0.0138301560583
0.45    0.014937625841
0.49    0.0129738506506
0.53    0.0141535440577
0.57    0.0196994760369
0.61    0.0209010252071
0.65    0.0208948556886
0.69    0.0277475967145
0.73    0.0264271335388
0.77    0.0272274933635
0.81    0.0286198322562
0.85    0.0319530216958
0.89    0.0370541347021
0.93    0.0368273216786
0.97    0.0401110721476
1.01    0.0488637825413
1.05    0.0550812947086
1.09    0.0632332704551
1.13    0.0666250998476
1.17    0.0640309319487
1.21    0.0651776465421
1.25    0.0669966801501
1.29    0.069980531988
1.33    0.0735318903329
1.37    0.0763593525514
1.41    0.0772645206013
1.45    0.0807125384375
1.49    0.0806061264772
1.53    0.0714878015573
1.57    0.0736776483167
1.61    0.0756668573201
1.65    0.0776636385116
1.69    0.0798477323539
1.73    0.08495562473
1.77    0.0914329071465
1.81    0.098392347046
1.85    0.105553352524
1.89    0.112664355109
1.93    0.119500288498
1.97    0.125858681423
2.01    0.131576175313
2.05    0.136487625703
2.09    0.14050552421
2.13    0.143598015407
2.17    0.145863292837
2.21    0.147429190883
2.25    0.148377381084
2.29    0.148484256512
2.33    0.147556087125
2.37    0.145570819765
2.41    0.142627962386
2.45    0.142528555769
2.49    0.145373990051
2.53    0.147171193754
2.57    0.14806963134
2.61    0.148524395579
2.65    0.149151495377
2.69    0.149101080475
2.73    0.148428911731
2.77    0.147195634841
2.81    0.145593366549
2.85    0.14465082269
2.89    0.144066886434
2.93    0.142998841005
2.97    0.14179096456
3.01    0.140936614068
3.05    0.147001865502
3.09    0.15509976354
3.13    0.162553244103
3.17    0.16952923605
3.21    0.17578630256
3.25    0.181232771896
3.29    0.18601173962
3.33    0.190665352581
3.37    0.195040564184
3.41    0.198809002656
3.45    0.201895019869
3.49    0.204306549028
3.53    0.20607477283
3.57    0.207249420831
3.61    0.207904600419
3.65    0.208152805252
3.69    0.208094622687
3.73    0.207725047168
3.77    0.207063643839
3.81    0.206140896442
3.85    0.204940990052
3.89    0.203481632984
3.93    0.20180914691
3.97    0.199997553961
4.01    0.198126496365
4.05    0.196200292116
4.09    0.194219441459
4.13    0.19220188941
4.17    0.190170654973
4.21    0.188152439379
4.25    0.18826899261
4.29    0.189966596651
4.33    0.19150652105
4.37    0.192916835417
4.41    0.194209428162
4.45    0.195403913558
4.49    0.196516216818
4.53    0.197562083342
4.57    0.198561069212
4.61    0.199523586359
4.65    0.202773888621
4.69    0.20472765606
4.73    0.205254837821
4.77    0.204321419445
4.81    0.204206003005
4.85    0.205167527006
4.89    0.20614079136
4.93    0.207124167236
4.97    0.208114261837
5.01    0.209109998542
5.05    0.210101985365
5.09    0.211082222457
5.13    0.212042986673
5.17    0.212976150513
5.21    0.213874439614
5.25    0.214731448459
5.29    0.21553672809
5.33    0.216283034372
5.37    0.216966710923
5.41    0.221567456801
5.45    0.226698205153
5.49    0.231453736911
5.53    0.235920305896
5.57    0.240371909211
5.61    0.245631219151
5.65    0.250698929731
5.69    0.255416308243
5.73    0.25972076213
5.77    0.263608921738
5.81    0.267120237882
5.85    0.270296503783
5.89    0.276660971474
5.93    0.288041233114
5.97    0.298585876163
6.01    0.308246645352
6.05    0.316935978672
6.09    0.324558814779
6.13    0.331107081566
6.17    0.336584570435
6.21    0.341161420303
6.25    0.347847135447
6.29    0.354155308582
6.33    0.359410354189
6.37    0.363578185006
6.41    0.366681291584
6.45    0.368791361485
6.49    0.369971622852
6.53    0.370374670825
6.57    0.370119388518
6.61    0.369104593372
6.65    0.367462359541
6.69    0.367082488716
6.73    0.370552553627
6.77    0.373429781625
6.81    0.375676571618
6.85    0.377248662853
6.89    0.378134864767
6.93    0.37836285595
6.97    0.37799316179
7.01    0.377147171068
7.05    0.375885655513
7.09    0.374211079287
7.13    0.372130736321
7.17    0.369671452297
7.21    0.366844593141
7.25    0.363608037867
7.29    0.359971832898
7.33    0.355910113104
7.37    0.351472906402
7.41    0.346718243244
7.45    0.34172215491
7.49    0.337831635229
7.53    0.33846489088
7.57    0.338826776732
7.61    0.338880239011
7.65    0.338620603863
7.69    0.338066940241
7.73    0.337225987032
7.77    0.336094623901
7.81    0.334682059721
7.85    0.333009448896
7.89    0.331096594052
7.93    0.328962707871
7.97    0.326617789569
8.01    0.324069799327
8.05    0.321324240875
8.09    0.318386762477
8.13    0.315266755216
8.17    0.31197262361
8.21    0.308515826984
8.25    0.304912491308
8.29    0.301179123539
8.33    0.29734596677
8.37    0.293449715699
8.41    0.289518146152
8.45    0.285548994173
8.49    0.281544877429
8.53    0.27751041857
8.57    0.273628078695
8.61    0.272248531374
8.65    0.270788009176
8.69    0.269251463658
8.73    0.267642011057
8.77    0.265962702787
8.81    0.264215793394
8.85    0.26240300135
8.89    0.260526671598
8.93    0.258589440635
8.97    0.256593997983
9.01    0.254543497537
9.05    0.252441583602
9.09    0.250292231985
9.13    0.248101211062
9.17    0.24587158022
9.21    0.243608882584
9.25    0.241755764499
9.29    0.240498222998
9.33    0.239212554208
9.37    0.23788446837
9.41    0.236509762346
9.45    0.235089196175
9.49    0.233623630671
9.53    0.232113056609
9.57    0.230555603436
9.61    0.228950015187
9.65    0.227297109067
9.69    0.225598101134
9.73    0.223852393073
9.77    0.222064725642
9.81    0.220234707535
9.85    0.218366928901
9.89    0.216461301804
9.93    0.214521670838
9.97    0.212547598607
