0.05    2.98171113854e-05
0.09    0.000216762322903
0.13    0.000505168195747
0.17    0.00110870726502
0.21    0.00188705680248
0.25    0.00167244943063
0.29    0.00173017843047
0.33    0.00234543932995
0.37    0.00450569877648
0.41    0.00425595451647
0.45    0.00409325691399
0.49    0.00303135039816
0.53    0.00434187457648
0.57    0.0057729101022
0.61    0.00574929722796
0.65    0.00708849025469
0.69    0.00594669748283
0.73    0.00542553653195
0.77    0.00477873962458
0.81    0.00527255470942
0.85    0.00561534172689
0.89    0.00544415806792
0.93    0.00483140389569
0.97    0.00492322524354
1.01    0.00527037177496
1.05    0.0068135506844
1.09    0.00743145894612
1.13    0.00681718632202
1.17    0.00800775707891
1.21    0.00929234552402
1.25    0.00978450274337
1.29    0.00954198213722
1.33    0.00918707305999
1.37    0.00866997037252
1.41    0.00863330173149
1.45    0.00948157169074
1.49    0.00977727559077
1.53    0.010573832488
1.57    0.012071594811
1.61    0.0132620307522
1.65    0.0143486136421
1.69    0.0165011228144
1.73    0.0183253675276
1.77    0.0196090797572
1.81    0.0203107941927
1.85    0.0205993185631
1.89    0.0207120498371
1.93    0.020764316439
1.97    0.0206849987733
2.01    0.0203650582534
2.05    0.0198388176958
2.09    0.0192726679305
2.13    0.0190491290246
2.17    0.0192647672755
2.21    0.0198536161745
2.25    0.020791887011
2.29    0.0219698563731
2.33    0.0232377279716
2.37    0.024406963287
2.41    0.0252898339668
2.45    0.0257404354325
2.49    0.0256612064217
2.53    0.0250073418345
2.57    0.0238337930539
2.61    0.0231070111814
2.65    0.0238811615451
2.69    0.024926007698
2.73    0.0260613265944
2.77    0.0274851433823
2.81    0.0287231029763
2.85    0.0297490093728
2.89    0.0305440811446
2.93    0.0310884324762
2.97    0.0314138619693
3.01    0.0317673791482
3.05    0.0321458040236
3.09    0.0324353821387
3.13    0.0324312909767
3.17    0.0321277071009
3.21    0.0315453568484
3.25    0.0307381072711
3.29    0.0298088846149
3.33    0.0290698269255
3.37    0.0288710668535
3.41    0.028843146768
3.45    0.028989054875
3.49    0.0292741689358
3.53    0.0303131539604
3.57    0.0315701445725
3.61    0.0325409894733
3.65    0.0331884265586
3.69    0.03350707011
3.73    0.0336051345158
3.77    0.0336379517371
3.81    0.0334891190649
3.85    0.0330927165493
3.89    0.0324561391182
3.93    0.0316139905905
3.97    0.0306147160642
4.01    0.0295277963629
4.05    0.0284635915292
4.09    0.027458933202
4.13    0.0264509130515
4.17    0.0254109478858
4.21    0.0243497128005
4.25    0.0232837320213
4.29    0.0226404480992
4.33    0.0224210068811
4.37    0.0221939261838
4.41    0.0219616858654
4.45    0.0217270052732
4.49    0.0215132666032
4.53    0.0213015429958
4.57    0.0211026395511
4.61    0.0210590137289
4.65    0.0210195295178
4.69    0.0209845934745
4.73    0.0209553526394
4.77    0.0209319075663
4.81    0.0209135042741
4.85    0.0209001597841
4.89    0.020891818163
4.93    0.0208883601891
4.97    0.0208905225013
5.01    0.0208975793955
5.05    0.0209088353684
5.09    0.0209240062535
5.13    0.0209427827004
5.17    0.0209648360349
5.21    0.0209898235374
5.25    0.0210184216649
5.29    0.0210493800571
5.33    0.0210821928781
5.37    0.0211165051319
5.41    0.0211519662096
5.45    0.0211882323502
5.49    0.0217377348122
5.53    0.0222833852211
5.57    0.0228150200909
5.61    0.023329235566
5.65    0.023826132882
5.69    0.0243068681349
5.73    0.0247666276077
5.77    0.0251987393367
5.81    0.025598440186
5.85    0.0259635642286
5.89    0.0262932179682
5.93    0.026588368762
5.97    0.0268512484404
6.01    0.0270918191421
6.05    0.0273195749073
6.09    0.0275249324558
6.13    0.0277025801646
6.17    0.0278503790738
6.21    0.0279686434243
6.25    0.0280585542002
6.29    0.0281209940164
6.33    0.0281588555728
6.37    0.0281773818125
6.41    0.0281812477413
6.45    0.0281735141043
6.49    0.0281553161982
6.53    0.0281268640756
6.57    0.028087506866
6.61    0.0282371510923
6.65    0.0285688558796
6.69    0.0288747390818
6.73    0.0291539446367
6.77    0.0294059997473
6.81    0.0296306062591
6.85    0.0298276847883
6.89    0.0299976525535
6.93    0.0301401709727
6.97    0.0302557031577
7.01    0.030386449234
7.05    0.0307588098698
7.09    0.0311023414506
7.13    0.0314168052488
7.17    0.0317020701639
7.21    0.0319581084155
7.25    0.032185023016
7.29    0.0323830595807
7.33    0.0325525787112
7.37    0.0326946256995
7.41    0.0328091175235
7.45    0.0328966534939
7.49    0.0329579178527
7.53    0.0329936401975
7.57    0.0330045637002
7.61    0.0329914480695
7.65    0.032955092946
7.69    0.0328963242224
7.73    0.0328159916958
7.77    0.0327148939472
7.81    0.0325936600021
7.85    0.032452938808
7.89    0.0322933844485
7.93    0.0321157028566
7.97    0.0319206622967
8.01    0.0317097830475
8.05    0.0314831741937
8.09    0.0312416269491
8.13    0.0309859749514
8.17    0.030717644178
8.21    0.0304369258417
8.25    0.0301445612718
8.29    0.0298413773607
8.33    0.0295284273835
8.37    0.0292064278375
8.41    0.0288759257507
8.45    0.0285377113154
8.49    0.0281925590145
8.53    0.0278412032318
8.57    0.0274843236982
8.61    0.027122548955
8.65    0.0267564683245
8.69    0.0263866385958
8.73    0.0260135739911
8.77    0.0256377587773
8.81    0.0252597552539
8.85    0.0248797506285
8.89    0.0244980333177
8.93    0.0241155516886
8.97    0.0239618221217
9.01    0.0240682132881
9.05    0.0241663407898
9.09    0.0242558087812
9.13    0.024336488112
9.17    0.0244094008331
9.21    0.0244744105339
9.25    0.0245312868305
9.29    0.0245806948895
9.33    0.0246231599358
9.37    0.0246581461076
9.41    0.0246858763923
9.45    0.0247076380494
9.49    0.024722624533
9.53    0.024730995782
9.57    0.0247333847559
9.61    0.0247302181513
9.65    0.0247210587011
9.69    0.0247061157048
9.73    0.0246863003298
9.77    0.0246613729857
9.81    0.0246312526895
9.85    0.0245961369842
9.89    0.0245570825728
9.93    0.0245134427924
9.97    0.0244653603484
