0.05    3.86244239827e-05
0.09    0.00020324217361
0.13    0.000688866781826
0.17    0.00123486103146
0.21    0.00232852656963
0.25    0.00243062163874
0.29    0.00402795473694
0.33    0.00313734213573
0.37    0.00337298672828
0.41    0.00544313211939
0.45    0.00519718018533
0.49    0.00500826809719
0.53    0.0054834174719
0.57    0.00531660411614
0.61    0.00582934341226
0.65    0.00703468145313
0.69    0.00640607228441
0.73    0.00653863469832
0.77    0.00791531924848
0.81    0.0111082843376
0.85    0.0144283974091
0.89    0.0157324152993
0.93    0.0160792060181
0.97    0.0157062122316
1.01    0.0144222837233
1.05    0.0128041968626
1.09    0.0121550057523
1.13    0.0128810807878
1.17    0.0141689629312
1.21    0.0154551450942
1.25    0.0166030717072
1.29    0.0174144744176
1.33    0.0183032469117
1.37    0.0195594328467
1.41    0.0211369383084
1.45    0.0224471256289
1.49    0.0232040019255
1.53    0.0259667771029
1.57    0.0266040630836
1.61    0.0251473079758
1.65    0.0231497055898
1.69    0.0220964757811
1.73    0.022335233097
1.77    0.0233766505819
1.81    0.0247244154549
1.85    0.0254178268383
1.89    0.0256670516953
1.93    0.0252016714628
1.97    0.0241124172879
2.01    0.0227275150351
2.05    0.0214008639803
2.09    0.0204198213985
2.13    0.0199076521345
2.17    0.019790297799
2.21    0.0198488297622
2.25    0.0202399658331
2.29    0.0213533106318
2.33    0.0223145857585
2.37    0.0229681250247
2.41    0.023240639296
2.45    0.0236393699952
2.49    0.0237352630724
2.53    0.0234904136325
2.57    0.0230775141428
2.61    0.0226097686201
2.65    0.0227347554775
2.69    0.0230819273154
2.73    0.0236408468487
2.77    0.0243874715035
2.81    0.0252648162732
2.85    0.0261996866637
2.89    0.0271167030188
2.93    0.0279524523984
2.97    0.0286668401532
3.01    0.0292545167627
3.05    0.0296897917052
3.09    0.0299485677902
3.13    0.0300488264982
3.17    0.0302135927411
3.21    0.0303796626965
3.25    0.0304771937602
3.29    0.030563746242
3.33    0.0307026072583
3.37    0.0309515266312
3.41    0.0313630157563
3.45    0.0319703689213
3.49    0.0327937848631
3.53    0.0338380528903
3.57    0.0350864182094
3.61    0.0365127935445
3.65    0.0380763946762
3.69    0.0397306042377
3.73    0.0414228696376
3.77    0.0431027571807
3.81    0.0447161031252
3.85    0.0462142791716
3.89    0.0475538271223
3.93    0.048696938363
3.97    0.049613365732
4.01    0.0502890649283
4.05    0.0507379151538
4.09    0.0515775524521
4.13    0.0539644340319
4.17    0.0561280781433
4.21    0.058048133358
4.25    0.0597092097977
4.29    0.061098974189
4.33    0.0620310794102
4.37    0.0622000001579
4.41    0.0620688663651
4.45    0.0629896738001
4.49    0.064529102446
4.53    0.0657608193353
4.57    0.066647994888
4.61    0.0672078757852
4.65    0.0674984577276
4.69    0.0675283633958
4.73    0.067262475728
4.77    0.066760216306
4.81    0.0662309537405
4.85    0.0655274829863
4.89    0.0646285797558
4.93    0.0635307984563
4.97    0.0622368990888
5.01    0.0607670301033
5.05    0.0591473554077
5.09    0.0574128813701
5.13    0.0556015296188
5.17    0.0537516883445
5.21    0.0518887508375
5.25    0.0500331516639
5.29    0.0482053704883
5.33    0.0464294975105
5.37    0.0447296648172
5.41    0.0431278157013
5.45    0.0416452845322
5.49    0.0402987499211
5.53    0.039103167854
5.57    0.038069458895
5.61    0.0372064319654
5.65    0.0365173269794
5.69    0.0360035121873
5.73    0.0356628156963
5.77    0.0354899121131
5.81    0.0354767551927
5.85    0.0356130129647
5.89    0.0358865581383
5.93    0.0362837171501
5.97    0.036789619153
6.01    0.0373885229814
6.05    0.0380654248067
6.09    0.0388044226904
6.13    0.0395906806371
6.17    0.0404106243864
6.21    0.0412504706622
6.25    0.0420980152713
6.29    0.0429417143738
6.33    0.0437707292471
6.37    0.0445750132414
6.41    0.0453463885548
6.45    0.0460758264457
6.49    0.0467563634561
6.53    0.0473815886887
6.57    0.0479460607155
6.61    0.0484451584707
6.65    0.0488760696434
6.69    0.0492364660303
6.73    0.0495244760017
6.77    0.049738241567
6.81    0.0498763814669
6.85    0.0499391180289
6.89    0.0499262245798
6.93    0.0498407552681
6.97    0.0496865470566
7.01    0.0494751225725
7.05    0.0493136686354
7.09    0.0491110854538
7.13    0.0490202723502
7.17    0.0489213505732
7.21    0.0487876094195
7.25    0.0486219771487
7.29    0.0484269755884
7.33    0.0481961661681
7.37    0.0484612272742
7.41    0.0488129895972
7.45    0.0491400926235
7.49    0.0494365597332
7.53    0.049701869336
7.57    0.0499371139643
7.61    0.0501407828882
7.65    0.0503075711505
7.69    0.0504352761149
7.73    0.0506483927506
7.77    0.0509256371938
7.81    0.0511607215121
7.85    0.0513536286141
7.89    0.0515058232264
7.93    0.0516169548424
7.97    0.0516878769052
8.01    0.0517195261854
8.05    0.0517128829121
8.09    0.0516689647765
8.13    0.0515888401741
8.17    0.0514736602184
8.21    0.0514113934647
8.25    0.0514254885053
8.29    0.0514050454745
8.33    0.0513510487742
8.37    0.0512645092164
8.41    0.0511464722027
8.45    0.0509980031722
8.49    0.050820152134
8.53    0.0506139668866
8.57    0.050380538732
8.61    0.0501210207638
8.65    0.049837099109
8.69    0.0495300349955
8.73    0.0492005335408
8.77    0.0488497666391
8.81    0.048479470399
8.85    0.0480908112512
8.89    0.0476843971382
8.93    0.0472615623349
8.97    0.0468244259866
9.01    0.0463733185589
9.05    0.0459094111897
9.09    0.0454337805866
9.13    0.0449478470939
9.17    0.0444524915711
9.21    0.0439485095493
9.25    0.0434369898815
9.29    0.0430567860434
9.33    0.0429882222526
9.37    0.0429087545562
9.41    0.0428187998291
9.45    0.0427179560333
9.49    0.0426066734665
9.53    0.0424869521635
9.57    0.0423576465686
9.61    0.0422191721679
9.65    0.042071988832
9.69    0.0419178509745
9.73    0.041755746037
9.77    0.0415860713382
9.81    0.0414092156659
9.85    0.0412263423761
9.89    0.0410374862783
9.93    0.0408425255986
9.97    0.0406418141758
