0.05    0.000165656325033
0.09    0.00106504677979
0.13    0.00274047812326
0.17    0.00519836483614
0.21    0.0062409506622
0.25    0.00691957922471
0.29    0.00578888136805
0.33    0.0081370607948
0.37    0.00976962167477
0.41    0.00571361484848
0.45    0.00542297518177
0.49    0.0079767738081
0.53    0.00696921533748
0.57    0.00743045732055
0.61    0.00768007797141
0.65    0.00559034722579
0.69    0.00527064802805
0.73    0.00582498560411
0.77    0.00655366269939
0.81    0.00763244429193
0.85    0.00843173191291
0.89    0.00853076721245
0.93    0.00866428353875
0.97    0.00997344911261
1.01    0.0115749122222
1.05    0.0116211408325
1.09    0.0106100829242
1.13    0.0113703400457
1.17    0.0127389108358
1.21    0.0136220231262
1.25    0.0162659161305
1.29    0.0185101083048
1.33    0.0205928101056
1.37    0.021145648829
1.41    0.0209665342662
1.45    0.0199770225502
1.49    0.018681554103
1.53    0.0184064139378
1.57    0.020493666041
1.61    0.0220492584101
1.65    0.023058696041
1.69    0.0249697132484
1.73    0.027011151533
1.77    0.0276664220477
1.81    0.0267577904462
1.85    0.0267007257818
1.89    0.027375087554
1.93    0.0271330736872
1.97    0.026592886908
2.01    0.0270257955627
2.05    0.027656297554
2.09    0.0281376794296
2.13    0.0293433629355
2.17    0.0301798903345
2.21    0.0308659049617
2.25    0.0311939238925
2.29    0.0311940719311
2.33    0.0309144381664
2.37    0.0304274020623
2.41    0.0299023970434
2.45    0.0295163816782
2.49    0.0290484561515
2.53    0.0288523922785
2.57    0.0290059511813
2.61    0.0291351026944
2.65    0.0292566376752
2.69    0.0293966583797
2.73    0.0295823083946
2.77    0.0298316898001
2.81    0.0301565681252
2.85    0.0305618177938
2.89    0.0310452793229
2.93    0.0315962585143
2.97    0.0322015048361
3.01    0.032849114634
3.05    0.0335175845543
3.09    0.0341885645085
3.13    0.0348456447287
3.17    0.0354731047068
3.21    0.0360536439068
3.25    0.0365745047628
3.29    0.0370252978229
3.33    0.0373981311031
3.37    0.0376875551304
3.41    0.0378902527952
3.45    0.0380046852361
3.49    0.0389396596908
3.53    0.0397435079266
3.57    0.0403610029518
3.61    0.0408121999842
3.65    0.0412769970152
3.69    0.0420811136632
3.73    0.0427074006457
3.77    0.0431554970766
3.81    0.0434266596674
3.85    0.0444729710489
3.89    0.047113827683
3.93    0.0497866143753
3.97    0.0521357146608
4.01    0.0539944436413
4.05    0.0553377606576
4.09    0.0562209108376
4.13    0.0570086423505
4.17    0.057444216183
4.21    0.0573128171246
4.25    0.056644088012
4.29    0.0555108881539
4.33    0.0540177177518
4.37    0.0523586620529
4.41    0.0511876808465
4.45    0.0502607754449
4.49    0.0491134957823
4.53    0.0477670062398
4.57    0.046262917625
4.61    0.0455418028375
4.65    0.0456803255403
4.69    0.0456492138338
4.73    0.0454572671173
4.77    0.0451146464766
4.81    0.0446339859284
4.85    0.0440260371224
4.89    0.0433052732289
4.93    0.042492726195
4.97    0.0416504125518
5.01    0.0413940193441
5.05    0.041343928163
5.09    0.0412267795249
5.13    0.0421999910485
5.17    0.0441846542567
5.21    0.0463456874494
5.25    0.0486357272537
5.29    0.0510147097006
5.33    0.0534522231216
5.37    0.0559259164627
5.41    0.058418539397
5.45    0.0609088018232
5.49    0.0633492488147
5.53    0.0656995288895
5.57    0.067930237801
5.61    0.0700192161028
5.65    0.0719620020333
5.69    0.0737635128741
5.73    0.0754245759512
5.77    0.0769285263755
5.81    0.0782864205328
5.85    0.0795117392835
5.89    0.0806069472715
5.93    0.0815794507871
5.97    0.0824603570017
6.01    0.0832590885314
6.05    0.0839466198338
6.09    0.0845223953784
6.13    0.0849960949652
6.17    0.0856735488209
6.21    0.0864493739802
6.25    0.0870887720506
6.29    0.0876045836767
6.33    0.0880167952654
6.37    0.0883621627902
6.41    0.0886644539057
6.45    0.0889252408134
6.49    0.0891437194245
6.53    0.0893014254671
6.57    0.0893853102382
6.61    0.0893894562227
6.65    0.0893136470894
6.69    0.0891660183865
6.73    0.0889498232441
6.77    0.0886727206884
6.81    0.0883436613752
6.85    0.0879690346175
6.89    0.0875547090538
6.93    0.0871073208584
6.97    0.0866382073075
7.01    0.0861843868003
7.05    0.0857888917456
7.09    0.0854186681677
7.13    0.0850430253184
7.17    0.0846542176008
7.21    0.0842537584741
7.25    0.0838446658509
7.29    0.08343147632
7.33    0.0830133436673
7.37    0.0825951610293
7.41    0.0821891161737
7.45    0.0818008769909
7.49    0.0814506493011
7.53    0.0811224842289
7.57    0.0807972801385
7.61    0.0804691908784
7.65    0.0801400304748
7.69    0.07981602385
7.73    0.0795108309134
7.77    0.0792262604545
7.81    0.0789527170782
7.85    0.0786827133711
7.89    0.0784115904749
7.93    0.0781385267134
7.97    0.077863758352
8.01    0.0775854382391
8.05    0.0773021143678
8.09    0.0770138983424
8.13    0.0767195522731
8.17    0.0764169323073
8.21    0.0761053974984
8.25    0.0757840861292
8.29    0.0754519065331
8.33    0.0751084663929
8.37    0.0747536691674
8.41    0.0743862892383
8.45    0.0740054842711
8.49    0.0736100149868
8.53    0.0732000815063
8.57    0.0727768029499
8.61    0.0725499629484
8.65    0.0726255352797
8.69    0.0726983391397
8.73    0.0727675327878
8.77    0.0728324830132
8.81    0.072893022288
8.85    0.072948587847
8.89    0.0729981443309
8.93    0.0730413074248
8.97    0.073078308182
9.01    0.073108482981
9.05    0.0731315802927
9.09    0.073147413063
9.13    0.0731556542633
9.17    0.0731560011269
9.21    0.0731488998657
9.25    0.0731342108387
9.29    0.073112715948
9.33    0.0730841873336
9.37    0.0730487237777
9.41    0.073006126479
9.45    0.0729556947693
9.49    0.0728966486664
9.53    0.0728291961018
9.57    0.0727529742884
9.61    0.0726677051484
9.65    0.0725739446139
9.69    0.0724716882788
9.73    0.0723603134877
9.77    0.0722395312076
9.81    0.0721089895693
9.85    0.0719692654843
9.89    0.0718199153156
9.93    0.0716613369821
9.97    0.0714928804411
