0.05    9.86092823118e-05
0.09    0.000552906366039
0.13    0.00170517763024
0.17    0.0025074072859
0.21    0.00241835851264
0.25    0.00294614099034
0.29    0.00308154632607
0.33    0.00346214468836
0.37    0.00369649823519
0.41    0.0047524971747
0.45    0.00736620074667
0.49    0.00577041527237
0.53    0.00686174869056
0.57    0.00670463272565
0.61    0.0074451594374
0.65    0.00634225910657
0.69    0.00737012421828
0.73    0.00848099165735
0.77    0.00726200097334
0.81    0.00692139045004
0.85    0.00735171599844
0.89    0.00766945263842
0.93    0.00769313923208
0.97    0.00666413098696
1.01    0.00652173006109
1.05    0.00674561980593
1.09    0.0061850638308
1.13    0.0059383923256
1.17    0.00643514877895
1.21    0.00685167217676
1.25    0.00745408554364
1.29    0.00788105967267
1.33    0.00942749055233
1.37    0.0114600009129
1.41    0.0141087271076
1.45    0.0158546188292
1.49    0.0173631969328
1.53    0.0181713570167
1.57    0.0185207230793
1.61    0.0185787001626
1.65    0.0184242696314
1.69    0.0179165938455
1.73    0.0170869912528
1.77    0.0160998322461
1.81    0.0151218209577
1.85    0.0142932093954
1.89    0.013759712799
1.93    0.0135484876272
1.97    0.013710266448
2.01    0.0142006735525
2.05    0.0148786923333
2.09    0.0156465667871
2.13    0.0165777494285
2.17    0.0177384571029
2.21    0.0188278644705
2.25    0.0197713586736
2.29    0.0209306309738
2.33    0.022785948664
2.37    0.0244360359812
2.41    0.0257973758869
2.45    0.0271089739643
2.49    0.0296878379381
2.53    0.0311168193998
2.57    0.031162920604
2.61    0.0315913705802
2.65    0.0319544424747
2.69    0.0318912453374
2.73    0.0313435792664
2.77    0.0303126161975
2.81    0.0288406257549
2.85    0.0283407438579
2.89    0.0294549065178
2.93    0.0307418017742
2.97    0.03355907765
3.01    0.0358799526682
3.05    0.0375358963997
3.09    0.0384941295741
3.13    0.0388030794895
3.17    0.0386050653446
3.21    0.0380998184085
3.25    0.0374889245187
3.29    0.0376766901397
3.33    0.0382872020444
3.37    0.0387995421001
3.41    0.03922262079
3.45    0.0395694270546
3.49    0.0398504887095
3.53    0.0400805465166
3.57    0.0402779603086
3.61    0.0404398977689
3.65    0.042387795492
3.69    0.0451420323879
3.73    0.0476602056844
3.77    0.0498236097105
3.81    0.0528638748429
3.85    0.0557193398666
3.89    0.0581947411246
3.93    0.0603006533089
3.97    0.062048552087
4.01    0.0633879275641
4.05    0.0642682471927
4.09    0.0646929340485
4.13    0.0647512911868
4.17    0.0644524296798
4.21    0.0648167447097
4.25    0.0661888766228
4.29    0.0675089024927
4.33    0.0687524665984
4.37    0.0698984266897
4.41    0.0709431189511
4.45    0.0719193886297
4.49    0.0729386795048
4.53    0.0739105796111
4.57    0.0747337809205
4.61    0.0754227484051
4.65    0.0760076277883
4.69    0.0764600640355
4.73    0.0767659162712
4.77    0.0769209794105
4.81    0.0769253578569
4.85    0.076791193831
4.89    0.0765481960547
4.93    0.0764802817596
4.97    0.0764730151878
5.01    0.0763921241136
5.05    0.076254001423
5.09    0.0760626577114
5.13    0.0757922043492
5.17    0.0754266430007
5.21    0.0749681252092
5.25    0.0743964848654
5.29    0.0737044826916
5.33    0.0729083289144
5.37    0.0720513615815
5.41    0.0711533417161
5.45    0.0702614680155
5.49    0.0698083939127
5.53    0.0692784657246
5.57    0.0686742403089
5.61    0.0680004258594
5.65    0.0672662215774
5.69    0.0664864480878
5.73    0.0656783619018
5.77    0.0648367283507
5.81    0.0639541692155
5.85    0.0630480541898
5.89    0.06216888533
5.93    0.0612818702874
5.97    0.0603696659892
6.01    0.0595256104384
6.05    0.0586928822662
6.09    0.0578319753384
6.13    0.0569346420975
6.17    0.0560014201351
6.21    0.0550330451684
6.25    0.0540300744547
6.29    0.0529934273085
6.33    0.0519261400011
6.37    0.0512544782699
6.41    0.0513007080909
6.45    0.0512316873883
6.49    0.0510695322894
6.53    0.0508378991611
6.57    0.0505311778264
6.61    0.0501510033609
6.65    0.0496923323841
6.69    0.0506635831407
6.73    0.051563678601
6.77    0.0523288431778
6.81    0.0529604843893
6.85    0.0534680990695
6.89    0.0538663726079
6.93    0.0541612609184
6.97    0.0543559062266
7.01    0.0544565331536
7.05    0.0544709590119
7.09    0.0544099504195
7.13    0.0542825078112
7.17    0.0540968073125
7.21    0.0538605182114
7.25    0.0535830055537
7.29    0.053272801426
7.33    0.0529373786066
7.37    0.0525843432862
7.41    0.0522220645025
7.45    0.051858515503
7.49    0.0515012060498
7.53    0.0511555412824
7.57    0.0508253653501
7.61    0.0505155770064
7.65    0.0502308095261
7.69    0.049973054802
7.73    0.0497452977774
7.77    0.0495499723934
7.81    0.0493879477226
7.85    0.0492610914459
7.89    0.049170062258
7.93    0.0491154850571
7.97    0.0490975261627
8.01    0.0491159276614
8.05    0.0491702269008
8.09    0.0492597334049
8.13    0.0493829119371
8.17    0.0495380652201
8.21    0.0497236482925
8.25    0.0499373307185
8.29    0.0501769075523
8.33    0.0504398084605
8.37    0.0507234208999
8.41    0.0510251677379
8.45    0.0513422285919
8.49    0.0516716639479
8.53    0.0520108196148
8.57    0.0523565890103
8.61    0.0527059317593
8.65    0.0530562381362
8.69    0.0534043539951
8.73    0.0537478646831
8.77    0.0540843636396
8.81    0.0544115509064
8.85    0.0547274273063
8.89    0.0550307534606
8.93    0.0553225078655
8.97    0.0556061024376
9.01    0.0558909493955
9.05    0.0561795602949
9.09    0.056463115625
9.13    0.0567350178882
9.17    0.0569929367772
9.21    0.0572363075295
9.25    0.0574666367674
9.29    0.0576890802192
9.33    0.0579035387639
9.37    0.0581054334441
9.41    0.0582919200184
9.45    0.0584606584431
9.49    0.058610048393
9.53    0.0587394077974
9.57    0.0588491701489
9.61    0.0589395688704
9.65    0.0590118635217
9.69    0.0590673885347
9.73    0.059106870094
9.77    0.0591308415808
9.81    0.0591400058554
9.85    0.0591353767701
9.89    0.0591178067158
9.93    0.0590880953689
9.97    0.0590464697819
