0.05    6.40299545686e-05
0.09    0.000326980193155
0.13    0.000658020984713
0.17    0.00195163942931
0.21    0.0048142664647
0.25    0.00297590574667
0.29    0.00406761190959
0.33    0.00598657391564
0.37    0.00604873419549
0.41    0.00769539312103
0.45    0.00985648870878
0.49    0.00937725120842
0.53    0.0110212592398
0.57    0.0144138038999
0.61    0.0121613431847
0.65    0.0128578257385
0.69    0.0190980649501
0.73    0.0249764037147
0.77    0.0289935275548
0.81    0.0328687575503
0.85    0.0335932569276
0.89    0.0336510628614
0.93    0.0345697666055
0.97    0.0359978249669
1.01    0.0413790037413
1.05    0.050344885779
1.09    0.0588491719292
1.13    0.0646155156556
1.17    0.0686547931434
1.21    0.0698122976131
1.25    0.069789896975
1.29    0.0693922278759
1.33    0.0694501219093
1.37    0.0682134094315
1.41    0.0675134266623
1.45    0.0667756698918
1.49    0.0655026222412
1.53    0.0636127434211
1.57    0.0610635160441
1.61    0.0578696410557
1.65    0.0565587748628
1.69    0.0565131591443
1.73    0.0559165279588
1.77    0.0547741482612
1.81    0.0531175857552
1.85    0.0510071687989
1.89    0.0485496798224
1.93    0.0458551967745
1.97    0.0430393097954
2.01    0.040215670445
2.05    0.0393606559872
2.09    0.0385037045215
2.13    0.0375763117415
2.17    0.0366244751708
2.21    0.0356825934397
2.25    0.0347737632759
2.29    0.0339110526316
2.33    0.0339035043141
2.37    0.034893312264
2.41    0.0359593795352
2.45    0.0369834465037
2.49    0.0378158362423
2.53    0.0383128793458
2.57    0.0400540521295
2.61    0.0428759277996
2.65    0.0456104407011
2.69    0.0476045029734
2.73    0.0487859440526
2.77    0.049116252493
2.81    0.0486081745419
2.85    0.0473568998263
2.89    0.045424574505
2.93    0.0440882035882
2.97    0.0436995048898
3.01    0.0441188413039
3.05    0.0448770374098
3.09    0.0449550228096
3.13    0.0444240453088
3.17    0.0433778483552
3.21    0.0432356473593
3.25    0.043420552001
3.29    0.0433785362165
3.33    0.0431436403519
3.37    0.0427492628519
3.41    0.0422305828087
3.45    0.0416158737332
3.49    0.0409356416625
3.53    0.0402111198251
3.57    0.0394629443294
3.61    0.0387075109126
3.65    0.0379573777814
3.69    0.037221794812
3.73    0.0365106343559
3.77    0.035824880805
3.81    0.0351681474227
3.85    0.0345429016511
3.89    0.0339471518502
3.93    0.0333820521327
3.97    0.0328452112691
4.01    0.0323346601619
4.05    0.0318509870544
4.09    0.0313900568707
4.13    0.0309511060131
4.17    0.0305343611056
4.21    0.0301367382388
4.25    0.0297574056636
4.29    0.0293965039562
4.33    0.0290534381659
4.37    0.0287267655433
4.41    0.0284160781671
4.45    0.02812099778
4.49    0.0278418549754
4.53    0.0275779381565
4.57    0.0273283326023
4.61    0.0270925516425
4.65    0.027630965025
4.69    0.0284776029142
4.73    0.0292780605703
4.77    0.0299794629677
4.81    0.0305670741994
4.85    0.0311665569996
4.89    0.032165726646
4.93    0.0331207316046
4.97    0.0340284745999
5.01    0.034886743368
5.05    0.0356942575312
5.09    0.0364504284561
5.13    0.0371538428922
5.17    0.0378040159258
5.21    0.0383991879476
5.25    0.0389379153227
5.29    0.0394212637006
5.33    0.0398503273066
5.37    0.0402279418395
5.41    0.0405694527841
5.45    0.0410773028051
5.49    0.0415806177859
5.53    0.042032306954
5.57    0.0424255365474
5.61    0.0427571638949
5.65    0.043025750891
5.69    0.0432311837851
5.73    0.043375127072
5.77    0.0434581575641
5.81    0.0434809729626
5.85    0.0434468858771
5.89    0.0433638145437
5.93    0.0432484443439
5.97    0.04312152645
6.01    0.0429853132042
6.05    0.0428241976907
6.09    0.0426265041254
6.13    0.0423905144861
6.17    0.0423886061529
6.21    0.0427360418855
6.25    0.0430357432349
6.29    0.0432883926796
6.33    0.0434948421069
6.37    0.0436560959333
6.41    0.0437732871617
6.45    0.0438476596499
6.49    0.0438813140688
6.53    0.0438753896772
6.57    0.0438311708334
6.61    0.0437502454423
6.65    0.0436346094807
6.69    0.0434871083826
6.73    0.0433080980148
6.77    0.0430993718741
6.81    0.0428647789072
6.85    0.0426039841
6.89    0.0423196258338
6.93    0.0420140866116
6.97    0.04168753601
7.01    0.0413442199173
7.05    0.0409831291541
7.09    0.0406082084833
7.13    0.0402189469844
7.17    0.0398189266208
7.21    0.0394073863998
7.25    0.0389881870997
7.29    0.0385604440389
7.33    0.0381266904298
7.37    0.0376878650229
7.41    0.0372443128349
7.45    0.0367986626791
7.49    0.0363507594344
7.53    0.0359013535175
7.57    0.0354522440139
7.61    0.0350039818349
7.65    0.0345568291875
7.69    0.0341115637445
7.73    0.0336693757246
7.77    0.0332309064708
7.81    0.0327962148732
7.85    0.0323658534055
7.89    0.0319403240426
7.93    0.031520080969
7.97    0.0311056231838
8.01    0.0306976273452
8.05    0.0302959575003
8.09    0.0299009064733
8.13    0.0295127320426
8.17    0.0291316592568
8.21    0.028757882659
8.25    0.0283915684227
8.29    0.0280328563749
8.33    0.0276818619305
8.37    0.0273386779109
8.41    0.0270033762723
8.45    0.0266760097244
8.49    0.026356613269
8.53    0.026045205617
8.57    0.0257417905383
8.61    0.0254463581156
8.65    0.0251588859083
8.69    0.0248793400403
8.73    0.0246076762161
8.77    0.0243438406611
8.81    0.0240877709778
8.85    0.0238393969662
8.89    0.0235986413659
8.93    0.023365420537
8.97    0.0231398294522
9.01    0.0229217247509
9.05    0.0227108812723
9.09    0.0225071946786
9.13    0.0225181329062
9.17    0.0225358719858
9.21    0.022551491496
9.25    0.0225650543226
9.29    0.0225766211331
9.33    0.0225867885891
9.37    0.0225950865093
9.41    0.0226015486285
9.45    0.0226062279019
9.49    0.0226091755608
9.53    0.0226104412013
9.57    0.0226100728683
9.61    0.0226081171361
9.65    0.0226046191852
9.69    0.022599622875
9.73    0.0225931708135
9.77    0.0225856307604
9.81    0.0225768440814
9.85    0.0225667144655
9.89    0.0225552802511
9.93    0.0225425788159
9.97    0.0225286466256
