0.05    7.35282926299e-05
0.09    0.00035526492294
0.13    0.000864092309878
0.17    0.0019739494216
0.21    0.00372418628769
0.25    0.00267575458092
0.29    0.00482155806925
0.33    0.00467438095727
0.37    0.00532323084877
0.41    0.00752941779752
0.45    0.00766803278052
0.49    0.0112924206676
0.53    0.0109102708185
0.57    0.0164399898248
0.61    0.0174768992388
0.65    0.0235477853122
0.69    0.0289741299565
0.73    0.0291849567141
0.77    0.0313927812828
0.81    0.0351595681061
0.85    0.0332055267681
0.89    0.0290649228313
0.93    0.0273922858336
0.97    0.0267155524944
1.01    0.0286963108774
1.05    0.0327970547702
1.09    0.0383682745951
1.13    0.045479531515
1.17    0.0530415887272
1.21    0.0582624075342
1.25    0.0601295371344
1.29    0.0605855815159
1.33    0.0588557351563
1.37    0.0551448341342
1.41    0.0507816509861
1.45    0.0468139598194
1.49    0.043862322758
1.53    0.0419748680305
1.57    0.0408050891142
1.61    0.0398770906905
1.65    0.0387906286257
1.69    0.0373081515732
1.73    0.0353597524208
1.77    0.0356307248191
1.81    0.0385609941067
1.85    0.0393939742582
1.89    0.0386360444256
1.93    0.037013679884
1.97    0.0350586752783
2.01    0.0329678314288
2.05    0.0309372642921
2.09    0.0305525874518
2.13    0.0302808450291
2.17    0.030242896738
2.21    0.0304858895491
2.25    0.0309166611653
2.29    0.0313072302118
2.33    0.0313649346714
2.37    0.0307996135403
2.41    0.0314755988708
2.45    0.0330665488729
2.49    0.0341667885319
2.53    0.0346893999491
2.57    0.0345893556947
2.61    0.03387117549
2.65    0.034265695937
2.69    0.0346986843334
2.73    0.0350422905697
2.77    0.0353173463007
2.81    0.0355276502351
2.85    0.0356933149212
2.89    0.0358275427301
2.93    0.0359397342541
2.97    0.0360473829765
3.01    0.0361537280075
3.05    0.036261698621
3.09    0.0363762189854
3.13    0.0364962802517
3.17    0.0366140110582
3.21    0.0367236103716
3.25    0.0368249794511
3.29    0.036904044516
3.33    0.0369525224819
3.37    0.0369670088387
3.41    0.0369408475247
3.45    0.036864682082
3.49    0.0367355639724
3.53    0.0365557487144
3.57    0.0363171754842
3.61    0.0360196709037
3.65    0.0356691001086
3.69    0.0352648245034
3.73    0.0350895288135
3.77    0.0357477709007
3.81    0.0361767849451
3.85    0.0363728982327
3.89    0.0363298153912
3.93    0.0360478974197
3.97    0.0355317012182
4.01    0.034795031236
4.05    0.0338593595699
4.09    0.0327509084298
4.13    0.0315292697781
4.17    0.0304110691619
4.21    0.0308112530896
4.25    0.0317636674805
4.29    0.0325733289574
4.33    0.0332533702168
4.37    0.0338665551988
4.41    0.0344552818707
4.45    0.0349306228598
4.49    0.0352840644764
4.53    0.0355186886544
4.57    0.0356395675426
4.61    0.0356527072867
4.65    0.0355660864672
4.69    0.0353878619316
4.73    0.0351265913543
4.77    0.0347895684267
4.81    0.0343852758118
4.85    0.0339218261398
4.89    0.0334069060999
4.93    0.0328477249498
4.97    0.0322511746968
5.01    0.0316256236852
5.05    0.0309747915771
5.09    0.0303050119215
5.13    0.0296224404351
5.17    0.0289303243967
5.21    0.0282341288771
5.25    0.0275375230902
5.29    0.0268428277073
5.33    0.0261549531619
5.37    0.0254758857809
5.41    0.0248074192992
5.45    0.0241517987621
5.49    0.02351093305
5.53    0.0229888165094
5.57    0.0227500693436
5.61    0.0226792090831
5.65    0.0226084605917
5.69    0.0225368271043
5.73    0.0224653389937
5.77    0.0223936211125
5.81    0.0223214585451
5.85    0.022248979355
5.89    0.0221764117072
5.93    0.0221046260049
5.97    0.0220327855157
6.01    0.0219609684201
6.05    0.0218892432125
6.09    0.0218176697995
6.13    0.0217468840613
6.17    0.0216765725047
6.21    0.0216065215179
6.25    0.0215367668907
6.29    0.0214673398265
6.33    0.0213982675231
6.37    0.0213297828931
6.41    0.0212621480941
6.45    0.0211949079757
6.49    0.0211280792207
6.53    0.0210616765122
6.57    0.0209957128087
6.61    0.0209301995853
6.65    0.0208651470435
6.69    0.0208009244145
6.73    0.0207373285581
6.77    0.0206742013963
6.81    0.0206115502086
6.85    0.0205493816531
6.89    0.0204877018498
6.93    0.0204265164496
6.97    0.0203658306918
7.01    0.0203056494513
7.05    0.0202461049046
7.09    0.0201873303421
7.13    0.0201290609039
7.17    0.0200713007355
7.21    0.020014053731
7.25    0.0199573235464
7.29    0.0199011136069
7.33    0.0198454271142
7.37    0.0197902670503
7.41    0.0197356361797
7.45    0.0196815370517
7.49    0.0196279719992
7.53    0.0195749548734
7.57    0.0195227304417
7.61    0.0194710375421
7.65    0.0194198779044
7.69    0.0193692530303
7.73    0.0193191641932
7.77    0.0192696124371
7.81    0.0192205985781
7.85    0.0191721232033
7.89    0.0191241866744
7.93    0.0190767891251
7.97    0.0190299304668
8.01    0.0189836103884
8.05    0.0189378283599
8.09    0.018892583634
8.13    0.0188478752514
8.17    0.018803702044
8.21    0.0187600626384
8.25    0.018716955461
8.29    0.0186744724088
8.33    0.0186325749247
8.37    0.0185911993032
8.41    0.0185503433637
8.45    0.0185100047469
8.49    0.0184701809218
8.53    0.0184308691902
8.57    0.0183920666941
8.61    0.0183537704224
8.65    0.0183159772163
8.69    0.018278683776
8.73    0.0182418866679
8.77    0.0182055823313
8.81    0.018169767083
8.85    0.0181344371253
8.89    0.018099588553
8.93    0.0180652173575
8.97    0.0180313194355
9.01    0.0179978905931
9.05    0.017964926553
9.09    0.0179324229607
9.13    0.017900375389
9.17    0.0178687793448
9.21    0.0178376302748
9.25    0.01780692357
9.29    0.0177766545715
9.33    0.0177468185759
9.37    0.0177174108397
9.41    0.0176884265844
9.45    0.0176598610015
9.49    0.0176317092559
9.53    0.0176039664919
9.57    0.0175766278357
9.61    0.0175496884012
9.65    0.017523143292
9.69    0.0174969876065
9.73    0.0174712164409
9.77    0.0174458248926
9.81    0.0174208080641
9.85    0.0173962017791
9.89    0.0173719719247
9.93    0.0173481008946
9.97    0.0173245838796
