0.05    5.89310309776e-05
0.09    0.000249880687752
0.13    0.000848694634547
0.17    0.00175052528329
0.21    0.00244666438338
0.25    0.00438666333612
0.29    0.00598792950481
0.33    0.00514172711008
0.37    0.00494076863709
0.41    0.00789787478143
0.45    0.0102233538409
0.49    0.0101788236041
0.53    0.0105458916799
0.57    0.0130317489056
0.61    0.0145949786648
0.65    0.0184257688898
0.69    0.020317712687
0.73    0.0256509247171
0.77    0.0291532076812
0.81    0.0334752606202
0.85    0.0368312629569
0.89    0.0399648458897
0.93    0.0417224151153
0.97    0.0430818170061
1.01    0.0470153625345
1.05    0.0534449557623
1.09    0.0596842746179
1.13    0.0638003323425
1.17    0.0655924882542
1.21    0.0660445082078
1.25    0.0668267978919
1.29    0.0679687682679
1.33    0.0683612166265
1.37    0.0681270802213
1.41    0.0672571250101
1.45    0.0656901567195
1.49    0.0633858055921
1.53    0.0603796426333
1.57    0.0584405402835
1.61    0.058070273366
1.65    0.0572609960861
1.69    0.0560146863316
1.73    0.0543417909465
1.77    0.0522718865372
1.81    0.0498628555427
1.85    0.047199290766
1.89    0.0443977634484
1.93    0.04155810151
1.97    0.0387847118421
2.01    0.0376830695303
2.05    0.0370313875034
2.09    0.0363413877306
2.13    0.0356515573678
2.17    0.0349859936848
2.21    0.0343642644307
2.25    0.0337950950278
2.29    0.0332786511479
2.33    0.0328090911188
2.37    0.0340465438836
2.41    0.035442454972
2.45    0.0368735222582
2.49    0.0383249415567
2.53    0.0397402885565
2.57    0.0410387253061
2.61    0.0420945151786
2.65    0.0427513186981
2.69    0.0431649726312
2.73    0.0461523965818
2.77    0.048763506545
2.81    0.0509258956931
2.85    0.0525388333678
2.89    0.0535083871619
2.93    0.0537907159963
2.97    0.05338889596
3.01    0.0523405639565
3.05    0.0507087694067
3.09    0.0513448565352
3.13    0.0509147812793
3.17    0.048911352243
3.21    0.0458027257158
3.25    0.0450829316837
3.29    0.0448089267315
3.33    0.0443880132997
3.37    0.0438517995945
3.41    0.0432251478814
3.45    0.0425292524954
3.49    0.0417843870324
3.53    0.0410063566075
3.57    0.040211720419
3.61    0.039415053107
3.65    0.0386289541501
3.69    0.037864702024
3.73    0.0371300791016
3.77    0.0364319669352
3.81    0.0357761785345
3.85    0.0351637739037
3.89    0.0345971541535
3.93    0.0340759706299
3.97    0.0335994891111
4.01    0.0331642263975
4.05    0.033655005367
4.09    0.0345574036473
4.13    0.0354602653007
4.17    0.0363905575622
4.21    0.0373718535505
4.25    0.0384245166533
4.29    0.0395625474345
4.33    0.040794003768
4.37    0.0421218549529
4.41    0.0435398536516
4.45    0.0450379959802
4.49    0.0465983831079
4.53    0.048199399175
4.57    0.0498157827346
4.61    0.0514216346434
4.65    0.0529877760292
4.69    0.0544858121858
4.73    0.0558888450893
4.77    0.0571686667854
4.81    0.0583012091381
4.85    0.0592627647655
4.89    0.0600311353595
4.93    0.0605926092021
4.97    0.0609329833522
5.01    0.0619874139112
5.05    0.0630081341541
5.09    0.0636564221502
5.13    0.063943334079
5.17    0.0638987555144
5.21    0.0635741509163
5.25    0.0630229483302
5.29    0.0623160727765
5.33    0.0615280700751
5.37    0.0613175348534
5.41    0.0609638985825
5.45    0.0608122260452
5.49    0.0611603648765
5.53    0.061203242425
5.57    0.0609432061479
5.61    0.0603887309157
5.65    0.0595538945157
5.69    0.0584682035157
5.73    0.0571668566766
5.77    0.0556797719842
5.81    0.0540363177025
5.85    0.0535209634675
5.89    0.0540275231565
5.93    0.0544062364675
5.97    0.0546617622671
6.01    0.0548006855257
6.05    0.0548287661128
6.09    0.0547491923802
6.13    0.0545659728926
6.17    0.0542818714464
6.21    0.0539003184493
6.25    0.0534242698106
6.29    0.0528589123282
6.33    0.0522084282132
6.37    0.0514789038208
6.41    0.0506763566858
6.45    0.049806915948
6.49    0.0488768921348
6.53    0.0478944442262
6.57    0.0468644896154
6.61    0.0457958303114
6.65    0.0450681196889
6.69    0.0447269933397
6.73    0.0443496206866
6.77    0.0439376736491
6.81    0.0434921801189
6.85    0.0430146171518
6.89    0.0425067069342
6.93    0.0419700613843
6.97    0.0414082498129
7.01    0.0408226715714
7.05    0.0402162314659
7.09    0.0395917435612
7.13    0.0389519113114
7.17    0.0382993135226
7.21    0.0376363986113
7.25    0.0369654915607
7.29    0.0362900263669
7.33    0.0356111870482
7.37    0.0349313567259
7.41    0.0342531952742
7.45    0.0335778158249
7.49    0.0329077352437
7.53    0.0322443647813
7.57    0.0315888044354
7.61    0.0309435655607
7.65    0.030545686277
7.69    0.0303084810168
7.73    0.0300678986406
7.77    0.0298243600298
7.81    0.0295787307586
7.85    0.0293316370754
7.89    0.02908283422
7.93    0.0288327183177
7.97    0.0285818053127
8.01    0.0283309964013
8.05    0.0280799015074
8.09    0.0278288433283
8.13    0.0275781266484
8.17    0.0273280387347
8.21    0.0270793625566
8.25    0.0268318928843
8.29    0.0265857745945
8.33    0.0263412308152
8.37    0.0260984694619
8.41    0.0258576837485
8.45    0.0256190526957
8.49    0.0253827838044
8.53    0.0251492786272
8.57    0.0249183562818
8.61    0.0246901454865
8.65    0.0244647633279
8.69    0.0242423157707
8.73    0.0240228981636
8.77    0.0238065957355
8.81    0.0235934840686
8.85    0.0233836295869
8.89    0.0231770900183
8.93    0.0229739148419
8.97    0.0227741457367
9.01    0.0227282695259
9.05    0.022706724218
9.09    0.0226831819728
9.13    0.0226577462527
9.17    0.0226305173456
9.21    0.0226015923984
9.25    0.022571065454
9.29    0.0225390274936
9.33    0.0225055664818
9.37    0.0224707674152
9.41    0.0224350807967
9.45    0.0223982957744
9.49    0.022360398704
9.53    0.0223214634807
9.57    0.022298153551
9.61    0.0222941166177
9.65    0.0222894430453
9.69    0.022284155533
9.73    0.0222782762284
9.77    0.0222718267325
9.81    0.0222648281058
9.85    0.0222573008734
9.89    0.0222492650333
9.93    0.0222407400619
9.97    0.0222317449215
