0.1	0.000323426163
0.12	0.00067090898926
0.14	0.000920527379126
0.16	0.00175972104465
0.18	0.00196267674269
0.2	0.0029801613843
0.22	0.00383096057575
0.24	0.00301176917909
0.26	0.00359628497226
0.28	0.00373317890219
0.3	0.00574013109509
0.32	0.00791544370508
0.34	0.00688534918576
0.36	0.00944052187718
0.38	0.0115894180063
0.4	0.0120164243579
0.42	0.011897968726
0.44	0.0133373795001
0.46	0.0153521506158
0.48	0.0132729379279
0.5	0.0122363274832
0.52	0.0120578750259
0.54	0.0111762128105
0.56	0.0120909218756
0.58	0.0150775423738
0.6	0.0181931016399
0.62	0.0203904700928
0.64	0.0208657001221
0.66	0.0201450363723
0.68	0.0183070664186
0.7	0.0157616695716
0.72	0.0155578316464
0.74	0.0170420758906
0.76	0.0185188550797
0.78	0.0239504553537
0.8	0.0276567177511
0.82	0.0287563587029
0.84	0.0285182207936
0.86	0.0287824588849
0.88	0.0304350498995
0.9	0.0331999432833
0.92	0.0362792614834
0.94	0.0387896799485
0.96	0.0401841341245
0.98	0.0408380184337
1.0	0.0418878703831
1.02	0.043437105569
1.04	0.0455055146737
1.06	0.0475219666078
1.08	0.0489440830339
1.1	0.0496124022635
1.12	0.0497127823363
1.14	0.0495203792321
1.16	0.0491809374866
1.18	0.0488560924398
1.2	0.0487165234209
1.22	0.0483221189729
1.24	0.0476215419223
1.26	0.0466757319581
1.28	0.0455808834
1.3	0.0444709150514
1.32	0.0434476658782
1.34	0.0425833397728
1.36	0.0422768018052
1.38	0.0446813309935
1.4	0.0460995032432
1.42	0.0466040185334
1.44	0.0462242372987
1.46	0.0450290986096
1.48	0.0431216925241
1.5	0.0420063947424
1.52	0.042174643023
1.54	0.0421694509454
1.56	0.0419679256873
1.58	0.0415616251549
1.6	0.040951116332
1.62	0.0401470275831
1.64	0.0391718938621
1.66	0.0380555528262
1.68	0.0377157033929
1.7	0.0376245286491
1.72	0.0374100912346
1.74	0.0370991252392
1.76	0.0367181244916
1.78	0.0362872663448
1.8	0.0358290347687
1.82	0.0353707625686
1.84	0.0358870170507
1.86	0.0365576416164
1.88	0.0368151309988
1.9	0.0367056739109
1.92	0.0362548065172
1.94	0.0360339894434
1.96	0.0356255542776
1.98	0.0350446911182
2.0	0.0343162270905
2.02	0.0334580788841
2.04	0.0335369547183
2.06	0.0358615622544
2.08	0.037635192726
2.1	0.0388025925738
2.12	0.0393859003048
2.14	0.0394578195777
2.16	0.0391090372389
2.18	0.0384312441159
2.2	0.0375048313885
2.22	0.0364098866313
2.24	0.0352245724682
2.26	0.0346706339277
2.28	0.0345684722322
2.3	0.0344569337445
2.32	0.0344360376704
2.34	0.0346097393567
2.36	0.0350681322627
2.38	0.0358591066231
2.4	0.0369741516959
2.42	0.0383491499452
2.44	0.0398760016451
2.46	0.0414301217768
2.48	0.042889219234
2.5	0.0441512389734
2.52	0.045155892591
2.54	0.0458785020725
2.56	0.0463385990429
2.58	0.0465927916062
2.6	0.0467151832404
2.62	0.0467938763503
2.64	0.0469074135664
2.66	0.0471122247806
2.68	0.0474341732659
2.7	0.0478624838869
2.72	0.0483573640871
2.74	0.0488525215158
2.76	0.0492736353056
2.78	0.0495452739059
2.8	0.0495953797479
2.82	0.0493631285042
2.84	0.0488015741423
2.86	0.0478852527525
2.88	0.0466180827225
2.9	0.0452535966672
2.92	0.0446602825481
2.94	0.0436605668328
2.96	0.0422797495351
2.98	0.0413898790642
3.0	0.0408929056007
3.02	0.0401299780394
3.04	0.039656423853
3.06	0.0403679344432
3.08	0.0408310919218
3.1	0.0410793094143
3.12	0.0411527634951
3.14	0.0410948572581
3.16	0.0409504694508
3.18	0.0407636969518
3.2	0.0405745908699
3.22	0.0404156624829
3.24	0.0403103085323
3.26	0.0402738168596
3.28	0.0403093933678
3.3	0.0404099832439
3.32	0.0405604782111
3.34	0.040735128138
3.36	0.0409053983244
3.38	0.0410371405537
3.4	0.0410942829471
3.42	0.0410425096498
3.44	0.0408490970784
3.46	0.0404828780576
3.48	0.039923251482
3.5	0.0391495176466
3.52	0.0381502665052
3.54	0.0369357789297
3.56	0.0372645018488
3.58	0.0374408027904
3.6	0.0382983659561
3.62	0.0393503551329
3.64	0.0403033759285
3.66	0.0411383106309
3.68	0.0418405608644
3.7	0.0423977082424
3.72	0.0428003606999
3.74	0.0430436138868
3.76	0.0432334361779
3.78	0.0433989808131
3.8	0.0433257208733
3.82	0.0430062805221
3.84	0.0424482485427
3.86	0.0421537227574
3.88	0.0418052717838
3.9	0.0411961867292
3.92	0.0410057055977
3.94	0.0410865024508
3.96	0.0413884272799
3.98	0.0416678451569
4.0	0.0419219066279
4.02	0.0421494090241
4.04	0.0423492563836
4.06	0.0425248002169
4.08	0.0426723897537
4.1	0.042794206407
4.12	0.0428905798085
4.14	0.0429598720701
4.16	0.043004323569
4.18	0.0430237001132
4.2	0.0430170133937
4.22	0.0429857199558
4.24	0.0429308138544
4.26	0.042850943146
4.28	0.0427464928422
4.3	0.0426203381282
4.32	0.0424703342352
4.34	0.0422967086997
4.36	0.0421018771929
4.38	0.0418848320266
4.4	0.0416450483218
4.42	0.0413858386528
4.44	0.0411049197364
4.46	0.0408037039936
4.48	0.0404833726873
4.5	0.0401426375192
4.52	0.0397846676399
4.54	0.0396121778586
4.56	0.0396290694513
4.58	0.0396333489013
4.6	0.0396249542339
4.62	0.0396075304516
4.64	0.0395780075155
4.66	0.0395362955056
4.68	0.0394858175605
4.7	0.0394238983765
4.72	0.0393503621486
4.74	0.0392683855746
4.76	0.039175710577
4.78	0.0390720630095
4.8	0.038960400384
4.82	0.0388388027672
4.84	0.0387069349773
4.86	0.0385676140047
4.88	0.0384190786247
4.9	0.0382610192833
4.92	0.038096239413
4.94	0.0379228631843
4.96	0.0377407396409
4.98	0.0375528194161
5.0	0.0373567740263
5.02	0.0374121079612
5.04	0.0374844594886
5.06	0.0375213718307
5.08	0.0375215873414
5.1	0.0374877596387
5.12	0.0374198439287
5.14	0.0373192528743
5.16	0.0383335476402
5.18	0.0393682482272
5.2	0.0403971647229
5.22	0.0414069788094
5.24	0.042386029038
5.26	0.043323118849
5.28	0.0442076479686
5.3	0.0450313933699
5.32	0.0457845294932
5.34	0.0464616425523
5.36	0.0470556819328
5.38	0.0475617023034
5.4	0.0479756456557
5.42	0.0482947098384
5.44	0.048517666839
5.46	0.0486424750471
5.48	0.0486695837388
5.5	0.0485988543157
5.52	0.0484304746098
5.54	0.0481658700429
5.56	0.0478073003884
5.58	0.0473574409882
5.6	0.0468194552519
5.62	0.0461989081115
5.64	0.045500478899
5.66	0.0447300228534
5.68	0.0440424849348
5.7	0.0446762364587
5.72	0.0452472901835
5.74	0.0457520774386
5.76	0.046186890855
5.78	0.0465491054442
5.8	0.0468368023906
5.82	0.0470493099747
5.84	0.0471868959312
5.86	0.0472502025174
5.88	0.0472403575808
5.9	0.0471589187958
5.92	0.0470082229369
5.94	0.0467913393632
5.96	0.0465095611834
5.98	0.0461679975363
6.0	0.0457677221943
6.02	0.045314100602
6.04	0.044809228518
6.06	0.0442569159108
6.08	0.0436617769931
6.1	0.0430264972246
6.12	0.0423549574521
6.14	0.0416509854805
6.16	0.0409185530224
6.18	0.0401611762803
6.2	0.0393822119556
6.22	0.0385851463523
6.24	0.0382242626379
6.26	0.038033347505
6.28	0.0378295597458
6.3	0.037613957583
6.32	0.0373862696917
6.34	0.037149296643
6.36	0.0369026838282
6.38	0.0366469244465
6.4	0.0363848417169
6.42	0.0361155568391
6.44	0.0358398606647
6.46	0.0355601654592
6.48	0.0352759089428
6.5	0.0349877402999
6.52	0.0346972773948
6.54	0.0344050311212
6.56	0.0341111150701
6.58	0.0338162453872
6.6	0.0335220098772
6.62	0.0332282936049
6.64	0.0329355060936
6.66	0.0326442396332
6.68	0.0323552782505
6.7	0.0320694597684
6.72	0.0317866841416
6.74	0.0315074220301
6.76	0.031232113952
6.78	0.0309611707583
6.8	0.0306949741584
6.82	0.0304341435073
6.84	0.0301788158897
6.86	0.0299291612019
6.88	0.0296854532865
6.9	0.0294479401176
6.92	0.02925637343
6.94	0.0291030777491
6.96	0.0289496694342
6.98	0.0287962217761
7.0	0.0286428054807
