0.05    6.23325824534e-05
0.09    0.000244951273323
0.13    0.000818521554988
0.17    0.00201028438794
0.21    0.00346821919519
0.25    0.00337158158201
0.29    0.004501090301
0.33    0.00797865297583
0.37    0.010761088454
0.41    0.0121607001471
0.45    0.0148617657356
0.49    0.0123743937915
0.53    0.01159033546
0.57    0.0136856394274
0.61    0.0195123254014
0.65    0.0205408460098
0.69    0.0170079706283
0.73    0.0162347643192
0.77    0.0212974839699
0.81    0.0284885029326
0.85    0.0284992196561
0.89    0.031721902793
0.93    0.0376550939788
0.97    0.0405040763664
1.01    0.0425826261498
1.05    0.0465610117368
1.09    0.0493663429253
1.13    0.0496399536314
1.17    0.0489529539561
1.21    0.0485581809075
1.25    0.047175028465
1.29    0.0450195375913
1.33    0.0429918200248
1.37    0.0436108571822
1.41    0.0464626632892
1.45    0.0457239163534
1.49    0.0419319966773
1.53    0.0421954340138
1.57    0.0417898978379
1.61    0.0405720712695
1.65    0.0386293272332
1.69    0.037685704289
1.73    0.0372676850006
1.77    0.0365039197563
1.81    0.0356000720548
1.85    0.0362775725208
1.89    0.0368057913021
1.93    0.0361687554759
1.97    0.0353556580295
2.01    0.0339016283132
2.05    0.034760184468
2.09    0.0382957925091
2.13    0.0394802826558
2.17    0.0388064324013
2.21    0.0369729143202
2.25    0.0346909495428
2.29    0.0345079195748
2.33    0.0344921702341
2.37    0.0354212181529
2.41    0.0376350912561
2.45    0.0406585688548
2.49    0.0435497151685
2.53    0.0455521259875
2.57    0.0464872054329
2.61    0.0467554924681
2.65    0.0469964621748
2.69    0.0476362532918
2.73    0.0486096402456
2.77    0.0494330940863
2.81    0.0495179933472
2.85    0.0483882323323
2.89    0.045859695098
2.93    0.0442106898958
2.97    0.0415297509077
3.01    0.0405420853613
3.05    0.0400449256562
3.09    0.0409803683716
3.13    0.0411370201107
3.17    0.0408597212017
3.21    0.0404896633565
3.25    0.0402823995368
3.29    0.0403518288775
3.33    0.0406465060167
3.37    0.0409783738999
3.41    0.0410838094906
3.45    0.0406893122788
3.49    0.0395632921177
3.53    0.0375637418227
3.57    0.0373724194453
3.61    0.038835373164
3.65    0.0407371526183
3.69    0.0421371196511
3.73    0.0429425254362
3.77    0.0433453156206
3.81    0.0431966030446
3.85    0.0422232150039
3.89    0.0415316807178
3.93    0.0410558037537
3.97    0.0415310058309
4.01    0.0420380079082
4.05    0.0424405697128
4.09    0.0427371111298
4.13    0.0429282859379
4.17    0.0430168330423
4.21    0.0430050179153
4.25    0.0428930928831
4.29    0.0426868721561
4.33    0.042386473862
4.37    0.0419954703891
4.41    0.0415184905813
4.45    0.0409571927329
4.49    0.0403157101253
4.53    0.0396007248534
4.57    0.0396328034076
4.61    0.0396176616362
4.65    0.0395586629283
4.69    0.0394563239132
4.73    0.03931053264
4.77    0.0391252429925
4.81    0.0389009017374
4.85    0.038638224438
4.89    0.038341222173
4.93    0.0380106624718
4.97    0.0376477697499
5.01    0.0373608054224
5.05    0.0375068728245
5.09    0.037508134913
5.13    0.0373726012503
5.17    0.0388510612102
5.21    0.0409046397892
5.25    0.0428600037705
5.29    0.044627953313
5.33    0.0461331413385
5.37    0.0473199716898
5.41    0.0481470728917
5.45    0.048592250718
5.49    0.0486463134789
5.53    0.0483101952626
5.57    0.0475938949172
5.61    0.046519382768
5.65    0.0451240920863
5.69    0.0443670168164
5.73    0.0455081959122
5.77    0.0463770447269
5.81    0.0469524448107
5.85    0.0472277749814
5.89    0.0472084777034
5.93    0.046908052938
5.97    0.0463463319369
6.01    0.0455476659926
6.05    0.0445390144182
6.09    0.0433484407767
6.13    0.0420070453555
6.17    0.0405431257014
6.21    0.0389860094215
6.25    0.0381306352579
6.29    0.0377233346532
6.33    0.0372688639724
6.37    0.0367758863494
6.41    0.0362510575088
6.45    0.0357005664829
6.49    0.0351322625237
6.53    0.0345514089589
6.57    0.0339637558996
6.61    0.0333750738961
6.65    0.0327896469422
6.69    0.0322120192586
6.73    0.0316465856622
6.77    0.0310960722102
6.81    0.0305638418335
6.85    0.0300532617001
6.89    0.0295659078502
6.93    0.0291797443526
6.97    0.0288729460435
7.01    0.0285661304927
7.05    0.0282598431603
7.09    0.0279545900071
7.13    0.0276508390519
7.17    0.027349162713
7.21    0.0270504327615
7.25    0.0267543337387
7.29    0.0264612005139
7.33    0.0261713376868
7.37    0.0259098077384
7.41    0.0257876807752
7.45    0.025689999913
7.49    0.0256155148766
7.53    0.0255629117965
7.57    0.0255310993891
7.61    0.0255185606043
7.65    0.0255236963855
7.69    0.025545081207
7.73    0.0255812932756
7.77    0.0256309241049
7.81    0.0256925869657
7.85    0.0257649242736
7.89    0.0258466139728
7.93    0.0259363749886
7.97    0.0260329717987
8.01    0.0261352182023
8.05    0.0262419803405
8.09    0.0263521790385
8.13    0.0264647915163
8.17    0.0265788525424
8.21    0.0266934550786
8.25    0.026807750466
8.29    0.0269209482102
8.33    0.0270323154053
8.37    0.0271411758497
8.41    0.0272472925501
8.45    0.0273498182519
8.49    0.0274481648221
8.53    0.0275418669712
8.57    0.0276305083577
8.61    0.0277137196123
8.65    0.0277912362326
8.69    0.0278632851944
8.73    0.0279290728761
8.77    0.0279883947511
8.81    0.0280410826448
8.85    0.0280871122396
8.89    0.0281268537603
8.93    0.0281596600588
8.97    0.0281854853397
9.01    0.0282043720553
9.05    0.0282169109783
9.09    0.0282224798678
9.13    0.0282211237893
9.17    0.0282133429331
9.21    0.0282034081152
9.25    0.0282101177608
9.29    0.02821035185
9.33    0.0282039169158
9.37    0.0281914412972
9.41    0.0281727533338
9.45    0.0281477128514
9.49    0.0281166835239
9.53    0.0280800921536
9.57    0.0280375472399
9.61    0.0279891986025
9.65    0.0279355627738
9.69    0.0278767982199
9.73    0.0278126966673
9.77    0.0277434242329
9.81    0.0276692458147
9.85    0.0275908118198
9.89    0.0275077027822
9.93    0.0274200897762
9.97    0.0273281437834
