0.1	0.000404274300515
0.12	0.000599708565941
0.14	0.000923115769016
0.16	0.00155800335398
0.18	0.00231363622884
0.2	0.00423188866421
0.22	0.00489185338096
0.24	0.00354170529967
0.26	0.00283648893068
0.28	0.00410586544809
0.3	0.00439687845051
0.32	0.005606624776
0.34	0.00567237511315
0.36	0.00569634392143
0.38	0.00655719277599
0.4	0.00778000458196
0.42	0.00846946841186
0.44	0.00946747893658
0.46	0.0110987287268
0.48	0.0104685030286
0.5	0.00996623656869
0.52	0.0104393460775
0.54	0.0117555359551
0.56	0.0138129282852
0.58	0.013327157313
0.6	0.0125183130857
0.62	0.0124242926159
0.64	0.0125612993417
0.66	0.0146297409246
0.68	0.0179053679253
0.7	0.0214659298036
0.72	0.0242905740784
0.74	0.0260412056496
0.76	0.0280877731295
0.78	0.0299631177851
0.8	0.0322665839948
0.82	0.0335710823895
0.84	0.033769619081
0.86	0.0335713624761
0.88	0.0336907072373
0.9	0.0342131446022
0.92	0.0348096339924
0.94	0.0353345217618
0.96	0.0360726909584
0.98	0.0375941088003
1.0	0.0403156420693
1.02	0.0441598944965
1.04	0.0486772842688
1.06	0.0533134928622
1.08	0.0576080725234
1.1	0.0612756612568
1.12	0.0642188803613
1.14	0.066448803608
1.16	0.0693801349806
1.18	0.0716675835244
1.2	0.0723364134089
1.22	0.0713999463576
1.24	0.07154675745
1.26	0.0716235823531
1.28	0.0711131062343
1.3	0.0711472838109
1.32	0.0711653548586
1.34	0.0708668261943
1.36	0.070210447161
1.38	0.0691681672798
1.4	0.0685942885417
1.42	0.0683621321078
1.44	0.0680150592293
1.46	0.0675342265043
1.48	0.0668999025292
1.5	0.0660931533631
1.52	0.0650984172625
1.54	0.0639110963132
1.56	0.0625247933024
1.58	0.0609420896141
1.6	0.0591726167791
1.62	0.0573240237236
1.64	0.0574260582313
1.66	0.0573758547871
1.68	0.0571745311078
1.7	0.056831663605
1.72	0.056354211685
1.74	0.0557436590643
1.76	0.0550195563908
1.78	0.0541817588293
1.8	0.0532432552824
1.82	0.052220655057
1.84	0.0511188771693
1.86	0.049949958865
1.88	0.0487252105899
1.9	0.0474551696087
1.92	0.0461496196405
1.94	0.0448176315306
1.96	0.0434675993382
1.98	0.0421077843805
2.0	0.0407518996975
2.02	0.0395665553709
2.04	0.0392313987725
2.06	0.0388660081805
2.08	0.0384725073783
2.1	0.0380529262538
2.12	0.0376095658151
2.14	0.0371520353825
2.16	0.0366758298841
2.18	0.0361896880801
2.2	0.0356938801297
2.22	0.0351953599037
2.24	0.0346917004317
2.26	0.0341953866278
2.28	0.0337013201301
2.3	0.0332129037565
2.32	0.0327388849017
2.34	0.0330935683193
2.36	0.0336560696313
2.38	0.0342396042789
2.4	0.0348245948591
2.42	0.0353925469606
2.44	0.035919302191
2.46	0.0363830054054
2.48	0.0367671695958
2.5	0.0370529702839
2.52	0.0372408018172
2.54	0.0383328394792
2.56	0.0397660685343
2.58	0.0414505791341
2.6	0.0429963230587
2.62	0.0443853288349
2.64	0.0456033102145
2.66	0.0466393511367
2.68	0.047485445765
2.7	0.0481379582207
2.72	0.0485957985983
2.74	0.0488577697451
2.76	0.0489256740741
2.78	0.0487998320267
2.8	0.0484864746563
2.82	0.0479981391616
2.84	0.0473517488783
2.86	0.0465614895524
2.88	0.0456289710799
2.9	0.0445451777467
2.92	0.0436020876667
2.94	0.0431825222168
2.96	0.0429840025842
2.98	0.042815373624
3.0	0.0435935303275
3.02	0.0442145506994
3.04	0.0446638402207
3.06	0.0449409101911
3.08	0.0450485416004
3.1	0.044991593718
3.12	0.0447762177379
3.14	0.044410413814
3.16	0.0439511176785
3.18	0.0443921601803
3.2	0.0447563877379
3.22	0.0450435468007
3.24	0.045258088254
3.26	0.0453991763508
3.28	0.0454697636897
3.3	0.045473128863
3.32	0.0454128253983
3.34	0.0452926410051
3.36	0.0451165526818
3.38	0.0448886758804
3.4	0.0446132141483
3.42	0.0442944223435
3.44	0.04393658538
3.46	0.0435440280105
3.48	0.0431244429774
3.5	0.0426788382218
3.52	0.0422112261152
3.54	0.0417291124407
3.56	0.0412336160731
3.58	0.0407289982873
3.6	0.0402203682054
3.62	0.0397086004849
3.64	0.0391994478513
3.66	0.0386934979837
3.68	0.0381941964503
3.7	0.0377045785525
3.72	0.0372244756286
3.74	0.0367581112763
3.76	0.0363059409136
3.78	0.0358682492116
3.8	0.0354464794242
3.82	0.0350432815708
3.84	0.0346570803792
3.86	0.0342883151379
3.88	0.0339372083722
3.9	0.0336039674779
3.92	0.033289522821
3.94	0.0329921882161
3.96	0.0327115353726
3.98	0.0324470159896
4.0	0.0321979798304
4.02	0.031963691946
4.04	0.0317433489456
4.06	0.0315366647716
4.08	0.0313425466468
4.1	0.0311596799542
4.12	0.0309871356797
4.14	0.0308239804854
4.16	0.030669286444
4.18	0.030522139681
4.2	0.0303816479532
4.22	0.0302469472049
4.24	0.0301179346192
4.26	0.0303101419166
4.28	0.0306555885119
4.3	0.0310312585155
4.32	0.0314362328885
4.34	0.0318692638365
4.36	0.0323287747338
4.38	0.0328135728561
4.4	0.0333210341729
4.42	0.0338493443975
4.44	0.0343957553163
4.46	0.0349583313083
4.48	0.035534131332
4.5	0.0361204264949
4.52	0.0367146410709
4.54	0.0373142704031
4.56	0.0379160502239
4.58	0.0385182523673
4.6	0.0391177862793
4.62	0.0397124855208
4.64	0.0403001719631
4.66	0.0408786881645
4.68	0.0414465957067
4.7	0.0420016521342
4.72	0.0425430631692
4.74	0.0430690750493
4.76	0.0435786721407
4.78	0.0440710047777
4.8	0.0445456884708
4.82	0.0450014913433
4.84	0.0454387641562
4.86	0.0458566711065
4.88	0.0462406865187
4.9	0.0465598121534
4.92	0.0468108389588
4.94	0.0471546844678
4.96	0.0477404137646
4.98	0.0482942549424
5.0	0.0488134701048
5.02	0.0492982544583
5.04	0.0497461686335
5.06	0.0501572265538
5.08	0.0505298928238
5.1	0.0508643893725
5.12	0.0511598795965
5.14	0.0514165128604
5.16	0.0516345889076
5.18	0.0518136956288
5.2	0.0519556092385
5.22	0.0520602626609
5.24	0.0521282440389
5.26	0.0521607029657
5.28	0.0521591764423
5.3	0.0521254158859
5.32	0.052062896027
5.34	0.051974634226
5.36	0.0518666238035
5.38	0.0521301379081
5.4	0.0524349018494
5.42	0.0527189168676
5.44	0.0529800959103
5.46	0.0532181385755
5.48	0.0534333448147
5.5	0.0536269833053
5.52	0.0538004669789
5.54	0.0539532563727
5.56	0.0540864825851
5.58	0.0541987653012
5.6	0.0542899300259
5.62	0.0543602733438
5.64	0.0544101633811
5.66	0.0544393759402
5.68	0.0544470810014
5.7	0.0544323711867
5.72	0.0543946314382
5.74	0.0543341440338
5.76	0.0542518451579
5.78	0.0541473824084
5.8	0.054020997998
5.82	0.0538730314845
5.84	0.0537031912479
5.86	0.0535116663474
5.88	0.0532987431254
5.9	0.0530648811968
5.92	0.0528105495416
5.94	0.052536029932
5.96	0.0522415482452
5.98	0.0519274744663
6.0	0.0515942096615
6.02	0.0512420543787
6.04	0.0508721665238
6.06	0.0504845148173
6.08	0.050079467298
6.1	0.0496583120925
6.12	0.0492208105758
6.14	0.0487677446957
6.16	0.0482996252534
6.18	0.0478171704038
6.2	0.0473207734848
6.22	0.0468115627675
6.24	0.046289351939
6.26	0.0457556819648
6.28	0.0452105252884
6.3	0.044654400181
6.32	0.0441254460513
6.34	0.0439794058409
6.36	0.0438224794687
6.38	0.0436555045209
6.4	0.0434784241836
6.42	0.0432927403816
6.44	0.043098910591
6.46	0.0428970466798
6.48	0.0427588031111
6.5	0.0427499131047
6.52	0.0427330465485
6.54	0.0427089597556
6.56	0.0426763931894
6.58	0.042637650251
6.6	0.0425906835519
6.62	0.0425368805128
6.64	0.0424761210342
6.66	0.0424076215501
6.68	0.0423335731562
6.7	0.0422521720825
6.72	0.0421639822698
6.74	0.042070267015
6.76	0.0419696373875
6.78	0.0418629001374
6.8	0.0417508838709
6.82	0.0416324690536
6.84	0.0415083195369
6.86	0.0413794604608
6.88	0.0412447251362
6.9	0.0411043535756
6.92	0.0409601249027
6.94	0.0408105452076
6.96	0.0406558012478
6.98	0.0404970571784
7.0	0.0403341103646
