0.05    6.2377995344e-05
0.09    0.000298136927307
0.13    0.000695360197516
0.17    0.00198244301223
0.21    0.00496598493112
0.25    0.00299452452561
0.29    0.0043741602754
0.33    0.00582078681277
0.37    0.00599812105193
0.41    0.00810707714295
0.45    0.0104018617588
0.49    0.0100832611511
0.53    0.0108997056808
0.57    0.0138726203692
0.61    0.0125767189859
0.65    0.0133682023512
0.69    0.0197090209522
0.73    0.0252608345646
0.77    0.0287513095358
0.81    0.0330776102147
0.85    0.0336651626054
0.89    0.0339196430135
0.93    0.0350743329883
0.97    0.0367006958506
1.01    0.0421164819449
1.05    0.0510149421031
1.09    0.0595294199682
1.13    0.0654190638343
1.17    0.0707216115423
1.21    0.0720647933098
1.25    0.0716595761078
1.29    0.0710398326771
1.33    0.0710595580868
1.37    0.0697370742247
1.41    0.0684914825283
1.45    0.0677925930816
1.49    0.0665191682571
1.53    0.0645292773832
1.57    0.0617575241366
1.61    0.0582228082241
1.65    0.0574200474069
1.69    0.0570184689479
1.73    0.0560645791113
1.77    0.0546116168317
1.81    0.0527437692875
1.85    0.0505387001185
1.89    0.048093579205
1.93    0.0454831005939
1.97    0.0427899271612
2.01    0.0400727095243
2.05    0.039052731434
2.09    0.0382639323378
2.13    0.0373838435033
2.17    0.0364347723519
2.21    0.035445540582
2.25    0.0344434533071
2.29    0.0334562011187
2.33    0.032824717254
2.37    0.0339451087783
2.41    0.0351131677469
2.45    0.0361606029623
2.49    0.0369234417582
2.53    0.0377924312905
2.57    0.0406244774872
2.61    0.0437114817647
2.65    0.046145165417
2.69    0.0478348805445
2.73    0.0487511473814
2.77    0.0488860637128
2.81    0.0482631398006
2.85    0.0469746997049
2.89    0.0451065821619
2.93    0.0433341330125
2.97    0.042899945657
3.01    0.0439256875637
3.05    0.0448238071523
3.09    0.0450402903757
3.13    0.0446115392072
3.17    0.0441815637557
3.21    0.0449100431831
3.25    0.0453365242412
3.29    0.0454796370022
3.33    0.0453606892444
3.37    0.0450090371945
3.41    0.0444575204838
3.45    0.0437451993688
3.49    0.0429035133896
3.53    0.041972581572
3.57    0.040982623311
3.61    0.0399648538282
3.65    0.0389460542626
3.69    0.0379483400864
3.73    0.0369891785764
3.77    0.0360852049312
3.81    0.0352427923809
3.85    0.0344704995107
3.89    0.0337682921147
3.93    0.0331387405004
3.97    0.0325772974554
4.01    0.0320790411452
4.05    0.0316382296072
4.09    0.0312497647119
4.13    0.0309044426765
4.17    0.0305948260064
4.21    0.0303136264498
4.25    0.0301489670841
4.29    0.03083963479
4.33    0.0316491379419
4.37    0.0325682942318
4.41    0.0335827946121
4.45    0.0346751959108
4.49    0.0358261372194
4.53    0.0370139980631
4.57    0.038217381619
4.61    0.0394156928261
4.65    0.0405906696378
4.69    0.0417257784947
4.73    0.0428080585504
4.77    0.0438270111974
4.81    0.0447759882414
4.85    0.0456500146115
4.89    0.0464086243761
4.93    0.0469101894234
4.97    0.0480215651206
5.01    0.0490602441745
5.05    0.0499561580633
5.09    0.0507016828342
5.13    0.0512926732868
5.17    0.051728956754
5.21    0.0520125776279
5.25    0.0521488255651
5.29    0.052146212032
5.33    0.0520216838945
5.37    0.0519707518434
5.41    0.0525796876192
5.45    0.0531022660595
5.49    0.053532815495
5.53    0.0538794157326
5.57    0.0541450945662
5.61    0.0543278897765
5.65    0.054427281484
5.69    0.0544427240817
5.73    0.0543672733581
5.77    0.0542024210312
5.81    0.0539497610056
5.85    0.0536101252744
5.89    0.0531843970666
5.93    0.0526758013128
5.97    0.05208693262
6.01    0.0514204730117
6.05    0.05068054512
6.09    0.0498708416329
6.13    0.0489959070661
6.17    0.0480599078732
6.21    0.0470676894259
6.25    0.0460241274513
6.29    0.0449337925509
6.33    0.04405359431
6.37    0.0437402619674
6.41    0.0433865873593
6.45    0.0429989832871
6.49    0.0427554710618
6.53    0.0427220793399
6.57    0.0426580602395
6.61    0.0425643034053
6.65    0.042442827865
6.69    0.0422937890481
6.73    0.0421180002904
6.77    0.0419167866333
6.81    0.0416924647303
6.85    0.0414446361773
6.89    0.041175212172
6.93    0.0408859922576
6.97    0.0405767322567
7.01    0.0402508850439
7.05    0.0399075433163
7.09    0.0395496503724
7.13    0.0391770967094
7.17    0.0387924443385
7.21    0.0383954177765
7.25    0.0379891239369
7.29    0.0375727407912
7.33    0.0371491606802
7.37    0.0367184942657
7.41    0.0362815555018
7.45    0.0358410664739
7.49    0.0353964090947
7.53    0.0349486823103
7.57    0.0345002526169
7.61    0.0340508121018
7.65    0.0336011916765
7.69    0.033152288044
7.73    0.032705985685
7.77    0.0322619487206
7.81    0.0318209145546
7.85    0.0313835737526
7.89    0.0309505656545
7.93    0.0305226249402
7.97    0.0301005632619
8.01    0.0296843852559
8.05    0.0292745396179
8.09    0.028871429818
8.13    0.0284754157013
8.17    0.028086815145
8.21    0.0277059057853
8.25    0.0273329268087
8.29    0.0269680807682
8.33    0.0266115354372
8.37    0.0262634256641
8.41    0.0259238552374
8.45    0.0255928987322
8.49    0.025270603358
8.53    0.0249569907512
8.57    0.0246520587611
8.61    0.0243557831874
8.65    0.0240681194667
8.69    0.0237890043158
8.73    0.0235183573241
8.77    0.0232560824882
8.81    0.02300206967
8.85    0.0228365095318
8.89    0.0227288737278
8.93    0.0227457264484
8.97    0.0227598060901
9.01    0.0227712367079
9.05    0.0227803963555
9.09    0.0227874925289
9.13    0.0227922834053
9.17    0.0227948826134
9.21    0.0227954009494
9.25    0.0227939463212
9.29    0.0227906237025
9.33    0.0227855350994
9.37    0.0227787795255
9.41    0.0227704529874
9.45    0.0227606484783
9.49    0.0227494559787
9.53    0.0227370189016
9.57    0.0227237662645
9.61    0.0227093667402
9.65    0.0226938986303
9.69    0.022677437334
9.73    0.0226600553856
9.77    0.0226418224954
9.81    0.0226228055952
9.85    0.0226030688861
9.89    0.022582673891
9.93    0.0225616795079
9.97    0.0225401420663
