0.05    5.84221666743e-05
0.09    0.000317474581735
0.13    0.000777564664047
0.17    0.00196662836195
0.21    0.00323617607859
0.25    0.00237873126962
0.29    0.0042869814376
0.33    0.0042825040467
0.37    0.00500384230948
0.41    0.00656751729996
0.45    0.00749535378597
0.49    0.00887718877438
0.53    0.00886343757519
0.57    0.0140695768213
0.61    0.0157279852721
0.65    0.0216160370528
0.69    0.0270658757176
0.73    0.0281877817017
0.77    0.0306875182099
0.81    0.0340046266546
0.85    0.0320824382549
0.89    0.0282777302267
0.93    0.0269156201722
0.97    0.0264283945724
1.01    0.02826530755
1.05    0.031942022687
1.09    0.0358151021722
1.13    0.040330955299
1.17    0.0459323259688
1.21    0.0516272079119
1.25    0.0550634895884
1.29    0.054933065849
1.33    0.0521728136904
1.37    0.0482317680045
1.41    0.0442072726828
1.45    0.0406700252257
1.49    0.0393536620506
1.53    0.0387761309683
1.57    0.0386266102825
1.61    0.0386749433631
1.65    0.0385488396185
1.69    0.0379503667208
1.73    0.0367527598647
1.77    0.0350588143402
1.81    0.033109137152
1.85    0.0311862917689
1.89    0.031013113217
1.93    0.0307357314951
1.97    0.0298535489024
2.01    0.02851172192
2.05    0.0268953842427
2.09    0.0267438316518
2.13    0.0268370130721
2.17    0.0269462146983
2.21    0.0270030072682
2.25    0.0269563329274
2.29    0.0267552515481
2.33    0.0263867633375
2.37    0.0258329229276
2.41    0.0251183671737
2.45    0.0242614516468
2.49    0.0233098889995
2.53    0.0239805050403
2.57    0.024579996764
2.61    0.0247828772989
2.65    0.0246603289058
2.69    0.0242996243694
2.73    0.023787571911
2.77    0.0231917700531
2.81    0.0225613507922
2.85    0.0219234149359
2.89    0.0217290755947
2.93    0.0217990422751
2.97    0.0219208416093
3.01    0.0220924938527
3.05    0.0223031908878
3.09    0.0225383686601
3.13    0.0227850896864
3.17    0.0230263612063
3.21    0.0232449135847
3.25    0.023428087817
3.29    0.0235608529219
3.33    0.0236323865326
3.37    0.0236367695871
3.41    0.0235655870896
3.45    0.0234160720196
3.49    0.0231893806248
3.53    0.0239016447272
3.57    0.024491249152
3.61    0.024906804601
3.65    0.0251183331055
3.69    0.0251105805079
3.73    0.024873940962
3.77    0.0244113351086
3.81    0.0237330798237
3.85    0.0228554109636
3.89    0.0218013850877
3.93    0.0211883838046
3.97    0.0213752584591
4.01    0.0217944320198
4.05    0.0223670429828
4.09    0.0228068759403
4.13    0.023114117887
4.17    0.0232905075543
4.21    0.0233424078541
4.25    0.0232764448998
4.29    0.0230995304884
4.33    0.022819852475
4.37    0.0224470004927
4.41    0.0219923527745
4.45    0.0215844185126
4.49    0.0214971759976
4.53    0.0214012257285
4.57    0.0212966421992
4.61    0.0211864524873
4.65    0.0210704897727
4.69    0.0209499790325
4.73    0.0208271554766
4.77    0.0207011425568
4.81    0.0205726934484
4.85    0.020444110452
4.89    0.0203142496803
4.93    0.0201832939637
4.97    0.0200514923078
5.01    0.0199199375006
5.05    0.0197883240692
5.09    0.0196560347481
5.13    0.0195230196937
5.17    0.0195707285126
5.21    0.0198846180713
5.25    0.0201908286196
5.29    0.0204886502487
5.33    0.0207782671586
5.37    0.0210598133163
5.41    0.021333375585
5.45    0.0215989974707
5.49    0.0218566833178
5.53    0.0221064027968
5.57    0.0223480955589
5.61    0.0225816759399
5.65    0.0228070376279
5.69    0.0230240582064
5.73    0.0232326035194
5.77    0.0234325318051
5.81    0.0236245697817
5.85    0.0238084455817
5.89    0.0239876103315
5.93    0.0244748850038
5.97    0.0248668163042
6.01    0.025163970355
6.05    0.0253658842307
6.09    0.0254745593794
6.13    0.0254931200351
6.17    0.0254262703775
6.21    0.0252797992857
6.25    0.0251305883235
6.29    0.0252093831451
6.33    0.0252783625025
6.37    0.0253385080208
6.41    0.0253895107967
6.45    0.0254308380852
6.49    0.0254625775782
6.53    0.0254848343268
6.57    0.0254977300693
6.61    0.0255014024763
6.65    0.0254960043298
6.69    0.0254817026477
6.73    0.0254586777667
6.77    0.0254271223958
6.81    0.0253872406484
6.85    0.0253392470638
6.89    0.0252833656262
6.93    0.0252198287886
6.97    0.0251488765067
7.01    0.0250712355828
7.05    0.0249873118076
7.09    0.0248966955011
7.13    0.0247996471074
7.17    0.0246964301512
7.21    0.0245873104308
7.25    0.0244725552492
7.29    0.024352432678
7.33    0.0242272108661
7.37    0.0240971573835
7.41    0.0239625386065
7.45    0.0238236191441
7.49    0.0236806612989
7.53    0.0235339245744
7.57    0.023383665216
7.61    0.0232301357893
7.65    0.0230735847955
7.69    0.0229142563256
7.73    0.0227523897448
7.77    0.0225882194094
7.81    0.0224219744199
7.85    0.0222538783986
7.89    0.0220841493051
7.93    0.0219129992632
7.97    0.0217406344333
8.01    0.0215672548962
8.05    0.0213930545634
8.09    0.0212182211052
8.13    0.0210429359115
8.17    0.02086737406
8.21    0.020691704303
8.25    0.0205160890764
8.29    0.0203406845174
8.33    0.0201656405028
8.37    0.0199911006942
8.41    0.0198172025992
8.45    0.0196440776393
8.49    0.0194718512351
8.53    0.0193006428876
8.57    0.0191305662789
8.61    0.018961729377
8.65    0.0187942345422
8.69    0.0186281786426
8.73    0.0184636531764
8.77    0.0183007443974
8.81    0.0181395334336
8.85    0.0179800964258
8.89    0.0178225046594
8.93    0.0176668246927
8.97    0.0175131184991
9.01    0.0173614435982
9.05    0.0172118531947
9.09    0.0170643963171
9.13    0.0169191179493
9.17    0.0167760591706
9.21    0.0166352572906
9.25    0.0164967459805
9.29    0.0163605554069
9.33    0.0162267123641
9.37    0.0160952404012
9.41    0.0159661599496
9.45    0.0158394884504
9.49    0.0157926787553
9.53    0.0157661063689
9.57    0.0157381515223
9.61    0.0157088601573
9.65    0.0156785611742
9.69    0.0156470951708
9.73    0.0156144186008
9.77    0.0155805745269
9.81    0.015545605253
9.85    0.015509552317
9.89    0.0154724564897
9.93    0.0154343577686
9.97    0.0153952953765
