0.05    9.22167264606e-05
0.09    0.000308226793518
0.13    0.000680288319704
0.17    0.00143586558503
0.21    0.00256700928619
0.25    0.00361390768126
0.29    0.00710914190247
0.33    0.0119729559487
0.37    0.0163574181297
0.41    0.0203504997591
0.45    0.0244755077057
0.49    0.0322986524425
0.53    0.0414449809577
0.57    0.0589829639757
0.61    0.0669303354112
0.65    0.0626501732275
0.69    0.0509221102918
0.73    0.0439018896311
0.77    0.0392071810859
0.81    0.0371449904915
0.85    0.0370798549218
0.89    0.0397117821616
0.93    0.038256917363
0.97    0.0403285761608
1.01    0.0413409306075
1.05    0.0386244172545
1.09    0.0388432378019
1.13    0.0369772591289
1.17    0.0327548008136
1.21    0.0334103204451
1.25    0.0377691127924
1.29    0.0394651485488
1.33    0.0399474396247
1.37    0.0352146744079
1.41    0.0316518818743
1.45    0.0300747531579
1.49    0.0315178285426
1.53    0.0332281435102
1.57    0.0321258071078
1.61    0.0337060020845
1.65    0.0343212505745
1.69    0.0323826735186
1.73    0.029079130076
1.77    0.0258698070768
1.81    0.024555419198
1.85    0.0248661999319
1.89    0.0252033043146
1.93    0.0258851833186
1.97    0.0266261456901
2.01    0.029861345762
2.05    0.0346306399481
2.09    0.0390245992013
2.13    0.0418796496277
2.17    0.0432230375053
2.21    0.0461122925144
2.25    0.0462980100119
2.29    0.0437710823634
2.33    0.039198111215
2.37    0.0362670330696
2.41    0.0362042048134
2.45    0.0354466418575
2.49    0.0339058843448
2.53    0.0317220492349
2.57    0.0292364229468
2.61    0.0268552602571
2.65    0.0248904056155
2.69    0.0234584111257
2.73    0.022493290819
2.77    0.0218743641922
2.81    0.0215068974689
2.85    0.0212293025333
2.89    0.0209252519092
2.93    0.0205117418598
2.97    0.020479674625
3.01    0.02102030162
3.05    0.0215562302402
3.09    0.0220045704513
3.13    0.0224097656644
3.17    0.0233477309119
3.21    0.0242845283647
3.25    0.025170921872
3.29    0.0259703632432
3.33    0.0266603095997
3.37    0.0272315763587
3.41    0.027686333466
3.45    0.0280353472143
3.49    0.0282949864797
3.53    0.0287329148393
3.57    0.0293204780818
3.61    0.0297648334632
3.65    0.0300592996941
3.69    0.0302021615006
3.73    0.0302337629739
3.77    0.0301521403287
3.81    0.0299453285055
3.85    0.03039201979
3.89    0.0307517960021
3.93    0.0308857769186
3.97    0.0307995460607
4.01    0.0304992653413
4.05    0.0314057196632
4.09    0.0323101078491
4.13    0.0328385752514
4.17    0.0329904505609
4.21    0.0327728096781
4.25    0.0322013411824
4.29    0.0313064786249
4.33    0.0311993794791
4.37    0.0310959334157
4.41    0.0311653373317
4.45    0.0320672009708
4.49    0.0327817283418
4.53    0.0331807237932
4.57    0.0333062081901
4.61    0.033205414219
4.65    0.0329258053567
4.69    0.0325109420829
4.73    0.0323857378101
4.77    0.0324606231718
4.81    0.0325357962922
4.85    0.0326188408097
4.89    0.0327467569341
4.93    0.0329172641844
4.97    0.0331552659252
5.01    0.0334632626463
5.05    0.0338424265315
5.09    0.0343035452592
5.13    0.0348391484901
5.17    0.0354408564907
5.21    0.0361089755932
5.25    0.0368332123438
5.29    0.0375960866672
5.33    0.0384000002725
5.37    0.0392217892689
5.41    0.0400559704485
5.45    0.0408897517084
5.49    0.0417132776772
5.53    0.0425136231591
5.57    0.0432899074382
5.61    0.0440234926777
5.65    0.0447153235394
5.69    0.0453618412316
5.73    0.0459539988245
5.77    0.0464900219194
5.81    0.0469675486797
5.85    0.0473832963443
5.89    0.047733113217
5.93    0.0480177147133
5.97    0.0482342207685
6.01    0.0483753075709
6.05    0.0484375719645
6.09    0.0484343387348
6.13    0.0483537542969
6.17    0.0481931665394
6.21    0.0479726166421
6.25    0.0476722825007
6.29    0.0473076584109
6.33    0.0468763693661
6.37    0.0463765340848
6.41    0.0471794434561
6.45    0.0480451006118
6.49    0.0488667059517
6.53    0.0496439636264
6.57    0.0503767482907
6.61    0.0510690295249
6.65    0.0517347651177
6.69    0.0523565168327
6.73    0.0529345693795
6.77    0.0534692808616
6.81    0.0539610705391
6.85    0.0544314633406
6.89    0.0548605408265
6.93    0.0552481134095
6.97    0.0555947358403
7.01    0.0559009937835
7.05    0.0561790842986
7.09    0.0564273971714
7.13    0.0566370359507
7.17    0.0568086716509
7.21    0.0569430015102
7.25    0.057040748807
7.29    0.0571213263238
7.33    0.0571675690222
7.37    0.0571792250013
7.41    0.0571571056474
7.45    0.0571020478051
7.49    0.0570179049269
7.53    0.0569173651297
7.57    0.0567861572898
7.61    0.0566251993637
7.65    0.0564354289097
7.69    0.0562178010508
7.73    0.0559759464583
7.77    0.0557210974817
7.81    0.0554409187446
7.85    0.0551364083353
7.89    0.0548085706697
7.93    0.0544584138628
7.97    0.0540869471114
8.01    0.0537066044525
8.05    0.0533083223666
8.09    0.0528913099872
8.13    0.0524565571456
8.17    0.05200504337
8.21    0.0515377357748
8.25    0.0510565012462
8.29    0.0505709060863
8.33    0.0500719137804
8.37    0.0495604283882
8.41    0.0490373338009
8.45    0.0485034925545
8.49    0.0479597448092
8.53    0.0474069074929
8.57    0.0470011051312
8.61    0.0469312390126
8.65    0.0468538102535
8.69    0.0467690729236
8.73    0.0466772769284
8.77    0.0465843931025
8.81    0.0464854120518
8.85    0.0463799622317
8.89    0.0462682743305
8.93    0.0461505733848
8.97    0.0460270785949
9.01    0.0458980031861
9.05    0.0457635543088
9.09    0.0456239329779
9.13    0.0454793340464
9.17    0.0453299462126
9.21    0.0451759520562
9.25    0.0450175281027
9.29    0.0448548449102
9.33    0.0446880671795
9.37    0.044517353882
9.41    0.044342858405
9.45    0.0441659140468
9.49    0.0439885557362
9.53    0.0438077382183
9.57    0.04362359591
9.61    0.0434362585242
9.65    0.0432458512649
9.69    0.0430524950252
9.73    0.0428563065854
9.77    0.0426573988128
9.81    0.042455880858
9.85    0.0422518583509
9.89    0.0420454335915
9.93    0.0418367057366
9.97    0.0416257709831
