0.05    5.68111794023e-05
0.09    0.000263922352706
0.13    0.000786422990733
0.17    0.0012037900428
0.21    0.0024557035658
0.25    0.00326178534314
0.29    0.00511915654007
0.33    0.00444828282592
0.37    0.00755965970556
0.41    0.0116576421369
0.45    0.0130461029297
0.49    0.0134456803735
0.53    0.019498852071
0.57    0.0194769496826
0.61    0.023299064982
0.65    0.0238446328882
0.69    0.0207952429473
0.73    0.0200814516533
0.77    0.0194886598205
0.81    0.0253935895468
0.85    0.0313940485019
0.89    0.0304409571766
0.93    0.0391464055496
0.97    0.0405872043885
1.01    0.0397046764057
1.05    0.038190912788
1.09    0.0368377291101
1.13    0.0422200783618
1.17    0.052736727749
1.21    0.0594286769621
1.25    0.0582993872133
1.29    0.0548669168251
1.33    0.056820934885
1.37    0.0570625448789
1.41    0.0541908942787
1.45    0.0559924648165
1.49    0.0635203169528
1.53    0.0688845887534
1.57    0.0668667722739
1.61    0.0696252471326
1.65    0.0705477500967
1.69    0.0836934978809
1.73    0.103686118332
1.77    0.121275851906
1.81    0.134184388362
1.85    0.140019760705
1.89    0.141018705791
1.93    0.141739464276
1.97    0.152340408539
2.01    0.159375517972
2.05    0.157828867015
2.09    0.150325013796
2.13    0.140967135995
2.17    0.133812351948
2.21    0.142344704603
2.25    0.144776540441
2.29    0.140645231941
2.33    0.131103088297
2.37    0.134883182065
2.41    0.144527618196
2.45    0.148257677549
2.49    0.147377934116
2.53    0.145485424059
2.57    0.141706685537
2.61    0.137375302141
2.65    0.134079046345
2.69    0.133087983619
2.73    0.134819209747
2.77    0.138574317545
2.81    0.143068039146
2.85    0.147072119969
2.89    0.150056172404
2.93    0.15221051783
2.97    0.154192580341
3.01    0.156665124307
3.05    0.159884935687
3.09    0.163560187339
3.13    0.166969661573
3.17    0.169371679082
3.21    0.170318770458
3.25    0.169886319109
3.29    0.168660001589
3.33    0.167556339088
3.37    0.168180278214
3.41    0.173079693966
3.45    0.179069545169
3.49    0.186052221626
3.53    0.193518558263
3.57    0.200942115374
3.61    0.207484414493
3.65    0.212419916079
3.69    0.215355337427
3.73    0.216361212163
3.77    0.21599570229
3.81    0.214753630298
3.85    0.213321682666
3.89    0.212296757313
3.93    0.212040203905
3.97    0.215575865913
4.01    0.22074350545
4.05    0.226860464691
4.09    0.234685756506
4.13    0.243408582141
4.17    0.248959682543
4.21    0.250980061031
4.25    0.262901070196
4.29    0.273114105836
4.33    0.281095250976
4.37    0.286565358565
4.41    0.28919073141
4.45    0.288880063706
4.49    0.297405816842
4.53    0.308985357605
4.57    0.318097912101
4.61    0.324562268127
4.65    0.328431478714
4.69    0.32996871119
4.73    0.329782424831
4.77    0.327741162689
4.81    0.323765269574
4.85    0.31788668739
4.89    0.310322486558
4.93    0.30143935816
4.97    0.292785448654
5.01    0.291965570702
5.05    0.29045761182
5.09    0.288210029835
5.13    0.285289870266
5.17    0.281808723382
5.21    0.277906262289
5.25    0.275423815266
5.29    0.272895726047
5.33    0.270168333485
5.37    0.267273271312
5.41    0.264234202124
5.45    0.261063624699
5.49    0.257780952873
5.53    0.25440324809
5.57    0.250925160918
5.61    0.247382292281
5.65    0.243760004139
5.69    0.240098707626
5.73    0.236392183898
5.77    0.232670944585
5.81    0.228921972291
5.85    0.225169277861
5.89    0.22142786355
5.93    0.217735854532
5.97    0.214127623467
6.01    0.210629016396
6.05    0.207212101217
6.09    0.203848902717
6.13    0.200529759868
6.17    0.197253773206
6.21    0.194018930171
6.25    0.19082279074
6.29    0.187679692731
6.33    0.184577218081
6.37    0.181516267292
6.41    0.178499266167
6.45    0.17551500279
6.49    0.17256336019
6.53    0.169639062948
6.57    0.1667251128
6.61    0.163836905513
6.65    0.16094507393
6.69    0.158051637045
6.73    0.155156717201
6.77    0.15224067673
6.81    0.149307182229
6.85    0.146354584885
6.89    0.143978628617
6.93    0.142561946312
6.97    0.141435575303
7.01    0.140833069027
7.05    0.140208750159
7.09    0.139938266984
7.13    0.139683655828
7.17    0.1393827385
7.21    0.139028816606
7.25    0.138623248041
7.29    0.138157072828
7.33    0.137626735443
7.37    0.137032068049
7.41    0.136373734211
7.45    0.135652158829
7.49    0.134868333866
7.53    0.134025057568
7.57    0.133134689718
7.61    0.132248279494
7.65    0.131778009659
7.69    0.132020494077
7.73    0.132217528597
7.77    0.132370766323
7.81    0.132481599337
7.85    0.13254820161
7.89    0.132707574288
7.93    0.132875729964
7.97    0.133016661802
8.01    0.133116541129
8.05    0.133169718695
8.09    0.133177653924
8.13    0.133132103954
8.17    0.133041327628
8.21    0.132895186744
8.25    0.132707795338
8.29    0.132467032101
8.33    0.132180174469
8.37    0.131851482672
8.41    0.131474867486
8.45    0.131053752698
8.49    0.130600306063
8.53    0.130105399928
8.57    0.129571456958
8.61    0.129000948562
8.65    0.128405517546
8.69    0.127779965573
8.73    0.127125009311
8.77    0.126443163873
8.81    0.125736924201
8.85    0.125009663892
8.89    0.124270692979
8.93    0.123514207517
8.97    0.122742527685
9.01    0.121957909858
9.05    0.121162540502
9.09    0.120358530947
9.13    0.119547912965
9.17    0.118732635145
9.21    0.117917845597
9.25    0.117104350345
9.29    0.116291202743
9.33    0.115480005886
9.37    0.114672271687
9.41    0.113869420855
9.45    0.113072783292
9.49    0.112283598915
9.53    0.111503018823
9.57    0.110732106813
9.61    0.109971841153
9.65    0.109223116628
9.69    0.108486746795
9.73    0.10776346642
9.77    0.107053934078
9.81    0.106358734867
9.85    0.105678383247
9.89    0.105013325933
9.93    0.104363944865
9.97    0.103730560205
