0.05    0.000119062707752
0.09    0.000761559752321
0.13    0.00138031927659
0.17    0.00283104132584
0.21    0.00482269554291
0.25    0.0063015374584
0.29    0.00988627541221
0.33    0.0122170981804
0.37    0.0120373904057
0.41    0.0181355999114
0.45    0.0276382462735
0.49    0.0347471799051
0.53    0.0335568497779
0.57    0.0257151016722
0.61    0.0297119441281
0.65    0.0338098961314
0.69    0.044847419195
0.73    0.0486682001875
0.77    0.0535869712637
0.81    0.0477925021138
0.85    0.0406460527329
0.89    0.0377920816755
0.93    0.0343210268397
0.97    0.0374394548415
1.01    0.0413043395496
1.05    0.0478316568722
1.09    0.0519767368316
1.13    0.0498449963623
1.17    0.0504560194758
1.21    0.0461513021995
1.25    0.0439395558124
1.29    0.04384781327
1.33    0.0417386986256
1.37    0.0408968632696
1.41    0.0421120487117
1.45    0.0420504403938
1.49    0.0408490362013
1.53    0.0390383453583
1.57    0.0358920704513
1.61    0.0323367806766
1.65    0.0288696050904
1.69    0.0281260809398
1.73    0.0280602212575
1.77    0.0280745432088
1.81    0.0281520635261
1.85    0.0283043237764
1.89    0.028531970677
1.93    0.0288365046906
1.97    0.0291811523701
2.01    0.0295067007111
2.05    0.0297542841115
2.09    0.029865855515
2.13    0.0298140712415
2.17    0.0296031962102
2.21    0.0305399805572
2.25    0.0342491702702
2.29    0.037867065371
2.33    0.0410982016322
2.37    0.0437778031696
2.41    0.0458306151348
2.45    0.0472342983988
2.49    0.0479769481388
2.53    0.0480386927531
2.57    0.0473961965174
2.61    0.046032728356
2.65    0.0439577469297
2.69    0.0434722325429
2.73    0.0460723105211
2.77    0.0480764079478
2.81    0.0494106901848
2.85    0.0500501749113
2.89    0.050009565065
2.93    0.0493533161075
2.97    0.048172095473
3.01    0.0465762118549
3.05    0.0446932604987
3.09    0.0426465247816
3.13    0.0405509483857
3.17    0.0385013119084
3.21    0.0365691263154
3.25    0.0348031868684
3.29    0.0336624330414
3.33    0.0328943546657
3.37    0.0321822926384
3.41    0.0315472211224
3.45    0.0310016594665
3.49    0.0305505786031
3.53    0.0301947217456
3.57    0.029929794603
3.61    0.0297474049361
3.65    0.0296360317194
3.69    0.0295819705416
3.73    0.029570215017
3.77    0.0295852461788
3.81    0.0296117125578
3.85    0.0296357111353
3.89    0.0296456833578
3.93    0.0296274220779
3.97    0.0295706517791
4.01    0.029466946648
4.05    0.0293133824594
4.09    0.0291025406877
4.13    0.0288307666828
4.17    0.0284974886768
4.21    0.0281060330455
4.25    0.0276543202431
4.29    0.0271452325227
4.33    0.0265830711463
4.37    0.0259749657794
4.41    0.0253231586685
4.45    0.0246335127643
4.49    0.0244370590166
4.53    0.0251298284386
4.57    0.0257796293104
4.61    0.0263710778204
4.65    0.0268923385934
4.69    0.0273375182193
4.73    0.0276969341985
4.77    0.0279669969902
4.81    0.0281445963403
4.85    0.0282282848397
4.89    0.0282190185128
4.93    0.0281183822694
4.97    0.0279299850084
5.01    0.0276579869717
5.05    0.0273082605757
5.09    0.0268860296702
5.13    0.0263999445909
5.17    0.0258547413345
5.21    0.0259283009557
5.25    0.0262395798915
5.29    0.0265318721629
5.33    0.0268049846141
5.37    0.0270603362911
5.41    0.0272975167855
5.45    0.0275155403982
5.49    0.0277145756351
5.53    0.0278948615389
5.57    0.0280566996497
5.61    0.028200446426
5.65    0.0283265061383
5.69    0.0284353242311
5.73    0.0285273811523
5.77    0.0286051288688
5.81    0.0286675798776
5.85    0.0287148195436
5.89    0.0287474130302
5.93    0.0287659365853
5.97    0.0287709738658
6.01    0.0287631126164
6.05    0.0287429416846
6.09    0.02871104835
6.13    0.0286680159492
6.17    0.028614421774
6.21    0.0285508352266
6.25    0.0284791543838
6.29    0.028398966211
6.33    0.0283103732845
6.37    0.028213899813
6.41    0.0281100562082
6.45    0.0279993383892
6.49    0.0278822272217
6.53    0.0277591880889
6.57    0.0276306705731
6.61    0.0274971082423
6.65    0.0273589185292
6.69    0.0272165026929
6.73    0.0270702458498
6.77    0.0269205170766
6.81    0.0267676695623
6.85    0.0266120408133
6.89    0.0264539529026
6.93    0.0262937127544
6.97    0.0261316124589
7.01    0.0259679296151
7.05    0.0258029276971
7.09    0.0256370045643
7.13    0.0254707858601
7.17    0.0253039208831
7.21    0.0251366217634
7.25    0.0256400538758
7.29    0.0260656947687
7.33    0.0263919191884
7.37    0.0266189635424
7.41    0.0267584240204
7.45    0.0268187283227
7.49    0.0268608986726
7.53    0.0270864122353
7.57    0.0272652253165
7.61    0.0273896974207
7.65    0.027439597408
7.69    0.0274135625094
7.73    0.0273156781533
7.77    0.0271506415274
7.81    0.0269231454822
7.85    0.026638083809
7.89    0.0263008218836
7.93    0.0259275035282
7.97    0.0255283588923
8.01    0.0255997371333
8.05    0.0257855161256
8.09    0.0259598354103
8.13    0.0261228187656
8.17    0.0262746125886
8.21    0.026415383717
8.25    0.0265453173538
8.29    0.0266646151028
8.33    0.0267734931055
8.37    0.0268726391025
8.41    0.0269623698054
8.45    0.0270423903576
8.49    0.0271129572164
8.53    0.0271743337015
8.57    0.0272267887168
8.61    0.0272705955633
8.65    0.0273060308367
8.69    0.0273333734055
8.73    0.0273529034678
8.77    0.0273651559815
8.81    0.027370763814
8.85    0.0273693818566
8.89    0.0273612872114
8.93    0.0273467547052
8.97    0.0273260563391
9.01    0.0272994607905
9.05    0.0272672329665
9.09    0.0272296336082
9.13    0.0271869189351
9.17    0.0271393403373
9.21    0.0270871441037
9.25    0.0270306163829
9.29    0.02697054095
9.33    0.0269065348856
9.37    0.0268388221928
9.41    0.0267676209527
9.45    0.0266931432386
9.49    0.026615595049
9.53    0.0265351762721
9.57    0.0264520806573
9.61    0.0263664958174
9.65    0.0262786032364
9.69    0.0261885783007
9.73    0.0260965903403
9.77    0.0260028026815
9.81    0.0259073727148
9.85    0.025810451964
9.89    0.0257121861791
9.93    0.0256127154202
9.97    0.0255121741589
