0.1	0.000211966791891
0.12	0.000292234560392
0.14	0.00052794705276
0.16	0.000679757076566
0.18	0.000931990830231
0.2	0.00146635024015
0.22	0.00151089285623
0.24	0.00149951556548
0.26	0.00190797335508
0.28	0.00182484204281
0.3	0.00197454227261
0.32	0.00271501824415
0.34	0.00281892624274
0.36	0.00408723313872
0.38	0.0042101750995
0.4	0.00380664004112
0.42	0.00351891206268
0.44	0.00402191154255
0.46	0.00453676789498
0.48	0.00461132893767
0.5	0.00477188267918
0.52	0.00526380107327
0.54	0.00575561909449
0.56	0.0056426001869
0.58	0.0060259956956
0.6	0.00596573510536
0.62	0.00543263296751
0.64	0.00491180267591
0.66	0.00484531232324
0.68	0.00532105509771
0.7	0.0062223893174
0.72	0.0068028623643
0.74	0.00732124078687
0.76	0.00773532374687
0.78	0.00831124225051
0.8	0.00923305669774
0.82	0.010327182922
0.84	0.0113080104868
0.86	0.0118609289446
0.88	0.0119821798403
0.9	0.0122646026648
0.92	0.0126808324381
0.94	0.0125557283727
0.96	0.012019428921
0.98	0.0115610799535
1.0	0.0119670409909
1.02	0.0122087708591
1.04	0.0122211974027
1.06	0.0120006292667
1.08	0.011705967362
1.1	0.011596448753
1.12	0.011822291967
1.14	0.0122797123474
1.16	0.012739764
1.18	0.0130783459301
1.2	0.0133760569078
1.22	0.0137468183054
1.24	0.0143687535001
1.26	0.0154810108002
1.28	0.0166613410642
1.3	0.0177308811458
1.32	0.0189659478151
1.34	0.0202973869499
1.36	0.0214073943608
1.38	0.0222896746901
1.4	0.0229643639711
1.42	0.0234471836963
1.44	0.023769977866
1.46	0.0239457667086
1.48	0.0239811958899
1.5	0.0238955757472
1.52	0.0237916211921
1.54	0.0236087161101
1.56	0.023263564486
1.58	0.0227536207863
1.6	0.0221100086519
1.62	0.0213488487882
1.64	0.0204870947592
1.66	0.0195601344102
1.68	0.0192712741785
1.7	0.0194980174321
1.72	0.0197583356226
1.74	0.0200941112711
1.76	0.0205054660903
1.78	0.0209955202742
1.8	0.0215444840072
1.82	0.022110119856
1.84	0.0226607776935
1.86	0.0231565253487
1.88	0.0235588585187
1.9	0.0238479264838
1.92	0.0240165301962
1.94	0.0240665737543
1.96	0.0240058174925
1.98	0.0238468430072
2.0	0.0236070401987
2.02	0.0243844703154
2.04	0.0262243386294
2.06	0.027847755306
2.08	0.0292266435516
2.1	0.0303545168188
2.12	0.0312510177074
2.14	0.031977377111
2.16	0.0326624429815
2.18	0.0332148534324
2.2	0.0336128761179
2.22	0.0338553890225
2.24	0.0339393790482
2.26	0.0342302944486
2.28	0.0345037459505
2.3	0.0346615271645
2.32	0.0347239035703
2.34	0.034720164507
2.36	0.034691196075
2.38	0.0346933549894
2.4	0.0347839792298
2.42	0.0350284634621
2.44	0.035483578634
2.46	0.0362006350961
2.48	0.0372115894736
2.5	0.0385288051737
2.52	0.0401378619989
2.54	0.0420011850868
2.56	0.0440750721564
2.58	0.0462964373839
2.6	0.0486114514222
2.62	0.0509797238952
2.64	0.053363436123
2.66	0.0556836473089
2.68	0.057873497351
2.7	0.0598738344731
2.72	0.0616666392859
2.74	0.0632534518902
2.76	0.0646318566714
2.78	0.0658222294384
2.8	0.0668361674069
2.82	0.0676688823382
2.84	0.0683171236323
2.86	0.0687971416893
2.88	0.0691161020481
2.9	0.0692893540538
2.92	0.0693397126967
2.94	0.0692823026189
2.96	0.0691303346063
2.98	0.0688945595694
3.0	0.0685871141288
3.02	0.068210423744
3.04	0.0677720369437
3.06	0.067299109467
3.08	0.0667952025927
3.1	0.0662752957099
3.12	0.0657378351401
3.14	0.0651759179297
3.16	0.0645809513179
3.18	0.0639608684659
3.2	0.0633297573339
3.22	0.0626882817212
3.24	0.0620461493266
3.26	0.0614148472427
3.28	0.0608085016411
3.3	0.0602441435852
3.32	0.0597560850443
3.34	0.0593558336079
3.36	0.0590813468044
3.38	0.0589462487156
3.4	0.0589718279801
3.42	0.0591763879231
3.44	0.0595750728789
3.46	0.060169406872
3.48	0.0609592341781
3.5	0.0619377582213
3.52	0.0630970999033
3.54	0.0644188448174
3.56	0.0658793154251
3.58	0.0674581535651
3.6	0.0691311194995
3.62	0.0708722934135
3.64	0.0726685399646
3.66	0.0745106884324
3.68	0.0764151249469
3.7	0.0783614404875
3.72	0.0802914378
3.74	0.0822893726758
3.76	0.0846113851857
3.78	0.0868708581355
3.8	0.0890520501903
3.82	0.0911525141721
3.84	0.0931715826307
3.86	0.0950980942127
3.88	0.0969052117983
3.9	0.098590670074
3.92	0.100145826343
3.94	0.101584217891
3.96	0.102911471149
3.98	0.104111951719
4.0	0.105160346048
4.02	0.10606465046
4.04	0.106811737583
4.06	0.107411144262
4.08	0.107875540463
4.1	0.108215351281
4.12	0.108441082911
4.14	0.108573971135
4.16	0.108628551584
4.18	0.108625752384
4.2	0.108559095916
4.22	0.10841845501
4.24	0.108203655106
4.26	0.107930531521
4.28	0.107594210381
4.3	0.107203587583
4.32	0.10676625856
4.34	0.106284005468
4.36	0.10576770782
4.38	0.105224387816
4.4	0.104661032896
4.42	0.104086311719
4.44	0.10350895773
4.46	0.102936856046
4.48	0.102378138332
4.5	0.101841988292
4.52	0.1013361382
4.54	0.100869650547
4.56	0.100442032364
4.58	0.100049512476
4.6	0.0996898464147
4.62	0.0993589140223
4.64	0.0990540281276
4.66	0.0987793762966
4.68	0.0985215483974
4.7	0.0982900102556
4.72	0.0980712430169
4.74	0.0978703496226
4.76	0.0976793290075
4.78	0.0974951617039
4.8	0.0973212787887
4.82	0.0971499209213
4.84	0.0969822639491
4.86	0.0968206557514
4.88	0.0966681648582
4.9	0.096525192162
4.92	0.0963748880025
4.94	0.0962128079024
4.96	0.0960304609912
4.98	0.0958251903284
5.0	0.0955943785752
5.02	0.0953393738189
5.04	0.0950493816256
5.06	0.0947250823316
5.08	0.0943694834222
5.1	0.0939828840668
5.12	0.0935646765969
5.14	0.0931166548937
5.16	0.0926184561305
5.18	0.0920656768518
5.2	0.091448191996
5.22	0.0907632123502
5.24	0.0900108764932
5.26	0.0891955233845
5.28	0.0890486068894
5.3	0.0894314538655
5.32	0.0897724384796
5.34	0.0900716643763
5.36	0.0903308795411
5.38	0.090551544311
5.4	0.0907265218959
5.42	0.0908525164971
5.44	0.0909302004315
5.46	0.0909541861148
5.48	0.0909213701211
5.5	0.0908302223664
5.52	0.0906798543999
5.54	0.0904690179606
5.56	0.0902012256041
5.58	0.0898734955218
5.6	0.0894846364079
5.62	0.0890352345148
5.64	0.0885237493892
5.66	0.0894152384174
5.68	0.0903881207556
5.7	0.0913201865656
5.72	0.0922101845428
5.74	0.0930604625512
5.76	0.0938755257905
5.78	0.0946594632834
5.8	0.0954239078125
5.82	0.0961726064546
5.84	0.0970512937588
5.86	0.0978915983593
5.88	0.0986870097276
5.9	0.0994358843036
5.92	0.100140365185
5.94	0.100803434354
5.96	0.101427563313
5.98	0.102016078975
6.0	0.102577112919
6.02	0.103097791091
6.04	0.103572229343
6.06	0.10399640759
6.08	0.104369121762
6.1	0.1046956406
6.12	0.104972880071
6.14	0.105203286833
6.16	0.105389262226
6.18	0.10553359537
6.2	0.105636815691
6.22	0.105699910171
6.24	0.105761455054
6.26	0.105847515257
6.28	0.105907619706
6.3	0.106192241142
6.32	0.106631626141
6.34	0.107033155868
6.36	0.107408212933
6.38	0.10774660651
6.4	0.1080572552
6.42	0.108338092359
6.44	0.10859111348
6.46	0.108820144678
6.48	0.109027151321
6.5	0.109211276918
6.52	0.109368828416
6.54	0.109495740465
6.56	0.10959624531
6.58	0.10966709996
6.6	0.10970753601
6.62	0.109721964791
6.64	0.109721412923
6.66	0.109736577148
6.68	0.109732875634
6.7	0.109707054237
6.72	0.109659111863
6.74	0.109589423966
6.76	0.109499610099
6.78	0.109395944708
6.8	0.109328878338
6.82	0.109252160558
6.84	0.109151300086
6.86	0.10902180159
6.88	0.108870572748
6.9	0.108688528938
6.92	0.108481726715
6.94	0.108246854613
6.96	0.10798633738
6.98	0.107699675517
7.0	0.107387414934
