0.05    3.82094870694e-05
0.09    0.000181013517092
0.13    0.000417995184684
0.17    0.000815237480916
0.21    0.00142274909439
0.25    0.00203218808216
0.29    0.00197893187702
0.33    0.00235069692949
0.37    0.00260780470471
0.41    0.00269037045398
0.45    0.00353309819314
0.49    0.00292976861764
0.53    0.00289668364182
0.57    0.00302922390411
0.61    0.00366570403428
0.65    0.00549802449004
0.69    0.00666663656624
0.73    0.00659051405064
0.77    0.00721188934783
0.81    0.00903993154928
0.85    0.010900872387
0.89    0.0132157586063
0.93    0.0148733702028
0.97    0.015581765717
1.01    0.0155842145195
1.05    0.0144687134637
1.09    0.0131053371443
1.13    0.0121330298786
1.17    0.012049933288
1.21    0.0131994422491
1.25    0.0147564004404
1.29    0.017217780875
1.33    0.019968492255
1.37    0.0221292442486
1.41    0.023658944571
1.45    0.0248965014031
1.49    0.0266517228431
1.53    0.0282298917739
1.57    0.0290313222346
1.61    0.0289197709031
1.65    0.0278298723459
1.69    0.0262966588549
1.73    0.0261110329698
1.77    0.025218907712
1.81    0.023917383068
1.85    0.0225392651601
1.89    0.0211465661159
1.93    0.0199278595431
1.97    0.0204070870311
2.01    0.0210906412267
2.05    0.0219107510551
2.09    0.0227795927285
2.13    0.0236116227801
2.17    0.0243348431742
2.21    0.0249092215405
2.25    0.0253132960588
2.29    0.0255628287
2.33    0.0256594718823
2.37    0.0255787853562
2.41    0.0253311798447
2.45    0.0249199988484
2.49    0.0254601466355
2.53    0.0271055534404
2.57    0.0281726986441
2.61    0.0294984508577
2.65    0.0324157732334
2.69    0.0351989913995
2.73    0.0378185705443
2.77    0.0401531900855
2.81    0.042200080263
2.85    0.0440289054691
2.89    0.0457805637457
2.93    0.0478113508368
2.97    0.0500951565323
3.01    0.0524393274125
3.05    0.0547535966017
3.09    0.0569761832573
3.13    0.0590870799042
3.17    0.0611246481179
3.21    0.0629988014314
3.25    0.0648849129936
3.29    0.0666297617453
3.33    0.067945521764
3.37    0.068778596337
3.41    0.0691450234155
3.45    0.0692717573721
3.49    0.0711053416352
3.53    0.0730319517801
3.57    0.0745339903997
3.61    0.0760431002733
3.65    0.0773947909753
3.69    0.0784168496928
3.73    0.0790119878194
3.77    0.0793446234422
3.81    0.0795707010832
3.85    0.0797965575741
3.89    0.0801146391337
3.93    0.0805928184622
3.97    0.0813135552297
4.01    0.0823400682032
4.05    0.0836880765664
4.09    0.0853183497343
4.13    0.0871702867662
4.17    0.0891777260173
4.21    0.0912630128889
4.25    0.093358018622
4.29    0.0954295805857
4.33    0.0974778450848
4.37    0.100639225201
4.41    0.10428255123
4.45    0.107853411543
4.49    0.11133479518
4.53    0.114770172688
4.57    0.118139984678
4.61    0.121505037562
4.65    0.124795580191
4.69    0.127909070249
4.73    0.130819416605
4.77    0.133512978047
4.81    0.13601020721
4.85    0.138323516957
4.89    0.140445449414
4.93    0.142365576463
4.97    0.144117470408
5.01    0.145775624107
5.05    0.147323209952
5.09    0.148734579611
5.13    0.15002735262
5.17    0.151291267055
5.21    0.152534463362
5.25    0.153720373992
5.29    0.154829634428
5.33    0.155856410839
5.37    0.15683977465
5.41    0.157839130542
5.45    0.158874208796
5.49    0.159909144489
5.53    0.160903004826
5.57    0.161858670174
5.61    0.162798815502
5.65    0.163733622208
5.69    0.164627705771
5.73    0.165466639242
5.77    0.166267452714
5.81    0.167031427882
5.85    0.168720872492
5.89    0.170807594966
5.93    0.172916787449
5.97    0.175057397318
6.01    0.177237198388
6.05    0.179457580447
6.09    0.181715600194
6.13    0.183999011626
6.17    0.186276627627
6.21    0.188540186208
6.25    0.190781798623
6.29    0.192992210495
6.33    0.195167903511
6.37    0.197302624955
6.41    0.199380122902
6.45    0.201394271477
6.49    0.203340878025
6.53    0.20522458205
6.57    0.207040492751
6.61    0.208794513811
6.65    0.210481802629
6.69    0.212118430641
6.73    0.213711779623
6.77    0.215240955354
6.81    0.216709877968
6.85    0.218158788249
6.89    0.219608561668
6.93    0.221024553361
6.97    0.222395046274
7.01    0.223689508814
7.05    0.224893688917
7.09    0.226012732109
7.13    0.227045017186
7.17    0.227979679982
7.21    0.228804543374
7.25    0.22951320392
7.29    0.230103127157
7.33    0.230587822307
7.37    0.230965780727
7.41    0.231241546383
7.45    0.231403529634
7.49    0.231447901723
7.53    0.231390352223
7.57    0.231253353518
7.61    0.231088062592
7.65    0.230906455129
7.69    0.230673546656
7.73    0.230448111731
7.77    0.23033634672
7.81    0.230178317063
7.85    0.229959664929
7.89    0.229653854426
7.93    0.229251569757
7.97    0.228748645256
8.01    0.228142213329
8.05    0.227442795797
8.09    0.226665304615
8.13    0.225832035437
8.17    0.224947404369
8.21    0.224005836445
8.25    0.223027060687
8.29    0.222017127787
8.33    0.220939594136
8.37    0.219782404655
8.41    0.218554439948
8.45    0.217256818437
8.49    0.215894710687
8.53    0.214478851208
8.57    0.213016188602
8.61    0.211511728348
8.65    0.209973769221
8.69    0.208435734978
8.73    0.206925830046
8.77    0.205713598184
8.81    0.205216994117
8.85    0.204597661597
8.89    0.203857790579
8.93    0.203154609796
8.97    0.20280430639
9.01    0.202490074611
9.05    0.202113946776
9.09    0.201673276984
9.13    0.201214213558
9.17    0.200742808974
9.21    0.200178961886
9.25    0.199525296177
9.29    0.198799748324
9.33    0.198257608794
9.37    0.197726443509
9.41    0.197107226996
9.45    0.196383028951
9.49    0.195564906568
9.53    0.194673280014
9.57    0.19373164359
9.61    0.192850045209
9.65    0.191960463496
9.69    0.191086723437
9.73    0.190194063922
9.77    0.189295667811
9.81    0.188451694579
9.85    0.18754899824
9.89    0.18658475606
9.93    0.185576494716
9.97    0.184572384135
