0.05    8.492991904e-05
0.09    0.000293234446877
0.13    0.000815548480522
0.17    0.00159000918043
0.21    0.0025660591292
0.25    0.0036797993194
0.29    0.00531932242541
0.33    0.00837456041319
0.37    0.0128626065456
0.41    0.0114116071677
0.45    0.0183576596174
0.49    0.0209348470624
0.53    0.0201380113595
0.57    0.0194932290802
0.61    0.021064677948
0.65    0.0259673219382
0.69    0.0325695718309
0.73    0.0385033543474
0.77    0.0438097693014
0.81    0.0526029276821
0.85    0.0618152318058
0.89    0.0647049228391
0.93    0.0642615984647
0.97    0.0651599090716
1.01    0.0756709661534
1.05    0.0931616697951
1.09    0.110531534172
1.13    0.125741997379
1.17    0.137549316463
1.21    0.143491721889
1.25    0.14339899851
1.29    0.143222121643
1.33    0.142796227722
1.37    0.144128193546
1.41    0.147990329798
1.45    0.160033740155
1.49    0.16625738593
1.53    0.167225567939
1.57    0.173900028441
1.61    0.180072086587
1.65    0.18320756755
1.69    0.182965881597
1.73    0.179626249418
1.77    0.17619878232
1.81    0.196841684304
1.85    0.216020279426
1.89    0.227139827546
1.93    0.230083324795
1.97    0.226090341179
2.01    0.21608813399
2.05    0.200995013568
2.09    0.18913255365
2.13    0.174708890654
2.17    0.162858278197
2.21    0.158486995434
2.25    0.153098363732
2.29    0.157222654203
2.33    0.161006914658
2.37    0.164028184108
2.41    0.167416964705
2.45    0.171923443018
2.49    0.177090595043
2.53    0.183813583684
2.57    0.189187792392
2.61    0.193016741434
2.65    0.195186657038
2.69    0.195635755798
2.73    0.194396078657
2.77    0.191562281351
2.81    0.187314220367
2.85    0.181892611507
2.89    0.175536195247
2.93    0.168508842073
2.97    0.162226104801
3.01    0.163672645229
3.05    0.164348332582
3.09    0.164357711958
3.13    0.163814148137
3.17    0.162841759434
3.21    0.16153313643
3.25    0.160005463006
3.29    0.158335335914
3.33    0.156597874014
3.37    0.154851773459
3.41    0.153147667312
3.45    0.151513241215
3.49    0.149960131749
3.53    0.148508497526
3.57    0.147146134966
3.61    0.14587385273
3.65    0.144670274585
3.69    0.143531588472
3.73    0.142426580264
3.77    0.141353234207
3.81    0.140284731563
3.85    0.139207526492
3.89    0.138120168903
3.93    0.137001935942
3.97    0.138771753043
4.01    0.141591064779
4.05    0.144618451252
4.09    0.147800013576
4.13    0.151071790883
4.17    0.154376084495
4.21    0.157656807923
4.25    0.160861269666
4.29    0.16394170397
4.33    0.166856491304
4.37    0.169571024498
4.41    0.172066287663
4.45    0.174316105703
4.49    0.176312773333
4.53    0.178052696415
4.57    0.179535045801
4.61    0.180774522124
4.65    0.181776740033
4.69    0.182568293222
4.73    0.183163258893
4.77    0.183590347335
4.81    0.183872434703
4.85    0.184035722777
4.89    0.184107040854
4.93    0.184108522478
4.97    0.184066029509
5.01    0.183994574981
5.05    0.183918321428
5.09    0.183845560077
5.13    0.183789094577
5.17    0.183761912995
5.21    0.184791020603
5.25    0.189657252908
5.29    0.194538226943
5.33    0.199437420163
5.37    0.204288924023
5.41    0.209081784486
5.45    0.213823190893
5.49    0.218532203629
5.53    0.223219130267
5.57    0.227863774538
5.61    0.232459955136
5.65    0.237053738171
5.69    0.241687429468
5.73    0.246358012757
5.77    0.251023867382
5.81    0.255626325978
5.85    0.260124163875
5.89    0.264943603542
5.93    0.271693660379
5.97    0.278475354523
6.01    0.285271751179
6.05    0.292066357723
6.09    0.298843653346
6.13    0.305588826322
6.17    0.312286309551
6.21    0.318919445924
6.25    0.325471409301
6.29    0.331925110454
6.33    0.338263368249
6.37    0.344468964505
6.41    0.350524390857
6.45    0.356412621373
6.49    0.3621180647
6.53    0.367629869267
6.57    0.372933539489
6.61    0.378014188529
6.65    0.382861036761
6.69    0.38746752697
6.73    0.391816849552
6.77    0.395908332425
6.81    0.399729490775
6.85    0.403277365881
6.89    0.406546450045
6.93    0.40953370794
6.97    0.412238691466
7.01    0.41465856271
7.05    0.416799145239
7.09    0.418655879816
7.13    0.420240140563
7.17    0.42155239694
7.21    0.422598851402
7.25    0.42338903828
7.29    0.423933390413
7.33    0.424241832503
7.37    0.426510913336
7.41    0.428665497145
7.45    0.43039881775
7.49    0.431763063837
7.53    0.432821647942
7.57    0.433602423848
7.61    0.43414210343
7.65    0.434514262634
7.69    0.434691224795
7.73    0.434613150995
7.77    0.434215472102
7.81    0.433468016298
7.85    0.43236671734
7.89    0.430920319361
7.93    0.429138400405
7.97    0.427052559325
8.01    0.42472979099
8.05    0.42259311816
8.09    0.420605206904
8.13    0.418534818667
8.17    0.41652296272
8.21    0.415688119784
8.25    0.416906989158
8.29    0.41796284773
8.33    0.41886147596
8.37    0.419613425604
8.41    0.420242324789
8.45    0.420769170048
8.49    0.421209212932
8.53    0.421553774416
8.57    0.421779050388
8.61    0.421870173069
8.65    0.421826729765
8.69    0.421649218293
8.73    0.421339960397
8.77    0.420904219639
8.81    0.420350666652
8.85    0.419688235314
8.89    0.4189264748
8.93    0.418072013651
8.97    0.417130122217
9.01    0.416108256838
9.05    0.415009312178
9.09    0.413843950108
9.13    0.412622255307
9.17    0.411352308076
9.21    0.410032942948
9.25    0.408664674238
9.29    0.407255551384
9.33    0.405811961828
9.37    0.404336090375
9.41    0.402828641719
9.45    0.401286277791
9.49    0.399702331857
9.53    0.398075679278
9.57    0.396403428986
9.61    0.394681332738
9.65    0.392914342389
9.69    0.391099988392
9.73    0.389240431369
9.77    0.387338072233
9.81    0.38539529871
9.85    0.383414478888
9.89    0.381397926994
9.93    0.379347873934
9.97    0.377266464424
