0.05    6.26380523519e-05
0.09    0.000273494290902
0.13    0.000766412796011
0.17    0.00105725329159
0.21    0.00236065406838
0.25    0.00255727012875
0.29    0.00574650820854
0.33    0.00635683507006
0.37    0.0101953826107
0.41    0.0115996313625
0.45    0.0144514098479
0.49    0.0144518643465
0.53    0.0118510345184
0.57    0.0160231291737
0.61    0.0190506720289
0.65    0.0172306475901
0.69    0.0166865721989
0.73    0.0204727483612
0.77    0.0209733014713
0.81    0.0259099879963
0.85    0.0291417712177
0.89    0.033752713685
0.93    0.0426435030386
0.97    0.0457008590268
1.01    0.0439388436005
1.05    0.0436753310968
1.09    0.0427429158356
1.13    0.0449639293392
1.17    0.0497340946016
1.21    0.0517758619933
1.25    0.0566156141951
1.29    0.0676393590273
1.33    0.0818501341394
1.37    0.0997794637108
1.41    0.116494575755
1.45    0.131190667839
1.49    0.142517061477
1.53    0.148750982872
1.57    0.148734829296
1.61    0.143490401068
1.65    0.144844936086
1.69    0.14403466924
1.73    0.142955032343
1.77    0.142280053325
1.81    0.141387735386
1.85    0.139763863694
1.89    0.137501798653
1.93    0.13543491066
1.97    0.134534744518
2.01    0.135248998375
2.05    0.137402825713
2.09    0.140434763057
2.13    0.143094896657
2.17    0.1448020723
2.21    0.146464467235
2.25    0.145467070275
2.29    0.14946700088
2.33    0.156476992692
2.37    0.161374605353
2.41    0.16441984714
2.45    0.165982108411
2.49    0.166446728821
2.53    0.166042378277
2.57    0.164825984627
2.61    0.166431716757
2.65    0.171453718169
2.69    0.176053080238
2.73    0.180089597738
2.77    0.183386039488
2.81    0.185736571415
2.85    0.18695598224
2.89    0.186927910628
2.93    0.185559284862
2.97    0.182914616732
3.01    0.17935020875
3.05    0.174937807727
3.09    0.169359766226
3.13    0.162646305785
3.17    0.154991924139
3.21    0.146607218755
3.25    0.145546087181
3.29    0.143927911743
3.33    0.141334617416
3.37    0.137881314857
3.41    0.133681449719
3.45    0.128874171599
3.49    0.12359757535
3.53    0.117997239306
3.57    0.11220293118
3.61    0.108156363534
3.65    0.106516899597
3.69    0.104692201883
3.73    0.102727558207
3.77    0.100667369323
3.81    0.0985561781226
3.85    0.0964531168445
3.89    0.0943802582112
3.93    0.0923397614829
3.97    0.0903168224621
4.01    0.0882960726819
4.05    0.0862781000172
4.09    0.0842774640835
4.13    0.0823033756948
4.17    0.0803698461115
4.21    0.0809166024282
4.25    0.0815552554979
4.29    0.0816922987835
4.33    0.0830785818881
4.37    0.0847711111604
4.41    0.0863522155291
4.45    0.0877990684025
4.49    0.0891000190407
4.53    0.0902555112818
4.57    0.0912665235491
4.61    0.0921305635303
4.65    0.0928425717416
4.69    0.0933996281608
4.73    0.0937958367905
4.77    0.0940326652379
4.81    0.0941129600481
4.85    0.0940390823343
4.89    0.0938136606422
4.93    0.0934430694538
4.97    0.0929255613274
5.01    0.0922693700413
5.05    0.0928942197479
5.09    0.093824296899
5.13    0.0939590045936
5.17    0.0933101757542
5.21    0.0918988619971
5.25    0.0897541648174
5.29    0.0900168945251
5.33    0.0923563484389
5.37    0.0947220906916
5.41    0.0973164548512
5.45    0.100007524843
5.49    0.102688493985
5.53    0.105356563703
5.57    0.108006202808
5.61    0.110631503956
5.65    0.11322727303
5.69    0.115791246854
5.73    0.118315761831
5.77    0.120797472534
5.81    0.123231904746
5.85    0.125617660588
5.89    0.127952992087
5.93    0.130243207781
5.97    0.132499872541
6.01    0.134722251532
6.05    0.136895206556
6.09    0.13900432596
6.13    0.141036885279
6.17    0.142984631135
6.21    0.144841282659
6.25    0.146602703563
6.29    0.148266874183
6.33    0.149833233491
6.37    0.151303170302
6.41    0.152673470418
6.45    0.153946622994
6.49    0.155119316022
6.53    0.156187627673
6.57    0.157143899072
6.61    0.158551086103
6.65    0.160514191969
6.69    0.162431812865
6.73    0.164310775432
6.77    0.166140189381
6.81    0.167918543408
6.85    0.169652664101
6.89    0.171331967869
6.93    0.172957366903
6.97    0.174532884676
7.01    0.176049854875
7.05    0.17751227957
7.09    0.178919598776
7.13    0.180265959607
7.17    0.181558958864
7.21    0.182792210254
7.25    0.183964608239
7.29    0.185083658304
7.33    0.186140307793
7.37    0.187139631411
7.41    0.188082014774
7.45    0.188962435784
7.49    0.189789994278
7.53    0.190557752765
7.57    0.191267104599
7.61    0.191924015684
7.65    0.19252137934
7.69    0.193065711369
7.73    0.193555977985
7.77    0.19398895405
7.81    0.194374413595
7.85    0.194704996913
7.89    0.194983301419
7.93    0.195214972384
7.97    0.195394000235
8.01    0.195526415964
8.05    0.195612319476
8.09    0.195648768627
8.13    0.195644106132
8.17    0.19559361901
8.21    0.195497757194
8.25    0.195364514011
8.29    0.195187423759
8.33    0.194969996375
8.37    0.194716657366
8.41    0.194422948798
8.45    0.194093222305
8.49    0.193729799989
8.53    0.193329477491
8.57    0.192896537445
8.61    0.192432965478
8.65    0.191935907775
8.69    0.191408570419
8.73    0.190854577878
8.77    0.1902704219
8.81    0.189657234423
8.85    0.18902218238
8.89    0.188360232789
8.93    0.187672406694
8.97    0.186962196123
9.01    0.186231357115
9.05    0.185477648067
9.09    0.184702083276
9.13    0.183908411553
9.17    0.183097112197
9.21    0.182266744038
9.25    0.181418243481
9.29    0.180553382483
9.33    0.179716516321
9.37    0.181155089096
9.41    0.182434136557
9.45    0.183556972571
9.49    0.184526606449
9.53    0.185344421159
9.57    0.186012722969
9.61    0.186534670578
9.65    0.18691390184
9.69    0.187154003075
9.73    0.187258261486
9.77    0.187230222492
9.81    0.187075249541
9.85    0.186799590214
9.89    0.186415239498
9.93    0.185932333245
9.97    0.185355958417
