0.05    0.000148824316071
0.09    0.000761851672835
0.13    0.001563074768
0.17    0.00369266593392
0.21    0.00565880119533
0.25    0.0117628439271
0.29    0.0228330693444
0.33    0.0181806320269
0.37    0.015146776372
0.41    0.0169332394735
0.45    0.0168461084007
0.49    0.0212502025823
0.53    0.0237273160698
0.57    0.0335625490364
0.61    0.0466345103102
0.65    0.0419611613549
0.69    0.0390506924487
0.73    0.0370554448678
0.77    0.0378385631469
0.81    0.0435467633161
0.85    0.0477303920606
0.89    0.0525942449022
0.93    0.0662432747551
0.97    0.0712562716322
1.01    0.0676976915295
1.05    0.0627406270098
1.09    0.0660797881239
1.13    0.0672823224563
1.17    0.0705851931671
1.21    0.0797143413584
1.25    0.0888795234096
1.29    0.0979062589909
1.33    0.10665754595
1.37    0.115031962699
1.41    0.122966946689
1.45    0.130407312993
1.49    0.137346827584
1.53    0.143749898808
1.57    0.149616958526
1.61    0.154929285137
1.65    0.159724342804
1.69    0.164052987781
1.73    0.167953319572
1.77    0.171453002651
1.81    0.174607731068
1.85    0.17753451882
1.89    0.180467633137
1.93    0.183617361374
1.97    0.187142072487
2.01    0.190676003046
2.05    0.194008668193
2.09    0.197143720437
2.13    0.200095196769
2.17    0.202848154382
2.21    0.205341398649
2.25    0.207554329918
2.29    0.209492240924
2.33    0.211177503514
2.37    0.212651308316
2.41    0.215502390958
2.45    0.218436825829
2.49    0.221387655928
2.53    0.224468681261
2.57    0.228006531367
2.61    0.232935830664
2.65    0.238191532364
2.69    0.243262870748
2.73    0.247933370033
2.77    0.25207533505
2.81    0.256114395915
2.85    0.259995128223
2.89    0.263974638358
2.93    0.267952726808
2.97    0.271787423479
3.01    0.275624402764
3.05    0.280611851624
3.09    0.287350708857
3.13    0.294018229739
3.17    0.300250160401
3.21    0.305972723515
3.25    0.311204164892
3.29    0.315877750239
3.33    0.31994372403
3.37    0.323399330583
3.41    0.326256738538
3.45    0.328530700535
3.49    0.330241572263
3.53    0.331411005443
3.57    0.332065417435
3.61    0.332228347018
3.65    0.33195801253
3.69    0.331284047669
3.73    0.33026646619
3.77    0.328958189048
3.81    0.327399417463
3.85    0.325641036283
3.89    0.32654938704
3.93    0.333143146861
3.97    0.339004631865
4.01    0.346474483996
4.05    0.354514591062
4.09    0.361796966232
4.13    0.36837385857
4.17    0.374463695846
4.21    0.380164696572
4.25    0.385471660605
4.29    0.390362233187
4.33    0.394669601048
4.37    0.398291113113
4.41    0.401341768313
4.45    0.403980671692
4.49    0.406320800783
4.53    0.408564039634
4.57    0.41069638583
4.61    0.412480508901
4.65    0.41389119884
4.69    0.415017251057
4.73    0.415814485627
4.77    0.416374354048
4.81    0.41661502952
4.85    0.416426039836
4.89    0.416009020947
4.93    0.415394750282
4.97    0.414747938486
5.01    0.414083114527
5.05    0.41355747841
5.09    0.414052673936
5.13    0.41497324552
5.17    0.416120313848
5.21    0.417527677379
5.25    0.41928952474
5.29    0.421197537612
5.33    0.422696785304
5.37    0.423725744723
5.41    0.4242680309
5.45    0.424330748205
5.49    0.423929219104
5.53    0.42308009784
5.57    0.421810196402
5.61    0.420149031619
5.65    0.418137252624
5.69    0.415811313171
5.73    0.413247935077
5.77    0.410655642278
5.81    0.408095351178
5.85    0.405483270685
5.89    0.40276555319
5.93    0.399930686973
5.97    0.397981053509
6.01    0.40065843557
6.05    0.402912123325
6.09    0.404681309569
6.13    0.405996697257
6.17    0.40689446224
6.21    0.407295186713
6.25    0.407145207366
6.29    0.406451088929
6.33    0.405212816823
6.37    0.403448133224
6.41    0.401196039694
6.45    0.398506378877
6.49    0.395952514771
6.53    0.395818420544
6.57    0.395247932039
6.61    0.394303365967
6.65    0.392953194699
6.69    0.391185670361
6.73    0.38903755774
6.77    0.386515865958
6.81    0.383629629773
6.85    0.380426925054
6.89    0.376938018935
6.93    0.373200446131
6.97    0.369225645731
7.01    0.365975777702
7.05    0.365033115351
7.09    0.364041880885
7.13    0.363003412662
7.17    0.36192323861
7.21    0.360804313846
7.25    0.359643084659
7.29    0.358446011031
7.33    0.357215503765
7.37    0.35594661584
7.41    0.354653008175
7.45    0.353324263222
7.49    0.352165275699
7.53    0.352138162408
7.57    0.352205975483
7.61    0.352313661121
7.65    0.352345563997
7.69    0.352263537829
7.73    0.352048464521
7.77    0.351686544248
7.81    0.351185368788
7.85    0.350544352377
7.89    0.349768224844
7.93    0.348862498337
7.97    0.347832089867
8.01    0.346681489852
8.05    0.345415048239
8.09    0.344037292076
8.13    0.342553310536
8.17    0.340969047701
8.21    0.339291315867
8.25    0.337527687194
8.29    0.335693100327
8.33    0.33379753017
8.37    0.3321436467
8.41    0.330617243279
8.45    0.329057737684
8.49    0.32745911348
8.53    0.325842703322
8.57    0.324342027545
8.61    0.322904140241
8.65    0.321431121579
8.69    0.319912961864
8.73    0.318346395112
8.77    0.316728955657
8.81    0.315060421975
8.85    0.313341328784
8.89    0.311575984276
8.93    0.309763834137
8.97    0.307908012598
9.01    0.306014321091
9.05    0.304088040903
9.09    0.30227577763
9.13    0.300615525261
9.17    0.298917797695
9.21    0.297181290131
9.25    0.295407006529
9.29    0.293996443619
9.33    0.292692203052
9.37    0.291388876049
9.41    0.290086909282
9.45    0.288791496519
9.49    0.287498808979
9.53    0.286208540582
9.57    0.284921060694
9.61    0.283641508745
9.65    0.282365385768
9.69    0.281092911381
9.73    0.279824388837
9.77    0.278563354954
9.81    0.277307825391
9.85    0.276056938522
9.89    0.274810941145
9.93    0.273570895671
9.97    0.272339154343
