0.05    0.000117521764469
0.09    0.000571247008731
0.13    0.00115004940068
0.17    0.0025292766822
0.21    0.00492916860306
0.25    0.0087371337904
0.29    0.012374420248
0.33    0.0103976690293
0.37    0.0109298013586
0.41    0.0136294210027
0.45    0.0194697803055
0.49    0.0254880383599
0.53    0.0334907266621
0.57    0.037902562508
0.61    0.0337904463461
0.65    0.0325102095688
0.69    0.0325921009606
0.73    0.0306786864209
0.77    0.0291892607796
0.81    0.034037985684
0.85    0.041338445485
0.89    0.0512935162989
0.93    0.0632274748771
0.97    0.0720635756417
1.01    0.0745488381966
1.05    0.0778217435615
1.09    0.0695744419542
1.13    0.061157548833
1.17    0.0626497249278
1.21    0.0679921488654
1.25    0.0745930696652
1.29    0.0810300377112
1.33    0.0873126725909
1.37    0.0930409308167
1.41    0.0980401331629
1.45    0.105957184805
1.49    0.115923736648
1.53    0.122892949167
1.57    0.125403033006
1.61    0.130331971258
1.65    0.133223901593
1.69    0.135161328803
1.73    0.147289687737
1.77    0.155215852198
1.81    0.159861473358
1.85    0.160999804045
1.89    0.158706052981
1.93    0.153151175494
1.97    0.144760765267
2.01    0.1345441669
2.05    0.123470718424
2.09    0.116890949961
2.13    0.119739344119
2.17    0.122373141753
2.21    0.124724519005
2.25    0.126799622726
2.29    0.128612109668
2.33    0.130236795676
2.37    0.131702484622
2.41    0.132997657093
2.45    0.134119746486
2.49    0.135053864942
2.53    0.13579983002
2.57    0.136352253885
2.61    0.136736410097
2.65    0.136949001044
2.69    0.137009409909
2.73    0.136925975483
2.77    0.136702198559
2.81    0.136354447739
2.85    0.135875428555
2.89    0.135270984515
2.93    0.134546351302
2.97    0.135094979045
3.01    0.139321058111
3.05    0.144868833684
3.09    0.152721281082
3.13    0.160737597034
3.17    0.169031398315
3.21    0.176986555184
3.25    0.184264255295
3.29    0.190754111807
3.33    0.19641971647
3.37    0.201302706344
3.41    0.205594151793
3.45    0.209679785124
3.49    0.213677795574
3.53    0.217642684822
3.57    0.221216847007
3.61    0.224089732454
3.65    0.226145877599
3.69    0.231343769948
3.73    0.236633241573
3.77    0.241232034768
3.81    0.245061277599
3.85    0.247691730902
3.89    0.249078818593
3.93    0.249310467587
3.97    0.248473532346
4.01    0.247052650837
4.05    0.248047309511
4.09    0.248596839319
4.13    0.248029414911
4.17    0.246343851279
4.21    0.24364940817
4.25    0.240073887686
4.29    0.237720998966
4.33    0.236089095872
4.37    0.2344104903
4.41    0.232701186032
4.45    0.230863989432
4.49    0.228864421232
4.53    0.22669810832
4.57    0.224380552469
4.61    0.221952386033
4.65    0.219463374734
4.69    0.216918647101
4.73    0.214398213638
4.77    0.212047493836
4.81    0.209607460322
4.85    0.207082645648
4.89    0.204514155522
4.93    0.202042519899
4.97    0.201097403242
5.01    0.200086503243
5.05    0.199302345817
5.09    0.199074602189
5.13    0.198721785586
5.17    0.198274802192
5.21    0.197904830847
5.25    0.197525054188
5.29    0.197016866098
5.33    0.196361037093
5.37    0.19555707687
5.41    0.194609639184
5.45    0.193521000471
5.49    0.192298818887
5.53    0.190954482552
5.57    0.190049775106
5.61    0.189967475961
5.65    0.189838414062
5.69    0.189675761205
5.73    0.189470753802
5.77    0.189233736519
5.81    0.188960433285
5.85    0.1886549272
5.89    0.188320381161
5.93    0.187952278889
5.97    0.187562982159
6.01    0.187142539015
6.05    0.186700116821
6.09    0.186234018843
6.13    0.185743134011
6.17    0.185236607376
6.21    0.184706463391
6.25    0.184160553729
6.29    0.183597295078
6.33    0.183621547408
6.37    0.183986770252
6.41    0.184317644015
6.45    0.184611496653
6.49    0.1848679336
6.53    0.185095991328
6.57    0.185286976661
6.61    0.185448842151
6.65    0.185581978243
6.69    0.185682216831
6.73    0.185758009042
6.77    0.185807552831
6.81    0.185827971059
6.85    0.185825323553
6.89    0.185801472496
6.93    0.185751896138
6.97    0.185677730732
7.01    0.185589635399
7.05    0.185478881532
7.09    0.185346485958
7.13    0.185195336894
7.17    0.185031302403
7.21    0.184848271754
7.25    0.184647133529
7.29    0.184429225643
7.33    0.184202346252
7.37    0.18395964045
7.41    0.183701877166
7.45    0.183429796701
7.49    0.183147469193
7.53    0.182855914523
7.57    0.182551928297
7.61    0.182236149389
7.65    0.181909192406
7.69    0.181573880532
7.73    0.181232577991
7.77    0.180881649976
7.81    0.180521625634
7.85    0.180153013637
7.89    0.179776302916
7.93    0.179395283761
7.97    0.179009189808
8.01    0.178616218867
8.05    0.178216790733
8.09    0.177811308609
8.13    0.177400159711
8.17    0.176984055719
8.21    0.176567373819
8.25    0.176145981051
8.29    0.175720208988
8.33    0.17529037583
8.37    0.174856786877
8.41    0.174419735003
8.45    0.173979501105
8.49    0.173538468305
8.53    0.173096546066
8.57    0.172652121924
8.61    0.172205435443
8.65    0.171756716195
8.69    0.171306184136
8.73    0.170854049961
8.77    0.17040051546
8.81    0.169945773819
8.85    0.169491875357
8.89    0.169038392626
8.93    0.168584157637
8.97    0.168129334206
9.01    0.167674078999
9.05    0.16721854181
9.09    0.166762865827
9.13    0.166307187864
9.17    0.167371721302
9.21    0.168875611942
9.25    0.170307964013
9.29    0.171720703182
9.33    0.17327374412
9.37    0.174800441121
9.41    0.176261632625
9.45    0.177647774517
9.49    0.17895238006
9.53    0.180173563272
9.57    0.181310536469
9.61    0.182364450655
9.65    0.183336704195
9.69    0.184227760074
9.73    0.185037439844
9.77    0.185768708714
9.81    0.186424244856
9.85    0.187010211174
9.89    0.189385083921
9.93    0.191606025783
9.97    0.193622126199
