0.05    0.000173531832098
0.09    0.000585998494737
0.13    0.00123935854157
0.17    0.00270046160724
0.21    0.00426182599781
0.25    0.00793778236317
0.29    0.0132697749735
0.33    0.0181492812581
0.37    0.0203540312871
0.41    0.0327353270653
0.45    0.0346133271129
0.49    0.0439039114053
0.53    0.0343504997504
0.57    0.0391370851632
0.61    0.0547440315309
0.65    0.0686379202633
0.69    0.0763059354587
0.73    0.0911353284956
0.77    0.0990074881727
0.81    0.108933070845
0.85    0.124286517014
0.89    0.130682079512
0.93    0.122824255475
0.97    0.108160981237
1.01    0.0988043331877
1.05    0.108998765829
1.09    0.128716632599
1.13    0.166063697889
1.17    0.187662495641
1.21    0.188619928879
1.25    0.187946086102
1.29    0.187799411501
1.33    0.170853899283
1.37    0.14155483526
1.41    0.120851130329
1.45    0.1146979105
1.49    0.120152908636
1.53    0.122574954006
1.57    0.122402436698
1.61    0.120531218039
1.65    0.121964599838
1.69    0.134250860499
1.73    0.141570798472
1.77    0.144307958131
1.81    0.143073260751
1.85    0.138886436449
1.89    0.132715909377
1.93    0.130961568214
1.97    0.131524192255
2.01    0.131370042323
2.05    0.130688600483
2.09    0.129410584186
2.13    0.127181091268
2.17    0.123667237201
2.21    0.128076190563
2.25    0.132653979473
2.29    0.136202531902
2.33    0.138263630069
2.37    0.138553669782
2.41    0.136990685929
2.45    0.133649486282
2.49    0.128712762894
2.53    0.122440123155
2.57    0.132030223862
2.61    0.139235602823
2.65    0.145252597565
2.69    0.147494504418
2.73    0.147917438407
2.77    0.145886081509
2.81    0.141171984269
2.85    0.134128069144
2.89    0.125363164237
2.93    0.117666798038
2.97    0.109769180398
3.01    0.1020315075
3.05    0.0954718048339
3.09    0.0906285840769
3.13    0.0874276232676
3.17    0.0886837021157
3.21    0.0942383241095
3.25    0.0999605412821
3.29    0.105622943393
3.33    0.111104605277
3.37    0.1161294881
3.41    0.120732578992
3.45    0.124717841702
3.49    0.12805438412
3.53    0.130777784892
3.57    0.132825543268
3.61    0.138097063975
3.65    0.151474126646
3.69    0.162626685595
3.73    0.170479220125
3.77    0.174472191702
3.81    0.174389871018
3.85    0.170244412278
3.89    0.16242611848
3.93    0.160213525708
3.97    0.163679133554
4.01    0.167033559361
4.05    0.170240885633
4.09    0.172915197615
4.13    0.17504025074
4.17    0.176574755143
4.21    0.177562267957
4.25    0.178047207257
4.29    0.178100464326
4.33    0.177843429936
4.37    0.177645262463
4.41    0.178498030832
4.45    0.179298408876
4.49    0.179958100036
4.53    0.180479184742
4.57    0.180845538263
4.61    0.18103339983
4.65    0.181062579038
4.69    0.180949973555
4.73    0.18063569526
4.77    0.180139428517
4.81    0.179504251141
4.85    0.178763229046
4.89    0.177908018002
4.93    0.176895323588
4.97    0.17566441792
5.01    0.174152168247
5.05    0.172308716383
5.09    0.170143373746
5.13    0.167659801335
5.17    0.164791638672
5.21    0.16160530326
5.25    0.158078417492
5.29    0.154212391643
5.33    0.151305497047
5.37    0.152938847704
5.41    0.154346827598
5.45    0.155430919863
5.49    0.156285821346
5.53    0.156812704718
5.57    0.157061350195
5.61    0.157362577926
5.65    0.157875496976
5.69    0.158099591791
5.73    0.157963333735
5.77    0.157551521451
5.81    0.156760669717
5.85    0.155680492038
5.89    0.15428951334
5.93    0.152551049829
5.97    0.150546195227
6.01    0.149384080129
6.05    0.150080853795
6.09    0.150670903577
6.13    0.151153405762
6.17    0.151527964439
6.21    0.151794582975
6.25    0.151999907194
6.29    0.152105843288
6.33    0.152105478396
6.37    0.152000036623
6.41    0.151791012195
6.45    0.151480144505
6.49    0.151094889831
6.53    0.150636674916
6.57    0.150082114225
6.61    0.149433636413
6.65    0.14869381142
6.69    0.147865331518
6.73    0.146981958649
6.77    0.146163975466
6.81    0.146515459674
6.85    0.146811242118
6.89    0.147003212857
6.93    0.147128303642
6.97    0.147175865711
7.01    0.147124859467
7.05    0.1469988915
7.09    0.146812592398
7.13    0.146533778369
7.17    0.146164950543
7.21    0.145744540786
7.25    0.145254659793
7.29    0.144681511177
7.33    0.144027791822
7.37    0.143321778532
7.41    0.142562219005
7.45    0.141729127613
7.49    0.140825264851
7.53    0.139853393095
7.57    0.138842532891
7.61    0.137784482932
7.65    0.136665416338
7.69    0.135488037755
7.73    0.134255026245
7.77    0.134014959338
7.81    0.134352666472
7.85    0.134662156217
7.89    0.134944058195
7.93    0.135219607474
7.97    0.135470432152
8.01    0.135695244495
8.05    0.135894667708
8.09    0.136069322495
8.13    0.136219826255
8.17    0.136346792351
8.21    0.136450829442
8.25    0.136532540871
8.29    0.136592524105
8.33    0.136631370237
8.37    0.136649663523
8.41    0.136647980978
8.45    0.136626892005
8.49    0.136586958071
8.53    0.136528732417
8.57    0.136452759802
8.61    0.136359576291
8.65    0.136249709054
8.69    0.136123676214
8.73    0.135981986711
8.77    0.13582514019
8.81    0.13565362692
8.85    0.138027198057
8.89    0.140430933249
8.93    0.142546607612
8.97    0.144316639429
9.01    0.145763071914
9.05    0.146886342146
9.09    0.147638376254
9.13    0.148052234543
9.17    0.148129552523
9.21    0.14783038407
9.25    0.147199994029
9.29    0.146233640682
9.33    0.144903712121
9.37    0.143283196143
9.41    0.141593830234
9.45    0.141909898265
9.49    0.14220699261
9.53    0.142491742477
9.57    0.142769474768
9.61    0.143029235103
9.65    0.143271422494
9.69    0.143496431436
9.73    0.14494828834
9.77    0.146842492256
9.81    0.148626721367
9.85    0.150306791972
9.89    0.151911184654
9.93    0.153405087622
9.97    0.154788596206
