0.05    0.000177667601864
0.09    0.000583984969881
0.13    0.00153306772596
0.17    0.00340087350693
0.21    0.00625357188267
0.25    0.0118582378412
0.29    0.0137195325224
0.33    0.0206548620276
0.37    0.0151260045989
0.41    0.0187379517595
0.45    0.0230554232892
0.49    0.0250005223316
0.53    0.0330669961777
0.57    0.0436661154884
0.61    0.0584176611722
0.65    0.0851298135569
0.69    0.116029573204
0.73    0.13098112432
0.77    0.117851144852
0.81    0.106029738424
0.85    0.110087253934
0.89    0.114909161255
0.93    0.118293382285
0.97    0.129363560878
1.01    0.131935750091
1.05    0.145971943523
1.09    0.184773842618
1.13    0.209984416177
1.17    0.21631628547
1.21    0.204618012243
1.25    0.204226501912
1.29    0.20059689238
1.33    0.200888054056
1.37    0.206012394762
1.41    0.199756240859
1.45    0.207382456265
1.49    0.204503773069
1.53    0.218825353643
1.57    0.227551404648
1.61    0.230775970359
1.65    0.230240822613
1.69    0.225843937014
1.73    0.224319325996
1.77    0.220292647767
1.81    0.21789907997
1.85    0.215777358237
1.89    0.211376436498
1.93    0.204367416051
1.97    0.195777374741
2.01    0.185771109957
2.05    0.174897089695
2.09    0.163648455744
2.13    0.152432164164
2.17    0.160756487347
2.21    0.168146982133
2.25    0.175352150432
2.29    0.185128382396
2.33    0.197118786264
2.37    0.209847739421
2.41    0.222664112822
2.45    0.23634218049
2.49    0.252063125148
2.53    0.270223948358
2.57    0.289818494311
2.61    0.308681685583
2.65    0.32462378606
2.69    0.33580354851
2.73    0.341898917158
2.77    0.34389233494
2.81    0.343955948209
2.85    0.337363875295
2.89    0.323803747531
2.93    0.30372243406
2.97    0.280275089305
3.01    0.258386174543
3.05    0.245269293106
3.09    0.242195133812
3.13    0.248695998552
3.17    0.265259300209
3.21    0.2851149605
3.25    0.303174300657
3.29    0.316021396456
3.33    0.32164885629
3.37    0.319954057295
3.41    0.311349585812
3.45    0.31058463058
3.49    0.305714189921
3.53    0.296580402118
3.57    0.289830708868
3.61    0.283170469677
3.65    0.27713061204
3.69    0.271798053877
3.73    0.267087096502
3.77    0.269410794177
3.81    0.274075455687
3.85    0.279718520343
3.89    0.285610358278
3.93    0.290298861238
3.97    0.29321113001
4.01    0.293445466769
4.05    0.290671656638
4.09    0.285032457468
4.13    0.276751936403
4.17    0.271141864422
4.21    0.264284180942
4.25    0.255852523092
4.29    0.246591960114
4.33    0.237376106619
4.37    0.228795739707
4.41    0.221449545145
4.45    0.21581068584
4.49    0.212263674823
4.53    0.210888559704
4.57    0.211608147858
4.61    0.214231137453
4.65    0.218460426311
4.69    0.223928021476
4.73    0.230229693712
4.77    0.236956638709
4.81    0.243722196832
4.85    0.250182473352
4.89    0.256050420825
4.93    0.261136285351
4.97    0.26542078818
5.01    0.268657020516
5.05    0.270803790873
5.09    0.272059761741
5.13    0.272318374983
5.17    0.271621977855
5.21    0.273920201162
5.25    0.278469091728
5.29    0.282399394576
5.33    0.285548825095
5.37    0.288057599122
5.41    0.290033924401
5.45    0.291368238492
5.49    0.292180488176
5.53    0.299064317121
5.57    0.30744149481
5.61    0.314924475888
5.65    0.321499059406
5.69    0.327130709882
5.73    0.331802013147
5.77    0.335575904639
5.81    0.338437345674
5.85    0.340463825582
5.89    0.341605616467
5.93    0.341729929957
5.97    0.340943822573
6.01    0.339291729571
6.05    0.336953397494
6.09    0.33381782534
6.13    0.329733925255
6.17    0.324749464134
6.21    0.318952003407
6.25    0.312491000456
6.29    0.305527878531
6.33    0.298381702559
6.37    0.291089948459
6.41    0.283555857675
6.45    0.275872868703
6.49    0.268187359427
6.53    0.260654158703
6.57    0.253370946617
6.61    0.246539638061
6.65    0.240218703316
6.69    0.234565982614
6.73    0.229633618359
6.77    0.225516789399
6.81    0.222248364533
6.85    0.219828540294
6.89    0.218259463726
6.93    0.217524402047
6.97    0.217582851598
7.01    0.218372607979
7.05    0.219829868228
7.09    0.221851942596
7.13    0.224325565779
7.17    0.227157564851
7.21    0.230231498626
7.25    0.23338999881
7.29    0.236581961925
7.33    0.239616339474
7.37    0.242428432056
7.41    0.24543496626
7.45    0.2524033499
7.49    0.259486644709
7.53    0.266579940854
7.57    0.273641625324
7.61    0.280542051608
7.65    0.287164932178
7.69    0.293476122288
7.73    0.299404670325
7.77    0.304810781025
7.81    0.30976766765
7.85    0.314078970305
7.89    0.317837032423
7.93    0.320896859585
7.97    0.323309468589
8.01    0.32503875854
8.05    0.326051135195
8.09    0.326345843961
8.13    0.32595775601
8.17    0.3273310703
8.21    0.331967346493
8.25    0.335810391741
8.29    0.338977232396
8.33    0.341292602309
8.37    0.342926759695
8.41    0.34372201545
8.45    0.34375854741
8.49    0.343059949236
8.53    0.34154399693
8.57    0.339405464858
8.61    0.336512197643
8.65    0.332937292464
8.69    0.328782375309
8.73    0.323967820298
8.77    0.322721417281
8.81    0.325291013477
8.85    0.329271643192
8.89    0.332847374079
8.93    0.336063049518
8.97    0.338928014874
9.01    0.341387852474
9.05    0.343445576125
9.09    0.345105823103
9.13    0.346374740362
9.17    0.347259870008
9.21    0.347770034834
9.25    0.347983341219
9.29    0.34787196483
9.33    0.347416618632
9.37    0.34662990796
9.41    0.345525190146
9.45    0.344116472967
9.49    0.342418316706
9.53    0.340445740121
9.57    0.338214130537
9.61    0.335785766025
9.65    0.333156912869
9.69    0.330313254924
9.73    0.32727078013
9.77    0.324045477244
9.81    0.32065327233
9.85    0.317109969827
9.89    0.313431198108
9.93    0.309632359473
9.97    0.305728584503
