0.05    0.000173939844085
0.09    0.000871234776755
0.13    0.00356579231743
0.17    0.00677183539587
0.21    0.00694742455963
0.25    0.0087158824199
0.29    0.0141953179248
0.33    0.0144581862806
0.37    0.0184784144886
0.41    0.018438549501
0.45    0.0229677463081
0.49    0.0298596903955
0.53    0.0335376074158
0.57    0.0366752057862
0.61    0.0377744457702
0.65    0.037873738432
0.69    0.040934109457
0.73    0.033158142121
0.77    0.0336364860467
0.81    0.034222517995
0.85    0.0365883876412
0.89    0.0356550973355
0.93    0.0436406156117
0.97    0.0509465465159
1.01    0.0575201963308
1.05    0.0741547396054
1.09    0.0876426257169
1.13    0.0855556884917
1.17    0.0739264896378
1.21    0.0653523652152
1.25    0.061215301754
1.29    0.0723805815001
1.33    0.0803863581327
1.37    0.0810680453319
1.41    0.0791624160022
1.45    0.0837885515267
1.49    0.0871876349844
1.53    0.0894166593171
1.57    0.105254797428
1.61    0.126154338459
1.65    0.145874702208
1.69    0.168614933776
1.73    0.189337830535
1.77    0.204832184765
1.81    0.213585606927
1.85    0.214754624284
1.89    0.208484500142
1.93    0.200322944539
1.97    0.195678950845
2.01    0.190659852235
2.05    0.18346783925
2.09    0.173491449665
2.13    0.162975390109
2.17    0.156744632496
2.21    0.150760645159
2.25    0.143435952497
2.29    0.13976785895
2.33    0.137962525294
2.37    0.135839233772
2.41    0.133458643811
2.45    0.130883089403
2.49    0.128093341487
2.53    0.125138973576
2.57    0.12207054465
2.61    0.118940904157
2.65    0.115801146212
2.69    0.112695874858
2.73    0.109657797864
2.77    0.106704699571
2.81    0.103845139613
2.85    0.101085507613
2.89    0.0984289674066
2.93    0.0959121429332
2.97    0.0935020366075
3.01    0.0912379620179
3.05    0.089101416953
3.09    0.0870921571988
3.13    0.0852216250408
3.17    0.0834902706223
3.21    0.0818844710832
3.25    0.0814144492772
3.29    0.0882661073675
3.33    0.0950441518364
3.37    0.101399943714
3.41    0.107030329729
3.45    0.11178482972
3.49    0.115695046788
3.53    0.121514667403
3.57    0.127957406664
3.61    0.133814008967
3.65    0.138885761881
3.69    0.143099331717
3.73    0.146367743671
3.77    0.148708379712
3.81    0.150093936581
3.85    0.150569645809
3.89    0.150221540555
3.93    0.149122127092
3.97    0.147286372685
4.01    0.14475424623
4.05    0.141682898508
4.09    0.139091410153
4.13    0.137299052677
4.17    0.135353773654
4.21    0.133288065221
4.25    0.13340272174
4.29    0.133077301462
4.33    0.133195317132
4.37    0.133167944066
4.41    0.133448682316
4.45    0.133611033166
4.49    0.133407529544
4.53    0.132804886556
4.57    0.131782407079
4.61    0.130368626596
4.65    0.128599446764
4.69    0.126513980695
4.73    0.125246104991
4.77    0.123890338543
4.81    0.122283559315
4.85    0.120565325372
4.89    0.118768421959
4.93    0.116811252327
4.97    0.11468505762
5.01    0.112402802243
5.05    0.109971004162
5.09    0.107419010801
5.13    0.104770778012
5.17    0.102041800609
5.21    0.099278257867
5.25    0.0964894820016
5.29    0.0936996701126
5.33    0.0909513844579
5.37    0.0882468198005
5.41    0.0856146368078
5.45    0.0841089439553
5.49    0.0825576692519
5.53    0.0809673176792
5.57    0.0800074258009
5.61    0.0791577595718
5.65    0.0782933389013
5.69    0.0774158897929
5.73    0.0765270748118
5.77    0.0756284918585
5.81    0.0747285510466
5.85    0.0738215557572
5.89    0.0729087246991
5.93    0.0719914078861
5.97    0.0710708900973
6.01    0.0701483915672
6.05    0.0692250688967
6.09    0.0683020161523
6.13    0.0673802661251
6.17    0.0664607917342
6.21    0.0655445075392
6.25    0.0646446701971
6.29    0.0651472654393
6.33    0.0656333781728
6.37    0.0661032344715
6.41    0.0665638829752
6.45    0.0670088711416
6.49    0.0674382965329
6.53    0.0678524225261
6.57    0.0682515199744
6.61    0.0686358661145
6.65    0.0690057435471
6.69    0.0693614392841
6.73    0.0697032438599
6.77    0.0700776903403
6.81    0.0709817254902
6.85    0.07188796298
6.89    0.0727916171755
6.93    0.0736882226317
6.97    0.0745736318902
7.01    0.0754440114669
7.05    0.0762958362461
7.09    0.0771258825313
7.13    0.0779312199279
7.17    0.0787092022704
7.21    0.0794574577457
7.25    0.0801753981072
7.29    0.0808657965683
7.33    0.0815211415626
7.37    0.0821400208913
7.41    0.0827212411957
7.45    0.0832638162002
7.49    0.0837669549679
7.53    0.0842300502333
7.57    0.0846526668852
7.61    0.0850426419692
7.65    0.0853926293872
7.69    0.0857017836598
7.73    0.085970227987
7.77    0.0861982049761
7.81    0.086386066863
7.85    0.0865342661034
7.89    0.0866483738764
7.93    0.0867278387903
7.97    0.0867694273267
8.01    0.0867738940254
8.05    0.0867420534793
8.09    0.0866747732828
8.13    0.0865729673723
8.17    0.0864454283021
8.21    0.0862855769585
8.25    0.0860940067287
8.29    0.0858717512506
8.33    0.0856198635413
8.37    0.0853415106631
8.41    0.0850409198969
8.45    0.0847137508629
8.49    0.084361088642
8.53    0.0843067356871
8.57    0.0847238854813
8.61    0.0850698492367
8.65    0.0853575052814
8.69    0.085579052972
8.73    0.0857393196254
8.77    0.0858417047141
8.81    0.0858822204596
8.85    0.0858712837034
8.89    0.0857996286449
8.93    0.0856816615077
8.97    0.0855063233536
9.01    0.0852866091087
9.05    0.0850145034255
9.09    0.0846993845185
9.13    0.0843374297881
9.17    0.0839322442738
9.21    0.0834874296401
9.25    0.0829984127196
9.29    0.082476014857
9.33    0.0819148633131
9.37    0.0813152611265
9.41    0.0806882654117
9.45    0.0800270216454
9.49    0.0793329188635
9.53    0.0786377712994
9.57    0.0779773926066
9.61    0.0772595229125
9.65    0.0764832602862
9.69    0.0756530516247
9.73    0.0747762599241
9.77    0.073852885143
9.81    0.0737764462737
9.85    0.073706533944
9.89    0.0736359015198
9.93    0.0735645944514
9.97    0.0734926566218
