0.1	0.000910773958877
0.12	0.00218994841426
0.14	0.00387755492927
0.16	0.00605038008417
0.18	0.0064910613819
0.2	0.00649785327796
0.22	0.00667931466847
0.24	0.00913255530533
0.26	0.00730271791645
0.28	0.012852698226
0.3	0.0134481345067
0.32	0.0115313269134
0.34	0.0162998564048
0.36	0.0179587750115
0.38	0.01761116258
0.4	0.0185804102332
0.42	0.0183330306951
0.44	0.0205423117722
0.46	0.0256505508928
0.48	0.0294116598711
0.5	0.0292316115468
0.52	0.0328021838501
0.54	0.0338255637475
0.56	0.031929542407
0.58	0.0398148040381
0.6	0.0397379961221
0.62	0.0360845444853
0.64	0.0364353546167
0.66	0.039387993361
0.68	0.0410913434122
0.7	0.0399853916568
0.72	0.0358332896796
0.74	0.0321248861974
0.76	0.0332514917027
0.78	0.0338732078847
0.8	0.0339036310718
0.82	0.0343824644349
0.84	0.0361816850995
0.86	0.0361412504463
0.88	0.0344099335851
0.9	0.0379094072028
0.92	0.0418272782563
0.94	0.0454415520452
0.96	0.0491157519321
0.98	0.0526973294933
1.0	0.0556483439127
1.02	0.0622571293225
1.04	0.0708227044898
1.06	0.076621818863
1.08	0.0849642933788
1.1	0.0888759782668
1.12	0.0872422081416
1.14	0.0831501133186
1.16	0.0769084027641
1.18	0.0711886635724
1.2	0.0669004357404
1.22	0.0640840721318
1.24	0.0618538706712
1.26	0.0637146596313
1.28	0.0695097307315
1.3	0.0750233572845
1.32	0.0790769816451
1.34	0.0811769352585
1.36	0.0814403864119
1.38	0.0804646089721
1.4	0.0785738409582
1.42	0.0804670992133
1.44	0.0827690621642
1.46	0.0847477332706
1.48	0.0864484343636
1.5	0.087856876948
1.52	0.0889576490594
1.54	0.0920824073659
1.56	0.100522289772
1.58	0.110297907081
1.6	0.120838233989
1.62	0.131395452462
1.64	0.141325183796
1.66	0.150082409993
1.68	0.162603104515
1.7	0.174285253874
1.72	0.184639745124
1.74	0.193738632084
1.76	0.201529521094
1.78	0.20770759988
1.8	0.212094324672
1.82	0.214601920346
1.84	0.215187016707
1.86	0.21384660088
1.88	0.210676589244
1.9	0.205946451802
1.92	0.200812378922
1.94	0.199536481293
1.96	0.197166723515
1.98	0.194240110799
2.0	0.191942296677
2.02	0.189180399633
2.04	0.18557173954
2.06	0.181187932858
2.08	0.17617443043
2.1	0.170734921269
2.12	0.165514575185
2.14	0.160347334314
2.16	0.157975037803
2.18	0.155387587399
2.2	0.152375879655
2.22	0.149052062193
2.24	0.145406478373
2.26	0.141420949868
2.28	0.140177576826
2.3	0.139358693188
2.32	0.138445370014
2.34	0.137448046117
2.36	0.136379758403
2.38	0.135260806748
2.4	0.134082843856
2.42	0.13284457357
2.44	0.131539313911
2.46	0.130199653761
2.48	0.128805399993
2.5	0.127359858724
2.52	0.125889359665
2.54	0.124372244894
2.56	0.122844154408
2.58	0.121285008722
2.6	0.119724863916
2.62	0.118148816705
2.64	0.116584623876
2.66	0.115012772757
2.68	0.113469884585
2.7	0.111926677687
2.72	0.110415005441
2.74	0.108911579687
2.76	0.10743923374
2.78	0.105975120318
2.8	0.104552412965
2.82	0.103141279107
2.84	0.101762049338
2.86	0.100413548453
2.88	0.099084923176
2.9	0.0977897130006
2.92	0.0965317346955
2.94	0.0952991564184
2.96	0.0940939011758
2.98	0.0929204990254
3.0	0.0917913743454
3.02	0.0906921557275
3.04	0.0896237924106
3.06	0.0885870118918
3.08	0.0875823394597
3.1	0.0866101166401
3.12	0.0856742688374
3.14	0.0847769156342
3.16	0.0839112583829
3.18	0.0830771382639
3.2	0.0822742847836
3.22	0.0815023283593
3.24	0.0807608120171
3.26	0.0831226367895
3.28	0.0865507129271
3.3	0.089978228913
3.32	0.093373449243
3.34	0.096686976095
3.36	0.099866158649
3.38	0.102886448917
3.4	0.105704027617
3.42	0.108300569251
3.44	0.110676780063
3.46	0.112838876855
3.48	0.114801651211
3.5	0.116519980983
3.52	0.119836384822
3.54	0.12317096261
3.56	0.126395778044
3.58	0.129486949784
3.6	0.132415904869
3.62	0.13516180234
3.64	0.137705188792
3.66	0.140030012082
3.68	0.142125550401
3.7	0.14399844139
3.72	0.145644620432
3.74	0.147050021475
3.76	0.14821344424
3.78	0.149135366354
3.8	0.149826607757
3.82	0.1502906258
3.84	0.150527155536
3.86	0.150548491699
3.88	0.150380891179
3.9	0.150019271868
3.92	0.149466215656
3.94	0.148725794705
3.96	0.147810623203
3.98	0.146716544427
4.0	0.14544785362
4.02	0.144022380533
4.04	0.142479237547
4.06	0.140885312709
4.08	0.139611437164
4.1	0.138570698588
4.12	0.137701036071
4.14	0.136867044239
4.16	0.135899955668
4.18	0.134771805706
4.2	0.133480181744
4.22	0.133365994015
4.24	0.133421602767
4.26	0.133362123716
4.28	0.133197125264
4.3	0.133055834193
4.32	0.133166319132
4.34	0.133210791605
4.36	0.13319575291
4.38	0.133133882406
4.4	0.133353094483
4.42	0.133520750198
4.44	0.133603485665
4.46	0.133598540383
4.48	0.13350122222
4.5	0.133301708887
4.52	0.132989091093
4.54	0.132587393293
4.56	0.132072229757
4.58	0.131461751984
4.6	0.130755309261
4.62	0.129953657338
4.64	0.129073980558
4.66	0.128101523225
4.68	0.127067219904
4.7	0.126065287587
4.72	0.125535256376
4.74	0.124930475623
4.76	0.124257938857
4.78	0.123514389609
4.8	0.1227084755
4.82	0.121853747799
4.84	0.120994340748
4.86	0.120130500684
4.88	0.119235656117
4.9	0.118298581513
4.92	0.117317746466
4.94	0.116293601584
4.96	0.115230304825
4.98	0.114130722397
5.0	0.112983574299
5.02	0.11180969193
5.04	0.110588976002
5.06	0.109346758435
5.08	0.108070166822
5.1	0.106760061667
5.12	0.105439757203
5.14	0.10409595351
5.16	0.102730934534
5.18	0.101350081495
5.2	0.0999715424277
5.22	0.0985829422917
5.24	0.0971880969204
5.26	0.0957906656834
5.28	0.0943941492524
5.3	0.0930097901085
5.32	0.0916352660559
5.34	0.0902702479931
5.36	0.0889176246567
5.38	0.0875801241657
5.4	0.0862603149431
5.42	0.0852428523693
5.44	0.0844899002865
5.46	0.0837251400064
5.48	0.0829494009933
5.5	0.0821634965163
5.52	0.0813682232592
5.54	0.0806339196897
5.56	0.0802173288026
5.58	0.0797964892037
5.6	0.0793716281515
5.62	0.078942969141
5.64	0.0785107318339
5.66	0.078075132001
5.68	0.0776363814668
5.7	0.0771946880674
5.72	0.0767502556082
5.74	0.0763032838373
5.76	0.0758539684154
5.78	0.0754041186333
5.8	0.0749542235742
5.82	0.0745024256234
5.84	0.074048905859
5.86	0.0735938412414
5.88	0.0731374046188
5.9	0.0726797647381
5.92	0.0722210862584
5.94	0.0717615297682
5.96	0.0713012518096
5.98	0.0708404049
6.0	0.0703791375651
6.02	0.0699175943666
6.04	0.0694559159385
6.06	0.0689942390248
6.08	0.0685326965174
6.1	0.0680714174987
6.12	0.0676105272866
6.14	0.0671501474762
6.16	0.0666903959931
6.18	0.066231387139
6.2	0.0657732316415
6.22	0.0653160367074
6.24	0.0648599060763
6.26	0.0647718761044
6.28	0.0650231704051
6.3	0.0652703302497
6.32	0.0655133830815
6.34	0.0657523571771
6.36	0.0659872815999
6.38	0.0662197751814
6.4	0.066450174191
6.42	0.0666766031169
6.44	0.0668990932178
6.46	0.06711767635
6.48	0.0673323849282
6.5	0.0675432518888
6.52	0.0677503106515
6.54	0.0679535950857
6.56	0.0681531394765
6.58	0.0683489784895
6.6	0.0685411471425
6.62	0.068729680771
6.64	0.0689146150014
6.66	0.06909598572
6.68	0.0692738290475
6.7	0.0694481813097
6.72	0.0696190790149
6.74	0.0697865588254
6.76	0.0699506575375
6.78	0.0703032188898
6.8	0.0707553162481
6.82	0.0712082708128
6.84	0.0716614643332
6.86	0.0721142986065
6.88	0.0725661954727
6.9	0.073016596779
6.92	0.0734649643035
6.94	0.0739107796632
6.96	0.0743535441817
6.98	0.0747927787379
7.0	0.0752280235948
