0.05    0.000242900619498
0.09    0.000904729540919
0.13    0.0039664689995
0.17    0.00821661130671
0.21    0.00922034273241
0.25    0.0122507845026
0.29    0.0174351695944
0.33    0.0252489707204
0.37    0.0318724729529
0.41    0.0304682803624
0.45    0.037077919109
0.49    0.0403078507798
0.53    0.0332083498145
0.57    0.0374101344474
0.61    0.0403377745694
0.65    0.0371446914484
0.69    0.038518242919
0.73    0.0442826650757
0.77    0.0469155636086
0.81    0.0462761585439
0.85    0.0442884405842
0.89    0.0463925315536
0.93    0.0595639554393
0.97    0.0732199958921
1.01    0.0948894215578
1.05    0.117089799868
1.09    0.122332114062
1.13    0.122494018401
1.17    0.116186729887
1.21    0.105899064221
1.25    0.0993268230008
1.29    0.100044272358
1.33    0.106946204009
1.37    0.117525852755
1.41    0.130937882947
1.45    0.146976488436
1.49    0.166540566014
1.53    0.189336253384
1.57    0.213596769262
1.61    0.241686477744
1.65    0.267351490143
1.69    0.288059864163
1.73    0.300364798755
1.77    0.304419890308
1.81    0.30127346833
1.85    0.300028966786
1.89    0.298450102533
1.93    0.291606250033
1.97    0.279607920097
2.01    0.264667343077
2.05    0.248667392282
2.09    0.239889002115
2.13    0.233907114271
2.17    0.225313866442
2.21    0.214669604308
2.25    0.20252062064
2.29    0.18944996869
2.33    0.175904080146
2.37    0.167662266925
2.41    0.162635748901
2.45    0.157523678068
2.49    0.152392217121
2.53    0.147294792243
2.57    0.142282138239
2.61    0.137395884737
2.65    0.132663536412
2.69    0.128121780879
2.73    0.123752621126
2.77    0.119579344433
2.81    0.115612907487
2.85    0.111850281121
2.89    0.108291063723
2.93    0.105396020669
2.97    0.104552131837
3.01    0.103694834685
3.05    0.102822987996
3.09    0.10194779213
3.13    0.101078385894
3.17    0.103657446059
3.21    0.106504261604
3.25    0.109033174281
3.29    0.111296389228
3.33    0.113319580036
3.37    0.115052859276
3.41    0.116483403978
3.45    0.117612302802
3.49    0.11844188051
3.53    0.119025152439
3.57    0.119346479018
3.61    0.119466198683
3.65    0.119367741282
3.69    0.119134247205
3.73    0.118740732515
3.77    0.11822015709
3.81    0.117631125728
3.85    0.116958338004
3.89    0.116225487673
3.93    0.115462915791
3.97    0.114702549298
4.01    0.113938560797
4.05    0.113187036308
4.09    0.112985912059
4.13    0.114201549472
4.17    0.115296741471
4.21    0.116286222344
4.25    0.118001409321
4.29    0.119599234795
4.33    0.120923933179
4.37    0.122009941696
4.41    0.122872311687
4.45    0.123543569342
4.49    0.12404304564
4.53    0.124869360601
4.57    0.125833640709
4.61    0.126795637886
4.65    0.127770959177
4.69    0.128752592564
4.73    0.129730409789
4.77    0.130689691171
4.81    0.131617496452
4.85    0.132514524923
4.89    0.133384115244
4.93    0.134210912009
4.97    0.13499491323
5.01    0.135738736243
5.05    0.136437345418
5.09    0.137086228355
5.13    0.137695712228
5.17    0.138266970473
5.21    0.13881440213
5.25    0.139331023857
5.29    0.139810522336
5.33    0.14031368913
5.37    0.142547308615
5.41    0.144530866975
5.45    0.146259216419
5.49    0.147727363798
5.53    0.148940525451
5.57    0.149899369551
5.61    0.150601357512
5.65    0.151075469049
5.69    0.151327430396
5.73    0.151384483537
5.77    0.151250105061
5.81    0.150916607549
5.85    0.150587879847
5.89    0.1505322298
5.93    0.151928508342
5.97    0.153526994364
6.01    0.156031534697
6.05    0.15860251862
6.09    0.161078380921
6.13    0.163441214185
6.17    0.165687748472
6.21    0.167821475444
6.25    0.169831252905
6.29    0.171713564591
6.33    0.173465431771
6.37    0.175084175491
6.41    0.176576044028
6.45    0.177933606963
6.49    0.179152645561
6.53    0.18023075655
6.57    0.181188585112
6.61    0.182008616792
6.65    0.182694666379
6.69    0.183264400449
6.73    0.183713068373
6.77    0.184043216229
6.81    0.184258433767
6.85    0.18436514446
6.89    0.184367847135
6.93    0.184257877196
6.97    0.184042152204
7.01    0.183728687318
7.05    0.183304110423
7.09    0.182794028326
7.13    0.182176314
7.17    0.181477798825
7.21    0.180682733564
7.25    0.179806958211
7.29    0.178850213108
7.33    0.177810706045
7.37    0.176707678425
7.41    0.175523319677
7.45    0.174284287394
7.49    0.172976789962
7.53    0.171610018019
7.57    0.17019355996
7.61    0.16871754481
7.65    0.167205670858
7.69    0.165641162872
7.73    0.164046730923
7.77    0.163319858038
7.81    0.163746205973
7.85    0.16413114908
7.89    0.164475857409
7.93    0.164781499319
7.97    0.165049239225
8.01    0.165280235519
8.05    0.165475638668
8.09    0.165650541741
8.13    0.165792834704
8.17    0.165902645045
8.21    0.165981075851
8.25    0.16602921537
8.29    0.166048135945
8.33    0.166038893056
8.37    0.166002524479
8.41    0.165940049547
8.45    0.165853566241
8.49    0.16575415302
8.53    0.16563131105
8.57    0.165485982851
8.61    0.165319090313
8.65    0.16513153444
8.69    0.164924195152
8.73    0.164697931153
8.77    0.164453579854
8.81    0.164191957339
8.85    0.16391385839
8.89    0.163620056543
8.93    0.163311304193
8.97    0.162991421333
9.01    0.16266412072
9.05    0.162323779285
9.09    0.161971070232
9.13    0.161606646625
9.17    0.161231141658
9.21    0.160845168933
9.25    0.160449322761
9.29    0.160044178474
9.33    0.159630292762
9.37    0.159208204002
9.41    0.158778432613
9.45    0.158341481412
9.49    0.157897835978
9.53    0.157447965021
9.57    0.156992320756
9.61    0.156531339279
9.65    0.156065440945
9.69    0.155595030747
9.73    0.155123479878
9.77    0.154650867156
9.81    0.154174716217
9.85    0.153695377787
9.89    0.153213189063
9.93    0.152728474087
9.97    0.152241544108
