0.05    0.000373691278428
0.09    0.0016055160882
0.13    0.00330613880227
0.17    0.00576058236173
0.21    0.012815680699
0.25    0.0142617709008
0.29    0.0251939954501
0.33    0.0532956969183
0.37    0.074870563113
0.41    0.0885281529627
0.45    0.0673294786719
0.49    0.0683395756166
0.53    0.0824424714966
0.57    0.107758828785
0.61    0.148237356007
0.65    0.196764859961
0.69    0.239043096476
0.73    0.273389059396
0.77    0.302569468191
0.81    0.321958239122
0.85    0.3312254931
0.89    0.330772396341
0.93    0.323198445551
0.97    0.311500051634
1.01    0.29407625486
1.05    0.278410869339
1.09    0.269075786224
1.13    0.260029804043
1.17    0.250768730925
1.21    0.240387368542
1.25    0.228914591536
1.29    0.215867457444
1.33    0.202015225846
1.37    0.188093293134
1.41    0.174789498676
1.45    0.163660709174
1.49    0.164652666172
1.53    0.165421762132
1.57    0.185626560138
1.61    0.211885748145
1.65    0.231896506757
1.69    0.246247415854
1.73    0.255416512636
1.77    0.259789657911
1.81    0.259741458454
1.85    0.255936389127
1.89    0.249853167913
1.93    0.244900799525
1.97    0.244930709043
2.01    0.25867030774
2.05    0.262508361463
2.09    0.256219438911
2.13    0.24072692887
2.17    0.24025357627
2.21    0.247707978302
2.25    0.253676395709
2.29    0.258459087777
2.33    0.261951814365
2.37    0.264106544453
2.41    0.265222808758
2.45    0.266027781762
2.49    0.267355002718
2.53    0.273928099915
2.57    0.280258314407
2.61    0.285109609185
2.65    0.288118341233
2.69    0.28904103166
2.73    0.288466424667
2.77    0.297871051705
2.81    0.307138013554
2.85    0.315456185118
2.89    0.323083405337
2.93    0.329800338504
2.97    0.335766117525
3.01    0.343410645044
3.05    0.362752954396
3.09    0.378247406996
3.13    0.389542606168
3.17    0.396753513677
3.21    0.400245748217
3.25    0.40036515893
3.29    0.398491196236
3.33    0.396288975456
3.37    0.39265458319
3.41    0.386378424143
3.45    0.377530916809
3.49    0.374570450456
3.53    0.376278241391
3.57    0.376373968236
3.61    0.374587957705
3.65    0.370979018841
3.69    0.365652939649
3.73    0.358789274992
3.77    0.350462430168
3.81    0.340806848583
3.85    0.341324118809
3.89    0.343753751913
3.93    0.34528441239
3.97    0.345897573544
4.01    0.345501623925
4.05    0.344158112959
4.09    0.341973829828
4.13    0.338792945542
4.17    0.334992666627
4.21    0.330267067095
4.25    0.325089698003
4.29    0.319103913373
4.33    0.312772671763
4.37    0.305772377068
4.41    0.298458133319
4.45    0.29411897016
4.49    0.293057647099
4.53    0.291960124937
4.57    0.290847089549
4.61    0.289700691875
4.65    0.288473200699
4.69    0.287260464414
4.73    0.285999865163
4.77    0.284670712489
4.81    0.283278360687
4.85    0.281877854757
4.89    0.280471502341
4.93    0.279012360413
4.97    0.277504951261
5.01    0.275953571699
5.05    0.27436230049
5.09    0.272761622788
5.13    0.271179709253
5.17    0.26956546198
5.21    0.267922283593
5.25    0.266253393302
5.29    0.264561834095
5.33    0.262850479837
5.37    0.261122042241
5.41    0.259379077698
5.45    0.257623993958
5.49    0.255873143841
5.53    0.254151618257
5.57    0.252421947815
5.61    0.250686101606
5.65    0.24894592801
5.69    0.247203160316
5.73    0.24545942216
5.77    0.24371623278
5.81    0.241975012075
5.85    0.240237085487
5.89    0.238503688698
5.93    0.236775972137
5.97    0.235055005319
6.01    0.233341781003
6.05    0.231637219179
6.09    0.229942170887
6.13    0.228257421876
6.17    0.226583696102
6.21    0.224921659068
6.25    0.223271921021
6.29    0.221635040001
6.33    0.220011524749
6.37    0.218415605926
6.41    0.216836996026
6.45    0.215272002192
6.49    0.213721005105
6.53    0.212184347129
6.57    0.210662334536
6.61    0.209155239622
6.65    0.207663302719
6.69    0.206186734112
6.73    0.204725715855
6.77    0.203280403495
6.81    0.201850927715
6.85    0.200437395887
6.89    0.19903989355
6.93    0.197658485802
6.97    0.196293218637
7.01    0.194944120189
7.05    0.193611201932
7.09    0.192294459798
7.13    0.191499746466
7.17    0.191383269619
7.21    0.191265068998
7.25    0.191145252458
7.29    0.191023923657
7.33    0.190901182205
7.37    0.190777123805
7.41    0.190651840391
7.45    0.190525420264
7.49    0.190397948215
7.53    0.190269505657
7.57    0.190140170743
7.61    0.190010018479
7.65    0.189879120842
7.69    0.189747546886
7.73    0.189615362849
7.77    0.189482632254
7.81    0.189349416007
7.85    0.18921577249
7.89    0.189081757658
7.93    0.188947425124
7.97    0.188812826243
8.01    0.188678010198
8.05    0.188543024077
8.09    0.188407912953
8.13    0.188272719956
8.17    0.188137486342
8.21    0.188002251569
8.25    0.187867053358
8.29    0.187734645048
8.33    0.188034055789
8.37    0.18832648303
8.41    0.18861209547
8.45    0.188891057604
8.49    0.189163529827
8.53    0.189429668528
8.57    0.189689626195
8.61    0.189943551504
8.65    0.190191589419
8.69    0.190433881281
8.73    0.190670564897
8.77    0.190901774631
8.81    0.191127641488
8.85    0.191348293198
8.89    0.1915638543
8.93    0.191774446219
8.97    0.19198018735
9.01    0.19218119313
9.05    0.192377576114
9.09    0.192569446049
9.13    0.192756909944
9.17    0.192940072141
9.21    0.193119034385
9.25    0.193293895884
9.29    0.193464753381
9.33    0.19363170121
9.37    0.193794831365
9.41    0.193954233555
9.45    0.194109995264
9.49    0.194262201806
9.53    0.194410936386
9.57    0.194556280149
9.61    0.194698312234
9.65    0.194837109828
9.69    0.194972748213
9.73    0.195105300817
9.77    0.19523483926
9.81    0.195361433404
9.85    0.195485151393
9.89    0.1956060597
9.93    0.195724223171
9.97    0.195839705065
