0.05    3.75565789583e-05
0.09    0.000123224600874
0.13    0.00026274890401
0.17    0.000517844017821
0.21    0.000896037102106
0.25    0.00219457771619
0.29    0.00263587038347
0.33    0.00251318674682
0.37    0.00303572402513
0.41    0.00388242485075
0.45    0.00611929647292
0.49    0.00736207220535
0.53    0.0103126307709
0.57    0.0119751363552
0.61    0.0148833627576
0.65    0.0193442292009
0.69    0.0213232008911
0.73    0.0182418946516
0.77    0.0232230330665
0.81    0.0263123406177
0.85    0.0245372308022
0.89    0.0310016904976
0.93    0.0434209040835
0.97    0.0532902160873
1.01    0.060694795633
1.05    0.0692048953202
1.09    0.0668742734328
1.13    0.0604540029841
1.17    0.0529445354216
1.21    0.0593782246567
1.25    0.06064402387
1.29    0.0644121627898
1.33    0.0619421117377
1.37    0.062591032599
1.41    0.0624613350342
1.45    0.0710123374552
1.49    0.0798017070898
1.53    0.0832078173564
1.57    0.0826908752473
1.61    0.0797586146976
1.65    0.0789547511457
1.69    0.0798640809305
1.73    0.0847146009026
1.77    0.0872771111683
1.81    0.0964798081616
1.85    0.103437319559
1.89    0.107072626755
1.93    0.107707117474
1.97    0.105942138903
2.01    0.102431828249
2.05    0.0977822823923
2.09    0.0924958130102
2.13    0.0947576562075
2.17    0.108019136157
2.21    0.116988098653
2.25    0.121245686515
2.29    0.121364630765
2.33    0.118574751246
2.37    0.114169649112
2.41    0.10885563285
2.45    0.105129040675
2.49    0.105527391679
2.53    0.108447553694
2.57    0.110822424594
2.61    0.121909450888
2.65    0.13582085701
2.69    0.149692632957
2.73    0.163027803235
2.77    0.175559624159
2.81    0.187169116993
2.85    0.197676853269
2.89    0.206946902547
2.93    0.214995603843
2.97    0.224612519676
3.01    0.237465122608
3.05    0.248289174569
3.09    0.256915392551
3.13    0.263164339042
3.17    0.267004150293
3.21    0.26851064663
3.25    0.26789474766
3.29    0.265408916606
3.33    0.266506722688
3.37    0.269712999804
3.41    0.270032542791
3.45    0.267722768527
3.49    0.263162507919
3.53    0.256804058012
3.57    0.24907183478
3.61    0.24037222731
3.65    0.231154679114
3.69    0.22198452267
3.73    0.213240102502
3.77    0.210059401352
3.81    0.206460611495
3.85    0.202398600721
3.89    0.198039447378
3.93    0.193575500618
3.97    0.189194801256
4.01    0.185057126441
4.05    0.181329688824
4.09    0.178098591039
4.13    0.175431276213
4.17    0.173349035459
4.21    0.171827445719
4.25    0.170802981252
4.29    0.170180724498
4.33    0.169842523684
4.37    0.169655388453
4.41    0.169478579266
4.45    0.169172450993
4.49    0.168605000559
4.53    0.16765731724
4.57    0.166229095824
4.61    0.168777553209
4.65    0.1720458675
4.69    0.175061541299
4.73    0.177748618428
4.77    0.180044974144
4.81    0.181902679654
4.85    0.183302597348
4.89    0.184209895522
4.93    0.184614549461
4.97    0.184518425405
5.01    0.183933175824
5.05    0.182878888427
5.09    0.181385742701
5.13    0.179482220079
5.17    0.177202905021
5.21    0.17458882342
5.25    0.171686561892
5.29    0.168534177066
5.33    0.165172755892
5.37    0.161642222107
5.41    0.157980768988
5.45    0.154240035656
5.49    0.150441222285
5.53    0.146612559053
5.57    0.143788802113
5.61    0.141294032753
5.65    0.138736472042
5.69    0.136143924945
5.73    0.13351759085
5.77    0.130879218497
5.81    0.128240443592
5.85    0.125617312013
5.89    0.123015954998
5.93    0.120461343443
5.97    0.117953944415
6.01    0.115505617188
6.05    0.113126818459
6.09    0.110828302227
6.13    0.108616124906
6.17    0.106494881927
6.21    0.106109889889
6.25    0.106944552581
6.29    0.107710048769
6.33    0.108415921065
6.37    0.109063970149
6.41    0.109651737677
6.45    0.11018263287
6.49    0.110662791308
6.53    0.111101480534
6.57    0.111493962905
6.61    0.111844185042
6.65    0.112156226696
6.69    0.112434491877
6.73    0.112691356319
6.77    0.112922524391
6.81    0.113132543264
6.85    0.113326044864
6.89    0.113507720072
6.93    0.113682287751
6.97    0.113854459483
7.01    0.114030177592
7.05    0.114215871426
7.09    0.114412394491
7.13    0.114624053818
7.17    0.114854955988
7.21    0.115108973209
7.25    0.115389713836
7.29    0.115700498031
7.33    0.116044339026
7.37    0.116423930163
7.41    0.116841637691
7.45    0.117299499043
7.49    0.117799226173
7.53    0.118342213365
7.57    0.118929548863
7.61    0.119562029566
7.65    0.120240178072
7.69    0.120964261313
7.73    0.121734310103
7.77    0.122550138979
7.81    0.123411365789
7.85    0.12431743057
7.89    0.125267613392
7.93    0.126261050886
7.97    0.127296751323
8.01    0.128373608142
8.05    0.129490411964
8.09    0.130645861119
8.13    0.131838570825
8.17    0.133067081176
8.21    0.13432986407
8.25    0.135625329333
8.29    0.136951830162
8.33    0.138307668111
8.37    0.13969109778
8.41    0.141100331334
8.45    0.142533542998
8.49    0.143990981068
8.53    0.145469966463
8.57    0.146967540394
8.61    0.148481775284
8.65    0.150010729254
8.69    0.151552451571
8.73    0.153104988212
8.77    0.154666387512
8.81    0.156234705817
8.85    0.157808013095
8.89    0.159384398402
8.93    0.160964545362
8.97    0.162547857913
9.01    0.164128941572
9.05    0.165706007138
9.09    0.167277307287
9.13    0.16884114011
9.17    0.170395852148
9.21    0.171940037362
9.25    0.173479855645
9.29    0.175006126859
9.33    0.176517405311
9.37    0.178012301747
9.41    0.179489483702
9.45    0.180947675491
9.49    0.18239473487
9.53    0.183820830803
9.57    0.185224613718
9.61    0.18660502111
9.65    0.187961043086
9.69    0.189298482431
9.73    0.190613161238
9.77    0.191900857188
9.81    0.193160749256
9.85    0.194392062081
9.89    0.195603374763
9.93    0.196786215452
9.97    0.197938504592
