0.05    0.00011814127703
0.09    0.000691252343213
0.13    0.00114376619186
0.17    0.003010393121
0.21    0.00319972509946
0.25    0.00262362177423
0.29    0.00485071434907
0.33    0.00688361774432
0.37    0.00832550560304
0.41    0.0102467022996
0.45    0.0102868958331
0.49    0.0116886438984
0.53    0.0103199029566
0.57    0.014394894112
0.61    0.0180025516558
0.65    0.0242453979358
0.69    0.0270173659057
0.73    0.0211037754597
0.77    0.0194505245552
0.81    0.0163671209803
0.85    0.0143577566942
0.89    0.0171788985515
0.93    0.0215915298874
0.97    0.0231923118305
1.01    0.0203982939043
1.05    0.0210870409156
1.09    0.0262079799962
1.13    0.0267223975333
1.17    0.025680415369
1.21    0.0225450455344
1.25    0.019164021561
1.29    0.02117646553
1.33    0.0213083592873
1.37    0.0197762998043
1.41    0.0213509162833
1.45    0.0214470932053
1.49    0.0212982133654
1.53    0.0217807761779
1.57    0.0220454061501
1.61    0.0250732227035
1.65    0.0310657728752
1.69    0.0384307654863
1.73    0.045023330798
1.77    0.0496566547305
1.81    0.0522511094302
1.85    0.0527855831676
1.89    0.0533014521306
1.93    0.0523253263329
1.97    0.0503685150063
2.01    0.0471218280255
2.05    0.0500899486308
2.09    0.0510437424491
2.13    0.0554718265577
2.17    0.0590087013233
2.21    0.0611969120785
2.25    0.0629152726907
2.29    0.0645506170644
2.33    0.0646646566738
2.37    0.0634514492931
2.41    0.0615354472618
2.45    0.0582717603398
2.49    0.0545878590152
2.53    0.0525158183484
2.57    0.0518738222615
2.61    0.0517989101822
2.65    0.0528123304183
2.69    0.0542868468579
2.73    0.0551275085883
2.77    0.0548089915029
2.81    0.0534604051514
2.85    0.0521122513884
2.89    0.0514571589798
2.93    0.0493854609852
2.97    0.0514235113782
3.01    0.0559742783687
3.05    0.0587296693644
3.09    0.0594990209913
3.13    0.0591577761919
3.17    0.0585336589241
3.21    0.0580192187689
3.25    0.0582686951493
3.29    0.0594787343665
3.33    0.0615521269356
3.37    0.0641789218175
3.41    0.0669752836939
3.45    0.0695889253068
3.49    0.0719609223837
3.53    0.0737863847294
3.57    0.075060969414
3.61    0.076008300113
3.65    0.0761285015135
3.69    0.0751049233877
3.73    0.073141059872
3.77    0.0733166649482
3.81    0.0741240124093
3.85    0.0742853061878
3.89    0.0740634461868
3.93    0.0736733589727
3.97    0.0732854634076
4.01    0.0727077623247
4.05    0.071670903922
4.09    0.0703244249849
4.13    0.0724380832903
4.17    0.0740786385492
4.21    0.0748937959937
4.25    0.0746419613062
4.29    0.0732203850498
4.33    0.0708769825606
4.37    0.0676407052484
4.41    0.0642739973434
4.45    0.0621386252899
4.49    0.0592519548929
4.53    0.0557322145936
4.57    0.0540317492492
4.61    0.054394267387
4.65    0.0538822929935
4.69    0.0543449612986
4.73    0.0564566855176
4.77    0.0579836606679
4.81    0.0588786234042
4.85    0.0590921278654
4.89    0.058676434052
4.93    0.0577179730883
4.97    0.0562264712155
5.01    0.0542596834588
5.05    0.0519033527008
5.09    0.0492434469897
5.13    0.0492750269346
5.17    0.050247140712
5.21    0.0506951170055
5.25    0.0505657677578
5.29    0.0499262310979
5.33    0.0488122481196
5.37    0.0474219738385
5.41    0.0469733360809
5.45    0.0471109333825
5.49    0.0468798996405
5.53    0.0463658257836
5.57    0.0457271467779
5.61    0.0449733936587
5.65    0.0441475113565
5.69    0.0433273820318
5.73    0.0425862243609
5.77    0.0419871869361
5.81    0.0415792475813
5.85    0.0413957178244
5.89    0.0414540915049
5.93    0.0417527178943
5.97    0.0422763136482
6.01    0.0429962139216
6.05    0.0438731134822
6.09    0.0448619539306
6.13    0.0459141349183
6.17    0.0469809294053
6.21    0.0480154850977
6.25    0.0489762089815
6.29    0.0498241914519
6.33    0.050527435309
6.37    0.0510611048843
6.41    0.0514079802754
6.45    0.0515586119406
6.49    0.0515112489085
6.53    0.0512715811845
6.57    0.0508549827426
6.61    0.0502777993134
6.65    0.0495622688742
6.69    0.0487379630864
6.73    0.04782982654
6.77    0.0470346582396
6.81    0.0462522453142
6.85    0.0454400074833
6.89    0.0446210040557
6.93    0.0438232199818
6.97    0.0430658059652
7.01    0.0423677839444
7.05    0.0417449464222
7.09    0.0412077674878
7.13    0.0407622514118
7.17    0.0404108290617
7.21    0.0401518873848
7.25    0.0399800779212
7.29    0.0398867202627
7.33    0.0398602787833
7.37    0.039887024105
7.41    0.0399526003755
7.45    0.0400390886137
7.49    0.0401290436943
7.53    0.0402059340514
7.57    0.0402534239135
7.61    0.0402538072869
7.65    0.0401952672079
7.69    0.0400618668392
7.73    0.0398447242728
7.77    0.0395333567657
7.81    0.0391206076135
7.85    0.0386032523403
7.89    0.0379778017162
7.93    0.0372442057549
7.97    0.0368007934717
8.01    0.0375525320421
8.05    0.0382487276953
8.09    0.0388793784667
8.13    0.0394320255232
8.17    0.0398971383036
8.21    0.040267886353
8.25    0.040536482563
8.29    0.0406969146915
8.33    0.0407452761236
8.37    0.0406806653979
8.41    0.0405003661154
8.45    0.0402048859597
8.49    0.0397959911745
8.53    0.0395941713638
8.57    0.0403179309961
8.61    0.0409815603167
8.65    0.0415794620156
8.69    0.0421099066821
8.73    0.0425684817656
8.77    0.0429542091707
8.81    0.043264163808
8.85    0.0434980669447
8.89    0.0436544018133
8.93    0.0437336049296
8.97    0.0437356750044
9.01    0.0436612337103
9.05    0.0435126149976
9.09    0.0432904592242
9.13    0.0429980753078
9.17    0.0426387738994
9.21    0.042215355077
9.25    0.0417297578714
9.29    0.0411830482591
9.33    0.0405787311553
9.37    0.0399185990088
9.41    0.0392090787395
9.45    0.0384512820481
9.49    0.0380910390556
9.53    0.0381167586269
9.57    0.0381198800266
9.61    0.0381023190997
9.65    0.0380625983908
9.69    0.0380025688218
9.73    0.0379224465247
9.77    0.0378386784695
9.81    0.0377355854197
9.85    0.0376123090825
9.89    0.0374710118609
9.93    0.0373108377219
9.97    0.0371319339379
