0.05    0.000109069912417
0.09    0.00052308873732
0.13    0.000766917243766
0.17    0.00128995483786
0.21    0.00193685735403
0.25    0.00403766892395
0.29    0.00746069263812
0.33    0.00706760260772
0.37    0.00704842430823
0.41    0.00777941087811
0.45    0.00763171873952
0.49    0.00923777978925
0.53    0.0109975411126
0.57    0.014584943285
0.61    0.0196943181879
0.65    0.019736228648
0.69    0.0222663862007
0.73    0.0278846172324
0.77    0.0273557491076
0.81    0.0260644035063
0.85    0.0306753690414
0.89    0.032844717235
0.93    0.028294588254
0.97    0.0248773583594
1.01    0.0248299772028
1.05    0.0261446431551
1.09    0.0312808968667
1.13    0.0377144446028
1.17    0.0430541077328
1.21    0.0440724097035
1.25    0.0397286560662
1.29    0.035713848748
1.33    0.0357260322612
1.37    0.0373266879743
1.41    0.0397151753046
1.45    0.0439425122659
1.49    0.0467346332503
1.53    0.0513818647241
1.57    0.0587571666805
1.61    0.0670665423182
1.65    0.0749394878917
1.69    0.0814920714165
1.73    0.0859816248022
1.77    0.0879385837519
1.81    0.0904578718732
1.85    0.0961154475528
1.89    0.101826871563
1.93    0.104488609319
1.97    0.103463869718
2.01    0.0986201055217
2.05    0.0979605961905
2.09    0.101481284793
2.13    0.103123139543
2.17    0.103569021799
2.21    0.104694019406
2.25    0.107593909272
2.29    0.111148691798
2.33    0.114120150021
2.37    0.116785546647
2.41    0.118981409492
2.45    0.118703642187
2.49    0.113893215474
2.53    0.105865035169
2.57    0.110647566814
2.61    0.118015626553
2.65    0.122831919913
2.69    0.125137608071
2.73    0.12470317628
2.77    0.121814887989
2.81    0.121944941092
2.85    0.124344454205
2.89    0.125870267949
2.93    0.127433016078
2.97    0.130083223824
3.01    0.134063252123
3.05    0.138813352443
3.09    0.143700106457
3.13    0.147948308088
3.17    0.152445869776
3.21    0.155746943776
3.25    0.156572331492
3.29    0.15523322647
3.33    0.162140397745
3.37    0.167787756183
3.41    0.171959418372
3.45    0.175760149413
3.49    0.179264129574
3.53    0.188968098012
3.57    0.198031300659
3.61    0.213712715955
3.65    0.228165602529
3.69    0.240070499568
3.73    0.24907705097
3.77    0.255546761638
3.81    0.260115083832
3.85    0.263131035745
3.89    0.264758845086
3.93    0.265021835674
3.97    0.263984407486
4.01    0.263227413797
4.05    0.26453830871
4.09    0.263559348864
4.13    0.260033810627
4.17    0.254119570459
4.21    0.246285873277
4.25    0.237149726124
4.29    0.227588734638
4.33    0.218543919479
4.37    0.210755764339
4.41    0.205817756347
4.45    0.20407132293
4.49    0.202519733485
4.53    0.201642500789
4.57    0.201839702584
4.61    0.20337259138
4.65    0.206343493729
4.69    0.210696508508
4.73    0.216239995307
4.77    0.222681337386
4.81    0.229641808507
4.85    0.236741121723
4.89    0.243673985775
4.93    0.250105413815
4.97    0.256888371989
5.01    0.265605382408
5.05    0.283275190556
5.09    0.301677233769
5.13    0.320166932593
5.17    0.338169488238
5.21    0.3552414776
5.25    0.370817778666
5.29    0.384421452469
5.33    0.395945193366
5.37    0.405275879717
5.41    0.412378824019
5.45    0.417337852101
5.49    0.420202560493
5.53    0.421279477653
5.57    0.420865037486
5.61    0.419277169361
5.65    0.416692084855
5.69    0.413245646792
5.73    0.409044555021
5.77    0.4041857798
5.81    0.398760051828
5.85    0.392979879156
5.89    0.386965436238
5.93    0.380579812365
5.97    0.37355670591
6.01    0.365697655678
6.05    0.356962095417
6.09    0.352841801024
6.13    0.35902091046
6.17    0.364641325346
6.21    0.369533702479
6.25    0.375605443133
6.29    0.383461785328
6.33    0.390550950612
6.37    0.396840332991
6.41    0.402291308591
6.45    0.406859450322
6.49    0.410471342138
6.53    0.413062976365
6.57    0.414579538283
6.61    0.417129524986
6.65    0.42052836402
6.69    0.424436010038
6.73    0.427357037422
6.77    0.42938484872
6.81    0.430656516036
6.85    0.430986345621
6.89    0.43065359875
6.93    0.429485755466
6.97    0.427440895046
7.01    0.424524757869
7.05    0.420799345913
7.09    0.416441727466
7.13    0.411737315672
7.17    0.406988468715
7.21    0.402209498566
7.25    0.397315006523
7.29    0.392309780328
7.33    0.387302227696
7.37    0.382341435931
7.41    0.377516940632
7.45    0.372932839846
7.49    0.368700653279
7.53    0.364917296842
7.57    0.361672768134
7.61    0.359041325994
7.65    0.357081028297
7.69    0.355838979181
7.73    0.35534156293
7.77    0.35560247318
7.81    0.356620503522
7.85    0.358375966149
7.89    0.360836811923
7.93    0.36395825669
7.97    0.367685091388
8.01    0.371955513113
8.05    0.376694726402
8.09    0.38182821453
8.13    0.387276884764
8.17    0.392957612614
8.21    0.398791440663
8.25    0.404695786971
8.29    0.410595368917
8.33    0.416416527058
8.37    0.422090150515
8.41    0.427547989237
8.45    0.432725415232
8.49    0.437564874659
8.53    0.442022619952
8.57    0.446060527824
8.61    0.449648536836
8.65    0.452758710987
8.69    0.455364277008
8.73    0.457439371048
8.77    0.458973006083
8.81    0.459972575259
8.85    0.460430711578
8.89    0.460333054228
8.93    0.459674417238
8.97    0.458473783168
9.01    0.456765079331
9.05    0.454571439154
9.09    0.453236803974
9.13    0.460792155896
9.17    0.467659382777
9.21    0.473837073071
9.25    0.479334134306
9.29    0.484174222643
9.33    0.488360218238
9.37    0.49188818517
9.41    0.494766772389
9.45    0.49700775498
9.49    0.498632868917
9.53    0.499670660778
9.57    0.500158958504
9.61    0.500138772482
9.65    0.499657248582
9.69    0.498771447497
9.73    0.497560124067
9.77    0.496139114186
9.81    0.494546668762
9.85    0.492800367389
9.89    0.490930480293
9.93    0.488947222447
9.97    0.486876253408
