0.05    0.000145550443066
0.09    0.000623684133609
0.13    0.00126715175449
0.17    0.00118205793189
0.21    0.000953772717223
0.25    0.00211879046461
0.29    0.00218981012238
0.33    0.00210156691088
0.37    0.00208690760847
0.41    0.00183403631245
0.45    0.00152479217592
0.49    0.00149889523151
0.53    0.00180953369397
0.57    0.00128064824954
0.61    0.00133485517174
0.65    0.00129269059493
0.69    0.00122974452511
0.73    0.00111797524005
0.77    0.000996159828999
0.81    0.000893998579817
0.85    0.000923947729858
0.89    0.000931118814989
0.93    0.000930443931403
0.97    0.000925859566367
1.01    0.000915331566772
1.05    0.000898121493245
1.09    0.000876435147029
1.13    0.000854316925991
1.17    0.000833785161988
1.21    0.000816724223912
1.25    0.000803738513416
1.29    0.000794498887252
1.33    0.000788183027073
1.37    0.000783835020377
1.41    0.000780591032348
1.45    0.000777784369459
1.49    0.000774966826043
1.53    0.000771883169897
1.57    0.000768426359398
1.61    0.000764590586276
1.65    0.000760430834077
1.69    0.000756032059699
1.73    0.000751487938195
1.77    0.000746887639574
1.81    0.000742308667683
1.85    0.000737813896405
1.89    0.000733451273674
1.93    0.000729255050712
1.97    0.000725247744859
2.01    0.000721442326099
2.05    0.000717844325646
2.09    0.000714453709234
2.13    0.000711266451331
2.17    0.000708275803286
2.21    0.000705473279488
2.25    0.000702849400106
2.29    0.000700394233115
2.33    0.00069809777665
2.37    0.000695950218102
2.41    0.00069394210066
2.45    0.000692064422145
2.49    0.000690308685703
2.53    0.000688666917333
2.57    0.000687131661411
2.61    0.000685695962409
2.65    0.000684353338596
2.69    0.000683097751766
2.73    0.000681923575684
2.77    0.000680825564982
2.81    0.000679798825551
2.85    0.00067883878699
2.89    0.000677941177357
2.93    0.000677102000247
2.97    0.000676317514114
3.01    0.000675584213658
3.05    0.000674898813085
3.09    0.000674258231019
3.13    0.000673659576873
3.17    0.000673100138479
3.21    0.000672577370816
3.25    0.000672088885682
3.29    0.000671632442187
3.33    0.000671205937952
3.37    0.000670807400931
3.41    0.00067043498178
3.45    0.000670086946705
3.49    0.000669761670745
3.53    0.000669457631446
3.57    0.000669173402886
3.61    0.000668907650038
3.65    0.000668659123425
3.69    0.000668426654068
3.73    0.000668209148696
3.77    0.000668005585218
3.81    0.000667815008421
3.85    0.000667636525908
3.89    0.000667469304252
3.93    0.000667312565354
3.97    0.000667165583
4.01    0.000667027679618
4.05    0.000666898223203
4.09    0.000666776624427
4.13    0.000666662333906
4.17    0.000666554839635
4.21    0.000666453664565
4.25    0.000666358364328
4.29    0.000666268525097
4.33    0.000666183761578
4.37    0.000666103715125
4.41    0.000666028051962
4.45    0.000665956461531
4.49    0.000665888654936
4.53    0.000665824363479
4.57    0.000665763337305
4.61    0.000665705344119
4.65    0.000665650167994
4.69    0.000665597608255
4.73    0.000665547478437
4.77    0.000665499605307
4.81    0.000665453827958
4.85    0.000665409996954
4.89    0.000665367973541
4.93    0.000665327628907
4.97    0.00066528884349
5.01    0.000665251506333
5.05    0.000665215514486
5.09    0.000665180772448
5.13    0.000665147191641
5.17    0.000665114689929
5.21    0.000665083191162
5.25    0.000665052624755
5.29    0.0006650229253
5.33    0.00066499403219
5.37    0.000664965889292
5.41    0.00066493844462
5.45    0.000664911650045
5.49    0.000664885461017
5.53    0.000664859836315
5.57    0.000664834737803
5.61    0.000664810130214
5.65    0.000664785980943
5.69    0.000664762259853
5.73    0.000664738939103
5.77    0.000664715992973
5.81    0.000664693397721
5.85    0.000664671131433
5.89    0.00066464917389
5.93    0.000664627506449
5.97    0.000664606111923
6.01    0.000664584974477
6.05    0.000664564079526
6.09    0.000664543413647
6.13    0.000664522964489
6.17    0.000664502720693
6.21    0.000664482671825
6.25    0.000664462808297
6.29    0.000664443121308
6.33    0.000664423602788
6.37    0.000664404245338
6.41    0.000664385042179
6.45    0.000664365987105
6.49    0.000664347074442
6.53    0.000664328299004
6.57    0.000664309656054
6.61    0.00066429114127
6.65    0.000664272750714
6.69    0.000664254480799
6.73    0.000664236328261
6.77    0.000664218290137
6.81    0.000664200363733
6.85    0.00066418254661
6.89    0.000664164836557
6.93    0.000664147231573
6.97    0.000664129729854
7.01    0.000664112329771
7.05    0.000664095029852
7.09    0.000664077828778
7.13    0.000664060725363
7.17    0.00066404371854
7.21    0.000664026807357
7.25    0.000664009990958
7.29    0.000663993268582
7.33    0.000663976639547
7.37    0.000663960103248
7.41    0.000663943659144
7.45    0.000663927306755
7.49    0.000663911045654
7.53    0.000663894875463
7.57    0.000663878795844
7.61    0.000663862806496
7.65    0.000663846907151
7.69    0.000663831097571
7.73    0.000663815377543
7.77    0.000663799746873
7.81    0.000663784205386
7.85    0.000663768752923
7.89    0.000663753389335
7.93    0.000663738114485
7.97    0.000663722928245
8.01    0.000663707830491
8.05    0.000663692821104
8.09    0.000663677899966
8.13    0.000663663066962
8.17    0.000663648321975
8.21    0.000663633664889
8.25    0.000663619095583
8.29    0.000663604613933
8.33    0.000663590219811
8.37    0.000663575913084
8.41    0.000663561693615
8.45    0.000663547561257
8.49    0.000663533515859
8.53    0.000663519557262
8.57    0.000663505685301
8.61    0.000663491899801
8.65    0.000663478200581
8.69    0.000663464587449
8.73    0.000663451060208
8.77    0.000663437618652
8.81    0.000663424262565
8.85    0.000663410991721
8.89    0.000663397805891
8.93    0.000663384704833
8.97    0.000663371688298
9.01    0.000663358756029
9.05    0.000663345907759
9.09    0.000663333143214
9.13    0.000663320462115
9.17    0.00066330786417
9.21    0.000663295349083
9.25    0.000663282916549
9.29    0.000663270566256
9.33    0.000663258297884
9.37    0.000663246111108
9.41    0.000663234005595
9.45    0.000663221981005
9.49    0.000663210036993
9.53    0.000663198173208
9.57    0.00066318638929
9.61    0.000663174684878
9.65    0.000663163059601
9.69    0.000663151513088
9.73    0.000663140044958
9.77    0.000663128654827
9.81    0.000663117342307
9.85    0.000663106107006
9.89    0.000663094948525
9.93    0.000663083866465
9.97    0.00066307286042
