0.05    7.52936179236e-05
0.09    0.000271967840242
0.13    0.000779807750634
0.17    0.00143715041211
0.21    0.00276067593703
0.25    0.00708953757537
0.29    0.0119043607752
0.33    0.0125576841373
0.37    0.0130415745371
0.41    0.00945736154718
0.45    0.00797521763961
0.49    0.0073720188126
0.53    0.00831698612867
0.57    0.0120343218192
0.61    0.0126331077545
0.65    0.0149733614172
0.69    0.0163395261569
0.73    0.0192204422956
0.77    0.0190710323557
0.81    0.0142123575995
0.85    0.0119499368651
0.89    0.0135955395383
0.93    0.0137828967693
0.97    0.0139057377425
1.01    0.0124601164356
1.05    0.0101779850845
1.09    0.0119520464766
1.13    0.0140295884342
1.17    0.0136221466058
1.21    0.0143338862381
1.25    0.015384452316
1.29    0.0157139773151
1.33    0.0160449430103
1.37    0.0156620270901
1.41    0.0168906207359
1.45    0.0222879653944
1.49    0.0257707905657
1.53    0.02774583827
1.57    0.0290006450858
1.61    0.0287326146307
1.65    0.0273431313502
1.69    0.0260098588239
1.73    0.0260273499225
1.77    0.0267859011139
1.81    0.0277302093988
1.85    0.028687591923
1.89    0.0296553850331
1.93    0.033179314133
1.97    0.037181331696
2.01    0.0410149721993
2.05    0.0441184750257
2.09    0.0461682398677
2.13    0.047103813063
2.17    0.0486867682663
2.21    0.0510245392664
2.25    0.0518707706831
2.29    0.0538326341973
2.33    0.0556096414847
2.37    0.0569545589837
2.41    0.058751378636
2.45    0.0650733902512
2.49    0.0704847014342
2.53    0.0748052154887
2.57    0.0781648437728
2.61    0.0808214591509
2.65    0.0825270428036
2.69    0.0832361011484
2.73    0.0831524733212
2.77    0.0826503619251
2.81    0.0818556464831
2.85    0.081128748717
2.89    0.0807453950188
2.93    0.0805072408919
2.97    0.0807144165347
3.01    0.0815310226078
3.05    0.0830201914888
3.09    0.0851728682926
3.13    0.0879136612132
3.17    0.0911305647878
3.21    0.0945845196078
3.25    0.0979262183525
3.29    0.100834466703
3.33    0.103067378914
3.37    0.104496015199
3.41    0.105082319446
3.45    0.104939421362
3.49    0.104344075573
3.53    0.10345949973
3.57    0.102145676288
3.61    0.100449151028
3.65    0.0985179828305
3.69    0.0965106811123
3.73    0.0945882339406
3.77    0.0928796852545
3.81    0.0914682454267
3.85    0.0904031559156
3.89    0.0896860390348
3.93    0.0893003083658
3.97    0.089208543779
4.01    0.089356903513
4.05    0.0896851959611
4.09    0.0901490226274
4.13    0.0907172397636
4.17    0.0913837055472
4.21    0.092181680843
4.25    0.093190526788
4.29    0.0943487508092
4.33    0.0959008297298
4.37    0.0976981169962
4.41    0.0997116032198
4.45    0.101978501138
4.49    0.104534021665
4.53    0.107407995494
4.57    0.11062087897
4.61    0.114180628272
4.65    0.118081152681
4.69    0.122304279165
4.73    0.126823656607
4.77    0.1316014524
4.81    0.136594904472
4.85    0.141753250103
4.89    0.147025673014
4.93    0.152380279494
4.97    0.157796124717
5.01    0.163193841635
5.05    0.16844351539
5.09    0.173440583139
5.13    0.178098045979
5.17    0.182360300852
5.21    0.186208191673
5.25    0.189649176975
5.29    0.192764987282
5.33    0.195557289278
5.37    0.197930234099
5.41    0.20048530742
5.45    0.20634277688
5.49    0.211968312384
5.53    0.217289338991
5.57    0.222244832606
5.61    0.226798986785
5.65    0.230998808585
5.69    0.234921030287
5.73    0.238482748876
5.77    0.241591964587
5.81    0.244200434486
5.85    0.246306297328
5.89    0.247893105897
5.93    0.248937078576
5.97    0.249417517912
6.01    0.24932832884
6.05    0.248711496049
6.09    0.247646295285
6.13    0.246323597974
6.17    0.244805995903
6.21    0.243012292548
6.25    0.245109432531
6.29    0.247475309243
6.33    0.249767100412
6.37    0.25197620574
6.41    0.253943436105
6.45    0.255651464492
6.49    0.257097374872
6.53    0.258316965672
6.57    0.259565752561
6.61    0.260763925099
6.65    0.261728218835
6.69    0.262426927575
6.73    0.262872959165
6.77    0.263172159096
6.81    0.263451000721
6.85    0.2635376751
6.89    0.263336829646
6.93    0.262826981441
6.97    0.262007727406
7.01    0.260893071931
7.05    0.259497377166
7.09    0.257849251042
7.13    0.255990956023
7.17    0.254111424325
7.21    0.252325051388
7.25    0.250398963317
7.29    0.248288167928
7.33    0.245984799049
7.37    0.243485772207
7.41    0.240794131204
7.45    0.237920292763
7.49    0.234877692438
7.53    0.231673530049
7.57    0.228319088989
7.61    0.224824916825
7.65    0.221207209993
7.69    0.217510084222
7.73    0.216360079817
7.77    0.215146494672
7.81    0.213875695937
7.85    0.213006237746
7.89    0.212779492028
7.93    0.212467352302
7.97    0.212066184502
8.01    0.211574090634
8.05    0.210987472177
8.09    0.210311362183
8.13    0.209548012658
8.17    0.208706669652
8.21    0.20779555539
8.25    0.206830592763
8.29    0.205820040243
8.33    0.204759723304
8.37    0.203649500565
8.41    0.202500892068
8.45    0.201330259201
8.49    0.200150298763
8.53    0.198948831056
8.57    0.197712403756
8.61    0.196435736274
8.65    0.195115357781
8.69    0.193752752716
8.73    0.19234726607
8.77    0.190900870084
8.81    0.189416221955
8.85    0.187895885773
8.89    0.186342333736
8.93    0.184757947462
8.97    0.18314553733
9.01    0.181507666715
9.05    0.179848975372
9.09    0.178173701458
9.13    0.176483879857
9.17    0.174787446642
9.21    0.173087720242
9.25    0.171855166615
9.29    0.171257478362
9.33    0.170643739648
9.37    0.170015759914
9.41    0.169378005025
9.45    0.168746668312
9.49    0.168142113708
9.53    0.167539153861
9.57    0.166936104738
9.61    0.166333508393
9.65    0.165743669938
9.69    0.165158279178
9.73    0.164567639667
9.77    0.163970063906
9.81    0.163363308602
9.85    0.162747167965
9.89    0.162121286522
9.93    0.161486235965
9.97    0.160842901804
