0.05    3.55176068121e-05
0.09    0.000152865294535
0.13    0.000323273136842
0.17    0.000762432304704
0.21    0.00170503553892
0.25    0.00296910548101
0.29    0.00346846290121
0.33    0.00555180068043
0.37    0.00887033803184
0.41    0.00779067581061
0.45    0.00694132413631
0.49    0.0082798287983
0.53    0.00785659223321
0.57    0.00756048231675
0.61    0.00828337018934
0.65    0.0100023634708
0.69    0.0105217065558
0.73    0.00884654485104
0.77    0.00885132657879
0.81    0.0083765991977
0.85    0.00817887298572
0.89    0.00793258616725
0.93    0.00816196624636
0.97    0.00922480586102
1.01    0.0102340992452
1.05    0.0123825814775
1.09    0.0150191880224
1.13    0.0180368514958
1.17    0.0210201633099
1.21    0.0234232841025
1.25    0.025257710344
1.29    0.0270420733449
1.33    0.0284803388897
1.37    0.0317964309933
1.41    0.0338547995823
1.45    0.0344606826531
1.49    0.0336424249821
1.53    0.0316516891653
1.57    0.0345775196235
1.61    0.0356638436634
1.65    0.0359043855307
1.69    0.0341785533229
1.73    0.0321344508659
1.77    0.0320809726442
1.81    0.0329593318311
1.85    0.0347199684825
1.89    0.0369921491204
1.93    0.0393801581132
1.97    0.0416256576323
2.01    0.0435395663502
2.05    0.0448674776447
2.09    0.0454669529923
2.13    0.0453130988302
2.17    0.0444139985818
2.21    0.0428251218184
2.25    0.0422371223794
2.29    0.0432232456448
2.33    0.0440465236237
2.37    0.0447136566489
2.41    0.0452233727801
2.45    0.0465474757202
2.49    0.048201861848
2.53    0.049610368202
2.57    0.0507487994048
2.61    0.051602000389
2.65    0.0521850613414
2.69    0.052538385346
2.73    0.0527340619704
2.77    0.0540393830587
2.81    0.0573679802058
2.85    0.060564345406
2.89    0.0635177271973
2.93    0.0663719361449
2.97    0.0693435375501
3.01    0.0725542915439
3.05    0.0760307148199
3.09    0.0797135514405
3.13    0.0834278156397
3.17    0.0869429077074
3.21    0.0900804570308
3.25    0.092742078331
3.29    0.0951296080445
3.33    0.0982563089393
3.37    0.101091173041
3.41    0.103600530757
3.45    0.106576062199
3.49    0.109168937841
3.53    0.111454968441
3.57    0.113536362815
3.61    0.115528237529
3.65    0.117504618354
3.69    0.119521451726
3.73    0.121658496766
3.77    0.123972019809
3.81    0.126444090147
3.85    0.128965478609
3.89    0.131437712456
3.93    0.133787495697
3.97    0.138056299147
4.01    0.143333720792
4.05    0.148601910481
4.09    0.153776705842
4.13    0.158752139363
4.17    0.163444850017
4.21    0.167820263801
4.25    0.171803052743
4.29    0.17676023341
4.33    0.185341490865
4.37    0.193869639195
4.41    0.202300241469
4.45    0.210601754799
4.49    0.218768324346
4.53    0.226820153815
4.57    0.234812472188
4.61    0.242827593616
4.65    0.250736115754
4.69    0.258369714939
4.73    0.265625053677
4.77    0.272457691871
4.81    0.27886682857
4.85    0.284924467095
4.89    0.290755490663
4.93    0.296559705829
4.97    0.302547943577
5.01    0.30838572369
5.05    0.313925723132
5.09    0.319205308545
5.13    0.324272010952
5.17    0.32906346428
5.21    0.333570525796
5.25    0.337861408304
5.29    0.341900702977
5.33    0.345633223176
5.37    0.349073337978
5.41    0.352278118155
5.45    0.355307929329
5.49    0.358112763121
5.53    0.360590874397
5.57    0.36267586891
5.61    0.364426432587
5.65    0.366119236349
5.69    0.368084412854
5.73    0.370299882072
5.77    0.372204414888
5.81    0.375441403673
5.85    0.378461051058
5.89    0.38124970296
5.93    0.383818247784
5.97    0.386199243457
6.01    0.388463707317
6.05    0.390772045606
6.09    0.39337719694
6.13    0.396039109082
6.17    0.398602899765
6.21    0.401010771227
6.25    0.403230744966
6.29    0.405262012661
6.33    0.407111675307
6.37    0.408830756296
6.41    0.410495514088
6.45    0.412107932796
6.49    0.413632368376
6.53    0.415043563016
6.57    0.416333460944
6.61    0.417500831777
6.65    0.418548792761
6.69    0.419479788679
6.73    0.420289963025
6.77    0.420974554486
6.81    0.421535916845
6.85    0.421978725421
6.89    0.42230920098
6.93    0.422529657389
6.97    0.422648177296
7.01    0.422675895479
7.05    0.422642408374
7.09    0.422576162925
7.13    0.422451327421
7.17    0.422226206799
7.21    0.421880807559
7.25    0.421406147844
7.29    0.420799470993
7.33    0.420062795672
7.37    0.419196588074
7.41    0.418205608869
7.45    0.417094678148
7.49    0.415873012491
7.53    0.414542400839
7.57    0.413108330054
7.61    0.411579948186
7.65    0.409961593773
7.69    0.408259996944
7.73    0.406482843543
7.77    0.404639631441
7.81    0.40273291491
7.85    0.40076785869
7.89    0.398754585344
7.93    0.396711273466
7.97    0.394661219239
8.01    0.392622882787
8.05    0.390603222995
8.09    0.388599282476
8.13    0.386589551919
8.17    0.384554874499
8.21    0.382485207345
8.25    0.380370603485
8.29    0.37820826328
8.33    0.376905686716
8.37    0.375772067039
8.41    0.374479377107
8.45    0.373028421776
8.49    0.371425299192
8.53    0.369677474927
8.57    0.367811223509
8.61    0.36588127425
8.65    0.36399518155
8.69    0.362154141268
8.73    0.360265684892
8.77    0.35828396966
8.81    0.356195983508
8.85    0.354005091088
8.89    0.351721848305
8.93    0.349350045697
8.97    0.346895924335
9.01    0.344381648403
9.05    0.341849555629
9.09    0.339351257359
9.13    0.336891658179
9.17    0.334419124776
9.21    0.331904332896
9.25    0.329341109235
9.29    0.326718890298
9.33    0.324030035432
9.37    0.321278748893
9.41    0.318478597782
9.45    0.315651810829
9.49    0.312796103645
9.53    0.309902651646
9.57    0.306968644634
9.61    0.303997821976
9.65    0.301860547666
9.69    0.301546617226
9.73    0.301220168724
9.77    0.300881435586
9.81    0.300530957392
9.85    0.300169540105
9.89    0.299797016953
9.93    0.299414037614
9.97    0.29902122203
