0.05    3.13279795643e-05
0.09    0.000198382835401
0.13    0.000497851698452
0.17    0.00121227850591
0.21    0.00114068854587
0.25    0.00141188152419
0.29    0.00141651676042
0.33    0.00150677850349
0.37    0.00166109795991
0.41    0.00260876326762
0.45    0.00228739519747
0.49    0.00222929334011
0.53    0.00279926562873
0.57    0.00404120054338
0.61    0.00530063397424
0.65    0.00519950271702
0.69    0.00590874240843
0.73    0.00697172186661
0.77    0.00683421215407
0.81    0.0066171072302
0.85    0.00616756375541
0.89    0.0055998188105
0.93    0.00530128812751
0.97    0.00601521797371
1.01    0.00677224093489
1.05    0.00648378192422
1.09    0.00727026380431
1.13    0.00863230055676
1.17    0.00929089681874
1.21    0.00858293730044
1.25    0.0075757405999
1.29    0.00792550102913
1.33    0.00924491048471
1.37    0.0111238488041
1.41    0.0131863597137
1.45    0.0154645700568
1.49    0.0178681680308
1.53    0.0200242414698
1.57    0.0226673697297
1.61    0.0247098172092
1.65    0.0254043327539
1.69    0.0245899224709
1.73    0.0228194403692
1.77    0.0205525995865
1.81    0.0187748457454
1.85    0.0174644667062
1.89    0.0161034295403
1.93    0.0147120905849
1.97    0.0133139755714
2.01    0.012904740374
2.05    0.0134285673976
2.09    0.0140399999634
2.13    0.0146711479711
2.17    0.0155621757931
2.21    0.0161000864677
2.25    0.016186983302
2.29    0.0164201893985
2.33    0.0165679560589
2.37    0.0165991818377
2.41    0.0165244997057
2.45    0.0163582758557
2.49    0.016237480733
2.53    0.0166473151874
2.57    0.0177966468182
2.61    0.019774258615
2.65    0.0218017517493
2.69    0.0238021284515
2.73    0.0256751820459
2.77    0.0273869703471
2.81    0.0289614528134
2.85    0.0304437959767
2.89    0.0319338548361
2.93    0.0333953950661
2.97    0.0348500956981
3.01    0.0362997744467
3.05    0.0377261247141
3.09    0.039199348263
3.13    0.0408146934788
3.17    0.0424943052667
3.21    0.0439628074856
3.25    0.0451802223304
3.29    0.0462099214684
3.33    0.0471181204892
3.37    0.0477814147114
3.41    0.0498478210294
3.45    0.0517276991908
3.49    0.053223312474
3.53    0.0546123068049
3.57    0.0558298202953
3.61    0.0568117587145
3.65    0.0574581849678
3.69    0.0579044804611
3.73    0.0581628941569
3.77    0.0582835836791
3.81    0.0583460250652
3.85    0.0584329718078
3.89    0.0586317948675
3.93    0.0590231590496
3.97    0.0596734171219
4.01    0.0606277398006
4.05    0.0619085971988
4.09    0.0635170784198
4.13    0.0654352832568
4.17    0.0676319912057
4.21    0.0700744371603
4.25    0.0727276466497
4.29    0.0755600597526
4.33    0.0785421870888
4.37    0.0816337671059
4.41    0.0847538502873
4.45    0.0878451394744
4.49    0.0908876564433
4.53    0.093875092455
4.57    0.0967536577775
4.61    0.0995116876395
4.65    0.102117038115
4.69    0.104546943195
4.73    0.106817260003
4.77    0.108968864621
4.81    0.111010580296
4.85    0.112932289214
4.89    0.114720050584
4.93    0.116386197665
4.97    0.117912019154
5.01    0.119297175489
5.05    0.120576597393
5.09    0.121774049117
5.13    0.1229069895
5.17    0.124022640173
5.21    0.125115553487
5.25    0.126167691076
5.29    0.127236988465
5.33    0.128369113069
5.37    0.129514357986
5.41    0.130659308417
5.45    0.131851130663
5.49    0.133101305128
5.53    0.134389625875
5.57    0.135778254117
5.61    0.137224978006
5.65    0.138733367482
5.69    0.140275316503
5.73    0.141827915154
5.77    0.143382822663
5.81    0.144946019775
5.85    0.146516712137
5.89    0.148100850087
5.93    0.149710170339
5.97    0.151333273176
6.01    0.152976899532
6.05    0.154660355407
6.09    0.156374201275
6.13    0.158075161062
6.17    0.159734827774
6.21    0.161346042731
6.25    0.162901549496
6.29    0.164393180625
6.33    0.165819638529
6.37    0.167197591532
6.41    0.168598942093
6.45    0.169960071819
6.49    0.171248312768
6.53    0.17247964281
6.57    0.173661104224
6.61    0.174746436679
6.65    0.175732329382
6.69    0.176667900395
6.73    0.177536801644
6.77    0.178310906032
6.81    0.179040627476
6.85    0.179713423948
6.89    0.180318984204
6.93    0.180903276702
6.97    0.18141110176
7.01    0.181799859925
7.05    0.182090912516
7.09    0.182348631761
7.13    0.182571083779
7.17    0.182679471861
7.21    0.182710957112
7.25    0.182736922478
7.29    0.182706921932
7.33    0.18262187827
7.37    0.182621952049
7.41    0.1825790492
7.45    0.182447027837
7.49    0.182225471794
7.53    0.182098206639
7.57    0.181906053482
7.61    0.181891903131
7.65    0.182514345939
7.69    0.183057592756
7.73    0.183697817216
7.77    0.184202723727
7.81    0.184535659529
7.85    0.184875572972
7.89    0.18511010627
7.93    0.185257980062
7.97    0.185275627314
8.01    0.185199283775
8.05    0.185084882885
8.09    0.184865510433
8.13    0.184541263727
8.17    0.184124817194
8.21    0.183632594503
8.25    0.183084297373
8.29    0.182482581441
8.33    0.18173063821
8.37    0.180832538135
8.41    0.179814888692
8.45    0.178700636188
8.49    0.177485708094
8.53    0.176178974121
8.57    0.174841215147
8.61    0.174146204935
8.65    0.173414945888
8.69    0.172647358352
8.73    0.17184133605
8.77    0.170999208178
8.81    0.17012388422
8.85    0.169232532545
8.89    0.168347924661
8.93    0.167458329693
8.97    0.166561533887
9.01    0.165641754652
9.05    0.164696738156
9.09    0.163726779291
9.13    0.162732332173
9.17    0.16171643186
9.21    0.160680747908
9.25    0.159627578767
9.29    0.15855717582
9.33    0.157470938608
9.37    0.15636841332
9.41    0.155250793738
9.45    0.154119787814
9.49    0.152978816925
9.53    0.151829490711
9.57    0.150677372803
9.61    0.149525908488
9.65    0.148373327217
9.69    0.147217424549
9.73    0.146057462245
9.77    0.144894423959
9.81    0.143729565309
9.85    0.142564313342
9.89    0.141399626921
9.93    0.140240137375
9.97    0.139100847327
