0.05    0.000104028293903
0.09    0.000404330063167
0.13    0.0014512780436
0.17    0.00244380418854
0.21    0.00415919437739
0.25    0.00459268053612
0.29    0.00737865717017
0.33    0.0111655855473
0.37    0.0135269858015
0.41    0.0153343656888
0.45    0.0173741579057
0.49    0.0258043351342
0.53    0.0371821829209
0.57    0.051413752109
0.61    0.0581664933403
0.65    0.0616171717341
0.69    0.0578330453204
0.73    0.0470931312205
0.77    0.0375855838162
0.81    0.0408639391883
0.85    0.0476115997462
0.89    0.0503067847417
0.93    0.0500704573562
0.97    0.0514911669872
1.01    0.0601245455189
1.05    0.0703210725796
1.09    0.0771888415988
1.13    0.0820651613471
1.17    0.0900937186858
1.21    0.0955224615473
1.25    0.097457694216
1.29    0.101676919548
1.33    0.110004441179
1.37    0.118446710293
1.41    0.121598550508
1.45    0.115578805684
1.49    0.105261639473
1.53    0.12860217198
1.57    0.134301465977
1.61    0.129011070131
1.65    0.125878193208
1.69    0.133845003287
1.73    0.148035898116
1.77    0.157801071314
1.81    0.163967877868
1.85    0.156681143056
1.89    0.137021425345
1.93    0.128170016648
1.97    0.121812608746
2.01    0.115397137247
2.05    0.1124766683
2.09    0.106413491795
2.13    0.101528129202
2.17    0.105928640708
2.21    0.115034700699
2.25    0.120433259537
2.29    0.123118023522
2.33    0.124554930227
2.37    0.125086243201
2.41    0.125094209292
2.45    0.124904781812
2.49    0.124562383088
2.53    0.124135868741
2.57    0.123929932829
2.61    0.124279919833
2.65    0.124886642999
2.69    0.125517910476
2.73    0.125802151477
2.77    0.125375501013
2.81    0.123934697836
2.85    0.127177320402
2.89    0.129716191848
2.93    0.131138474098
2.97    0.131206959535
3.01    0.129827426282
3.05    0.126986569671
3.09    0.122675622688
3.13    0.116937077428
3.17    0.110049216684
3.21    0.102368109325
3.25    0.0943581005578
3.29    0.0866173666521
3.33    0.0850716081821
3.37    0.087548826249
3.41    0.0893814926016
3.45    0.0905092694995
3.49    0.0908980237588
3.53    0.0924554509152
3.57    0.092434890133
3.61    0.0910028321949
3.65    0.0995822153205
3.69    0.108377141292
3.73    0.116883195653
3.77    0.124678704935
3.81    0.131413452122
3.85    0.13685677451
3.89    0.140821213838
3.93    0.143166619692
3.97    0.14386958004
4.01    0.142927786208
4.05    0.140397033797
4.09    0.136400692081
4.13    0.13701666871
4.17    0.139683622145
4.21    0.13893568877
4.25    0.134881077401
4.29    0.127908648054
4.33    0.119505075115
4.37    0.121385207156
4.41    0.121630011427
4.45    0.120597208193
4.49    0.118710995483
4.53    0.116350465242
4.57    0.113803360391
4.61    0.111408868531
4.65    0.109358308693
4.69    0.108860868902
4.73    0.110209616015
4.77    0.111647257736
4.81    0.113281537568
4.85    0.11514472709
4.89    0.117204196632
4.93    0.119377623817
4.97    0.121561303286
5.01    0.123801073048
5.05    0.12593801008
5.09    0.127689750898
5.13    0.128865626306
5.17    0.129314182145
5.21    0.128904197703
5.25    0.127546706804
5.29    0.125193789365
5.33    0.121848095293
5.37    0.117562478475
5.41    0.113797835496
5.45    0.11507594649
5.49    0.115485325915
5.53    0.115048755422
5.57    0.114145606014
5.61    0.118428285806
5.65    0.122880753283
5.69    0.126397865995
5.73    0.128854141016
5.77    0.130296831264
5.81    0.130809376659
5.85    0.130501195464
5.89    0.129502112294
5.93    0.127948052104
5.97    0.130398737972
6.01    0.133061341547
6.05    0.135026570226
6.09    0.136512075389
6.13    0.137812589667
6.17    0.139178516153
6.21    0.140621127731
6.25    0.141932203535
6.29    0.143109111257
6.33    0.144179714976
6.37    0.145164486982
6.41    0.146075588681
6.45    0.146923215355
6.49    0.147772645718
6.53    0.14953746277
6.57    0.151341044839
6.61    0.153087530904
6.65    0.154989399134
6.69    0.156704190628
6.73    0.158178499336
6.77    0.159384687087
6.81    0.16025475145
6.85    0.160718081809
6.89    0.160734395409
6.93    0.160292214524
6.97    0.159401492908
7.01    0.158097377019
7.05    0.15644574547
7.09    0.154494982282
7.13    0.152341575434
7.17    0.150111897374
7.21    0.147676564172
7.25    0.145054608631
7.29    0.142294557941
7.33    0.139452111936
7.37    0.136585287808
7.41    0.133748137143
7.45    0.130989271693
7.49    0.12835072388
7.53    0.125865798616
7.57    0.123557925494
7.61    0.121442494367
7.65    0.119524014027
7.69    0.117801665832
7.73    0.116263757909
7.77    0.114892975973
7.81    0.113666303787
7.85    0.11262824414
7.89    0.112599577627
7.93    0.112727176316
7.97    0.112993048369
8.01    0.113374031917
8.05    0.113838924565
8.09    0.114361405046
8.13    0.114905115995
8.17    0.115440083485
8.21    0.115929240757
8.25    0.116345524808
8.29    0.116653778148
8.33    0.116826124286
8.37    0.116837269082
8.41    0.116665971107
8.45    0.116291650933
8.49    0.115699287348
8.53    0.114879493574
8.57    0.113824891761
8.61    0.11253300409
8.65    0.111006590167
8.69    0.109251178319
8.73    0.107277024773
8.77    0.105245266708
8.81    0.103129949569
8.85    0.100814610526
8.89    0.098316712607
8.93    0.0956592642673
8.97    0.0928620085138
9.01    0.0931057674392
9.05    0.0935847406013
9.09    0.0938707609496
9.13    0.0939581267101
9.17    0.0938445649561
9.21    0.0938379256026
9.25    0.094001057776
9.29    0.0939568848374
9.33    0.0937054976726
9.37    0.0932452404894
9.41    0.0925774640857
9.45    0.0917049093519
9.49    0.0906316239156
9.53    0.0918688741901
9.57    0.0935517002261
9.61    0.0951420538793
9.65    0.0966300161124
9.69    0.0980141332787
9.73    0.0992924617262
9.77    0.100458315393
9.81    0.101516167181
9.85    0.102457701806
9.89    0.10328667262
9.93    0.103999257246
9.97    0.10459709928
