0.05    0.000122421521562
0.09    0.000445837063996
0.13    0.00120532628869
0.17    0.00230806873569
0.21    0.00416617276441
0.25    0.00540056701937
0.29    0.00690534213212
0.33    0.0115310593492
0.37    0.0232140573531
0.41    0.0283565491115
0.45    0.0243842641648
0.49    0.0247002080164
0.53    0.0378873140064
0.57    0.0540519837392
0.61    0.0676919024982
0.65    0.0629653920753
0.69    0.055477364078
0.73    0.0489890813182
0.77    0.0385491168302
0.81    0.0447540448246
0.85    0.0578570286296
0.89    0.0642656597182
0.93    0.060402936259
0.97    0.0550180700442
1.01    0.0484845919938
1.05    0.0498479296592
1.09    0.0608048962951
1.13    0.0721153864122
1.17    0.0802441875507
1.21    0.0889418989141
1.25    0.0942442822725
1.29    0.0905439387482
1.33    0.08220271357
1.37    0.0834737790185
1.41    0.0891923593221
1.45    0.0935389114089
1.49    0.0948227370838
1.53    0.0932621916573
1.57    0.0945080359956
1.61    0.098321220302
1.65    0.100001552652
1.69    0.108293665938
1.73    0.110385105027
1.77    0.10668852157
1.81    0.101708275179
1.85    0.109735095512
1.89    0.109705393169
1.93    0.101622388821
1.97    0.0972159092463
2.01    0.08968612036
2.05    0.0813039521272
2.09    0.0787669939724
2.13    0.07496615997
2.17    0.0701703137949
2.21    0.0671210515802
2.25    0.0683529596492
2.29    0.0704692905282
2.33    0.0721498701274
2.37    0.072941622128
2.41    0.0727149997435
2.45    0.0759156778715
2.49    0.0798399864662
2.53    0.0831601911215
2.57    0.085644884762
2.61    0.087119046052
2.65    0.0874733022844
2.69    0.0866593396044
2.73    0.0846783451837
2.77    0.0815830806561
2.81    0.0793479978645
2.85    0.0813542988494
2.89    0.083151748765
2.93    0.0843885736191
2.97    0.0850216182454
3.01    0.0850729107714
3.05    0.0846183778189
3.09    0.0837534602726
3.13    0.0825422293468
3.17    0.0809854757118
3.21    0.0790921497043
3.25    0.0769033800242
3.29    0.0744694843329
3.33    0.0718401748343
3.37    0.0698659150268
3.41    0.0705232061716
3.45    0.0688105434031
3.49    0.0650748443886
3.53    0.0630340942375
3.57    0.0624029118046
3.61    0.06163135835
3.65    0.0613980449942
3.69    0.0611968304114
3.73    0.0624790158251
3.77    0.0650509666117
3.81    0.0669608676474
3.85    0.0682589411591
3.89    0.0690074619518
3.93    0.069276123814
3.97    0.0691444225123
4.01    0.0686986448578
4.05    0.0680249753633
4.09    0.0672065155705
4.13    0.0663249508276
4.17    0.0654547688444
4.21    0.064656814249
4.25    0.0639826564944
4.29    0.0634810463012
4.33    0.0631752116869
4.37    0.063083686451
4.41    0.0632134778979
4.45    0.0635611267141
4.49    0.0641144994487
4.53    0.0648563933898
4.57    0.0657570858655
4.61    0.0667850692656
4.65    0.067905265264
4.69    0.0690889156304
4.73    0.0702905286916
4.77    0.0714789905746
4.81    0.0726143543523
4.85    0.0736700508235
4.89    0.0746103672022
4.93    0.0754098208022
4.97    0.0760500173851
5.01    0.0765335264739
5.05    0.0778911529064
5.09    0.0825114703491
5.13    0.0870453908035
5.17    0.0913052203757
5.21    0.0950682824353
5.25    0.0981429198924
5.29    0.101025126082
5.33    0.106374092341
5.37    0.11100595683
5.41    0.114813276959
5.45    0.117403640685
5.49    0.118539494752
5.53    0.11809070273
5.57    0.1160158822
5.61    0.11256196389
5.65    0.11008880852
5.69    0.109151255538
5.73    0.111181566782
5.77    0.114342557327
5.81    0.119521132116
5.85    0.12398960537
5.89    0.127694109855
5.93    0.130612125666
5.97    0.132723282358
6.01    0.134003560844
6.05    0.134431450004
6.09    0.134005589226
6.13    0.132742625369
6.17    0.13066650512
6.21    0.127982965462
6.25    0.127186510123
6.29    0.126048907902
6.33    0.124580318344
6.37    0.122786254247
6.41    0.120674457058
6.45    0.118259690222
6.49    0.115550862121
6.53    0.114276787041
6.57    0.115183423116
6.61    0.115972211287
6.65    0.116638866019
6.69    0.117417266395
6.73    0.118650410087
6.77    0.11982724455
6.81    0.120950660885
6.85    0.122014848508
6.89    0.123022551208
6.93    0.123972435207
6.97    0.124861492476
7.01    0.125693990053
7.05    0.126465974077
7.09    0.12717618378
7.13    0.127829683764
7.17    0.128419952924
7.21    0.128950548689
7.25    0.129419735505
7.29    0.12982740187
7.33    0.130174573516
7.37    0.130460262196
7.41    0.130685337904
7.45    0.130850615236
7.49    0.130954431775
7.53    0.131001423939
7.57    0.130985543065
7.61    0.130916879876
7.65    0.130786905346
7.69    0.130602102826
7.73    0.131932473113
7.77    0.133572343143
7.81    0.135144235567
7.85    0.136656503015
7.89    0.138101115052
7.93    0.139479365912
7.97    0.140795762532
8.01    0.142042901873
8.05    0.143228401786
8.09    0.144347228163
8.13    0.145400399204
8.17    0.146391646743
8.21    0.14731458106
8.25    0.148179205355
8.29    0.14897674328
8.33    0.149713843605
8.37    0.150388035177
8.41    0.151000147047
8.45    0.151553467496
8.49    0.152043166967
8.53    0.152478465177
8.57    0.152851244058
8.61    0.153168725581
8.65    0.153428443558
8.69    0.153630076222
8.73    0.153780314161
8.77    0.153872797258
8.81    0.153913013928
8.85    0.153901884971
8.89    0.153836207247
8.93    0.153722244374
8.97    0.153559183024
9.01    0.153344939843
9.05    0.153084540065
9.09    0.152779379015
9.13    0.15242650314
9.17    0.152027815293
9.21    0.151590616827
9.25    0.151109217678
9.29    0.150584839283
9.33    0.150021551196
9.37    0.14942177633
9.41    0.148782530296
9.45    0.148105021605
9.49    0.147392837766
9.53    0.146648743661
9.57    0.145869823263
9.61    0.145057252055
9.65    0.145293968513
9.69    0.145769781712
9.73    0.146197681666
9.77    0.146580827203
9.81    0.146915842333
9.85    0.147205559221
9.89    0.147450538391
9.93    0.147649832695
9.97    0.147807481594
