0.05    3.32146410359e-05
0.09    0.00013575476129
0.13    0.000350427390881
0.17    0.000753251218805
0.21    0.0012529317515
0.25    0.00114920238716
0.29    0.00157432154525
0.33    0.0022568530994
0.37    0.00347098691145
0.41    0.00553893476615
0.45    0.00924015774548
0.49    0.0154644041194
0.53    0.0170524214495
0.57    0.0141278756862
0.61    0.0144176117365
0.65    0.0180639913559
0.69    0.0193798505824
0.73    0.0168503330365
0.77    0.0160851166396
0.81    0.0160419163354
0.85    0.0144464420819
0.89    0.0137209092353
0.93    0.013658860113
0.97    0.0132850566875
1.01    0.0129844856555
1.05    0.0127037810653
1.09    0.0127196194041
1.13    0.0142150338125
1.17    0.0153197063366
1.21    0.0154434996269
1.25    0.0146675131195
1.29    0.0145393049413
1.33    0.0154301940947
1.37    0.01644202234
1.41    0.0169081166644
1.45    0.0168629389297
1.49    0.0165136460542
1.53    0.0160925821671
1.57    0.0169607116827
1.61    0.0189894913992
1.65    0.0195668553944
1.69    0.0187014253059
1.73    0.016907112505
1.77    0.0150944029856
1.81    0.0142937293191
1.85    0.0149190930487
1.89    0.0162199021193
1.93    0.0172585088601
1.97    0.0176340791202
2.01    0.0174176528092
2.05    0.0170448952795
2.09    0.0170835107465
2.13    0.0179295081367
2.17    0.0196557783579
2.21    0.0219941477451
2.25    0.0244689951643
2.29    0.0266135491004
2.33    0.0281219853766
2.37    0.0288502259524
2.41    0.0288769944966
2.45    0.0284344410226
2.49    0.0277556720561
2.53    0.0271001178491
2.57    0.0265787670963
2.61    0.0262654613425
2.65    0.0261483435822
2.69    0.0261617479351
2.73    0.0262462825457
2.77    0.0263062473645
2.81    0.0270394856854
2.85    0.0281075032121
2.89    0.0290315380315
2.93    0.0297491289027
2.97    0.0302271335255
3.01    0.0304639766928
3.05    0.0304862511036
3.09    0.0303485351997
3.13    0.0301304387323
3.17    0.0299552172419
3.21    0.0307448296934
3.25    0.0314344466338
3.29    0.0321008520385
3.33    0.0327722893669
3.37    0.0334674609854
3.41    0.0342220755783
3.45    0.0350125682282
3.49    0.0358121177111
3.53    0.0365964002519
3.57    0.0373398483844
3.61    0.0380063892553
3.65    0.038579683279
3.69    0.0396304822285
3.73    0.0410540026781
3.77    0.0423694412019
3.81    0.0435197344965
3.85    0.0444504602974
3.89    0.0451659314644
3.93    0.0456323796443
3.97    0.0458731779796
4.01    0.0459361773621
4.05    0.0459833243998
4.09    0.0461742340014
4.13    0.046318182272
4.17    0.0463075558689
4.21    0.0461394466298
4.25    0.0458266409178
4.29    0.0453811843556
4.33    0.0448240516837
4.37    0.044182434708
4.41    0.0434839561018
4.45    0.0427863027777
4.49    0.0424623420892
4.53    0.0421584793537
4.57    0.0418631328366
4.61    0.041611087492
4.65    0.0413867430437
4.69    0.0412158728062
4.73    0.041092313019
4.77    0.0410109403201
4.81    0.0409901854961
4.85    0.0410105276445
4.89    0.0410635427549
4.93    0.0411591996623
4.97    0.0412763061757
5.01    0.0413995509316
5.05    0.0415361891569
5.09    0.0416628382987
5.13    0.0417618862373
5.17    0.0418480377114
5.21    0.0418835957408
5.25    0.0418775587654
5.29    0.041811236698
5.33    0.041685186162
5.37    0.0414853981606
5.41    0.0412212884724
5.45    0.0414527030976
5.49    0.0416524712297
5.53    0.0417700597384
5.57    0.0417923938955
5.61    0.0417182463382
5.65    0.041551596524
5.69    0.0412758329055
5.73    0.0409186722744
5.77    0.0404515925517
5.81    0.0399003586693
5.85    0.0392586371726
5.89    0.0385215119512
5.93    0.0377206860322
5.97    0.0368415646113
6.01    0.0358890132201
6.05    0.0348836297741
6.09    0.0346383187625
6.13    0.0345296757548
6.17    0.0343487636195
6.21    0.0341155209925
6.25    0.0338115399795
6.29    0.0334404222357
6.33    0.0330106375209
6.37    0.0325383693043
6.41    0.0327563311835
6.45    0.032993832022
6.49    0.033183251987
6.53    0.0333360589879
6.57    0.0334476467445
6.61    0.0335232160125
6.65    0.0335599196712
6.69    0.0335622614162
6.73    0.0335280708148
6.77    0.0334551367038
6.81    0.0333548590527
6.85    0.0332161634876
6.89    0.0330416201168
6.93    0.032845532766
6.97    0.0326162730106
7.01    0.0323558625614
7.05    0.0320689713723
7.09    0.0317643137404
7.13    0.0314341748257
7.17    0.0310806425649
7.21    0.0307057962733
7.25    0.0303184403678
7.29    0.0299162755624
7.33    0.0294983070906
7.37    0.0290664922374
7.41    0.0286227400386
7.45    0.028170541329
7.49    0.0277149534642
7.53    0.0272522726747
7.57    0.0267841759203
7.61    0.026312270789
7.65    0.025838092865
7.69    0.0253631036685
7.73    0.0248886891273
7.77    0.0244161585389
7.81    0.0239494455175
7.85    0.0234867151815
7.89    0.0230289373677
7.93    0.022577131584
7.97    0.0221322417438
8.01    0.0216951372313
8.05    0.0212666142275
8.09    0.0208473972635
8.13    0.0204381409756
8.17    0.0200394320384
8.21    0.0196517912477
8.25    0.019275675734
8.29    0.019002472101
8.33    0.0189496892019
8.37    0.0192246690316
8.41    0.0194847682704
8.45    0.0197294723099
8.49    0.0199583757438
8.53    0.0201711767766
8.57    0.0203676714837
8.61    0.0205477479712
8.65    0.0207113804806
8.69    0.0208586234792
8.73    0.0209896057746
8.77    0.0211045246849
8.81    0.0212036402957
8.85    0.0212872698299
8.89    0.0213557821535
8.93    0.0214095924366
8.97    0.0214491569884
9.01    0.0214749682786
9.05    0.0214875501587
9.09    0.0214897847186
9.13    0.0214811013053
9.17    0.0214608151811
9.21    0.02142952561
9.25    0.0213878434167
9.29    0.0213363874998
9.33    0.0212757815693
9.37    0.0212066511066
9.41    0.0211296205459
9.45    0.0210453106705
9.49    0.0209543362202
9.53    0.0208573037054
9.57    0.0207548094191
9.61    0.0206474376432
9.65    0.0205357590386
9.69    0.0204203292152
9.73    0.0203016874705
9.77    0.0201803556915
9.81    0.0200568374107
9.85    0.0199316170077
9.89    0.0198051590495
9.93    0.0196779077591
9.97    0.0195502866077
