0.05    0.000349232871801
0.09    0.00135764517581
0.13    0.00340812209291
0.17    0.00649630642617
0.21    0.017908424671
0.25    0.0232760672679
0.29    0.0255208273844
0.33    0.03180473996
0.37    0.039269563986
0.41    0.0775581580242
0.45    0.112300824264
0.49    0.128205639831
0.53    0.107032401396
0.57    0.0787714966214
0.61    0.0765847654059
0.65    0.0928320996796
0.69    0.106109028556
0.73    0.088180359353
0.77    0.0924679790601
0.81    0.0935737310999
0.85    0.102840610907
0.89    0.10879564163
0.93    0.10186872559
0.97    0.0837668920208
1.01    0.0747990236198
1.05    0.0770493066362
1.09    0.0862279959965
1.13    0.0903794007335
1.17    0.0837496466396
1.21    0.0760095548739
1.25    0.0706893422838
1.29    0.0825691318036
1.33    0.094124919385
1.37    0.0989942465426
1.41    0.0991377181378
1.45    0.103079774761
1.49    0.105133809369
1.53    0.110544525266
1.57    0.118074059931
1.61    0.12338769523
1.65    0.121694792411
1.69    0.116102722728
1.73    0.108586843485
1.77    0.103943947612
1.81    0.10308073086
1.85    0.103344356998
1.89    0.106346627835
1.93    0.12199902287
1.97    0.139017229013
2.01    0.155636332728
2.05    0.170529952339
2.09    0.184598974163
2.13    0.20159680846
2.17    0.214585922937
2.21    0.231708065794
2.25    0.25381115751
2.29    0.271169055699
2.33    0.281294273232
2.37    0.28397643073
2.41    0.278804314756
2.45    0.270731031945
2.49    0.27024092502
2.53    0.266906130109
2.57    0.261473325948
2.61    0.254340483694
2.65    0.245690203233
2.69    0.235639187907
2.73    0.226374708229
2.77    0.219702646036
2.81    0.21273018522
2.85    0.205520404716
2.89    0.198213367536
2.93    0.190966164617
2.97    0.183834782523
3.01    0.176957579754
3.05    0.170431389036
3.09    0.164319400291
3.13    0.1586580951
3.17    0.153483467498
3.21    0.148806068732
3.25    0.144576866579
3.29    0.140792482106
3.33    0.13737402385
3.37    0.13428405064
3.41    0.131455501273
3.45    0.129834684008
3.49    0.129184447989
3.53    0.128790421174
3.57    0.128607864875
3.61    0.128598894039
3.65    0.12872583107
3.69    0.128952039117
3.73    0.129242574611
3.77    0.12956735574
3.81    0.129927936632
3.85    0.130789971883
3.89    0.131433779538
3.93    0.131359864124
3.97    0.130899685785
4.01    0.130963499699
4.05    0.130908937087
4.09    0.130725236696
4.13    0.130433027107
4.17    0.130013113097
4.21    0.129447252645
4.25    0.128774039605
4.29    0.127949847423
4.33    0.12701816596
4.37    0.125945215239
4.41    0.12564987894
4.45    0.127402782912
4.49    0.129145256955
4.53    0.130870055561
4.57    0.13257059083
4.61    0.134240913123
4.65    0.135875688238
4.69    0.137470171895
4.73    0.139020182211
4.77    0.140522070778
4.81    0.141988514947
4.85    0.143409495651
4.89    0.144774603951
4.93    0.146081959805
4.97    0.147330069299
5.01    0.148517795798
5.05    0.149644331906
5.09    0.150709172372
5.13    0.151712088046
5.17    0.152653100979
5.21    0.153532460694
5.25    0.154350621695
5.29    0.155108222213
5.33    0.155827000188
5.37    0.156490220632
5.41    0.157095407944
5.45    0.157643722429
5.49    0.158136422764
5.53    0.158574851786
5.57    0.158960423354
5.61    0.159294610237
5.65    0.159578932986
5.69    0.159814949737
5.73    0.160004246899
5.77    0.160148430684
5.81    0.160249119417
5.85    0.160307936586
5.89    0.160338636949
5.93    0.160337383724
5.97    0.160298643813
6.01    0.160224004852
6.05    0.160115035408
6.09    0.159973281451
6.13    0.159800263276
6.17    0.159597472834
6.21    0.159366371447
6.25    0.159108387871
6.29    0.158824916678
6.33    0.158517316925
6.37    0.158186911096
6.41    0.157834984282
6.45    0.157462783573
6.49    0.157071517655
6.53    0.156662356584
6.57    0.15623643171
6.61    0.155794835757
6.65    0.155339769146
6.69    0.154880929545
6.73    0.154409108743
6.77    0.153925256079
6.81    0.153430284291
6.85    0.152925070125
6.89    0.152410455013
6.93    0.151887245792
6.97    0.151356215465
7.01    0.150818104
7.05    0.150273619153
7.09    0.149723437313
7.13    0.149168204365
7.17    0.148608536562
7.21    0.148045021404
7.25    0.147478218524
7.29    0.146908660571
7.33    0.146336854088
7.37    0.146168378891
7.41    0.146991695381
7.45    0.147684308715
7.49    0.148239560212
7.53    0.148691019469
7.57    0.149013284166
7.61    0.149216014353
7.65    0.149320331525
7.69    0.149307490766
7.73    0.14919050644
7.77    0.148983558902
7.81    0.148672367414
7.85    0.14827156795
7.89    0.147790304954
7.93    0.147217684386
7.97    0.14657371475
8.01    0.145854556625
8.05    0.145064275403
8.09    0.144245545378
8.13    0.144117331402
8.17    0.143903741757
8.21    0.143618265833
8.25    0.143259937476
8.29    0.14283256108
8.33    0.142342545512
8.37    0.141790159033
8.41    0.141181063983
8.45    0.140520059751
8.49    0.139804250805
8.53    0.139048465351
8.57    0.138244188496
8.61    0.137397959029
8.65    0.136513930796
8.69    0.135587900762
8.73    0.135714245472
8.77    0.136215825948
8.81    0.136682961747
8.85    0.13712353717
8.89    0.137529107741
8.93    0.137900753936
8.97    0.138239543673
9.01    0.138556325494
9.05    0.138843623609
9.09    0.139100997104
9.13    0.139329452124
9.17    0.139529977772
9.21    0.139713700303
9.25    0.139871447965
9.29    0.140003939455
9.33    0.140112090474
9.37    0.14019679748
9.41    0.140268346102
9.45    0.140318083498
9.49    0.140346767184
9.53    0.140355215825
9.57    0.140347331922
9.61    0.140326323736
9.65    0.140287242335
9.69    0.140230828775
9.73    0.14015997889
9.77    0.140079040078
9.81    0.139982708122
9.85    0.139871648762
9.89    0.139751422118
9.93    0.139620213833
9.97    0.139476004689
