0.05    0.000325698983952
0.09    0.00139412440075
0.13    0.00363827927168
0.17    0.00594379831743
0.21    0.0116609487689
0.25    0.0164555282057
0.29    0.0224120049403
0.33    0.0232151117287
0.37    0.0342549674814
0.41    0.0567131954676
0.45    0.076676437738
0.49    0.0732663166513
0.53    0.0584675840235
0.57    0.0584088777289
0.61    0.0714135877852
0.65    0.102385140923
0.69    0.132043575573
0.73    0.129285050319
0.77    0.107162147369
0.81    0.0912566283378
0.85    0.0827053616307
0.89    0.0784030499593
0.93    0.0746968021439
0.97    0.0721244513283
1.01    0.07139309026
1.05    0.0704901038235
1.09    0.0687421892605
1.13    0.0713886733653
1.17    0.0817027234627
1.21    0.0910421718136
1.25    0.093798309523
1.29    0.0899212406311
1.33    0.0830620861202
1.37    0.0891609705253
1.41    0.0961940616245
1.45    0.101872059947
1.49    0.109059755065
1.53    0.131267913973
1.57    0.152553523485
1.61    0.167994082566
1.65    0.175007145843
1.69    0.17468971626
1.73    0.171768136499
1.77    0.16324776228
1.81    0.159886284661
1.85    0.159536466698
1.89    0.154958962138
1.93    0.150262254098
1.97    0.159931336919
2.01    0.171389685286
2.05    0.181579097151
2.09    0.190391716486
2.13    0.197798384887
2.17    0.203796709534
2.21    0.208414552807
2.25    0.211710791992
2.29    0.213770292196
2.33    0.214692612377
2.37    0.214578631066
2.41    0.213521342177
2.45    0.211603748191
2.49    0.208901592232
2.53    0.205486589736
2.57    0.201435550203
2.61    0.196926690789
2.65    0.19192146724
2.69    0.186552519752
2.73    0.180895903643
2.77    0.175004000745
2.81    0.168936111369
2.85    0.162801554378
2.89    0.156581435972
2.93    0.150352285152
2.97    0.14553356315
3.01    0.145171733046
3.05    0.145358928172
3.09    0.146918004456
3.13    0.147546998882
3.17    0.147375975197
3.21    0.146572477783
3.25    0.147432344696
3.29    0.148532907483
3.33    0.149072010879
3.37    0.149086154742
3.41    0.148624194771
3.45    0.147732250799
3.49    0.146456940137
3.53    0.144859393983
3.57    0.143020809882
3.61    0.140947423774
3.65    0.138707948511
3.69    0.136357874868
3.73    0.133908829606
3.77    0.131417333033
3.81    0.138589537149
3.85    0.147153128203
3.89    0.155174542889
3.93    0.162481069047
3.97    0.168939247331
4.01    0.174493963198
4.05    0.17908468826
4.09    0.185022214581
4.13    0.191690511923
4.17    0.197812143963
4.21    0.203332084302
4.25    0.208311099875
4.29    0.212825786755
4.33    0.217866741223
4.37    0.225638178827
4.41    0.233013381099
4.45    0.240018783797
4.49    0.246785315389
4.53    0.253356836139
4.57    0.259619850602
4.61    0.265505545751
4.65    0.270956744906
4.69    0.275985061996
4.73    0.280543042161
4.77    0.284643735173
4.81    0.288313735201
4.85    0.291540796726
4.89    0.294406367342
4.93    0.296971662284
4.97    0.299417670207
5.01    0.301859126373
5.05    0.30410036496
5.09    0.306005260771
5.13    0.307555715785
5.17    0.308708321563
5.21    0.309470887097
5.25    0.30989389171
5.29    0.310067727875
5.33    0.310348565574
5.37    0.3109290279
5.41    0.312418460809
5.45    0.313741219966
5.49    0.314814828497
5.53    0.315624018325
5.57    0.316142634064
5.61    0.316323603129
5.65    0.316145915275
5.69    0.315592495439
5.73    0.314669405519
5.77    0.313388361497
5.81    0.311763472219
5.85    0.309808967965
5.89    0.307538732836
5.93    0.30496697414
5.97    0.302108956681
6.01    0.298980626843
6.05    0.295612229259
6.09    0.292010657523
6.13    0.292727349644
6.17    0.294017916579
6.21    0.295176532404
6.25    0.296202198916
6.29    0.297093566757
6.33    0.297850301071
6.37    0.298474737963
6.41    0.298973951986
6.45    0.299360358481
6.49    0.299649103359
6.53    0.299886070605
6.57    0.300196735066
6.61    0.300489517803
6.65    0.300698043068
6.69    0.300808520274
6.73    0.300821326798
6.77    0.300741326291
6.81    0.30057625841
6.85    0.300341795962
6.89    0.300055124768
6.93    0.299745345822
6.97    0.2994155039
7.01    0.299062740617
7.05    0.298676567568
7.09    0.298238190992
7.13    0.29775546602
7.17    0.297245601348
7.21    0.296788759858
7.25    0.296334440958
7.29    0.295820900693
7.33    0.295238699374
7.37    0.294578073509
7.41    0.293857800355
7.45    0.293044986178
7.49    0.292180927945
7.53    0.291230042358
7.57    0.290215916702
7.61    0.289140461872
7.65    0.287990019149
7.69    0.286784687063
7.73    0.285529630942
7.77    0.284210612462
7.81    0.282831449209
7.85    0.28141965223
7.89    0.279960557409
7.93    0.278451152042
7.97    0.276894831362
8.01    0.275303456105
8.05    0.273688904971
8.09    0.272036076788
8.13    0.270347949189
8.17    0.268627393119
8.21    0.266877174085
8.25    0.265117261339
8.29    0.263336630567
8.33    0.261533236916
8.37    0.259709458562
8.41    0.257867576611
8.45    0.256009777071
8.49    0.254138152916
8.53    0.252264913109
8.57    0.250387750909
8.61    0.24850185528
8.65    0.246608986751
8.69    0.244710823688
8.73    0.242808964588
8.77    0.240904930381
8.81    0.239000166728
8.85    0.23709604631
8.89    0.235193871138
8.93    0.233297717784
8.97    0.231413714957
9.01    0.229534675459
9.05    0.227661656254
9.09    0.225795654466
9.13    0.223937609478
9.17    0.222088405063
9.21    0.22024887143
9.25    0.218419787242
9.29    0.216601881595
9.33    0.21479583597
9.37    0.213002286091
9.41    0.211221823794
9.45    0.209454998815
9.49    0.20770232054
9.53    0.205964259703
9.57    0.204241250058
9.61    0.202533689965
9.65    0.200841943962
9.69    0.199166344279
9.73    0.197507192292
9.77    0.195865283432
9.81    0.194243144644
9.85    0.192637950871
9.89    0.191049902674
9.93    0.189479176156
9.97    0.187925924145
