0.05    0.000103215601257
0.09    0.000566373540084
0.13    0.00105757266419
0.17    0.0024368014264
0.21    0.00342952183402
0.25    0.00643877033884
0.29    0.00694179699793
0.33    0.00908910254928
0.37    0.0101749752294
0.41    0.00957495201728
0.45    0.0104534729022
0.49    0.0150420365533
0.53    0.0182586900243
0.57    0.0218556013357
0.61    0.0245615550977
0.65    0.025154488653
0.69    0.0267597751096
0.73    0.0246849029838
0.77    0.0254330136027
0.81    0.0272340311989
0.85    0.0272969301998
0.89    0.0339535268918
0.93    0.0484141873831
0.97    0.0527600729339
1.01    0.0593630489924
1.05    0.072731667407
1.09    0.0692794913325
1.13    0.0591268840977
1.17    0.0699213054502
1.21    0.0792391162716
1.25    0.0822156019217
1.29    0.0852468445162
1.33    0.0864782024585
1.37    0.0801897445006
1.41    0.0815316065333
1.45    0.0931518724527
1.49    0.106590271278
1.53    0.11039610551
1.57    0.10706678946
1.61    0.100347349465
1.65    0.0932670700581
1.69    0.0888341240755
1.73    0.101481098856
1.77    0.116989363279
1.81    0.132476017917
1.85    0.146286892169
1.89    0.153108521018
1.93    0.165329411967
1.97    0.175149524889
2.01    0.172913713001
2.05    0.162175739836
2.09    0.150118919357
2.13    0.141831283959
2.17    0.13802682391
2.21    0.13685200117
2.25    0.135814931855
2.29    0.135221766593
2.33    0.135114518223
2.37    0.132737360874
2.41    0.129421963471
2.45    0.12613397499
2.49    0.123900241294
2.53    0.122692757114
2.57    0.122185047896
2.61    0.12285469437
2.65    0.124440147101
2.69    0.124581895095
2.73    0.122889825268
2.77    0.118983125236
2.81    0.114953974114
2.85    0.110308430808
2.89    0.107396437371
2.93    0.106222579456
2.97    0.10347384908
3.01    0.10061933785
3.05    0.0991545917718
3.09    0.101697701681
3.13    0.105089579419
3.17    0.110368012072
3.21    0.118429655619
3.25    0.129132461377
3.29    0.14109260512
3.33    0.152389558078
3.37    0.161510192154
3.41    0.167708332627
3.45    0.171023116053
3.49    0.172268609947
3.53    0.179372847391
3.57    0.187323649025
3.61    0.193074780111
3.65    0.196605402293
3.69    0.197451993752
3.73    0.195743267962
3.77    0.192338655733
3.81    0.188517071337
3.85    0.18527568373
3.89    0.183114066173
3.93    0.184642560158
3.97    0.19151635796
4.01    0.196356878988
4.05    0.199223687972
4.09    0.200623964582
4.13    0.200019356071
4.17    0.199357105217
4.21    0.201095807445
4.25    0.200920817365
4.29    0.198950250414
4.33    0.195294032103
4.37    0.190100770709
4.41    0.185723211444
4.45    0.186632214873
4.49    0.185115414369
4.53    0.181532379792
4.57    0.176368938672
4.61    0.170464887168
4.65    0.166044025212
4.69    0.163234279803
4.73    0.159641414879
4.77    0.155513293946
4.81    0.151150964286
4.85    0.146849055258
4.89    0.142849539583
4.93    0.139321931744
4.97    0.139059221883
5.01    0.139508861831
5.05    0.139042190631
5.09    0.137647880521
5.13    0.135295333819
5.17    0.134686577771
5.21    0.134644458652
5.25    0.134493664069
5.29    0.134232518611
5.33    0.138113907539
5.37    0.142543171471
5.41    0.146446078018
5.45    0.149632379817
5.49    0.15193291792
5.53    0.153224388592
5.57    0.153562630569
5.61    0.156066293918
5.65    0.157960606219
5.69    0.160841391993
5.73    0.163753626122
5.77    0.165748546259
5.81    0.167438570396
5.85    0.17148350406
5.89    0.174739677967
5.93    0.177149770747
5.97    0.178675572086
6.01    0.179292419004
6.05    0.179002715716
6.09    0.177830312691
6.13    0.175819864158
6.17    0.173025731644
6.21    0.174054719832
6.25    0.173738357752
6.29    0.171998425376
6.33    0.17391229766
6.37    0.176951841832
6.41    0.178781672245
6.45    0.17949570462
6.49    0.179227468303
6.53    0.178162741606
6.57    0.176501721692
6.61    0.174469090119
6.65    0.172283524082
6.69    0.169927802086
6.73    0.167455588126
6.77    0.164987897417
6.81    0.162621989469
6.85    0.160420476332
6.89    0.15843107259
6.93    0.156688784075
6.97    0.15521171783
7.01    0.15400607791
7.05    0.153060357448
7.09    0.152347945601
7.13    0.151827836203
7.17    0.151450571491
7.21    0.151161315534
7.25    0.150904197072
7.29    0.150624061942
7.33    0.150269246758
7.37    0.149793485207
7.41    0.149158180266
7.45    0.148331472995
7.49    0.147287313858
7.53    0.146009867003
7.57    0.144485075671
7.61    0.142707666921
7.65    0.140681466447
7.69    0.142023039531
7.73    0.143453198015
7.77    0.144715831524
7.81    0.145791907753
7.85    0.14667449506
7.89    0.147358300685
7.93    0.147844053296
7.97    0.148134226263
8.01    0.148232392686
8.05    0.14814308882
8.09    0.147872064892
8.13    0.147431253915
8.17    0.146826267312
8.21    0.146067184777
8.25    0.145165712084
8.29    0.144130080959
8.33    0.142969536793
8.37    0.141693248741
8.41    0.140309879623
8.45    0.138827594141
8.49    0.137254751691
8.53    0.135600218654
8.57    0.133869693603
8.61    0.132070142082
8.65    0.130211939721
8.69    0.12830039614
8.73    0.12634371336
8.77    0.124350901364
8.81    0.122329288729
8.85    0.120287455101
8.89    0.118236212463
8.93    0.116182231547
8.97    0.114136034418
9.01    0.112109447623
9.05    0.110110248574
9.09    0.108148803203
9.13    0.106235404848
9.17    0.104380175102
9.21    0.102592958848
9.25    0.100883216518
9.29    0.0992599165441
9.33    0.0977314307006
9.37    0.0963054348142
9.41    0.0949888171613
9.45    0.0937879648734
9.49    0.09296875559
9.53    0.0927243160312
9.57    0.0924277488284
9.61    0.0920816493988
9.65    0.0916833564639
9.69    0.0912323575091
9.73    0.0907290312754
9.77    0.0901740322893
9.81    0.0895704105164
9.85    0.0889183523553
9.89    0.0889512114707
9.93    0.0892380456035
9.97    0.0896255086194
