0.05    9.31010721732e-05
0.09    0.00059112982563
0.13    0.00130766316988
0.17    0.00278068589454
0.21    0.00417882225354
0.25    0.00683678161957
0.29    0.00685670423799
0.33    0.00866815253526
0.37    0.00799429375125
0.41    0.0112939460637
0.45    0.0133725238
0.49    0.0138954110135
0.53    0.0144907532394
0.57    0.0218526777322
0.61    0.0252136971188
0.65    0.0270578864203
0.69    0.0261116883967
0.73    0.022974481716
0.77    0.0220794219956
0.81    0.0281891052353
0.85    0.0356819258113
0.89    0.0326764992223
0.93    0.0332847681983
0.97    0.0334401438571
1.01    0.0399218751825
1.05    0.039304134829
1.09    0.0345518470754
1.13    0.0338538202848
1.17    0.0392927132682
1.21    0.0459674034361
1.25    0.0497266386523
1.29    0.0536391854356
1.33    0.0572660901826
1.37    0.06121537025
1.41    0.0707202523256
1.45    0.0775155169336
1.49    0.0814732783229
1.53    0.0840094785178
1.57    0.0810587032287
1.61    0.0762291226428
1.65    0.0818085883986
1.69    0.0855290321231
1.73    0.0870424689676
1.77    0.0955706205046
1.81    0.103745086867
1.85    0.115195506476
1.89    0.124026125968
1.93    0.124987451527
1.97    0.12467896064
2.01    0.119996757852
2.05    0.110630098568
2.09    0.109753017611
2.13    0.107993111959
2.17    0.105296818743
2.21    0.101911589827
2.25    0.0987135872572
2.29    0.095738129587
2.33    0.0922691492192
2.37    0.0883814127067
2.41    0.0843328500553
2.45    0.0843236424672
2.49    0.0851853944488
2.53    0.0873624685533
2.57    0.0905335199391
2.61    0.0927411599459
2.65    0.0939593343291
2.69    0.0942725489563
2.73    0.0952567673152
2.77    0.0948886511026
2.81    0.092491715628
2.85    0.0910512031395
2.89    0.090007376965
2.93    0.0874025409233
2.97    0.0831854107084
3.01    0.0823583731275
3.05    0.0888342389291
3.09    0.0926805020224
3.13    0.0944905042319
3.17    0.0951367475954
3.21    0.0955754873447
3.25    0.0964821603589
3.29    0.0979499588376
3.33    0.0995782291921
3.37    0.100989193252
3.41    0.102282452599
3.45    0.102901254461
3.49    0.102097097892
3.53    0.0997700206703
3.57    0.099425058045
3.61    0.102841712768
3.65    0.104870964062
3.69    0.105448850534
3.73    0.104584806126
3.77    0.102494113009
3.81    0.0994649176913
3.85    0.0958283388687
3.89    0.0919097970131
3.93    0.0880210888538
3.97    0.0844524737177
4.01    0.0814617349091
4.05    0.0792523018151
4.09    0.0779541209057
4.13    0.0776344442573
4.17    0.0782872880846
4.21    0.0798442937237
4.25    0.0821886783309
4.29    0.0851708372277
4.33    0.0886216746169
4.37    0.0923710916407
4.41    0.0962543783358
4.45    0.100123088703
4.49    0.103842692887
4.53    0.107301126591
4.57    0.110398536075
4.61    0.11305110098
4.65    0.115201199372
4.69    0.116806508506
4.73    0.117842680131
4.77    0.118302449265
4.81    0.118197009851
4.85    0.117538755001
4.89    0.116355205218
4.93    0.114691114756
4.97    0.112582159327
5.01    0.110086360865
5.05    0.107255595972
5.09    0.104146909254
5.13    0.100819944911
5.17    0.0973332965602
5.21    0.0937431224369
5.25    0.0904506209595
5.29    0.0917433588683
5.33    0.0925697236591
5.37    0.0929832462606
5.41    0.093031346356
5.45    0.0927660912404
5.49    0.0922366612776
5.53    0.0914913300382
5.57    0.0905668982644
5.61    0.0894975331671
5.65    0.0883096075759
5.69    0.0870215254989
5.73    0.0856439202427
5.77    0.084180193704
5.81    0.0826273646604
5.85    0.0809771762076
5.89    0.0792192215713
5.93    0.0776909956185
5.97    0.0777440944021
6.01    0.077805850889
6.05    0.0778583867279
6.09    0.0779499941327
6.13    0.078438550188
6.17    0.0788665739436
6.21    0.0792081302907
6.25    0.0805572898644
6.29    0.0820620846224
6.33    0.0835737439606
6.37    0.0850641550127
6.41    0.0865176538636
6.45    0.0879060373042
6.49    0.0892090870016
6.53    0.0904077203569
6.57    0.0914841803952
6.61    0.0925120856715
6.65    0.0934432882905
6.69    0.0942134724529
6.73    0.094802346384
6.77    0.0951941237968
6.81    0.0953771909071
6.85    0.0953376925315
6.89    0.0950685529601
6.93    0.0945618875339
6.97    0.0938116678138
7.01    0.0928158387298
7.05    0.0928773640366
7.09    0.0941158602847
7.13    0.0951930626875
7.17    0.0961167976635
7.21    0.0969097336749
7.25    0.0975333598122
7.29    0.0979750384661
7.33    0.0982273854503
7.37    0.0982874947708
7.41    0.0981550537368
7.45    0.0978287314593
7.49    0.0973103475215
7.53    0.0967363399611
7.57    0.0960842517829
7.61    0.0952610309622
7.65    0.0944245973027
7.69    0.0934064378408
7.73    0.0922072534921
7.77    0.0908337488702
7.81    0.089290600193
7.85    0.0908148049665
7.89    0.0924592186701
7.93    0.094044039178
7.97    0.095562146522
8.01    0.0970160999571
8.05    0.0983989262168
8.09    0.0997143382678
8.13    0.100954807394
8.17    0.10212577714
8.21    0.103219511534
8.25    0.10424098109
8.29    0.105184653807
8.33    0.106053823217
8.37    0.106845544984
8.41    0.107561153263
8.45    0.108200230058
8.49    0.108762410132
8.53    0.109249107417
8.57    0.109659252246
8.61    0.109994646187
8.65    0.110255274016
8.69    0.110441233193
8.73    0.110555854282
8.77    0.110595234427
8.81    0.110568114353
8.85    0.110468417754
8.89    0.110300910627
8.93    0.110067585844
8.97    0.109766091323
9.01    0.109403853173
9.05    0.108978040721
9.09    0.108489873567
9.13    0.107946400487
9.17    0.107343443491
9.21    0.106685630309
9.25    0.105975683242
9.29    0.105211932318
9.33    0.104401782833
9.37    0.103542121833
9.41    0.10263845334
9.45    0.101690260777
9.49    0.100702631553
9.53    0.0996756774786
9.57    0.0986130372394
9.61    0.0975184462144
9.65    0.0963957873291
9.69    0.0952449224919
9.73    0.0940643670705
9.77    0.0928557407001
9.81    0.0916198324841
9.85    0.0903568763943
9.89    0.0890710827251
9.93    0.087760832881
9.97    0.0873677350687
