0.05    1.50701544875e-05
0.09    6.39023740021e-05
0.13    0.000154023620168
0.17    0.000340343751525
0.21    0.000720167751737
0.25    0.00075222945629
0.29    0.00101224847424
0.33    0.00165190424432
0.37    0.0020928510901
0.41    0.00284414549015
0.45    0.00359850863002
0.49    0.0048243436837
0.53    0.00584623990054
0.57    0.00677471497485
0.61    0.00674404791274
0.65    0.00608769474399
0.69    0.00558903126353
0.73    0.00675383497177
0.77    0.00703578626536
0.81    0.00716546050803
0.85    0.00635316830517
0.89    0.00671254596123
0.93    0.00787571153665
0.97    0.00934027670954
1.01    0.0100463040568
1.05    0.00872171029017
1.09    0.00761063934623
1.13    0.00712087745266
1.17    0.00885793246853
1.21    0.00954970410771
1.25    0.0097859159428
1.29    0.0111110101534
1.33    0.0126384324891
1.37    0.0137747892979
1.41    0.0142031191904
1.45    0.0142922644262
1.49    0.0156815632931
1.53    0.0187276393513
1.57    0.0193293870963
1.61    0.0180280476028
1.65    0.0173196762837
1.69    0.0179178003504
1.73    0.0188172039673
1.77    0.0186961578344
1.81    0.0172146034118
1.85    0.014915922017
1.89    0.0132120605443
1.93    0.0120203552436
1.97    0.01147965199
2.01    0.012112189732
2.05    0.0132922714631
2.09    0.0143713597492
2.13    0.0154367679015
2.17    0.0165811484485
2.21    0.0183674323279
2.25    0.0202472886678
2.29    0.022203371092
2.33    0.0241058277673
2.37    0.0256173097617
2.41    0.0263925932393
2.45    0.0263689464887
2.49    0.0256570001675
2.53    0.0247819817851
2.57    0.0243496874296
2.61    0.0238832144674
2.65    0.0230656006863
2.69    0.0228580642057
2.73    0.0229890745694
2.77    0.0229178128766
2.81    0.02252605053
2.85    0.0217099843855
2.89    0.0204705951442
2.93    0.0189717295988
2.97    0.017777024349
3.01    0.016665767994
3.05    0.0156998701602
3.09    0.0149397665929
3.13    0.0143637681728
3.17    0.0138970265292
3.21    0.0134608671255
3.25    0.013010230166
3.29    0.0125466988179
3.33    0.0120926287632
3.37    0.011688504305
3.41    0.011364242698
3.45    0.0111265366699
3.49    0.0109579275776
3.53    0.0108251185063
3.57    0.0106914000983
3.61    0.010528032565
3.65    0.0103211506625
3.69    0.0100730826431
3.73    0.00979895607647
3.77    0.00952060061754
3.81    0.00925998354497
3.85    0.00903395527801
3.89    0.00885128376324
3.93    0.00871213875625
3.97    0.00860956560358
4.01    0.0085321551715
4.05    0.00846706124891
4.09    0.00840266519584
4.13    0.00833044337194
4.17    0.00824586757555
4.21    0.00814839920083
4.25    0.00804079111349
4.29    0.0079279809825
4.33    0.0078158582275
4.37    0.00771013577893
4.41    0.0076154815111
4.45    0.00753498334247
4.49    0.00746995155319
4.53    0.0074200102479
4.57    0.00738339970943
4.61    0.00735740098666
4.65    0.00733940602213
4.69    0.0073256534642
4.73    0.00731278248759
4.77    0.00729839883895
4.81    0.00728081277812
4.85    0.00725907258262
4.89    0.00723291439802
4.93    0.00720265206053
4.97    0.00716903151643
5.01    0.0071330724381
5.05    0.00709591565415
5.09    0.00705869005466
5.13    0.00702240750705
5.17    0.00698788961364
5.21    0.00695572623356
5.25    0.00692626276084
5.29    0.00689961122686
5.33    0.00687567929844
5.37    0.00685421102226
5.41    0.00683483354138
5.45    0.00681710479015
5.49    0.00680055818946
5.53    0.00678474146535
5.57    0.00676924778876
5.61    0.00675373839914
5.65    0.00673795668228
5.69    0.00672173429612
5.73    0.00670499037819
5.77    0.00668772513405
5.81    0.00667000922223
5.85    0.00665197034496
5.89    0.00663377835455
5.93    0.00661563002264
5.97    0.00659773441848
6.01    0.0065802996257
6.05    0.00656352131154
6.09    0.00654757346206
6.13    0.00653260142001
6.17    0.00651871721333
6.21    0.0065059970456
6.25    0.00649448073263
6.29    0.00648417281216
6.33    0.00647504502101
6.37    0.0064670398238
6.41    0.0064600746843
6.45    0.00645404679084
6.49    0.00644883797741
6.53    0.00644431961774
6.57    0.00644035730889
6.61    0.00643681520041
6.65    0.00643355986317
6.69    0.00643046362781
6.73    0.00642740735386
6.77    0.00642428261846
6.81    0.0064209933358
6.85    0.006417456837
6.89    0.00641360445326
6.93    0.00640938165522
6.97    0.00640474780719
7.01    0.00639967559778
7.05    0.00639415020867
7.09    0.00638816828146
7.13    0.00638173673908
7.17    0.00637487151306
7.21    0.00636759622321
7.25    0.00635994084956
7.29    0.00635194043073
7.33    0.00634363381657
7.37    0.00633506249724
7.41    0.00632626952522
7.45    0.00631729854207
7.49    0.00630819291688
7.53    0.00629899499999
7.57    0.00628974549172
7.61    0.00628048292356
7.65    0.00627124324675
7.69    0.00626205952172
7.73    0.0062529617004
7.77    0.00624397649265
7.81    0.00623512730772
7.85    0.00622643426106
7.89    0.00621791423747
7.93    0.00620958100108
7.97    0.00620144534382
8.01    0.00619351526411
8.05    0.00618579616833
8.09    0.00617829108821
8.13    0.00617100090812
8.17    0.00616392459703
8.21    0.0061570594403
8.25    0.00615040126757
8.29    0.00614394467345
8.33    0.00613768322834
8.37    0.00613160967735
8.41    0.00612571612584
8.45    0.00611999421037
8.49    0.00611443525449
8.53    0.00610903040908
8.57    0.00610377077717
8.61    0.00609864752346
8.65    0.00609365196918
8.69    0.00608877567267
8.73    0.00608401049668
8.77    0.00607934866308
8.81    0.00607478279605
8.85    0.00607030595458
8.89    0.00606591165533
8.93    0.00606159388701
8.97    0.00605734711685
9.01    0.00605316629059
9.05    0.00604904682651
9.09    0.00604498460455
9.13    0.00604097595131
9.17    0.00603701762162
9.21    0.00603310677741
9.25    0.0060292409645
9.29    0.00602541808784
9.33    0.00602163638579
9.37    0.00601789440379
9.41    0.00601419096789
9.45    0.0060105251584
9.49    0.006006896284
9.53    0.00600330385665
9.57    0.00599974756721
9.61    0.00599622726229
9.65    0.00599274292217
9.69    0.0059892946401
9.73    0.0059858826028
9.77    0.00598250707253
9.81    0.00597916837039
9.85    0.00597586686115
9.89    0.00597260293936
9.93    0.00596937701694
9.97    0.00596618951199
