0.05    5.29909469138e-05
0.09    0.000201363919299
0.13    0.000513434899205
0.17    0.00125861635544
0.21    0.00191368447938
0.25    0.00244593172237
0.29    0.00423025848709
0.33    0.00860883335686
0.37    0.00701968737767
0.41    0.00968390429064
0.45    0.00903011094131
0.49    0.00941215207836
0.53    0.0117830321021
0.57    0.0132456025745
0.61    0.00977109975173
0.65    0.00724866219847
0.69    0.0063903643146
0.73    0.0071934507946
0.77    0.00822183427956
0.81    0.00854787545017
0.85    0.0101438071227
0.89    0.0103822531228
0.93    0.0116843626954
0.97    0.0120074949702
1.01    0.0110036756838
1.05    0.0102163581165
1.09    0.0115560195169
1.13    0.0122384193922
1.17    0.0107900554445
1.21    0.0103730162187
1.25    0.0107397048668
1.29    0.0111452180673
1.33    0.0112350025164
1.37    0.0108336774322
1.41    0.010165548181
1.45    0.0102938197562
1.49    0.0100207807162
1.53    0.00985360727497
1.57    0.00970865884465
1.61    0.00967545613245
1.65    0.00968938788946
1.69    0.00961984470009
1.73    0.00943131661131
1.77    0.00921389978628
1.81    0.0090801700208
1.85    0.00906032677009
1.89    0.0090877510748
1.93    0.00906132638035
1.97    0.00891692710254
2.01    0.00867288752357
2.05    0.00836872685736
2.09    0.00806703759298
2.13    0.00804590801899
2.17    0.00863340014498
2.21    0.00955828125021
2.25    0.0102655660061
2.29    0.0107102767461
2.33    0.0109921212763
2.37    0.0112723144555
2.41    0.0116417890725
2.45    0.0121305300908
2.49    0.0127033785764
2.53    0.0132547150693
2.57    0.0136224829085
2.61    0.0140219197907
2.65    0.0141881763967
2.69    0.0147824618216
2.73    0.0157527570972
2.77    0.0166381823977
2.81    0.0174501484432
2.85    0.0182130269698
2.89    0.0189144917066
2.93    0.0195416673755
2.97    0.0200781088284
3.01    0.0205393032619
3.05    0.020967466713
3.09    0.021257784762
3.13    0.0213702151317
3.17    0.021310353906
3.21    0.0211182546889
3.25    0.020793260333
3.29    0.0203403482835
3.33    0.019801811003
3.37    0.0192398861952
3.41    0.0186881948398
3.45    0.0181679076561
3.49    0.0177370512818
3.53    0.0174430306395
3.57    0.0173906932014
3.61    0.0175528422973
3.65    0.0178196239341
3.69    0.0181291444593
3.73    0.0184252168385
3.77    0.0187105856174
3.81    0.0190072103242
3.85    0.0193050699591
3.89    0.019603642409
3.93    0.0200763887512
3.97    0.0208849472273
4.01    0.0217686460574
4.05    0.0227250221805
4.09    0.023744862687
4.13    0.0248848590167
4.17    0.0261231333953
4.21    0.0274315694192
4.25    0.0288089795694
4.29    0.0302568761236
4.33    0.0317638202034
4.37    0.0333044576255
4.41    0.0348587062628
4.45    0.0364192074604
4.49    0.0379579170069
4.53    0.0394573415216
4.57    0.0409143483979
4.61    0.0423067580378
4.65    0.043614066933
4.69    0.0448352317531
4.73    0.0459609040265
4.77    0.0469732451181
4.81    0.0478747633411
4.85    0.0486781884777
4.89    0.0494396266953
4.93    0.0502352961966
4.97    0.0509411175959
5.01    0.051547135422
5.05    0.0520510214533
5.09    0.0524617015592
5.13    0.0528053597226
5.17    0.0531053565423
5.21    0.0537671848609
5.25    0.0544561028188
5.29    0.0550459000173
5.33    0.0555340989104
5.37    0.0559284505423
5.41    0.0562429792758
5.45    0.0564921977148
5.49    0.0566793904323
5.53    0.0567873691538
5.57    0.0568188409995
5.61    0.0567892659747
5.65    0.0569288532436
5.69    0.0570319364417
5.73    0.0572083392411
5.77    0.0577333760382
5.81    0.0582296208198
5.85    0.0587037257701
5.89    0.0591602531709
5.93    0.0597068068327
5.97    0.0603109633672
6.01    0.0608856543206
6.05    0.0614200654394
6.09    0.0619034579308
6.13    0.0623484682191
6.17    0.0627382519034
6.21    0.0630778704062
6.25    0.063372053272
6.29    0.0636016420817
6.33    0.0637988175391
6.37    0.0639305029409
6.41    0.0640259739388
6.45    0.0640637264406
6.49    0.064066003098
6.53    0.0640198162592
6.57    0.0639261793036
6.61    0.0637941771187
6.65    0.063607054145
6.69    0.063385998924
6.73    0.0631088533183
6.77    0.0628006920693
6.81    0.0624434970738
6.85    0.062053534647
6.89    0.0616423084398
6.93    0.0612141594905
6.97    0.0607559123639
7.01    0.0602657800404
7.05    0.0597361265096
7.09    0.0591781162132
7.13    0.0585774573535
7.17    0.0579476104003
7.21    0.0572907762061
7.25    0.0565985637944
7.29    0.0558758662655
7.33    0.0551396731462
7.37    0.0543754973353
7.41    0.0535861041937
7.45    0.0527826241677
7.49    0.0519802426843
7.53    0.0513884618778
7.57    0.0507758434835
7.61    0.0501475328017
7.65    0.0495018155642
7.69    0.0488760410771
7.73    0.0482719322149
7.77    0.0476597020321
7.81    0.0470471749042
7.85    0.0464630207424
7.89    0.0458740081517
7.93    0.0452755167086
7.97    0.0446729679945
8.01    0.0443079892626
8.05    0.0441155221151
8.09    0.0439077395244
8.13    0.0436855557347
8.17    0.0434593020502
8.21    0.043219898235
8.25    0.042968339916
8.29    0.0427106689525
8.33    0.0424646023685
8.37    0.0422259816251
8.41    0.0419785593815
8.45    0.041729062136
8.49    0.0414709260534
8.53    0.0412050285763
8.57    0.0409322222931
8.61    0.0406576655331
8.65    0.04038040946
8.69    0.0400983322528
8.73    0.0398121845621
8.77    0.0395428974729
8.81    0.039289374355
8.85    0.039036659804
8.89    0.0387806437457
8.93    0.0385219837581
8.97    0.038261308834
9.01    0.0379992193024
9.05    0.037736286847
9.09    0.0374734554743
9.13    0.0372150089587
9.17    0.036957035273
9.21    0.0367000011798
9.25    0.0364443461162
9.29    0.0361904826396
9.33    0.0359387969258
9.37    0.0356896493159
9.41    0.0354433749072
9.45    0.0352002841802
9.49    0.0349606636586
9.53    0.0347247765987
9.57    0.0344928637003
9.61    0.0342651438397
9.65    0.0340418148157
9.69    0.0338230541105
9.73    0.0336090196562
9.77    0.0333998506096
9.81    0.0331956681269
9.85    0.0329965761409
9.89    0.0328040056005
9.93    0.0326168002479
9.97    0.0324348092485
