0.1	0.000316061420037
0.12	0.00044740894921
0.14	0.000598695860771
0.16	0.00114406113562
0.18	0.00158302253014
0.2	0.00119684387755
0.22	0.00138232071916
0.24	0.00133271593099
0.26	0.00156934439296
0.28	0.0025897048706
0.3	0.00330987016445
0.32	0.00436706052918
0.34	0.00482887031585
0.36	0.00578521757221
0.38	0.00590621371706
0.4	0.00562969058759
0.42	0.00513004828052
0.44	0.00670990033824
0.46	0.00798450846585
0.48	0.00860233624374
0.5	0.00977717444476
0.52	0.0109897202332
0.54	0.01236631625
0.56	0.0133260362755
0.58	0.012945734864
0.6	0.0115097409652
0.62	0.0106040543913
0.64	0.0100848949142
0.66	0.0093016268667
0.68	0.00851479131867
0.7	0.00804715238334
0.72	0.00754050807731
0.74	0.00711589239026
0.76	0.0071364551813
0.78	0.00729870203342
0.8	0.00700066591446
0.82	0.00666416144449
0.84	0.00653343336333
0.86	0.00640599361963
0.88	0.006073119075
0.9	0.00579524314154
0.92	0.00554173562565
0.94	0.00552295440166
0.96	0.00604750817773
0.98	0.00641034015144
1.0	0.00655121589209
1.02	0.00635881763564
1.04	0.00591191786395
1.06	0.00562448550255
1.08	0.00532519108361
1.1	0.00512695059114
1.12	0.00503746826983
1.14	0.00503747622209
1.16	0.00499855452206
1.18	0.00490545009357
1.2	0.00506550067789
1.22	0.00525291455167
1.24	0.00528757843747
1.26	0.00532449989939
1.28	0.0053634516227
1.3	0.00515570349349
1.32	0.0047702915581
1.34	0.00441138258611
1.36	0.0041204018817
1.38	0.00392008468978
1.4	0.00373805559647
1.42	0.00370922899262
1.44	0.00375194193075
1.46	0.00396272168363
1.48	0.00418582431855
1.5	0.00442498722375
1.52	0.00466848028245
1.54	0.00489069078026
1.56	0.00505041165756
1.58	0.00512959745234
1.6	0.00511876991515
1.62	0.00506959329018
1.64	0.005007982753
1.66	0.00501584218999
1.68	0.00505747272577
1.7	0.00510445064689
1.72	0.0051147129886
1.74	0.00507288337613
1.76	0.00499692070079
1.78	0.00519457442154
1.8	0.00553315288412
1.82	0.00571453168594
1.84	0.00579888918835
1.86	0.00587306007046
1.88	0.00620788742903
1.9	0.00653683646803
1.92	0.00672972901808
1.94	0.00677816296412
1.96	0.00675809929676
1.98	0.00654490871458
2.0	0.00659948680484
2.02	0.00647057007489
2.04	0.00620912057634
2.06	0.0063153004059
2.08	0.00672283639479
2.1	0.00704998578773
2.12	0.00730862074312
2.14	0.00760332278613
2.16	0.00797678161507
2.18	0.00833128552362
2.2	0.00862543374829
2.22	0.0089007181445
2.24	0.00925680490759
2.26	0.0094702125378
2.28	0.00953312696887
2.3	0.00946310684809
2.32	0.00929803642944
2.34	0.00906884170971
2.36	0.00900102093771
2.38	0.00897966511361
2.4	0.00904683557035
2.42	0.00903674447186
2.44	0.00896779834585
2.46	0.00888089549405
2.48	0.00884183460281
2.5	0.00878491410062
2.52	0.00869612171635
2.54	0.00857439813166
2.56	0.00842042925472
2.58	0.00823797253988
2.6	0.00807401493916
2.62	0.00826027205082
2.64	0.00845135824707
2.66	0.00857111366793
2.68	0.00861836600797
2.7	0.00860379274274
2.72	0.00853792390645
2.74	0.00843299899538
2.76	0.00830306299826
2.78	0.00815377605506
2.8	0.0079892637188
2.82	0.00780717852522
2.84	0.00761315738838
2.86	0.00751339914527
2.88	0.00739809535122
2.9	0.00725339615422
2.92	0.00707682694658
2.94	0.00686531576165
2.96	0.00662389138183
2.98	0.00643354612064
3.0	0.00627826904834
3.02	0.00610638070634
3.04	0.00600769842419
3.06	0.00613609190162
3.08	0.006269063246
3.1	0.00640810311397
3.12	0.00655431071019
3.14	0.00670832815976
3.16	0.00694348493777
3.18	0.00724471291545
3.2	0.00754646506973
3.22	0.0078467419714
3.24	0.00814270062414
3.26	0.00843064769473
3.28	0.00870850151222
3.3	0.00914451567949
3.32	0.00966164344323
3.34	0.0101937518253
3.36	0.0107311097843
3.38	0.0112909054076
3.4	0.0118748022528
3.42	0.012460041858
3.44	0.0130290993706
3.46	0.0135854745805
3.48	0.0141125279588
3.5	0.0146085631965
3.52	0.0150966132529
3.54	0.0156487226253
3.56	0.0161599217426
3.58	0.0166140978423
3.6	0.0170167504904
3.62	0.0173483885243
3.64	0.0177186975741
3.66	0.01820066093
3.68	0.0186198803813
3.7	0.0189735618884
3.72	0.0192553161106
3.74	0.0194465937412
3.76	0.0195644117785
3.78	0.0195832534483
3.8	0.0195214359519
3.82	0.0193791580041
3.84	0.0191501311794
3.86	0.0188440960282
3.88	0.0184877082523
3.9	0.0180696848996
3.92	0.017601334826
3.94	0.0170947385507
3.96	0.0165866061742
3.98	0.0167091405271
4.0	0.0168401902483
4.02	0.0169731742326
4.04	0.0171064180023
4.06	0.0172970734534
4.08	0.0174948885954
4.1	0.0177269443027
4.12	0.0179627705123
4.14	0.0181960729154
4.16	0.0184202385943
4.18	0.0186356652186
4.2	0.0188422082637
4.22	0.0190391097181
4.24	0.019256096897
4.26	0.0195141437659
4.28	0.0197650024903
4.3	0.0200068676528
4.32	0.0202397446293
4.34	0.0204630171941
4.36	0.0206780838293
4.38	0.0208814567738
4.4	0.0210790087227
4.42	0.0212617953337
4.44	0.0214421576312
4.46	0.0216081209105
4.48	0.0217673494841
4.5	0.0219170495764
4.52	0.0220537899969
4.54	0.0221878606861
4.56	0.0226021382837
4.58	0.0232855333697
4.6	0.023929731444
4.62	0.0245286728505
4.64	0.0250958819782
4.66	0.0256092040965
4.68	0.0260639784889
4.7	0.0264565604377
4.72	0.0268394813421
4.74	0.0275241738483
4.76	0.028265505345
4.78	0.0290183504779
4.8	0.0297144901218
4.82	0.0303638559509
4.84	0.0309475438353
4.86	0.0314802285377
4.88	0.0319441201978
4.9	0.0323518540613
4.92	0.0326943332505
4.94	0.0329671373542
4.96	0.0331771249555
4.98	0.0333131176651
5.0	0.0333810701412
5.02	0.0333822439155
5.04	0.0334141079791
5.06	0.0336446425129
5.08	0.0338077252149
5.1	0.0339072488138
5.12	0.0339410302609
5.14	0.0339152145733
5.16	0.0338226799633
5.18	0.0336798142497
5.2	0.0334771932656
5.22	0.0332276929007
5.24	0.0330476257611
5.26	0.0329501263151
5.28	0.0328210947283
5.3	0.0326490637438
5.32	0.0324252667067
5.34	0.0321640291459
5.36	0.0318578094228
5.38	0.0315086067225
5.4	0.0311330541169
5.42	0.0307184757173
5.44	0.0302746868958
5.46	0.0298121206281
5.48	0.0293229711738
5.5	0.0288147593871
5.52	0.0282987961478
5.54	0.0281167120747
5.56	0.0279141105459
5.58	0.0276810305334
5.6	0.0274261888931
5.62	0.0271539038083
5.64	0.0268647256055
5.66	0.026557766354
5.68	0.0262435221245
5.7	0.0259131279233
5.72	0.0255812954215
5.74	0.0252431035279
5.76	0.0249013545775
5.78	0.0246384734693
5.8	0.0246398995289
5.82	0.0248188670524
5.84	0.0250315763224
5.86	0.0252345310026
5.88	0.0254279020017
5.9	0.0256118586805
5.92	0.0257865684059
5.94	0.0259521961545
5.96	0.0261089041645
5.98	0.0262568516321
6.0	0.0263961944509
6.02	0.0265270849915
6.04	0.0266496719183
6.06	0.026771387434
6.08	0.0268866490413
6.1	0.0269939718463
6.12	0.0270934869273
6.14	0.0271853213683
6.16	0.0272695982425
6.18	0.0273464366189
6.2	0.0274159515899
6.22	0.0274782543173
6.24	0.0275334520961
6.26	0.0275816484326
6.28	0.0276229431372
6.3	0.0276574324287
6.32	0.027685209049
6.34	0.027706362388
6.36	0.0277209786148
6.38	0.0277291408169
6.4	0.0277309291437
6.42	0.0277264209547
6.44	0.0277156909711
6.46	0.0276988114295
6.48	0.0276758522363
6.5	0.0280286299514
6.52	0.0285824612981
6.54	0.0291448722506
6.56	0.0297062083056
6.58	0.0302647249321
6.6	0.0308187048301
6.62	0.0313722282937
6.64	0.0319200598279
6.66	0.0324589576848
6.68	0.0329873341816
6.7	0.0335065415439
6.72	0.0340192522676
6.74	0.0345174434221
6.76	0.0350579163039
6.78	0.0356883498854
6.8	0.0363081884668
6.82	0.036915902852
6.84	0.0375114097115
6.86	0.0381016569844
6.88	0.0386759355984
6.9	0.039232875802
6.92	0.0397711565369
6.94	0.040301909932
6.96	0.0408124792842
6.98	0.0413011411894
7.0	0.0417751666092
