0.05    3.8371079254e-05
0.09    0.000159736613697
0.13    0.000525844003168
0.17    0.00141533199377
0.21    0.00133971971611
0.25    0.00136274469732
0.29    0.0031364899143
0.33    0.00471459149105
0.37    0.00615259433241
0.41    0.00549261637649
0.45    0.00746345804332
0.49    0.00906760256796
0.53    0.0115835132727
0.57    0.0132967228927
0.61    0.0109105799466
0.65    0.00975081431162
0.69    0.00824808429067
0.73    0.00728887148451
0.77    0.00727849518859
0.81    0.0068378363319
0.85    0.00650541490105
0.89    0.00591972692137
0.93    0.00543304593377
0.97    0.0062451650353
1.01    0.00651314262123
1.05    0.00578425404233
1.09    0.00521609822501
1.13    0.00503078418222
1.17    0.00491277517307
1.21    0.00518098100344
1.25    0.00527448488368
1.29    0.00528925515076
1.33    0.00457604792586
1.37    0.00399445291741
1.41    0.00371572177401
1.45    0.00385607728888
1.49    0.00430355791345
1.53    0.00478123718932
1.57    0.00510024806713
1.61    0.00509806100467
1.65    0.00500050767274
1.69    0.00508371098389
1.73    0.00510007166106
1.77    0.00496680458489
1.81    0.00564344954177
1.85    0.00585172576154
1.89    0.00638865570875
1.93    0.00674948481014
1.97    0.00666635879766
2.01    0.0065507183962
2.05    0.00607005962544
2.09    0.00689473780273
2.13    0.00743059820389
2.17    0.00815314311667
2.21    0.00874830358557
2.25    0.0093886540159
2.29    0.00951722229442
2.33    0.00918654376537
2.37    0.00898834204825
2.41    0.00904516713314
2.45    0.00892187886747
2.49    0.0088162472288
2.53    0.00863797504609
2.57    0.00833119904573
2.61    0.00816400064636
2.65    0.00852222612574
2.69    0.00862081312882
2.73    0.00848800081442
2.77    0.00822893083192
2.81    0.00790043058415
2.85    0.00756508817272
2.89    0.00733076059369
2.93    0.00697722511539
2.97    0.00650278868263
3.01    0.00619392763887
3.05    0.00607142918378
3.09    0.00633774587158
3.13    0.00663032229987
3.17    0.00709394003208
3.21    0.00769694548414
3.25    0.00828793867665
3.29    0.00889304797593
3.33    0.00992657010951
3.37    0.0110000055619
3.41    0.0121681561543
3.45    0.0133106095128
3.49    0.014365756783
3.53    0.0153761348748
3.57    0.0163961268187
3.61    0.0171877458857
3.65    0.0179679942779
3.69    0.0188084963942
3.73    0.0193617869836
3.77    0.0195860830644
3.81    0.0194615651765
3.85    0.0190054680532
3.89    0.0182857154758
3.93    0.0173520397269
3.97    0.0166474469902
4.01    0.0169066730181
4.05    0.0172014691342
4.09    0.0176089700788
4.13    0.0180810442356
4.17    0.01852990172
4.21    0.0189426083432
4.25    0.0193848610766
4.29    0.0198847529943
4.33    0.0203505090925
4.37    0.0207799927359
4.41    0.0211722390076
4.45    0.0215269377665
4.49    0.0218439525033
4.53    0.0221225267881
4.57    0.0229483339081
4.61    0.0242352145102
4.65    0.0253596074947
4.69    0.0262682450209
4.73    0.0271874329608
4.77    0.0286466800345
4.81    0.0300450389243
4.85    0.031221475074
4.89    0.0321581198904
4.93    0.0328411647605
4.97    0.033255556403
5.01    0.0333918340817
5.05    0.0335395567068
5.09    0.0338673833666
5.13    0.0339375259553
5.17    0.0337599840196
5.21    0.0333603742769
5.25    0.0330026763162
5.29    0.0327393368699
5.33    0.0322982285313
5.37    0.0316868734847
5.41    0.0309303588432
5.45    0.030047011692
5.49    0.0290698474789
5.53    0.0282072059026
5.57    0.0278009094236
5.61    0.0272930749576
5.65    0.0267134554535
5.69    0.0260800455391
5.73    0.0254129163756
5.77    0.02473076394
5.81    0.0247088007354
5.85    0.0251342622737
5.89    0.0255210466191
5.93    0.0258705073195
5.97    0.0261839631426
6.01    0.0264626868757
6.05    0.0267107375347
6.09    0.0269412945084
6.13    0.0271403564417
6.17    0.0273089399569
6.21    0.0274479976883
6.25    0.027558419121
6.29    0.0276410325831
6.33    0.0276966081692
6.37    0.0277258613925
6.41    0.0277294573835
6.45    0.0277080154731
6.49    0.0277984153694
6.53    0.0288636911421
6.57    0.02998592706
6.61    0.0310954692971
6.65    0.0321907256449
6.69    0.0332470921385
6.73    0.034270252841
6.77    0.0353743603865
6.81    0.0366136552078
6.85    0.0378084419744
6.89    0.0389566567318
6.93    0.0400387779038
6.97    0.041059620557
7.01    0.0420819034029
7.05    0.0433415542702
7.09    0.0445393540745
7.13    0.0456655868313
7.17    0.0468474726527
7.21    0.048115937286
7.25    0.0493481473376
7.29    0.050524550716
7.33    0.0516247205667
7.37    0.0526341301821
7.41    0.0535511136786
7.45    0.054374040516
7.49    0.0551314514528
7.53    0.055949748636
7.57    0.0566966927576
7.61    0.0573677017541
7.65    0.0580025384229
7.69    0.0586575877992
7.73    0.059223723508
7.77    0.0596865718602
7.81    0.0600452372958
7.85    0.0602980491118
7.89    0.0604854409564
7.93    0.0608349362544
7.97    0.0612070376457
8.01    0.0614657138139
8.05    0.0616075842135
8.09    0.0616423398541
8.13    0.0615540534027
8.17    0.0613694791761
8.21    0.0610722257621
8.25    0.0608832104287
8.29    0.0607900388722
8.33    0.060599394935
8.37    0.0603195953022
8.41    0.0599364078303
8.45    0.0595484779552
8.49    0.0596591637615
8.53    0.0596882710569
8.57    0.0596472724913
8.61    0.0595447121216
8.65    0.05936637139
8.69    0.0591172960614
8.73    0.0588188152246
8.77    0.058451626451
8.81    0.058021488707
8.85    0.057547528769
8.89    0.0570154156779
8.93    0.0564613414346
8.97    0.0559142952506
9.01    0.0553294279387
9.05    0.0546968132618
9.09    0.0540296884574
9.13    0.0533186164787
9.17    0.0525667375893
9.21    0.0517867732601
9.25    0.0509678666455
9.29    0.0501140475147
9.33    0.0492411013094
9.37    0.0489280502852
9.41    0.0487716219176
9.45    0.0485892533258
9.49    0.0483784748423
9.53    0.0481361868791
9.57    0.0478748778961
9.61    0.0475831047659
9.65    0.0472734962457
9.69    0.0469407550154
9.73    0.0465914372595
9.77    0.0462269360199
9.81    0.0458487816898
9.85    0.0454531923311
9.89    0.0450390682467
9.93    0.0446088669651
9.97    0.044162427422
