0.05    0.000410607736592
0.09    0.0017828489507
0.13    0.00471401934132
0.17    0.00891255794915
0.21    0.0139255049786
0.25    0.0292608304508
0.29    0.0258266589592
0.33    0.0445505442991
0.37    0.0440622095702
0.41    0.0597284858987
0.45    0.0574774183543
0.49    0.058899846484
0.53    0.069102815818
0.57    0.0708934017004
0.61    0.0777881235154
0.65    0.0733175641833
0.69    0.0940520768884
0.73    0.126681946118
0.77    0.153220578423
0.81    0.167363734026
0.85    0.158296973198
0.89    0.149325134152
0.93    0.143004995578
0.97    0.136155583981
1.01    0.131179017936
1.05    0.128991838355
1.09    0.127538963025
1.13    0.127963876837
1.17    0.130578602147
1.21    0.134375510488
1.25    0.142997412035
1.29    0.16028522234
1.33    0.174902187845
1.37    0.186239148948
1.41    0.194690140549
1.45    0.201190416947
1.49    0.20784243045
1.53    0.215145219672
1.57    0.225721108866
1.61    0.240307394126
1.65    0.246279808096
1.69    0.251725993769
1.73    0.253300187681
1.77    0.250657859969
1.81    0.243609252594
1.85    0.233356011564
1.89    0.232786162734
1.93    0.233070609399
1.97    0.231914033398
2.01    0.230040378097
2.05    0.226999147937
2.09    0.223734361573
2.13    0.21965422889
2.17    0.215412364816
2.21    0.210719171858
2.25    0.205960474143
2.29    0.202320206077
2.33    0.200299133517
2.37    0.198198974999
2.41    0.195781615981
2.45    0.193039281906
2.49    0.190030342132
2.53    0.186562540411
2.57    0.182868896346
2.61    0.183643472951
2.65    0.186901216394
2.69    0.189936736493
2.73    0.192755317369
2.77    0.19536130356
2.81    0.197929488643
2.85    0.200370484176
2.89    0.202602130746
2.93    0.204626879337
2.97    0.206447338597
3.01    0.208066493524
3.05    0.209575430582
3.09    0.211022495634
3.13    0.21227446116
3.17    0.21333696636
3.21    0.214216447128
3.25    0.214920089285
3.29    0.215455750936
3.33    0.215831861683
3.37    0.216117804038
3.41    0.216372689858
3.45    0.216488666778
3.49    0.216475311738
3.53    0.216342189734
3.57    0.216098742483
3.61    0.215754188646
3.65    0.215317437121
3.69    0.214797014156
3.73    0.214201004438
3.77    0.213537005844
3.81    0.212812097145
3.85    0.212125676214
3.89    0.211401964224
3.93    0.210630571624
3.97    0.209816629631
4.01    0.208964740515
4.05    0.208078997073
4.09    0.207163006901
4.13    0.206219920369
4.17    0.205252461281
4.21    0.204262959312
4.25    0.20325338345
4.29    0.202225375735
4.33    0.201180284729
4.37    0.200119198237
4.41    0.199042974891
4.45    0.19795227428
4.49    0.196847585414
4.53    0.19572925334
4.57    0.194597503815
4.61    0.193452465962
4.65    0.192318801902
4.69    0.191194516625
4.73    0.19005519492
4.77    0.188900834743
4.81    0.187731415411
4.85    0.186546909309
4.89    0.185347291969
4.93    0.18413255064
4.97    0.182902691455
5.01    0.18165774531
5.05    0.180397772566
5.09    0.179122866691
5.13    0.177833156945
5.17    0.176528810215
5.21    0.175210032089
5.25    0.173877067277
5.29    0.172530199454
5.33    0.171169750601
5.37    0.16979607994
5.41    0.168409582497
5.45    0.167010687396
5.49    0.165599855899
5.53    0.164177579272
5.57    0.162744376513
5.61    0.161300791974
5.65    0.159847392928
5.69    0.1583847671
5.73    0.156913520192
5.77    0.15543427343
5.81    0.153947661151
5.85    0.152454328437
5.89    0.150954928833
5.93    0.14945012213
5.97    0.147940572256
6.01    0.14642694525
6.05    0.144909907346
6.09    0.143600399596
6.13    0.145000434455
6.17    0.146327067875
6.21    0.147581166734
6.25    0.148763652252
6.29    0.149875496492
6.33    0.150917718862
6.37    0.151891382647
6.41    0.152797591564
6.45    0.153637486375
6.49    0.154412241555
6.53    0.155123062025
6.57    0.155771179974
6.61    0.156357851751
6.65    0.156884354866
6.69    0.157351985076
6.73    0.157762053584
6.77    0.158115884334
6.81    0.158414811421
6.85    0.158660176614
6.89    0.158863148786
6.93    0.159048177987
6.97    0.159182892347
7.01    0.159268637521
7.05    0.159306757272
7.09    0.159298591614
7.13    0.159245475052
7.17    0.159148734939
7.21    0.159009689934
7.25    0.158829648572
7.29    0.158609907917
7.33    0.158351752336
7.37    0.158056452342
7.41    0.157725263553
7.45    0.157359425719
7.49    0.156960161844
7.53    0.156528677389
7.57    0.156066159548
7.61    0.155573776603
7.65    0.155052677345
7.69    0.154503990571
7.73    0.153928824637
7.77    0.153328267072
7.81    0.15270338426
7.85    0.152148851212
7.89    0.152329138772
7.93    0.152501524652
7.97    0.152666118459
8.01    0.15282303089
8.05    0.152972373561
8.09    0.153114258863
8.13    0.153248799811
8.17    0.15337610991
8.21    0.153496303024
8.25    0.15360949325
8.29    0.153715794806
8.33    0.153815321917
8.37    0.153908188716
8.41    0.153994509142
8.45    0.154074396851
8.49    0.154147965127
8.53    0.154215326806
8.57    0.154276594197
8.61    0.15433187901
8.65    0.154381292295
8.69    0.154424944376
8.73    0.154462944793
8.77    0.154495402254
8.81    0.154522424582
8.85    0.15454411867
8.89    0.154560590439
8.93    0.154571944802
8.97    0.154578285624
9.01    0.154579715695
9.05    0.154576336696
9.09    0.154568249178
9.13    0.154555552531
9.17    0.154538344971
9.21    0.154516723512
9.25    0.154490783957
9.29    0.154460620881
9.33    0.154426327616
9.37    0.154387996243
9.41    0.154345717582
9.45    0.154299581186
9.49    0.154249675333
9.53    0.154196087026
9.57    0.154138901987
9.61    0.154078204655
9.65    0.154014078191
9.69    0.153946604474
9.73    0.153875864105
9.77    0.153801936411
9.81    0.153724899449
9.85    0.15364483001
9.89    0.153561803628
9.93    0.153475894584
9.97    0.153387175912
