0.05    0.000342420190556
0.09    0.00120027369428
0.13    0.00326987772702
0.17    0.0048415489626
0.21    0.0113900037733
0.25    0.0189629075502
0.29    0.0296789594502
0.33    0.0310599182519
0.37    0.0392888683044
0.41    0.0411496440849
0.45    0.0587754956592
0.49    0.0765778318642
0.53    0.100318636458
0.57    0.11335515699
0.61    0.111558949968
0.65    0.113025379093
0.69    0.120276006297
0.73    0.124190963032
0.77    0.128597479156
0.81    0.164462433354
0.85    0.211592952713
0.89    0.234842675975
0.93    0.256304043195
0.97    0.260253806588
1.01    0.229115855092
1.05    0.197369862186
1.09    0.198025812759
1.13    0.213638572734
1.17    0.213331776947
1.21    0.193098461667
1.25    0.174524685494
1.29    0.183888376444
1.33    0.219532244287
1.37    0.258130720877
1.41    0.278586289835
1.45    0.29705782936
1.49    0.289021183923
1.53    0.254829977984
1.57    0.232015327093
1.61    0.233755097564
1.65    0.23435262654
1.69    0.234606177323
1.73    0.234943062083
1.77    0.235467823302
1.81    0.236071067883
1.85    0.241576750238
1.89    0.262811278417
1.93    0.275092918947
1.97    0.274754062746
2.01    0.288025460111
2.05    0.311846160249
2.09    0.325770539687
2.13    0.330515636687
2.17    0.326595492922
2.21    0.314894937016
2.25    0.296595453087
2.29    0.278576169797
2.33    0.286139086641
2.37    0.289674174648
2.41    0.289219251277
2.45    0.285383929268
2.49    0.278557737031
2.53    0.268922139222
2.57    0.257033600318
2.61    0.243120144123
2.65    0.227476029402
2.69    0.210597346726
2.73    0.210351080087
2.77    0.212029789746
2.81    0.213425667003
2.85    0.214713618668
2.89    0.215649314167
2.93    0.216238933984
2.97    0.216495717928
3.01    0.21666273982
3.05    0.216560993864
3.09    0.216181175486
3.13    0.215549958821
3.17    0.214694680505
3.21    0.213732555867
3.25    0.212702743858
3.29    0.211514910949
3.33    0.210192539027
3.37    0.208757178589
3.41    0.207228304164
3.45    0.205623263677
3.49    0.203957302443
3.53    0.202345883886
3.57    0.200713780206
3.61    0.199046918452
3.65    0.197353835705
3.69    0.195641635058
3.73    0.193916158172
3.77    0.195961266992
3.81    0.200772444717
3.85    0.205068588511
3.89    0.208695335161
3.93    0.211659581772
3.97    0.214112370987
4.01    0.215857003147
4.05    0.217053123326
4.09    0.217700485401
4.13    0.217696350162
4.17    0.217210457472
4.21    0.216237600961
4.25    0.214694850519
4.29    0.212646180148
4.33    0.210290400137
4.37    0.214838389449
4.41    0.222219962764
4.45    0.229064056975
4.49    0.235356450459
4.53    0.241186151785
4.57    0.246585247028
4.61    0.251424043481
4.65    0.255706532644
4.69    0.259587671995
4.73    0.263016613992
4.77    0.265920107715
4.81    0.268313753296
4.85    0.27038359863
4.89    0.272032570727
4.93    0.273225058515
4.97    0.273982633133
5.01    0.274452168754
5.05    0.274606869945
5.09    0.274389007031
5.13    0.273821846366
5.17    0.272933154921
5.21    0.271910933564
5.25    0.270601185901
5.29    0.269026009605
5.33    0.26720691616
5.37    0.26516472739
5.41    0.263033459756
5.45    0.26073862455
5.49    0.258271425557
5.53    0.255649390347
5.57    0.252889112918
5.61    0.250006237818
5.65    0.247091363835
5.69    0.244105146981
5.73    0.241031794731
5.77    0.237883395391
5.81    0.234671144255
5.85    0.231405370552
5.89    0.228095568439
5.93    0.224758212913
5.97    0.221451247397
6.01    0.218119760453
6.05    0.216560488605
6.09    0.215865167137
6.13    0.215158704155
6.17    0.214443594262
6.21    0.213722096389
6.25    0.212996246039
6.29    0.212267867538
6.33    0.211538586212
6.37    0.210809840434
6.41    0.210082893452
6.45    0.209358844966
6.49    0.20863864241
6.53    0.207923091878
6.57    0.2072128687
6.61    0.206508527605
6.65    0.205810512492
6.69    0.20511916576
6.73    0.204434737215
6.77    0.203768873306
6.81    0.203120858076
6.85    0.202479333021
6.89    0.201844295273
6.93    0.201215685174
6.97    0.200593392661
7.01    0.19997726326
7.05    0.199367103674
7.09    0.199001275404
7.13    0.199151184929
7.17    0.199289202541
7.21    0.199415735028
7.25    0.19953113319
7.29    0.199635696885
7.33    0.19972967981
7.37    0.199813294005
7.41    0.199886714103
7.45    0.199950081312
7.49    0.200003507152
7.53    0.200047076949
7.57    0.200080853081
7.61    0.200109056667
7.65    0.200152273145
7.69    0.200185288459
7.73    0.200208114814
7.77    0.200220753713
7.81    0.200223198028
7.85    0.200215433882
7.89    0.200197442372
7.93    0.200169201137
7.97    0.200130685778
8.01    0.200081871132
8.05    0.200022732429
8.09    0.199953246313
8.13    0.199873391757
8.17    0.199783150869
8.21    0.199682509592
8.25    0.199571458322
8.29    0.19944999243
8.33    0.199318112711
8.37    0.199181888636
8.41    0.19905100876
8.45    0.198909420976
8.49    0.198757155327
8.53    0.198594248293
8.57    0.198420742902
8.61    0.198236688779
8.65    0.198042142169
8.69    0.197837165911
8.73    0.197621829389
8.77    0.197396208449
8.81    0.197160385292
8.85    0.196914448337
8.89    0.196658492074
8.93    0.196392616892
8.97    0.196116928892
9.01    0.19583153969
9.05    0.195536566204
9.09    0.195232130437
9.13    0.194918359247
9.17    0.194595384115
9.21    0.194263340906
9.25    0.193922369631
9.29    0.193572614199
9.33    0.193224074606
9.37    0.19287232142
9.41    0.192511976341
9.45    0.192185769362
9.49    0.192773451748
9.53    0.193340210416
9.57    0.193886273252
9.61    0.194411871641
9.65    0.194917240315
9.69    0.195402617181
9.73    0.195868243154
9.77    0.196314361976
9.81    0.196741220041
9.85    0.19714906621
9.89    0.197538151627
9.93    0.197908729532
9.97    0.198261055079
