0.05    4.23717660753e-05
0.09    0.000183600841981
0.13    0.000495213387857
0.17    0.000820210945321
0.21    0.00122336463103
0.25    0.00302810288747
0.29    0.00497639270614
0.33    0.00469823256824
0.37    0.00496041010206
0.41    0.00748477513736
0.45    0.00879331128972
0.49    0.0119103478177
0.53    0.0128254233652
0.57    0.0149051248543
0.61    0.0136027803732
0.65    0.0113875893881
0.69    0.0127449723684
0.73    0.0167348854135
0.77    0.0187418648422
0.81    0.0217587703396
0.85    0.0247013247254
0.89    0.0313623005852
0.93    0.0336786726522
0.97    0.0341684343817
1.01    0.0394586987492
1.05    0.0501115607034
1.09    0.0501626729945
1.13    0.0448131753186
1.17    0.0395592204907
1.21    0.0372169794815
1.25    0.0423924992366
1.29    0.0487821765814
1.33    0.0566147084559
1.37    0.0636141306376
1.41    0.0671872075312
1.45    0.0677026545444
1.49    0.0688274387747
1.53    0.0737479652555
1.57    0.081847490651
1.61    0.0895842478003
1.65    0.095150965131
1.69    0.100573901059
1.73    0.10157488979
1.77    0.0992035107291
1.81    0.102077001991
1.85    0.113404739341
1.89    0.116595965415
1.93    0.111854089408
1.97    0.102331368098
2.01    0.107467891546
2.05    0.117244837132
2.09    0.12695913931
2.13    0.135820327657
2.17    0.143189630662
2.21    0.148710381727
2.25    0.152073821539
2.29    0.153169056381
2.33    0.15203192473
2.37    0.148768230156
2.41    0.143809351125
2.45    0.137348056313
2.49    0.12988225015
2.53    0.124966958577
2.57    0.120734826077
2.61    0.116137861342
2.65    0.111470320239
2.69    0.106865839875
2.73    0.102693853343
2.77    0.0989672725903
2.81    0.102678082653
2.85    0.110306228779
2.89    0.118101235513
2.93    0.126070607096
2.97    0.134618414691
3.01    0.143861190632
3.05    0.153598493491
3.09    0.164233181242
3.13    0.17328650913
3.17    0.177217391317
3.21    0.181630577302
3.25    0.195248484448
3.29    0.20728221435
3.33    0.21706690376
3.37    0.224145989889
3.41    0.228719772208
3.45    0.231676198082
3.49    0.233258049927
3.53    0.23437096253
3.57    0.235959197575
3.61    0.237503334681
3.65    0.238132888086
3.69    0.236592611779
3.73    0.23146810961
3.77    0.221695659747
3.81    0.206966118571
3.85    0.198799019664
3.89    0.213245398166
3.93    0.225457904818
3.97    0.23530376248
4.01    0.242515738588
4.05    0.247083772283
4.09    0.249184545341
4.13    0.25026007387
4.17    0.251988879892
4.21    0.252501639641
4.25    0.250778129514
4.29    0.246781032626
4.33    0.244062118732
4.37    0.250539051074
4.41    0.251575429872
4.45    0.247637744253
4.49    0.240571331521
4.53    0.235436762549
4.57    0.227219963103
4.61    0.219458474235
4.65    0.215246454317
4.69    0.209850574133
4.73    0.203399233579
4.77    0.20040103712
4.81    0.199586921213
4.85    0.198143529915
4.89    0.196135820105
4.93    0.193502045029
4.97    0.190335072719
5.01    0.186578280792
5.05    0.182303773241
5.09    0.177629297204
5.13    0.174259108515
5.17    0.172285828091
5.21    0.172933434875
5.25    0.171828983751
5.29    0.169021754024
5.33    0.164681160114
5.37    0.158984584725
5.41    0.159678427757
5.45    0.161303507052
5.49    0.162778423333
5.53    0.164127310015
5.57    0.165344590305
5.61    0.166433708699
5.65    0.167430509339
5.69    0.168312018768
5.73    0.169099162165
5.77    0.169814624453
5.81    0.170464324473
5.85    0.171052736464
5.89    0.171580658189
5.93    0.172040242123
5.97    0.172426422071
6.01    0.172749016823
6.05    0.173029751638
6.09    0.173262632083
6.13    0.17345805913
6.17    0.173614666959
6.21    0.173723227668
6.25    0.173778659115
6.29    0.173808319143
6.33    0.17378601096
6.37    0.173728310183
6.41    0.173657938713
6.45    0.173586265262
6.49    0.173498739467
6.53    0.173369707575
6.57    0.173219489194
6.61    0.173009137362
6.65    0.172762438758
6.69    0.172479232461
6.73    0.172133272157
6.77    0.171771705489
6.81    0.171364690896
6.85    0.170902136408
6.89    0.17043596976
6.93    0.169921825958
6.97    0.16936566408
7.01    0.168804453262
7.05    0.16819669
7.09    0.167564519436
7.13    0.16691614611
7.17    0.166225662175
7.21    0.168288148598
7.25    0.170919491764
7.29    0.173326575563
7.33    0.175521381266
7.37    0.177485737426
7.41    0.179229178668
7.45    0.182060396047
7.49    0.185390467715
7.53    0.188298751744
7.57    0.190805261667
7.61    0.19286430053
7.65    0.194465216151
7.69    0.195599746272
7.73    0.196269521037
7.77    0.196469850167
7.81    0.196195074665
7.85    0.195450156384
7.89    0.194244566948
7.93    0.192589974522
7.97    0.190498587991
8.01    0.18973012355
8.05    0.188978572944
8.09    0.190960304989
8.13    0.193745509218
8.17    0.19640834443
8.21    0.19897522106
8.25    0.201413427624
8.29    0.203763692012
8.33    0.205979514599
8.37    0.20811268619
8.41    0.21011128727
8.45    0.212023436894
8.49    0.213803488113
8.53    0.215497416742
8.57    0.217061960315
8.61    0.218541230965
8.65    0.219901238117
8.69    0.221170096319
8.73    0.222340769052
8.77    0.223405118408
8.81    0.224397540204
8.85    0.225287700352
8.89    0.22608244968
8.93    0.226798014282
8.97    0.227401080313
9.01    0.22793602416
9.05    0.228353771574
9.09    0.228695584516
9.13    0.228934692535
9.17    0.229067968266
9.21    0.229135373131
9.25    0.229092475966
9.29    0.228953443247
9.33    0.228750279987
9.37    0.228443727913
9.41    0.228043561913
9.45    0.227588572083
9.49    0.227037340872
9.53    0.226399192418
9.57    0.225711556118
9.61    0.224934950697
9.65    0.224085909225
9.69    0.223184971757
9.73    0.222202366412
9.77    0.221165915013
9.81    0.220070949271
9.85    0.218901563076
9.89    0.217695820792
9.93    0.21642582382
9.97    0.215091277747
