0.05    4.93975147342e-05
0.09    0.000220794463547
0.13    0.000618455904718
0.17    0.00106146737968
0.21    0.00161002279268
0.25    0.00290094705701
0.29    0.00357191651449
0.33    0.00588758265545
0.37    0.00754275575876
0.41    0.0076105904144
0.45    0.00838258351656
0.49    0.0107994484474
0.53    0.0115342656943
0.57    0.0175281895416
0.61    0.0192287427901
0.65    0.0162749158149
0.69    0.0171798383446
0.73    0.0216788068709
0.77    0.0291504401268
0.81    0.0420764702084
0.85    0.0478921219837
0.89    0.0464223913906
0.93    0.0472813064222
0.97    0.0536871625056
1.01    0.0645115719593
1.05    0.0768836186138
1.09    0.0870082029687
1.13    0.092410827499
1.17    0.0919905454597
1.21    0.0864799744913
1.25    0.0774066827894
1.29    0.0662706358646
1.33    0.0623608896182
1.37    0.0641953066416
1.41    0.0652575115268
1.45    0.0651310359985
1.49    0.0640655933009
1.53    0.0622493667655
1.57    0.0641428701857
1.61    0.0753706266593
1.65    0.0858314235997
1.69    0.0944663358379
1.73    0.100680570714
1.77    0.104416448858
1.81    0.106000712203
1.85    0.106105226973
1.89    0.104554317178
1.93    0.103311673848
1.97    0.101225206765
2.01    0.095279014906
2.05    0.0905525770568
2.09    0.0873571718509
2.13    0.0832588731897
2.17    0.0784878650915
2.21    0.073659601209
2.25    0.0760414240102
2.29    0.0783608564693
2.33    0.0782353527041
2.37    0.0758265232748
2.41    0.0759381969491
2.45    0.0758509183154
2.49    0.0766546236162
2.53    0.078399695259
2.57    0.0827136007216
2.61    0.0877410478155
2.65    0.094283384406
2.69    0.102981215424
2.73    0.112021670397
2.77    0.12120280531
2.81    0.130334842089
2.85    0.139315464561
2.89    0.148087427676
2.93    0.15641339943
2.97    0.164415830804
3.01    0.171824646484
3.05    0.178750585159
3.09    0.185070438371
3.13    0.190712763028
3.17    0.19585624243
3.21    0.200316766218
3.25    0.204125035045
3.29    0.20734578576
3.33    0.210050630416
3.37    0.212293167879
3.41    0.214212694306
3.45    0.215918757567
3.49    0.217316017362
3.53    0.218298237951
3.57    0.218843228415
3.61    0.218966793703
3.65    0.218720515468
3.69    0.218173446713
3.73    0.217524727114
3.77    0.221245171209
3.81    0.227181438937
3.85    0.232272580163
3.89    0.236533022951
3.93    0.24004262004
3.97    0.242707624873
4.01    0.244541576917
4.05    0.245581989223
4.09    0.245879743667
4.13    0.245489225481
4.17    0.244461066092
4.21    0.242844852043
4.25    0.240777438966
4.29    0.238223464862
4.33    0.235267684178
4.37    0.232057455748
4.41    0.228675097518
4.45    0.225271917913
4.49    0.222276818564
4.53    0.219732068772
4.57    0.217162845203
4.61    0.214416956692
4.65    0.211490477161
4.69    0.208280446356
4.73    0.20716836565
4.77    0.206784076599
4.81    0.207331344671
4.85    0.208190269842
4.89    0.208987601084
4.93    0.209659628951
4.97    0.210237183157
5.01    0.210786817366
5.05    0.211224575877
5.09    0.211572432193
5.13    0.211905236207
5.17    0.212137964329
5.21    0.212283749267
5.25    0.212426416314
5.29    0.212479444314
5.33    0.21244697051
5.37    0.212401215216
5.41    0.212296685726
5.45    0.212115574382
5.49    0.211861506095
5.53    0.211618213777
5.57    0.211307117833
5.61    0.210930780285
5.65    0.210492403301
5.69    0.210033156488
5.73    0.209550491852
5.77    0.209012526728
5.81    0.208422106147
5.85    0.207781982316
5.89    0.207102356381
5.93    0.206432047602
5.97    0.205717742242
6.01    0.204961892482
6.05    0.20416686967
6.09    0.203334966319
6.13    0.202468398015
6.17    0.20160645335
6.21    0.200726396968
6.25    0.199816158936
6.29    0.198877707539
6.33    0.197912942256
6.37    0.196923695288
6.41    0.195911733066
6.45    0.194903473494
6.49    0.193890691238
6.53    0.192858666568
6.57    0.191808956318
6.61    0.190743058198
6.65    0.189662412171
6.69    0.18856840183
6.73    0.187466076582
6.77    0.186380606155
6.81    0.185284394357
6.85    0.184178647385
6.89    0.18306452118
6.93    0.181943122748
6.97    0.180815511472
7.01    0.179682700413
7.05    0.178548091778
7.09    0.177431338757
7.13    0.17631119895
7.17    0.175188542301
7.21    0.174064198133
7.25    0.172938956384
7.29    0.17181356882
7.33    0.170688750238
7.37    0.169565179646
7.41    0.168443501436
7.45    0.167324326525
7.49    0.166221343811
7.53    0.165124194508
7.57    0.164030504084
7.61    0.162940783246
7.65    0.161855514079
7.69    0.160775151078
7.73    0.159700122159
7.77    0.158630829643
7.81    0.157567651219
7.85    0.156510940886
7.89    0.155461029872
7.93    0.154418227526
7.97    0.153382822191
8.01    0.152355082047
8.05    0.151335255942
8.09    0.150323574189
8.13    0.149320249345
8.17    0.148325476966
8.21    0.147339436339
8.25    0.146362291193
8.29    0.145396447407
8.33    0.144443285135
8.37    0.143499075596
8.41    0.142563939733
8.45    0.141637985755
8.49    0.140721309731
8.53    0.139813996166
8.57    0.138916118545
8.61    0.138027739872
8.65    0.137148913179
8.69    0.136279682021
8.73    0.135420080957
8.77    0.134570136003
8.81    0.133729865078
8.85    0.132899278429
8.89    0.132078379037
8.93    0.131267163014
8.97    0.132462261844
9.01    0.135359994889
9.05    0.137995465624
9.09    0.140325823318
9.13    0.142388414363
9.17    0.144159579105
9.21    0.145665822894
9.25    0.146896148322
9.29    0.147872643313
9.33    0.148589117179
9.37    0.14907025234
9.41    0.149306666127
9.45    0.149332497384
9.49    0.149126845834
9.53    0.148741170241
9.57    0.148137760074
9.61    0.147382015363
9.65    0.146437918493
9.69    0.145341494571
9.73    0.144103062114
9.77    0.142710093422
9.81    0.141216254252
9.85    0.139597887407
9.89    0.137861296139
9.93    0.136053710551
9.97    0.134155205706
