0.05    4.46838926169e-05
0.09    0.000166616040707
0.13    0.000502791661188
0.17    0.000987599442338
0.21    0.00217371639363
0.25    0.00252621581973
0.29    0.00457025913458
0.33    0.00512824067442
0.37    0.00543516587616
0.41    0.00699386449569
0.45    0.0063232237196
0.49    0.00620869970378
0.53    0.00679170336667
0.57    0.00795643327767
0.61    0.010211177823
0.65    0.010960459669
0.69    0.0116064719125
0.73    0.0117143397529
0.77    0.0154049799937
0.81    0.0178438977796
0.85    0.0227071954836
0.89    0.0219761867006
0.93    0.0191671691452
0.97    0.0217694935319
1.01    0.0273293821067
1.05    0.031724871319
1.09    0.03389473325
1.13    0.0369599918386
1.17    0.0370106128935
1.21    0.0436221604641
1.25    0.0467884872243
1.29    0.0489838180253
1.33    0.0509345286289
1.37    0.0519615181505
1.41    0.0628979249387
1.45    0.0720326903453
1.49    0.0733099085285
1.53    0.0752803034938
1.57    0.0835756040822
1.61    0.09312732191
1.65    0.113875242972
1.69    0.134465069696
1.73    0.1522750615
1.77    0.171327283714
1.81    0.183446091956
1.85    0.188256923304
1.89    0.183040267289
1.93    0.169022158567
1.97    0.149411580323
2.01    0.139534180165
2.05    0.145619402239
2.09    0.148202200719
2.13    0.146727778436
2.17    0.143456459142
2.21    0.156582298879
2.25    0.161499662162
2.29    0.162206322954
2.33    0.157845150447
2.37    0.147713901468
2.41    0.135062018472
2.45    0.122938745665
2.49    0.113271712325
2.53    0.106535224546
2.57    0.101728210979
2.61    0.0972335454007
2.65    0.0961368754789
2.69    0.0982040582683
2.73    0.0994829673272
2.77    0.0995268478455
2.81    0.0983248692204
2.85    0.0961153674985
2.89    0.0931789632013
2.93    0.0897291107071
2.97    0.086708287574
3.01    0.0863921396385
3.05    0.0856849307667
3.09    0.0846643062389
3.13    0.0834549645669
3.17    0.0820903232876
3.21    0.0806036621426
3.25    0.0791091305577
3.29    0.0776756655784
3.33    0.0764626720599
3.37    0.0756695225799
3.41    0.0754691148379
3.45    0.0759160528607
3.49    0.0769661347775
3.53    0.0784485533414
3.57    0.0800997872546
3.61    0.0816600644311
3.65    0.0828919852245
3.69    0.083592924934
3.73    0.0837333359736
3.77    0.0849432781866
3.81    0.088960073578
3.85    0.0924738160645
3.89    0.0954922537038
3.93    0.0980874328375
3.97    0.100342000576
4.01    0.102378723708
4.05    0.104213635847
4.09    0.105940595528
4.13    0.107445313243
4.17    0.108768909407
4.21    0.110574173816
4.25    0.116621417573
4.29    0.122238578047
4.33    0.1273958561
4.37    0.132008912947
4.41    0.136060173504
4.45    0.13954624179
4.49    0.142552441348
4.53    0.145143195788
4.57    0.147433954267
4.61    0.149542403511
4.65    0.151586256337
4.69    0.153671821584
4.73    0.155845044077
4.77    0.158134148833
4.81    0.160548327636
4.85    0.163014993932
4.89    0.16548249628
4.93    0.16789944129
4.97    0.170221742779
5.01    0.172426866531
5.05    0.174506403808
5.09    0.176401476834
5.13    0.178145859839
5.17    0.179669046473
5.21    0.181017567647
5.25    0.182131675374
5.29    0.183048099385
5.33    0.1836988604
5.37    0.184092219897
5.41    0.184252998433
5.45    0.184272228737
5.49    0.184105725353
5.53    0.183713605974
5.57    0.183094373086
5.61    0.182267314164
5.65    0.181176071305
5.69    0.179856731802
5.73    0.178279072223
5.77    0.176418759499
5.81    0.17447032616
5.85    0.172387649594
5.89    0.169996816122
5.93    0.167157254598
5.97    0.163881280499
6.01    0.1621262148
6.05    0.160205115755
6.09    0.157849715329
6.13    0.155076626177
6.17    0.15192379273
6.21    0.148436457797
6.25    0.144656897723
6.29    0.140610942558
6.33    0.136614216191
6.37    0.137090940793
6.41    0.137280273611
6.45    0.137407762922
6.49    0.138332325547
6.53    0.13913024645
6.57    0.139778088607
6.61    0.140342040032
6.65    0.140774254061
6.69    0.14114512177
6.73    0.14142007847
6.77    0.141634688115
6.81    0.141803581603
6.85    0.141907928068
6.89    0.142005020906
6.93    0.142061815663
6.97    0.14208703373
7.01    0.142119327197
7.05    0.142119418378
7.09    0.142105914655
7.13    0.142094937707
7.17    0.142053271617
7.21    0.142000021067
7.25    0.141938031414
7.29    0.141836577166
7.33    0.14172009002
7.37    0.141573288791
7.41    0.1413723238
7.45    0.141158618215
7.49    0.140878607479
7.53    0.140565096544
7.57    0.140188400775
7.61    0.139771892897
7.65    0.139317294091
7.69    0.138826020044
7.73    0.138279591665
7.77    0.137676603819
7.81    0.136993527009
7.85    0.13622237915
7.89    0.135363489145
7.93    0.134412196942
7.97    0.133897726797
8.01    0.135559611875
8.05    0.137183445853
8.09    0.138942187594
8.13    0.142174871996
8.17    0.145255497638
8.21    0.148167490547
8.25    0.15090146503
8.29    0.153454323237
8.33    0.15582178872
8.37    0.157992723787
8.41    0.159953783542
8.45    0.161698596063
8.49    0.163281208077
8.53    0.164738750162
8.57    0.166024152235
8.61    0.167127038327
8.65    0.168075416299
8.69    0.168898769953
8.73    0.169601520863
8.77    0.170145993655
8.81    0.173870479709
8.85    0.177943497128
8.89    0.181881532921
8.93    0.185680296339
8.97    0.189312195856
9.01    0.192807660592
9.05    0.196130215026
9.09    0.199282813409
9.13    0.202287976862
9.17    0.205124547836
9.21    0.207794355964
9.25    0.210294703491
9.29    0.212625246125
9.33    0.214796733937
9.37    0.216793215593
9.41    0.218611157634
9.45    0.220247499366
9.49    0.22172759817
9.53    0.22302985834
9.57    0.224160271969
9.61    0.225121899189
9.65    0.225921087306
9.69    0.226567429139
9.73    0.227052486801
9.77    0.227378547996
9.81    0.227546549582
9.85    0.227558252033
9.89    0.227431305778
9.93    0.227145389223
9.97    0.226697777047
