0.05    2.23305925598e-05
0.09    8.0021946308e-05
0.13    0.00022256366996
0.17    0.00051401523344
0.21    0.000846363610445
0.25    0.00118449525592
0.29    0.00206037245016
0.33    0.00277097079058
0.37    0.00310893645865
0.41    0.00409938060022
0.45    0.00550861733466
0.49    0.00489650640834
0.53    0.00690673463935
0.57    0.00663435770577
0.61    0.00649374567059
0.65    0.00762234840383
0.69    0.00719171200992
0.73    0.00756110465939
0.77    0.00987331745834
0.81    0.0117140040309
0.85    0.0120212252804
0.89    0.0123588135039
0.93    0.0119461149146
0.97    0.0126366691198
1.01    0.0121394084472
1.05    0.011761982336
1.09    0.0119379443307
1.13    0.0140001263646
1.17    0.0175533287251
1.21    0.0194886004847
1.25    0.0198780305846
1.29    0.0227384625228
1.33    0.0227822698573
1.37    0.0232771908368
1.41    0.0242120710317
1.45    0.025376503623
1.49    0.0280288259595
1.53    0.0333895941826
1.57    0.0401661537567
1.61    0.0468283204182
1.65    0.0522801092937
1.69    0.0562868068526
1.73    0.0589532398146
1.77    0.0607308870656
1.81    0.0586796325511
1.85    0.0608883544797
1.89    0.0645486701618
1.93    0.0668388294626
1.97    0.0674586052812
2.01    0.0662102781949
2.05    0.0634518961594
2.09    0.0596788442992
2.13    0.0644885818352
2.17    0.0668682721298
2.21    0.0685624757819
2.25    0.0676812814906
2.29    0.064600485228
2.33    0.0604905986295
2.37    0.0587269981182
2.41    0.0585938123871
2.45    0.0606249024841
2.49    0.0643459311953
2.53    0.0677037613151
2.57    0.0695168102787
2.61    0.0703981079635
2.65    0.0717711086958
2.69    0.0723174287657
2.73    0.0709959063192
2.77    0.067920518094
2.81    0.0675521075035
2.85    0.0702039153034
2.89    0.0723959154811
2.93    0.0744176169607
2.97    0.0764765761314
3.01    0.0785430514513
3.05    0.0804038815874
3.09    0.0818041675978
3.13    0.0824732175329
3.17    0.0823692948629
3.21    0.081646905617
3.25    0.0805287371314
3.29    0.0792824110647
3.33    0.0810629631643
3.37    0.0828249605008
3.41    0.0837143569399
3.45    0.0839302035883
3.49    0.0836257137808
3.53    0.0829587023532
3.57    0.0821033632992
3.61    0.0809524829627
3.65    0.0794515905416
3.69    0.0849114411091
3.73    0.0899336818075
3.77    0.0944007874214
3.81    0.098428123483
3.85    0.10139864562
3.89    0.102936551662
3.93    0.107183244452
3.97    0.1102207948
4.01    0.111336565562
4.05    0.11313378356
4.09    0.117054527774
4.13    0.120158419201
4.17    0.122216475298
4.21    0.123228591779
4.25    0.123146880631
4.29    0.122027347161
4.33    0.119991606662
4.37    0.117171580784
4.41    0.118311597771
4.45    0.128271971683
4.49    0.138778975669
4.53    0.149227085139
4.57    0.159171636143
4.61    0.168252499284
4.65    0.176228727468
4.69    0.182876060664
4.73    0.188069299732
4.77    0.191800594575
4.81    0.194114832246
4.85    0.195097734679
4.89    0.194868298944
4.93    0.193582641609
4.97    0.191433818864
5.01    0.188648202905
5.05    0.186573611334
5.09    0.184943344766
5.13    0.183296214281
5.17    0.181828485141
5.21    0.180783703198
5.25    0.180258853652
5.29    0.180332565094
5.33    0.181005630983
5.37    0.182215531993
5.41    0.183790519375
5.45    0.185579974738
5.49    0.187344250867
5.53    0.18890163576
5.57    0.189989158116
5.61    0.190435175885
5.65    0.190126183313
5.69    0.188950819502
5.73    0.186898587948
5.77    0.183962654663
5.81    0.180139263674
5.85    0.175451609231
5.89    0.169963328638
5.93    0.165652529114
5.97    0.161614069633
6.01    0.156953515884
6.05    0.151806011543
6.09    0.150389466381
6.13    0.148712979866
6.17    0.146692932139
6.21    0.146004733744
6.25    0.145387767068
6.29    0.144550927962
6.33    0.143542866523
6.37    0.142391931049
6.41    0.14114260286
6.45    0.139800741676
6.49    0.140604435693
6.53    0.142585330804
6.57    0.144584773967
6.61    0.146603894072
6.65    0.148620208419
6.69    0.150617329644
6.73    0.152573840144
6.77    0.154476984507
6.81    0.156290617037
6.85    0.157978944135
6.89    0.159510222156
6.93    0.160852760529
6.97    0.161977567437
7.01    0.162860889859
7.05    0.163484495386
7.09    0.163841577575
7.13    0.164000761073
7.17    0.164057970364
7.21    0.164007042954
7.25    0.163764995984
7.29    0.163247979107
7.33    0.162398883377
7.37    0.161148291703
7.41    0.15948550058
7.45    0.157418502527
7.49    0.154929462213
7.53    0.153251778131
7.57    0.154290129789
7.61    0.154998498955
7.65    0.155376227543
7.69    0.155453439058
7.73    0.155228183774
7.77    0.154739762147
7.81    0.153992942086
7.85    0.152962113637
7.89    0.151815833838
7.93    0.151458213004
7.97    0.150531749277
8.01    0.149059202581
8.05    0.1493137135
8.09    0.14991396532
8.13    0.150258284233
8.17    0.150341402296
8.21    0.15017248685
8.25    0.149769313812
8.29    0.149153926047
8.33    0.148348074408
8.37    0.14738097035
8.41    0.14633073515
8.45    0.14519510667
8.49    0.143916624854
8.53    0.14250768621
8.57    0.140954365717
8.61    0.139254241153
8.65    0.137405956755
8.69    0.135596687289
8.73    0.134760751657
8.77    0.133806776888
8.81    0.13273060689
8.85    0.13156182784
8.89    0.130299694275
8.93    0.128971095424
8.97    0.127641255123
9.01    0.126272649977
9.05    0.124835357332
9.09    0.123333889861
9.13    0.121768921595
9.17    0.120134615406
9.21    0.118455055898
9.25    0.116714804759
9.29    0.114938687098
9.33    0.113117971629
9.37    0.111269069733
9.41    0.109391733147
9.45    0.107498601994
9.49    0.105590306507
9.53    0.103683484999
9.57    0.101851646803
9.61    0.100028596404
9.65    0.0982099386867
9.69    0.096383603471
9.73    0.0945692703641
9.77    0.0927556734435
9.81    0.0909549393234
9.85    0.0901678261311
9.89    0.0893718340333
9.93    0.0885642937941
9.97    0.0877419795914
