0.1	0.000676652936329
0.12	0.00129566152364
0.14	0.00249989162839
0.16	0.00323359983695
0.18	0.00403493322661
0.2	0.00412109274582
0.22	0.0050469728664
0.24	0.00589339362807
0.26	0.00791370550057
0.28	0.00817516510671
0.3	0.00955550459584
0.32	0.0123924656174
0.34	0.0159236044766
0.36	0.015908561506
0.38	0.0180111769576
0.4	0.0207937487448
0.42	0.0218535784896
0.44	0.0248762891394
0.46	0.029276709075
0.48	0.0332397346601
0.5	0.0399903179088
0.52	0.0404647713572
0.54	0.0389832749979
0.56	0.0424520674522
0.58	0.0468652509794
0.6	0.0518951836041
0.62	0.0683656783311
0.64	0.0857457848144
0.66	0.0970406941256
0.68	0.0995901677243
0.7	0.0929655821343
0.72	0.0798232135949
0.74	0.0767545809819
0.76	0.0745522471766
0.78	0.0744803222196
0.8	0.0763896781719
0.82	0.0859862509699
0.84	0.0969332621055
0.86	0.103062621215
0.88	0.105814496906
0.9	0.104873046168
0.92	0.100971713742
0.94	0.0953764124882
0.96	0.089545073607
0.98	0.0848793858375
1.0	0.0825516882314
1.02	0.08347905728
1.04	0.0876755529688
1.06	0.0943639081691
1.08	0.102390114342
1.1	0.110600667406
1.12	0.118311482694
1.14	0.125215539659
1.16	0.131223079807
1.18	0.136345666721
1.2	0.141244724685
1.22	0.144011363448
1.24	0.146432516765
1.26	0.147806632689
1.28	0.14793133597
1.3	0.146940840029
1.32	0.14472182291
1.34	0.141457273091
1.36	0.137356964771
1.38	0.132563729166
1.4	0.130136925692
1.42	0.128673337121
1.44	0.126542986496
1.46	0.123944546637
1.48	0.120822839923
1.5	0.117280249522
1.52	0.11339328106
1.54	0.109151941537
1.56	0.104606437743
1.58	0.099871576885
1.6	0.0949418675743
1.62	0.0899305679423
1.64	0.0849625917399
1.66	0.0814936304253
1.68	0.0843544847313
1.7	0.0871657196776
1.72	0.0897983752173
1.74	0.0923248633819
1.76	0.0946538619676
1.78	0.0968040820534
1.8	0.0987731342794
1.82	0.100509364554
1.84	0.102093555984
1.86	0.103417718254
1.88	0.104612276176
1.9	0.10556098508
1.92	0.106372223361
1.94	0.10697245843
1.96	0.111222802256
1.98	0.116698887281
2.0	0.120734205697
2.02	0.123573767348
2.04	0.126461022033
2.06	0.130122283664
2.08	0.134952725392
2.1	0.139576807672
2.12	0.143984966527
2.14	0.148109728605
2.16	0.15304780343
2.18	0.15865875004
2.2	0.164064256584
2.22	0.169212030627
2.24	0.17416519895
2.26	0.178894275486
2.28	0.183352077063
2.3	0.18765036671
2.32	0.191698303976
2.34	0.195508006029
2.36	0.199167332344
2.38	0.202573818264
2.4	0.205802515682
2.42	0.20885645775
2.44	0.211674472136
2.46	0.214371704246
2.48	0.216870035318
2.5	0.219155272009
2.52	0.221350581983
2.54	0.22333120582
2.56	0.225140698292
2.58	0.226834807425
2.6	0.228321138062
2.62	0.229672704396
2.64	0.23088050376
2.66	0.23188436606
2.68	0.232787569404
2.7	0.233515813471
2.72	0.234050471864
2.74	0.234503340542
2.76	0.234756281252
2.78	0.2348546016
2.8	0.234834543491
2.82	0.234618887488
2.84	0.234287000417
2.86	0.233804134338
2.88	0.233132574819
2.9	0.232380444402
2.92	0.231452346089
2.94	0.230366089691
2.96	0.229190191275
2.98	0.227842848255
3.0	0.226374296347
3.02	0.224798537012
3.04	0.223438131962
3.06	0.223134962664
3.08	0.222583852163
3.1	0.221778791426
3.12	0.220723325999
3.14	0.219423082365
3.16	0.217887469507
3.18	0.216130200821
3.2	0.214168470921
3.22	0.212021078993
3.24	0.20970610323
3.26	0.207238664073
3.28	0.20462943965
3.3	0.201884544175
3.32	0.199006677136
3.34	0.195997015878
3.36	0.192857422761
3.38	0.189592529584
3.4	0.186230084606
3.42	0.182761270918
3.44	0.180266040289
3.46	0.179600157533
3.48	0.179041705731
3.5	0.178517758667
3.52	0.17797766758
3.54	0.177391856413
3.56	0.176748761752
3.58	0.176047448706
3.6	0.175298502232
3.62	0.174475695282
3.64	0.173595846034
3.66	0.172661789078
3.68	0.171658975635
3.7	0.17061410791
3.72	0.169504601652
3.74	0.168348555392
3.76	0.16714759335
3.78	0.165879762419
3.8	0.164601484124
3.82	0.163262673787
3.84	0.161879794881
3.86	0.160484435822
3.88	0.159040933694
3.9	0.157557069857
3.92	0.157401074469
3.94	0.15745196421
3.96	0.15750510535
3.98	0.15756647507
4.0	0.157635747205
4.02	0.159700281237
4.04	0.161490801805
4.06	0.16299903809
4.08	0.164227150213
4.1	0.165178480604
4.12	0.165858656207
4.14	0.166276319918
4.16	0.166443192081
4.18	0.166373349908
4.2	0.16608174046
4.22	0.165582300862
4.24	0.164893759625
4.26	0.164019257153
4.28	0.162956911452
4.3	0.161712588297
4.32	0.160295787913
4.34	0.158720907053
4.36	0.157435924273
4.38	0.157354957467
4.4	0.15726378886
4.42	0.15717837488
4.44	0.157080768196
4.46	0.156992170002
4.48	0.156891785691
4.5	0.156793006785
4.52	0.156691332428
4.54	0.156579269648
4.56	0.156468634888
4.58	0.15635678078
4.6	0.156235710041
4.62	0.156105902281
4.64	0.155976787638
4.66	0.155848848526
4.68	0.15571308274
4.7	0.155569879445
4.72	0.155419605809
4.74	0.155262608169
4.76	0.155114258673
4.78	0.154960915424
4.8	0.154801450629
4.82	0.154636146064
4.84	0.154465267735
4.86	0.154289066806
4.88	0.154107780497
4.9	0.153925802787
4.92	0.153749262723
4.94	0.153567999251
4.96	0.153382208271
4.98	0.153192075411
5.0	0.152997776688
5.02	0.152799479135
5.04	0.152597341396
5.06	0.152391514278
5.08	0.152182141283
5.1	0.151969359098
5.12	0.151763628246
5.14	0.151556169199
5.16	0.151345459062
5.18	0.151131616204
5.2	0.150914754093
5.22	0.150694981634
5.24	0.150472403483
5.26	0.150247120337
5.28	0.150019229213
5.3	0.14978882369
5.32	0.149555994152
5.34	0.149320828001
5.36	0.149083409857
5.38	0.148843821746
5.4	0.148606349639
5.42	0.148371938688
5.44	0.148135426143
5.46	0.14789688831
5.48	0.147656399545
5.5	0.147414032372
5.52	0.147169857582
5.54	0.146923944335
5.56	0.146676360243
5.58	0.146427171451
5.6	0.146176442708
5.62	0.145924237436
5.64	0.145670617788
5.66	0.145415644699
5.68	0.145159377943
5.7	0.144901876168
5.72	0.144643196943
5.74	0.144383396792
5.76	0.144122531223
5.78	0.143860654763
5.8	0.143597820983
5.82	0.143338444646
5.84	0.143080392176
5.86	0.142821424063
5.88	0.142561592184
5.9	0.142300947518
5.92	0.142039540163
5.94	0.141777419345
5.96	0.141514633433
5.98	0.141251229952
6.0	0.14098725559
6.02	0.140722756209
6.04	0.140457776856
6.06	0.140192361765
6.08	0.139926554372
6.1	0.139660397317
6.12	0.139393932455
6.14	0.139127200855
6.16	0.138860242818
6.18	0.138593097871
6.2	0.138325804783
6.22	0.138058401563
6.24	0.137790925473
6.26	0.137523413026
6.28	0.137255900001
6.3	0.13698842144
6.32	0.136721011661
6.34	0.136453704259
6.36	0.136186532118
6.38	0.135919527409
6.4	0.135652721603
6.42	0.135386145477
6.44	0.135119829116
6.46	0.134853801927
6.48	0.134588092637
6.5	0.134325196931
6.52	0.134063880508
6.54	0.133802899032
6.56	0.133542279675
6.58	0.133282048954
6.6	0.133022232736
6.62	0.13276285625
6.64	0.132503944091
6.66	0.132245520229
6.68	0.131987608019
6.7	0.131730230209
6.72	0.131473408945
6.74	0.131217165784
6.76	0.1309615217
6.78	0.130706497091
6.8	0.130452111793
6.82	0.130198385082
6.84	0.129945335685
6.86	0.129692981791
6.88	0.129441341057
6.9	0.129190430616
6.92	0.128940267089
6.94	0.128690866589
6.96	0.128442244734
6.98	0.128194416651
7.0	0.127947396987
