0.05    0.000133052894888
0.09    0.000491933131509
0.13    0.00185005546499
0.17    0.00241575335975
0.21    0.00457263821868
0.25    0.00616604353576
0.29    0.00957260667004
0.33    0.0121179475392
0.37    0.0185637826405
0.41    0.0240343000471
0.45    0.0292804379623
0.49    0.0357497403571
0.53    0.0434669507432
0.57    0.0582668584292
0.61    0.0667502302602
0.65    0.0719674182464
0.69    0.0794737288344
0.73    0.0846441671591
0.77    0.0853248864065
0.81    0.0822645805726
0.85    0.0735504308722
0.89    0.0668638376514
0.93    0.0609088877742
0.97    0.0547907487887
1.01    0.0581114347524
1.05    0.0661998419858
1.09    0.0793249767143
1.13    0.100319886706
1.17    0.122768470574
1.21    0.137587341777
1.25    0.139793280588
1.29    0.134949317663
1.33    0.121212720461
1.37    0.107816274266
1.41    0.112543409288
1.45    0.122324869072
1.49    0.133996296377
1.53    0.144211681012
1.57    0.151223304579
1.61    0.154169138351
1.65    0.152827342703
1.69    0.148198909255
1.73    0.14184473338
1.77    0.13481296419
1.81    0.128729133412
1.85    0.125410143974
1.89    0.126759163122
1.93    0.12748879724
1.97    0.124883856838
2.01    0.119113357306
2.05    0.110604904381
2.09    0.107224286753
2.13    0.111556149413
2.17    0.115691475854
2.21    0.119466854031
2.25    0.122682598024
2.29    0.125317797156
2.33    0.127188300672
2.37    0.128250026903
2.41    0.128568687662
2.45    0.128076781743
2.49    0.126816376224
2.53    0.124889022516
2.57    0.122368007606
2.61    0.119311536505
2.65    0.115848004993
2.69    0.112082459493
2.73    0.108079903294
2.77    0.103989468397
2.81    0.0998594180346
2.85    0.101536227876
2.89    0.105115011356
2.93    0.107684697489
2.97    0.109243346962
3.01    0.109973809993
3.05    0.114524630794
3.09    0.11630403686
3.13    0.115805506481
3.17    0.113543674371
3.21    0.109638392157
3.25    0.104629880096
3.29    0.0991140474247
3.33    0.100023861965
3.37    0.101099505344
3.41    0.102082401929
3.45    0.103010062439
3.49    0.10392778706
3.53    0.104862093385
3.57    0.106280948935
3.61    0.108851007732
3.65    0.111435524675
3.69    0.114018484578
3.73    0.116617335267
3.77    0.11924044848
3.81    0.121864115258
3.85    0.124514040426
3.89    0.12714973002
3.93    0.133183121021
3.97    0.140365010976
4.01    0.146745358979
4.05    0.152133723588
4.09    0.156356782584
4.13    0.159308573323
4.17    0.160868248318
4.21    0.161006122609
4.25    0.159674064531
4.29    0.156874904477
4.33    0.152630487918
4.37    0.153497309313
4.41    0.154864459764
4.45    0.156090711834
4.49    0.157143520522
4.53    0.158037769691
4.57    0.158777738747
4.61    0.159347823462
4.65    0.15977732407
4.69    0.160053062097
4.73    0.16017480533
4.77    0.160165211847
4.81    0.160020094686
4.85    0.159737952877
4.89    0.159706374144
4.93    0.161415854488
4.97    0.162618246129
5.01    0.165232220207
5.05    0.167624312767
5.09    0.169750679695
5.13    0.171625364509
5.17    0.173242019804
5.21    0.174587099681
5.25    0.175673129867
5.29    0.176490622733
5.33    0.177055909976
5.37    0.17743040546
5.41    0.177747873752
5.45    0.177924789404
5.49    0.177908610218
5.53    0.177705546006
5.57    0.177699826129
5.61    0.178377902308
5.65    0.17932642601
5.69    0.18073177901
5.73    0.182015079465
5.77    0.183122792113
5.81    0.184030536596
5.85    0.184745640792
5.89    0.185293366759
5.93    0.185668842089
5.97    0.18587961496
6.01    0.185931551009
6.05    0.185821034979
6.09    0.185552475564
6.13    0.185123703855
6.17    0.184535363831
6.21    0.1838026474
6.25    0.182936270126
6.29    0.181924825693
6.33    0.18080271216
6.37    0.179554338368
6.41    0.178197170167
6.45    0.176740833969
6.49    0.175179434013
6.53    0.17354369896
6.57    0.171815981463
6.61    0.170019006124
6.65    0.168155649371
6.69    0.166227516927
6.73    0.164246158298
6.77    0.162223629337
6.81    0.160164233686
6.85    0.159433706325
6.89    0.159060853143
6.93    0.158655219615
6.97    0.158222872617
7.01    0.157776453147
7.05    0.157302295795
7.09    0.156802106277
7.13    0.156282026506
7.17    0.155751430764
7.21    0.155198898592
7.25    0.154625831995
7.29    0.154036144005
7.33    0.153440951392
7.37    0.15282854979
7.41    0.152200093326
7.45    0.151557347828
7.49    0.150913366247
7.53    0.150256034658
7.57    0.149586306241
7.61    0.150134046628
7.65    0.151357028904
7.69    0.152448547542
7.73    0.153396359081
7.77    0.154194817332
7.81    0.154852225074
7.85    0.155365638277
7.89    0.15574199528
7.93    0.155986008438
7.97    0.15609625151
8.01    0.156076751383
8.05    0.155931717081
8.09    0.155665341387
8.13    0.155281766292
8.17    0.154785091117
8.21    0.154179222565
8.25    0.15346775358
8.29    0.152654053034
8.33    0.151741397953
8.37    0.150738124628
8.41    0.149646201596
8.45    0.148466670966
8.49    0.147203689884
8.53    0.145867791687
8.57    0.144460498205
8.61    0.142984158849
8.65    0.141444457344
8.69    0.139847734499
8.73    0.138200613631
8.77    0.136504881829
8.81    0.134765522449
8.85    0.132987058468
8.89    0.131173988672
8.93    0.129332602921
8.97    0.127464575783
9.01    0.125573429677
9.05    0.124639458427
9.09    0.124612154286
9.13    0.124569982692
9.17    0.124513483777
9.21    0.124443182966
9.25    0.124368621676
9.29    0.124281238048
9.33    0.12418136266
9.37    0.124069468403
9.41    0.123946015071
9.45    0.123811449663
9.49    0.123668430967
9.53    0.123520938233
9.57    0.123363436789
9.61    0.123196328198
9.65    0.123020002629
9.69    0.122834839126
9.73    0.122641205867
9.77    0.122439460423
9.81    0.122235231978
9.85    0.1220251118
9.89    0.121807748865
9.93    0.121583463376
9.97    0.121352566106
