0.05    0.000152998572453
0.09    0.000587226503364
0.13    0.00202770600518
0.17    0.00380331830027
0.21    0.00449102108165
0.25    0.00636693103065
0.29    0.00879232814852
0.33    0.014669243942
0.37    0.0159029777008
0.41    0.0214828308096
0.45    0.0272938117632
0.49    0.0376494845786
0.53    0.0391746833114
0.57    0.0445078611519
0.61    0.0585801712178
0.65    0.0923279658168
0.69    0.0974631829412
0.73    0.0774262092395
0.77    0.0747065035732
0.81    0.0792018094536
0.85    0.10064666469
0.89    0.105824350987
0.93    0.0982421191223
0.97    0.0869947921056
1.01    0.0825634486332
1.05    0.0907743238193
1.09    0.10651783807
1.13    0.121927024139
1.17    0.133867250144
1.21    0.142737318254
1.25    0.147272502234
1.29    0.14759413095
1.33    0.143188202927
1.37    0.135032213821
1.41    0.129475966435
1.45    0.125328549339
1.49    0.119116811337
1.53    0.111321242624
1.57    0.10226991721
1.61    0.0924388415691
1.65    0.0825360229231
1.69    0.0857805329589
1.73    0.0910751812614
1.77    0.095728935798
1.81    0.0996612366025
1.85    0.102787954888
1.89    0.105117471802
1.93    0.106700785812
1.97    0.114099432019
2.01    0.122077431197
2.05    0.127649149421
2.09    0.137289997909
2.13    0.146085794989
2.17    0.155863687995
2.21    0.166671075905
2.25    0.176563520779
2.29    0.185526475454
2.33    0.193623121573
2.37    0.200901854309
2.41    0.207359311933
2.45    0.213038096009
2.49    0.218035858957
2.53    0.222367531576
2.57    0.226013855235
2.61    0.228991870955
2.65    0.231407837536
2.69    0.233176942936
2.73    0.234302004422
2.77    0.23480835734
2.81    0.234751000861
2.85    0.234069379249
2.89    0.23277601271
2.93    0.23092096144
2.97    0.228537605694
3.01    0.225606404931
3.05    0.223339444802
3.09    0.222221075196
3.13    0.220086609137
3.17    0.217031283225
3.21    0.213124477806
3.25    0.208493117745
3.29    0.203266440316
3.33    0.197512509676
3.37    0.191250532732
3.41    0.184509329038
3.45    0.179923740403
3.49    0.178781022167
3.53    0.177685062436
3.57    0.17641265371
3.61    0.174887501594
3.65    0.17312838063
3.69    0.171137772259
3.73    0.168921451058
3.77    0.166520918027
3.81    0.163939328181
3.85    0.161188417699
3.89    0.158302518977
3.93    0.157430443794
3.97    0.157534492276
4.01    0.158704260946
4.05    0.162273699727
4.09    0.164727709272
4.13    0.16609314423
4.17    0.166429814849
4.21    0.165858126607
4.25    0.164482348522
4.29    0.162355956938
4.33    0.159525564789
4.37    0.157397205177
4.41    0.15722271455
4.45    0.157037984214
4.49    0.15683976529
4.53    0.156636564002
4.57    0.156413890974
4.61    0.156171869377
4.65    0.155913821631
4.69    0.155642387332
4.73    0.155341926626
4.77    0.155038370495
4.81    0.154719511334
4.85    0.154377817453
4.89    0.154015300851
4.93    0.153659208921
4.97    0.153287673358
5.01    0.15289911766
5.05    0.152494879875
5.09    0.152076168049
5.13    0.151660312708
5.17    0.15123892202
5.21    0.15080522502
5.25    0.150360093887
5.29    0.149904335029
5.33    0.149438697801
5.37    0.148963882018
5.41    0.148489411711
5.45    0.148016405696
5.49    0.147535446296
5.53    0.147047114005
5.57    0.146551962356
5.61    0.146050520725
5.65    0.145543296661
5.69    0.14503077781
5.73    0.14451343349
5.77    0.143991715984
5.81    0.143467111054
5.85    0.142951019311
5.89    0.142431368298
5.93    0.141908565894
5.97    0.141383005951
6.01    0.140855068692
6.05    0.140325121044
6.09    0.139793516918
6.13    0.13926059746
6.17    0.138726691268
6.21    0.138192114593
6.25    0.137657171541
6.29    0.13712215425
6.33    0.136587343091
6.37    0.136053006851
6.41    0.135519402934
6.45    0.134986777564
6.49    0.134455972074
6.53    0.133933346188
6.57    0.133412114103
6.61    0.132892487975
6.65    0.132374669649
6.69    0.131858850916
6.73    0.131345213777
6.77    0.130833930709
6.81    0.130325164931
6.85    0.129819070684
6.89    0.129315793499
6.93    0.128815470473
6.97    0.128318230544
7.01    0.127824194761
7.05    0.12733347656
7.09    0.126846182028
7.13    0.126362410169
7.17    0.125882253169
7.21    0.125405796648
7.25    0.124933119917
7.29    0.124464296224
7.33    0.123999392995
7.37    0.123538472072
7.41    0.123081589942
7.45    0.122628797964
7.49    0.122180142582
7.53    0.121735665544
7.57    0.121295404103
7.61    0.120859391217
7.65    0.120427655741
7.69    0.120000222618
7.73    0.119577113052
7.77    0.119158344689
7.81    0.11874393178
7.85    0.118333885347
7.89    0.117928213334
7.93    0.117526920765
7.97    0.117130009877
8.01    0.116737480273
8.05    0.116349329044
8.09    0.115965550905
8.13    0.115586138315
8.17    0.115211081596
8.21    0.11484036905
8.25    0.114473987063
8.29    0.114111920214
8.33    0.113754151377
8.37    0.113400661811
8.41    0.113051431259
8.45    0.112706438034
8.49    0.112365659105
8.53    0.112029070178
8.57    0.111696974031
8.61    0.111369687031
8.65    0.111046466348
8.69    0.11072728494
8.73    0.110412114811
8.77    0.110100927073
8.81    0.109793692008
8.85    0.109490379125
8.89    0.109190957221
8.93    0.108895394432
8.97    0.108603658283
9.01    0.108315715742
9.05    0.108031533263
9.09    0.107751076833
9.13    0.107474312016
9.17    0.107201203991
9.21    0.106931717596
9.25    0.106665817359
9.29    0.106403467542
9.33    0.106144632169
9.37    0.105889275061
9.41    0.105637359867
9.45    0.105388850091
9.49    0.105143709128
9.53    0.104901900279
9.57    0.104663386789
9.61    0.104428131863
9.65    0.104196098691
9.69    0.103967250473
9.73    0.103741550437
9.77    0.10351896186
9.81    0.103299448087
9.85    0.103082972547
9.89    0.102869498774
9.93    0.102658990419
9.97    0.102451411268
