0.05    0.000154838963692
0.09    0.00100062735796
0.13    0.002584633346
0.17    0.00701290913276
0.21    0.00952909558407
0.25    0.00967298168827
0.29    0.00703782084426
0.33    0.00567391613091
0.37    0.00462672600896
0.41    0.00452921320341
0.45    0.00426054626237
0.49    0.0042369552124
0.53    0.00452165036451
0.57    0.00463055550558
0.61    0.00460054591934
0.65    0.00524774180465
0.69    0.00510356521007
0.73    0.00489705590081
0.77    0.00452079755627
0.81    0.00489538672348
0.85    0.00492292356983
0.89    0.0052848003514
0.93    0.00524839891352
0.97    0.00534610096962
1.01    0.00635419057257
1.05    0.00590165271516
1.09    0.004497953854
1.13    0.00433318394194
1.17    0.00519705909933
1.21    0.00576236315635
1.25    0.00603462670073
1.29    0.00616630760692
1.33    0.00604195171074
1.37    0.00590386864144
1.41    0.00575360216616
1.45    0.00590258275199
1.49    0.00663117054707
1.53    0.00779592841792
1.57    0.0087572033871
1.61    0.00895307559281
1.65    0.0087218202564
1.69    0.00887838753083
1.73    0.0103733542384
1.77    0.011917108067
1.81    0.0125342685703
1.85    0.0131587396519
1.89    0.0131521418312
1.93    0.0128004212547
1.97    0.0116938298094
2.01    0.0109363412032
2.05    0.0102078200222
2.09    0.00976380626377
2.13    0.00920718311105
2.17    0.00863595743087
2.21    0.00814987507397
2.25    0.00773409412829
2.29    0.00734053725218
2.33    0.00702021297127
2.37    0.00670837159254
2.41    0.00660895131281
2.45    0.00680239959149
2.49    0.007266784277
2.53    0.00790908565494
2.57    0.0085748255741
2.61    0.00909780831462
2.65    0.00965580599532
2.69    0.0101261179851
2.73    0.0102785506796
2.77    0.0101145901837
2.81    0.00969371482514
2.85    0.0091094338518
2.89    0.00846296530334
2.93    0.00784159459427
2.97    0.00730548888016
3.01    0.00688355221485
3.05    0.00657662294899
3.09    0.00636520134395
3.13    0.00621880618131
3.17    0.00610464530329
3.21    0.00599416758659
3.25    0.00586694047591
3.29    0.00584697679131
3.33    0.00583915438655
3.37    0.0058123765525
3.41    0.00575908415816
3.45    0.0056765747445
3.49    0.00556615275185
3.53    0.00546861924619
3.57    0.00535451183626
3.61    0.00522278041729
3.65    0.005079454403
3.69    0.00493021101706
3.73    0.0047799168976
3.77    0.00463239244262
3.81    0.00449036036738
3.85    0.00435552928124
3.89    0.00422876206611
3.93    0.00412510278685
3.97    0.00408647699987
4.01    0.00404504337715
4.05    0.00400148326101
4.09    0.0039561926394
4.13    0.0039093683076
4.17    0.00386109136493
4.21    0.0038931377288
4.25    0.00393965606993
4.29    0.00397959609732
4.33    0.00401199939824
4.37    0.00403613720341
4.41    0.00405155133963
4.45    0.00408268952232
4.49    0.00412181447432
4.53    0.0041580053449
4.57    0.00419066563456
4.61    0.00421932241317
4.65    0.00424364340969
4.69    0.00426344604881
4.73    0.00427869860646
4.77    0.00428951418501
4.81    0.00429613857499
4.85    0.00429893328718
4.89    0.00429835512722
4.93    0.00429493366918
4.97    0.0042892478899
5.01    0.00428190307692
5.05    0.0042735089401
5.09    0.00426465966008
5.13    0.00425591640866
5.17    0.0042477926887
5.21    0.00424074267207
5.25    0.00423515256744
5.29    0.00423133492869
5.33    0.00422952571904
5.37    0.00422988387532
5.41    0.00423249306866
5.45    0.00423736533033
5.49    0.00424444620041
5.53    0.00425362106115
5.57    0.00426472233099
5.61    0.00427753721883
5.65    0.00429181576675
5.69    0.00430727894228
5.73    0.0043236265754
5.77    0.00434054497032
5.81    0.00435771405577
5.85    0.00437481396915
5.89    0.00439153099963
5.93    0.00440756284123
5.97    0.00442262313068
6.01    0.00443644526439
6.05    0.00444878550611
6.09    0.00445942541027
6.13    0.00446817359712
6.17    0.00447486692384
6.21    0.00447937110192
6.25    0.00448158081466
6.29    0.00448141939095
6.33    0.00447883809172
6.37    0.00447381506504
6.41    0.00446635402379
6.45    0.00445648269746
6.49    0.00444425110649
6.53    0.0044297297039
6.57    0.00441300742521
6.61    0.00439418968361
6.65    0.00437339634331
6.69    0.00435075970015
6.73    0.00432642249435
6.77    0.00430053597692
6.81    0.00427325804762
6.85    0.00424475147898
6.89    0.00421518223809
6.93    0.0041847179149
6.97    0.00415352626357
7.01    0.00412177386095
7.05    0.00408962488427
7.09    0.00405724000891
7.13    0.00402477542486
7.17    0.00399238196998
7.21    0.00396020437657
7.25    0.00392838062733
7.29    0.00389704141566
7.33    0.00386630970514
7.37    0.00383630038225
7.41    0.00380711999651
7.45    0.0037788665816
7.49    0.00375162955133
7.53    0.00372548966407
7.57    0.00370051904957
7.61    0.00367678129182
7.65    0.00365433156235
7.69    0.00364487244563
7.73    0.00364493050909
7.77    0.00364356370518
7.81    0.00364081136753
7.85    0.00363671689461
7.89    0.00363132731415
7.93    0.00362469285986
7.97    0.00361686656215
8.01    0.00360790385395
8.05    0.0035978621929
8.09    0.00358680070038
8.13    0.00357477981841
8.17    0.00356186098441
8.21    0.00354810632444
8.25    0.00353357836485
8.29    0.00351833976236
8.33    0.00350245305247
8.37    0.00348984454125
8.41    0.0034931543597
8.45    0.0034975339777
8.49    0.00350293288184
8.53    0.00350929920111
8.57    0.00351657997851
8.61    0.00352472142907
8.65    0.00353366918386
8.69    0.00354336852024
8.73    0.00355376457797
8.77    0.00356480256165
8.81    0.00357642792929
8.85    0.0035885865675
8.89    0.00360122495344
8.93    0.00361429030375
8.97    0.00362773071107
9.01    0.00364149526826
9.05    0.00365553418085
9.09    0.00366979886822
9.13    0.00368424205382
9.17    0.00369881784496
9.21    0.00371348180266
9.25    0.00372819100197
9.29    0.00374290408331
9.33    0.00375758129527
9.37    0.00377218452934
9.41    0.00378667734703
9.45    0.00380102499986
9.49    0.00381519444275
9.53    0.00382915434104
9.57    0.00384287507185
9.61    0.00385632871992
9.65    0.0038694890686
9.69    0.00388233158616
9.73    0.00389483340796
9.77    0.00390697331474
9.81    0.00391873170744
9.85    0.00393009057884
9.89    0.00394103348236
9.93    0.00395154549838
9.97    0.00396161319824
