0.05    4.56138258159e-05
0.09    0.000207881539585
0.13    0.0007440590151
0.17    0.00169049580296
0.21    0.00202855461033
0.25    0.00245447653336
0.29    0.00389031457897
0.33    0.00589437095804
0.37    0.00653079486816
0.41    0.00769163222145
0.45    0.00615612089157
0.49    0.00687195852948
0.53    0.00930811628084
0.57    0.0149928253893
0.61    0.0180613463375
0.65    0.0181702465178
0.69    0.016246588535
0.73    0.0157823024532
0.77    0.0175627802109
0.81    0.0196693541176
0.85    0.0202036626131
0.89    0.019131365868
0.93    0.0186130352321
0.97    0.017700368458
1.01    0.0185162856681
1.05    0.0221716992745
1.09    0.0273946707048
1.13    0.03248407201
1.17    0.0365125551738
1.21    0.038900575012
1.25    0.039546028265
1.29    0.0403923147706
1.33    0.0410794580182
1.37    0.0408378928105
1.41    0.0399130755943
1.45    0.0384199113746
1.49    0.0366974650835
1.53    0.0351561023016
1.57    0.0337736196861
1.61    0.0330434673409
1.65    0.0375629622652
1.69    0.0405989175254
1.73    0.041026724583
1.77    0.0398054551768
1.81    0.0410732826495
1.85    0.0427008208704
1.89    0.0454581908408
1.93    0.047923356104
1.97    0.0500413901095
2.01    0.0517494017915
2.05    0.0530199467039
2.09    0.0538518077015
2.13    0.0543010064432
2.17    0.054511649496
2.21    0.0547164893922
2.25    0.054634465915
2.29    0.0565656695976
2.33    0.0567202482359
2.37    0.0548210391829
2.41    0.0516162050867
2.45    0.0501795768778
2.49    0.048772429796
2.53    0.0473601336968
2.57    0.0458908882825
2.61    0.045903903454
2.65    0.0459525582443
2.69    0.0458934903467
2.73    0.0457168060954
2.77    0.045450644773
2.81    0.0450894535204
2.85    0.0446671056823
2.89    0.0441673663403
2.93    0.0436273409801
2.97    0.0430386292039
3.01    0.0424077799779
3.05    0.0417646183199
3.09    0.0429892199352
3.13    0.0446771045625
3.17    0.0458969357643
3.21    0.0469218139008
3.25    0.0477043065626
3.29    0.0481375721283
3.33    0.0482995078423
3.37    0.048087526696
3.41    0.0474881497464
3.45    0.0475640060679
3.49    0.0486390641598
3.53    0.0493583944688
3.57    0.0497233171176
3.61    0.0497594288559
3.65    0.0495150446618
3.69    0.0490477009269
3.73    0.048400388945
3.77    0.0476035292312
3.81    0.0466795099981
3.85    0.0456477998676
3.89    0.0445364028737
3.93    0.0433704309014
3.97    0.0421748443736
4.01    0.0409629876069
4.05    0.0397488348489
4.09    0.0385394161175
4.13    0.0373444451567
4.17    0.036171281085
4.21    0.0350256072211
4.25    0.0338818333034
4.29    0.0327274943564
4.33    0.0315838260839
4.37    0.0304693454148
4.41    0.0293999124665
4.45    0.0283888000168
4.49    0.0274467720906
4.53    0.0267831456467
4.57    0.0267234837973
4.61    0.0266742991556
4.65    0.0266348993638
4.69    0.0266046185163
4.73    0.0265828175781
4.77    0.0265688845725
4.81    0.0265622345704
4.85    0.026562309512
4.89    0.0265685778865
4.93    0.0265805342928
4.97    0.026597698904
5.01    0.0266196168501
5.05    0.0266458575388
5.09    0.0266760139251
5.13    0.0267097017435
5.17    0.0267465587132
5.21    0.0267862437241
5.25    0.0268284360133
5.29    0.0268728343374
5.33    0.0269191561463
5.37    0.0269671367648
5.41    0.0270165285837
5.45    0.027067100266
5.49    0.0271186359695
5.53    0.0271934974727
5.57    0.0278276852688
5.61    0.028479008836
5.65    0.0291415026138
5.69    0.0298098790345
5.73    0.03047943362
5.77    0.0311456328764
5.81    0.0318073942126
5.85    0.0324594499271
5.89    0.0330962660861
5.93    0.0337152728919
5.97    0.0343175004067
6.01    0.0348947455775
6.05    0.0354457239531
6.09    0.0359722387529
6.13    0.0364663694488
6.17    0.0369315357507
6.21    0.0373632476895
6.25    0.0378482891828
6.29    0.0383291933575
6.33    0.0387742098937
6.37    0.0391882819904
6.41    0.0395626030231
6.45    0.0399035211046
6.49    0.0402052418327
6.53    0.040465955719
6.57    0.0406938727041
6.61    0.0408803706635
6.65    0.0410256579128
6.69    0.0411374400426
6.73    0.0412103232939
6.77    0.0412434551584
6.81    0.0412393004256
6.85    0.0412037703395
6.89    0.0411310016273
6.93    0.0410220733712
6.97    0.0408786742104
7.01    0.0407087002271
7.05    0.0405060540702
7.09    0.0402720766073
7.13    0.0400081530694
7.17    0.0397172186933
7.21    0.0394043308676
7.25    0.0390655893346
7.29    0.0387024691836
7.33    0.0383164517039
7.37    0.037909018079
7.41    0.0374830372758
7.45    0.0370423798725
7.49    0.0365844402249
7.53    0.0361106468426
7.57    0.035622404538
7.61    0.0351210908672
7.65    0.0349588160686
7.69    0.035000938903
7.73    0.0350297364144
7.77    0.0350465506362
7.81    0.0350492598027
7.85    0.0350382877855
7.89    0.0350140644477
7.93    0.0349782306304
7.97    0.034932470639
8.01    0.0348746909358
8.05    0.0348053303354
8.09    0.0347248274937
8.13    0.0346352944112
8.17    0.0345370904772
8.21    0.0344289653071
8.25    0.03431134709
8.29    0.0341856072131
8.33    0.0340532284481
8.37    0.0339125279172
8.41    0.0337639128861
8.45    0.0336098897071
8.49    0.0334492875
8.53    0.0332818686492
8.57    0.0331090412408
8.61    0.0329315427672
8.65    0.0327482607839
8.69    0.0325595510626
8.73    0.0323673979167
8.77    0.0321709947785
8.81    0.0319701023572
8.85    0.0317650426588
8.89    0.0315568873545
8.93    0.0313462738051
8.97    0.0311323327149
9.01    0.0309153514848
9.05    0.0306956085656
9.09    0.0304734097196
9.13    0.0302504659951
9.17    0.0300254765033
9.21    0.0297986857672
9.25    0.0295703296913
9.29    0.0293406356636
9.33    0.02910982267
9.37    0.0288786142568
9.41    0.0286472973177
9.45    0.028619914197
9.49    0.0286018527633
9.53    0.0285835185065
9.57    0.0285649210255
9.61    0.0285460697045
9.65    0.028526973717
9.69    0.0285076420284
9.73    0.0284880833998
9.77    0.0284683063911
9.81    0.0284483193642
9.85    0.0284281304863
9.89    0.0284077477336
9.93    0.0283871788943
9.97    0.0283664315718
