0.05    3.95100118988e-05
0.09    0.000203776801239
0.13    0.000486223991632
0.17    0.000993910566236
0.21    0.000975554913187
0.25    0.00157088404939
0.29    0.00114234056762
0.33    0.00152249905217
0.37    0.00259404190402
0.41    0.00307833660115
0.45    0.00333353787296
0.49    0.00498668093247
0.53    0.00548298921813
0.57    0.00656658051747
0.61    0.00705556185822
0.65    0.00745304734107
0.69    0.00766641825877
0.73    0.00785966370882
0.77    0.00705331402867
0.81    0.00830122471697
0.85    0.00856434675153
0.89    0.0083755506971
0.93    0.00802109177789
0.97    0.00746543008132
1.01    0.0070098266252
1.05    0.00684260830916
1.09    0.00747287579149
1.13    0.00867239729543
1.17    0.0105260550325
1.21    0.0117395867806
1.25    0.0114990450602
1.29    0.0119974982914
1.33    0.011216742149
1.37    0.00991758917878
1.41    0.00878238018256
1.45    0.00842788821092
1.49    0.00894191647648
1.53    0.00952434458675
1.57    0.00921966948237
1.61    0.00944326562845
1.65    0.0100549002626
1.69    0.0110999389648
1.73    0.01187739518
1.77    0.0129157269509
1.81    0.0136630582098
1.85    0.0151865623496
1.89    0.0160995178924
1.93    0.0160285894307
1.97    0.015379745166
2.01    0.0160951038756
2.05    0.0167082911035
2.09    0.0176272673267
2.13    0.019298286339
2.17    0.0201765653685
2.21    0.020721833964
2.25    0.0213765831124
2.29    0.0221864213615
2.33    0.0227274134495
2.37    0.0226791838538
2.41    0.0219017975922
2.45    0.0207960909219
2.49    0.0199203195138
2.53    0.0191441041655
2.57    0.0179431672525
2.61    0.0194323880554
2.65    0.0205299566773
2.69    0.0208186877477
2.73    0.0218162282213
2.77    0.0229856248116
2.81    0.0239024709784
2.85    0.024824350414
2.89    0.0257833492584
2.93    0.0272664865737
2.97    0.0294629640943
3.01    0.0313238220349
3.05    0.0329199904661
3.09    0.0340818200257
3.13    0.034956472617
3.17    0.0355028515855
3.21    0.0354372031897
3.25    0.0366741728543
3.29    0.0367885903791
3.33    0.0360857152063
3.37    0.0359860161719
3.41    0.0363830573131
3.45    0.0371992801068
3.49    0.0387178425457
3.53    0.0408942630078
3.57    0.0434489404438
3.61    0.0461881203255
3.65    0.0489159476864
3.69    0.051454110127
3.73    0.0536312512441
3.77    0.0553784206748
3.81    0.0566453227061
3.85    0.0574739947292
3.89    0.0580756226378
3.93    0.0595601264178
3.97    0.0624317043226
4.01    0.0645120920862
4.05    0.0659575646871
4.09    0.0667658614045
4.13    0.066834329463
4.17    0.0662204339816
4.21    0.064982573686
4.25    0.0649696109034
4.29    0.0654123613385
4.33    0.0658130213465
4.37    0.0661231666528
4.41    0.0663253873828
4.45    0.0664317537733
4.49    0.0664864411231
4.53    0.0666446395555
4.57    0.0670248832404
4.61    0.0674121990196
4.65    0.0679200119368
4.69    0.0685203049766
4.73    0.0690857857639
4.77    0.0695634674588
4.81    0.0699311545497
4.85    0.0702024786916
4.89    0.0715712681
4.93    0.0764991926009
4.97    0.0815371558141
5.01    0.086619051178
5.05    0.0916442274706
5.09    0.0965420480482
5.13    0.101234191421
5.17    0.1056899162
5.21    0.110030577202
5.25    0.114191068684
5.29    0.118116052527
5.33    0.12180977733
5.37    0.125236831073
5.41    0.128380214334
5.45    0.131247541651
5.49    0.133903752476
5.53    0.136401236725
5.57    0.138759459456
5.61    0.142288059471
5.65    0.145830764849
5.69    0.149312852863
5.73    0.152701775026
5.77    0.156004697438
5.81    0.15918929583
5.85    0.162289628934
5.89    0.165271235743
5.93    0.168112017565
5.97    0.170771646044
6.01    0.173242733026
6.05    0.175511249534
6.09    0.17755380208
6.13    0.179338550008
6.17    0.180805368311
6.21    0.181943658996
6.25    0.182728239351
6.29    0.183137051314
6.33    0.183210868328
6.37    0.183044762502
6.41    0.182634529556
6.45    0.181941297912
6.49    0.180974061131
6.53    0.17974562007
6.57    0.178287577677
6.61    0.176548257532
6.65    0.174501616608
6.69    0.172179055646
6.73    0.169599845915
6.77    0.166841929036
6.81    0.163949891044
6.85    0.160891268476
6.89    0.157718397396
6.93    0.155970779695
6.97    0.153993434349
7.01    0.151801966269
7.05    0.149415616779
7.09    0.146858847928
7.13    0.144159174164
7.17    0.14136357901
7.21    0.138499747058
7.25    0.135598176553
7.29    0.132653018062
7.33    0.129690338631
7.37    0.126714976562
7.41    0.123736463662
7.45    0.120769570341
7.49    0.117810020896
7.53    0.114875124593
7.57    0.111969957315
7.61    0.109104641801
7.65    0.106294355081
7.69    0.10355326731
7.73    0.100880549605
7.77    0.0982677256996
7.81    0.0957325548084
7.85    0.0932604392809
7.89    0.0908617868292
7.93    0.0885407596736
7.97    0.0862893221253
8.01    0.0841082918846
8.05    0.0821912586104
8.09    0.081339141622
8.13    0.080519566656
8.17    0.0797149115703
8.21    0.078946616678
8.25    0.0781961708956
8.29    0.077477858823
8.33    0.0767819354102
8.37    0.076114369445
8.41    0.0754696034598
8.45    0.0748525948861
8.49    0.0743174049598
8.53    0.0741854156118
8.57    0.074080419354
8.61    0.0740017247884
8.65    0.0739483267862
8.69    0.0739189323421
8.73    0.0739128996923
8.77    0.0739362822805
8.81    0.0739783787535
8.85    0.0740370519541
8.89    0.0741100096566
8.93    0.0741948317276
8.97    0.0742889967067
9.01    0.0743899076187
9.05    0.0745045538675
9.09    0.0746218615139
9.13    0.0747381236926
9.17    0.0748506823113
9.21    0.0749569128731
9.25    0.0750614932241
9.29    0.0751594310016
9.33    0.0752437441192
9.37    0.0753121031778
9.41    0.0753724982743
9.45    0.075415221759
9.49    0.0754422646881
9.53    0.0754651321165
9.57    0.0754762654342
9.61    0.0754604568794
9.65    0.0754216982469
9.69    0.0753615354269
9.73    0.07527052897
9.77    0.0751476608571
9.81    0.0749920717826
9.85    0.0748134559587
9.89    0.0746042602195
9.93    0.074360617395
9.97    0.0740822640147
