0.05    4.16689024117e-05
0.09    0.000238100736175
0.13    0.000537044679743
0.17    0.000801068179831
0.21    0.00109097705875
0.25    0.00140543451995
0.29    0.00145428033672
0.33    0.00193616885231
0.37    0.00254167748125
0.41    0.0034034511328
0.45    0.00255651870952
0.49    0.00274300925933
0.53    0.00280086363611
0.57    0.00336153742046
0.61    0.0037428932084
0.65    0.00350869841997
0.69    0.00383605617492
0.73    0.00374014678994
0.77    0.00365444385819
0.81    0.00388647736419
0.85    0.00466881188584
0.89    0.00635151156033
0.93    0.00689880438508
0.97    0.00638105160464
1.01    0.00620941648677
1.05    0.00606872704605
1.09    0.00646246139044
1.13    0.00718215068083
1.17    0.00780285541179
1.21    0.00848853878253
1.25    0.00884940592358
1.29    0.00916384434346
1.33    0.00998433087626
1.37    0.0101435894522
1.41    0.00928446874105
1.45    0.00913796627664
1.49    0.00988161339206
1.53    0.01062339259
1.57    0.0110033903292
1.61    0.0119928773896
1.65    0.0137694948507
1.69    0.0151965742038
1.73    0.0156722691291
1.77    0.0159483273024
1.81    0.0176138476223
1.85    0.0207505039131
1.89    0.0232625849459
1.93    0.0238553060447
1.97    0.0226364663971
2.01    0.0210170507073
2.05    0.0204761148997
2.09    0.0203039824063
2.13    0.019797447991
2.17    0.0186026039893
2.21    0.0183765383158
2.25    0.0188305302983
2.29    0.0193542946893
2.33    0.0200502106342
2.37    0.0206045738813
2.41    0.021085674698
2.45    0.0214895259921
2.49    0.0219931261574
2.53    0.0222748780137
2.57    0.0227813448086
2.61    0.0242560811619
2.65    0.0261991815524
2.69    0.02782707132
2.73    0.0290014175992
2.77    0.0298649818408
2.81    0.0305080342163
2.85    0.0309573205164
2.89    0.0315497030183
2.93    0.035245202619
2.97    0.0380967439011
3.01    0.0400652763784
3.05    0.0405244048544
3.09    0.0393807442121
3.13    0.0372298428327
3.17    0.0345062266918
3.21    0.0345972559205
3.25    0.034399506508
3.29    0.0342051530052
3.33    0.0338172117651
3.37    0.0333702090507
3.41    0.035442943558
3.45    0.0378801845997
3.49    0.0401453323564
3.53    0.0420324476524
3.57    0.0432147709464
3.61    0.0434879958948
3.65    0.042772806907
3.69    0.0411265746093
3.73    0.0388012467467
3.77    0.0361814602943
3.81    0.0336327834429
3.85    0.0314817081088
3.89    0.0308122943405
3.93    0.0308725295161
3.97    0.0306598877426
4.01    0.0302596525679
4.05    0.0297516880475
4.09    0.0291972689269
4.13    0.0296939506128
4.17    0.0310312203275
4.21    0.0323370329713
4.25    0.0335665112102
4.29    0.0346972891844
4.33    0.0357216657512
4.37    0.0366200441018
4.41    0.0374484994321
4.45    0.0381899773912
4.49    0.0388298102844
4.53    0.0393411623418
4.57    0.0414516465098
4.61    0.0440995655616
4.65    0.0468055681068
4.69    0.0495348286327
4.73    0.0523253691734
4.77    0.055052813927
4.81    0.0575889654561
4.85    0.0599474391764
4.89    0.0621977141721
4.93    0.0642390980126
4.97    0.0660369167334
5.01    0.0675919476701
5.05    0.070355997154
5.09    0.0748346611477
5.13    0.0790543346877
5.17    0.0830336085115
5.21    0.0867277900742
5.25    0.0901539955996
5.29    0.0931833372049
5.33    0.0958269222954
5.37    0.0979001456876
5.41    0.0992518750636
5.45    0.099851889851
5.49    0.101555094223
5.53    0.104046428783
5.57    0.105754390907
5.61    0.106576089873
5.65    0.106547203883
5.69    0.105759754128
5.73    0.10421958185
5.77    0.101972743959
5.81    0.0991162637741
5.85    0.0957274392261
5.89    0.091962381502
5.93    0.0880070922931
5.97    0.0840568622387
6.01    0.0802865861537
6.05    0.0769125163351
6.09    0.0751249102741
6.13    0.0729902785462
6.17    0.0705264417775
6.21    0.0683909901719
6.25    0.0677394523547
6.29    0.067562275982
6.33    0.0677365225755
6.37    0.0681325239325
6.41    0.0686210932372
6.45    0.0690778276303
6.49    0.0693913383732
6.53    0.0694930795228
6.57    0.0693292204262
6.61    0.0702295281889
6.65    0.0710691662367
6.69    0.0715970171943
6.73    0.0717955086304
6.77    0.0716434265802
6.81    0.0711293993014
6.85    0.0702775337757
6.89    0.0691119383703
6.93    0.0676889084219
6.97    0.0660517240048
7.01    0.0642421361068
7.05    0.0623182145784
7.09    0.0603432136832
7.13    0.0583874586106
7.17    0.056509224574
7.21    0.0548517700669
7.25    0.0549351555853
7.29    0.0549721598376
7.33    0.0549524748228
7.37    0.0548800107811
7.41    0.0547550050673
7.45    0.0545758795426
7.49    0.0543554625913
7.53    0.054085066147
7.57    0.0537668161312
7.61    0.0533905570809
7.65    0.0529699767245
7.69    0.0525092488676
7.73    0.0526300864055
7.77    0.0532627544522
7.81    0.0538094472057
7.85    0.0542363061348
7.89    0.0545134315613
7.93    0.0546292837426
7.97    0.0545666866337
8.01    0.0543167231843
8.05    0.0538636428983
8.09    0.053218456679
8.13    0.0523738757352
8.17    0.0516582496401
8.21    0.0522239228629
8.25    0.0526269550373
8.29    0.0528600220226
8.33    0.0529220901243
8.37    0.0528347465461
8.41    0.0525990149244
8.45    0.0521952922206
8.49    0.0517384276941
8.53    0.0520870227988
8.57    0.0523007268049
8.61    0.0523838354664
8.65    0.0523318921389
8.69    0.052154615759
8.73    0.0518593530466
8.77    0.0514599561399
8.81    0.0509587276738
8.85    0.0509445323657
8.89    0.051387017622
8.93    0.0517233663878
8.97    0.0519673352782
9.01    0.052141993659
9.05    0.0522239567775
9.09    0.0522213225664
9.13    0.0521506366965
9.17    0.052016695091
9.21    0.0518182585291
9.25    0.0515506951186
9.29    0.0512345405932
9.33    0.050867066003
9.37    0.05046074045
9.41    0.0500270061378
9.45    0.0495672055048
9.49    0.0490973352292
9.53    0.0486196122268
9.57    0.0481432922037
9.61    0.0476755241391
9.65    0.0472212359253
9.69    0.0467874970146
9.73    0.0463764363593
9.77    0.0459936482242
9.81    0.0456453114214
9.85    0.0453323592259
9.89    0.0450579601343
9.93    0.0448246260056
9.97    0.0446342274925
