0.05    5.13886798495e-05
0.09    0.000206632740256
0.13    0.000545985727045
0.17    0.00172713253286
0.21    0.00256573190007
0.25    0.00397235595158
0.29    0.00449984059495
0.33    0.00808656676131
0.37    0.00857996429539
0.41    0.0128377811181
0.45    0.0203717333054
0.49    0.0131205488302
0.53    0.0116163176082
0.57    0.0125180436549
0.61    0.0105053203429
0.65    0.0110488899878
0.69    0.0158656925021
0.73    0.0163025669465
0.77    0.0207211499962
0.81    0.0241245758105
0.85    0.0239574493876
0.89    0.0243701621732
0.93    0.0262364837686
0.97    0.0248921800789
1.01    0.0234151533787
1.05    0.0289405411443
1.09    0.0281301036999
1.13    0.0265548839242
1.17    0.0262995833934
1.21    0.0264961679331
1.25    0.0269982429612
1.29    0.0292657878846
1.33    0.0301813573563
1.37    0.0298630274655
1.41    0.0283223580269
1.45    0.0261695242338
1.49    0.0237524435557
1.53    0.0215273366014
1.57    0.0206491207117
1.61    0.0212411469862
1.65    0.0207969003986
1.69    0.0199059012786
1.73    0.0202931508777
1.77    0.0207138509837
1.81    0.0206852987481
1.85    0.0203439596144
1.89    0.0213872444121
1.93    0.0232626285789
1.97    0.0259366134165
2.01    0.0285855788088
2.05    0.0303204184389
2.09    0.030672885238
2.13    0.0294900256688
2.17    0.0287242284461
2.21    0.0294814709683
2.25    0.0300377747494
2.29    0.0301388281546
2.33    0.0298055503541
2.37    0.029201493935
2.41    0.0285564102393
2.45    0.0285261362341
2.49    0.0300054418061
2.53    0.0308407170878
2.57    0.0310855339084
2.61    0.0318898844623
2.65    0.0334140010915
2.69    0.0350212682212
2.73    0.0365661438012
2.77    0.0379089883474
2.81    0.0389392122037
2.85    0.0396053002445
2.89    0.040102665167
2.93    0.0410322478057
2.97    0.0429071149759
3.01    0.0454522969922
3.05    0.0477836982179
3.09    0.0498640223463
3.13    0.0516878222163
3.17    0.0532663949342
3.21    0.0546116245363
3.25    0.0557436813745
3.29    0.0566765115006
3.33    0.0574234355071
3.37    0.057985728955
3.41    0.0583640859494
3.45    0.058566244758
3.49    0.0585994641166
3.53    0.0584697329484
3.57    0.0581841625019
3.61    0.0577493455763
3.65    0.0571743133923
3.69    0.0564663431829
3.73    0.055633806219
3.77    0.0546854309883
3.81    0.0536328883098
3.85    0.0524843538001
3.89    0.0522125577019
3.93    0.0518897691082
3.97    0.0513261978815
4.01    0.0505441998459
4.05    0.0495680601415
4.09    0.0484280457221
4.13    0.0471562456383
4.17    0.0457854778867
4.21    0.0443443829034
4.25    0.0428603596875
4.29    0.0413550684504
4.33    0.0398531838546
4.37    0.0383883889503
4.41    0.0369636899403
4.45    0.035561787793
4.49    0.034608560277
4.53    0.0344268036908
4.57    0.0342342562638
4.61    0.0340337137955
4.65    0.0338276534961
4.69    0.0336189468995
4.73    0.0334098873724
4.77    0.0332006832486
4.81    0.0329931150938
4.85    0.0327885447711
4.89    0.0325853846891
4.93    0.0323859511085
4.97    0.0321875229497
5.01    0.031990620648
5.05    0.0317935925729
5.09    0.0316740564604
5.13    0.0318279878163
5.17    0.0319751046632
5.21    0.0321145226506
5.25    0.0322460074707
5.29    0.0323658098658
5.33    0.0324738476752
5.37    0.0325677807784
5.41    0.0326447571297
5.45    0.0327053253845
5.49    0.0327443828751
5.53    0.0327637271399
5.57    0.0327582484875
5.61    0.0327289505231
5.65    0.0326722744716
5.69    0.0325883881365
5.73    0.0324747498871
5.77    0.0323314209817
5.81    0.0322734906739
5.85    0.0325466762775
5.89    0.0328106636238
5.93    0.033066305901
5.97    0.0333105683252
6.01    0.0335442616703
6.05    0.0337654031152
6.09    0.0339744445704
6.13    0.0344843790954
6.17    0.0352157979503
6.21    0.0361574704926
6.25    0.0371951607514
6.29    0.0383233778554
6.33    0.0395358051811
6.37    0.0408251802167
6.41    0.0421831597623
6.45    0.0436004644867
6.49    0.0450679343728
6.53    0.0465750464588
6.57    0.0481124251955
6.61    0.0496692641924
6.65    0.0512354862215
6.69    0.0528014036088
6.73    0.0543572749898
6.77    0.0558930033439
6.81    0.0574006661114
6.85    0.0588716168894
6.89    0.0602982313431
6.93    0.061673879894
6.97    0.0629933145703
7.01    0.0642513230905
7.05    0.0654426030179
7.09    0.0665620361075
7.13    0.0676042088971
7.17    0.0685645065476
7.21    0.0694391021343
7.25    0.0702249268657
7.29    0.0709215924187
7.33    0.0715298503438
7.37    0.0720510665296
7.41    0.0724825591251
7.45    0.0728212975207
7.49    0.0730717728512
7.53    0.0732372231276
7.57    0.0733233995948
7.61    0.0733368350222
7.65    0.0732797809704
7.69    0.0731414012397
7.73    0.0729176584191
7.77    0.0726090196927
7.81    0.0722199656325
7.85    0.0717575744729
7.89    0.0712393673134
7.93    0.0706878408047
7.97    0.0701387120027
8.01    0.0702066477743
8.05    0.0703115115463
8.09    0.0703652804675
8.13    0.0703583033387
8.17    0.0702884792406
8.21    0.0701581228663
8.25    0.0699652432618
8.29    0.069712421718
8.33    0.069410601273
8.37    0.0690741034376
8.41    0.0687155484031
8.45    0.0683356735543
8.49    0.0680060071582
8.53    0.0676663748414
8.57    0.0672812906629
8.61    0.0674040395845
8.65    0.0681873653305
8.69    0.0689158534385
8.73    0.069589344482
8.77    0.0702070895108
8.81    0.0707699507884
8.85    0.0712792772986
8.89    0.0717355915693
8.93    0.0721413080795
8.97    0.0724962880524
9.01    0.0728024385306
9.05    0.0730614042373
9.09    0.0732738983908
9.13    0.0734413700091
9.17    0.0735660993368
9.21    0.0736491518838
9.25    0.0736921479531
9.29    0.0736964491713
9.33    0.0736635450028
9.37    0.0735949455092
9.41    0.0734923237696
9.45    0.073357620124
9.49    0.0731924746428
9.53    0.0729989928738
9.57    0.0727783933975
9.61    0.0725325818899
9.65    0.0722623547125
9.69    0.0719686476917
9.73    0.0716516928813
9.77    0.0713122058601
9.81    0.0709505183816
9.85    0.0705676004944
9.89    0.0701646047624
9.93    0.0697427461976
9.97    0.0693030461299
