0.05    4.91783731396e-05
0.09    0.000214756308744
0.13    0.000489762200858
0.17    0.00110233246923
0.21    0.00169744793941
0.25    0.00393480040824
0.29    0.00611166086119
0.33    0.00494140068689
0.37    0.00694930990229
0.41    0.0107074559906
0.45    0.0101580518411
0.49    0.0086554586581
0.53    0.00711076453253
0.57    0.0078337593727
0.61    0.00911875743712
0.65    0.00976676791665
0.69    0.00860932715082
0.73    0.00768642210273
0.77    0.00965835589575
0.81    0.0112203053259
0.85    0.0111313181086
0.89    0.010858597357
0.93    0.0127763814833
0.97    0.0141371932036
1.01    0.0146779805833
1.05    0.0188183041246
1.09    0.0225520690171
1.13    0.0268005146248
1.17    0.0313009148879
1.21    0.0321046387624
1.25    0.0289484991415
1.29    0.0240866529893
1.33    0.021417099013
1.37    0.0217324406408
1.41    0.0227349878879
1.45    0.0231538486794
1.49    0.0223337308444
1.53    0.0254535320978
1.57    0.0281169143011
1.61    0.0298279686387
1.65    0.0309633745138
1.69    0.0315982647737
1.73    0.0315912667641
1.77    0.030760501649
1.81    0.0289765387779
1.85    0.0302039643659
1.89    0.031546461502
1.93    0.0326353565711
1.97    0.0334288936816
2.01    0.0338353528136
2.05    0.0337910165466
2.09    0.0332890877945
2.13    0.0323910850419
2.17    0.0311791989493
2.21    0.0297193120986
2.25    0.0280595785481
2.29    0.0262382594574
2.33    0.0243075249075
2.37    0.0223685940068
2.41    0.0210170898955
2.45    0.0226529453203
2.49    0.0243178222902
2.53    0.0259534463583
2.57    0.0283558574029
2.61    0.0307805967938
2.65    0.0330502058515
2.69    0.0350871906265
2.73    0.0368266532628
2.77    0.0382279292983
2.81    0.0392644562148
2.85    0.0399386764754
2.89    0.040880564362
2.93    0.0436030192199
2.97    0.0479779345414
3.01    0.0515072805152
3.05    0.0540097934318
3.09    0.0554264567802
3.13    0.0559790564041
3.17    0.0578458004306
3.21    0.0590846846548
3.25    0.0595996481421
3.29    0.0594562405192
3.33    0.0586693230348
3.37    0.0572888703933
3.41    0.0570846888105
3.45    0.0563096566861
3.49    0.0549319042124
3.53    0.0530144281682
3.57    0.0506290897044
3.61    0.0509390662652
3.65    0.0509251964028
3.69    0.0505704145101
3.73    0.0498955777277
3.77    0.0493746270174
3.81    0.0496958454252
3.85    0.0498480924762
3.89    0.0498941619979
3.93    0.0501317000206
3.97    0.0502605746037
4.01    0.0502407997678
4.05    0.0500615127956
4.09    0.0497214366167
4.13    0.0492272497389
4.17    0.0485847794116
4.21    0.0478041682797
4.25    0.0468957101484
4.29    0.04586915026
4.33    0.0447396664247
4.37    0.0435187724344
4.41    0.0422196499983
4.45    0.0408563921414
4.49    0.0394428370202
4.53    0.0379924489208
4.57    0.0365182126494
4.61    0.035035168944
4.65    0.0341057270838
4.69    0.0352175185026
4.73    0.0367734977943
4.77    0.0381699967111
4.81    0.0393486010521
4.85    0.0403086498858
4.89    0.0410543888604
4.93    0.0415934682151
4.97    0.0423258237997
5.01    0.0430356549048
5.05    0.0435291881756
5.09    0.04382294486
5.13    0.0439674681351
5.17    0.0448311120637
5.21    0.0454980044781
5.25    0.0459823842257
5.29    0.0463000371014
5.33    0.046456946138
5.37    0.0464610308793
5.41    0.0463265650242
5.45    0.0460717845851
5.49    0.0457146103398
5.53    0.0452733716256
5.57    0.0447650091366
5.61    0.0442043150046
5.65    0.0436050245811
5.69    0.0429788667556
5.73    0.0430175103314
5.77    0.0435573252797
5.81    0.0440944162578
5.85    0.0446313118849
5.89    0.0451693341704
5.93    0.0457105993902
5.97    0.0462545877519
6.01    0.0468001368918
6.05    0.047344479963
6.09    0.047883379325
6.13    0.0484132405018
6.17    0.0489274133078
6.21    0.0494199510365
6.25    0.0498862483576
6.29    0.0503183429374
6.33    0.0507096538305
6.37    0.0510537133201
6.41    0.0513448640853
6.45    0.0515773186418
6.49    0.0517448623309
6.53    0.0518424435164
6.57    0.0518656227746
6.61    0.0518106657214
6.65    0.0516756457721
6.69    0.0514572409565
6.73    0.0511536067533
6.77    0.0507637875101
6.81    0.050287532726
6.85    0.0497252647359
6.89    0.049078760261
6.93    0.0483491210701
6.97    0.0475384492317
7.01    0.0466495393309
7.05    0.0456856460943
7.09    0.0454014988799
7.13    0.0454973406616
7.17    0.0457668464204
7.21    0.0460069784573
7.25    0.046217788559
7.29    0.0463994146211
7.33    0.0465521787014
7.37    0.0466762993579
7.41    0.0467716657368
7.45    0.0468380477978
7.49    0.0468755279861
7.53    0.0468847026957
7.57    0.0468653963575
7.61    0.0468171031598
7.65    0.0467411638068
7.69    0.0466377264277
7.73    0.0465078104488
7.77    0.0463515933143
7.81    0.0461698357402
7.85    0.0459627936878
7.89    0.0457313556023
7.93    0.0454764815332
7.97    0.0451996435062
8.01    0.0449014372459
8.05    0.0445829185177
8.09    0.0442451549633
8.13    0.0438893284744
8.17    0.0435170131577
8.21    0.0431289701151
8.25    0.0427274869254
8.29    0.0423155413296
8.33    0.0418969840024
8.37    0.0414716479611
8.41    0.041093694404
8.45    0.0409087501115
8.49    0.0407029163015
8.53    0.0404779729002
8.57    0.0402347250146
8.61    0.0399734973274
8.65    0.0396969773348
8.69    0.0394041265053
8.73    0.0390973886593
8.77    0.0387773804177
8.81    0.0384441518025
8.85    0.0381001473575
8.89    0.0377455464124
8.93    0.037380642974
8.97    0.037007108328
9.01    0.0366261971762
9.05    0.0362376699993
9.09    0.0358423930703
9.13    0.0354420877428
9.17    0.035037254277
9.21    0.0350361261766
9.25    0.0350408528511
9.29    0.0350361285881
9.33    0.0350223075335
9.37    0.0349997410071
9.41    0.0349699711011
9.45    0.0349322473246
9.49    0.0348867801436
9.53    0.0348339041139
9.57    0.0347739485513
9.61    0.0347072371774
9.65    0.0346340878006
9.69    0.0345559310146
9.73    0.0344719273148
9.77    0.0343823723097
9.81    0.0342875579551
9.85    0.034187769266
9.89    0.034083284202
9.93    0.0339743735637
9.97    0.0338613009207
