0.05    0.000403975057403
0.09    0.00287160954438
0.13    0.00306390229663
0.17    0.00614004823064
0.21    0.00874708345702
0.25    0.0129017631271
0.29    0.0190320486845
0.33    0.0204986149254
0.37    0.0224317058224
0.41    0.020156429698
0.45    0.0214124225806
0.49    0.0253479994551
0.53    0.0381989621832
0.57    0.0356689539548
0.61    0.0290148451417
0.65    0.0373298235785
0.69    0.0456430770358
0.73    0.0521456637909
0.77    0.0519272513418
0.81    0.0539316304426
0.85    0.0748006335211
0.89    0.0795529372454
0.93    0.0819172899708
0.97    0.0888600803096
1.01    0.0949116463697
1.05    0.107074893273
1.09    0.11780226548
1.13    0.119373810824
1.17    0.11685641896
1.21    0.125726607045
1.25    0.130309427464
1.29    0.132793082122
1.33    0.130355373982
1.37    0.125693784403
1.41    0.119627085263
1.45    0.122031692333
1.49    0.133349318008
1.53    0.142374788168
1.57    0.153848253726
1.61    0.166934669279
1.65    0.180496039694
1.69    0.192811671839
1.73    0.202451036081
1.77    0.214225918745
1.81    0.227338131718
1.85    0.234523591659
1.89    0.235744809752
1.93    0.239318722711
1.97    0.239395316861
2.01    0.235168916372
2.05    0.227384552761
2.09    0.217196884694
2.13    0.205715581066
2.17    0.194306150971
2.21    0.186846031346
2.25    0.190384615898
2.29    0.193489946143
2.33    0.195590845255
2.37    0.196648279176
2.41    0.196775576008
2.45    0.196037289744
2.49    0.206673368288
2.53    0.221863002204
2.57    0.238274287544
2.61    0.255325700068
2.65    0.272480257814
2.69    0.289316132719
2.73    0.305532395548
2.77    0.320914493925
2.81    0.335315922305
2.85    0.348642537322
2.89    0.360809937553
2.93    0.371830314843
2.97    0.381828791546
3.01    0.391347052593
3.05    0.400405152316
3.09    0.408666980522
3.13    0.416109729352
3.17    0.422761071387
3.21    0.428733148457
3.25    0.434197657754
3.29    0.439333287325
3.33    0.444391524803
3.37    0.449426752824
3.41    0.45433446765
3.45    0.459118320335
3.49    0.463852265517
3.53    0.468604636662
3.57    0.473707324851
3.61    0.479490005375
3.65    0.485491960473
3.69    0.491690616741
3.73    0.498241227481
3.77    0.505352158678
3.81    0.512662652446
3.85    0.52007478526
3.89    0.527562345178
3.93    0.535126458045
3.97    0.542805397809
4.01    0.550555826633
4.05    0.558320002844
4.09    0.566100049906
4.13    0.573843276838
4.17    0.581450892841
4.21    0.588971377916
4.25    0.596233786537
4.29    0.603363533197
4.33    0.610225298095
4.37    0.61687275758
4.41    0.623379559164
4.45    0.629827541375
4.49    0.636286531081
4.53    0.642715293744
4.57    0.6491483488
4.61    0.655801053299
4.65    0.66244156529
4.69    0.668838303846
4.73    0.674915944762
4.77    0.680689709934
4.81    0.687300748702
4.85    0.696063948532
4.89    0.705767197298
4.93    0.715163344923
4.97    0.724871563343
5.01    0.735045854433
5.05    0.745464351328
5.09    0.755851617721
5.13    0.766141463162
5.17    0.776113830365
5.21    0.785787901792
5.25    0.795270363016
5.29    0.804743785742
5.33    0.813988936763
5.37    0.82287255064
5.41    0.831381755685
5.45    0.839550780468
5.49    0.848631016242
5.53    0.857826757467
5.57    0.866607824419
5.61    0.875015000431
5.65    0.882976142627
5.69    0.890501723791
5.73    0.897653243046
5.77    0.904423572516
5.81    0.910925607469
5.85    0.917181631765
5.89    0.923400123071
5.93    0.931007961761
5.97    0.938740962215
6.01    0.946215718491
6.05    0.954277258912
6.09    0.962703340468
6.13    0.970959501137
6.17    0.978902479295
6.21    0.986470509885
6.25    0.99376690247
6.29    1.00174893582
6.33    1.00955598545
6.37    1.01712748655
6.41    1.02483736521
6.45    1.03228725039
6.49    1.03931811196
6.53    1.04592679526
6.57    1.05230096376
6.61    1.05864317985
6.65    1.06475741182
6.69    1.07088942769
6.73    1.07710793427
6.77    1.08329875753
6.81    1.08990755886
6.85    1.09628452125
6.89    1.1023378573
6.93    1.10808488147
6.97    1.11450092184
7.01    1.12079397887
7.05    1.12675968043
7.09    1.1330378834
7.13    1.139196859
7.17    1.14501720464
7.21    1.15049494832
7.25    1.15568810094
7.29    1.16137892899
7.33    1.16757330451
7.37    1.17345589405
7.41    1.17902261623
7.45    1.18435955542
7.49    1.19009125108
7.53    1.19591169166
7.57    1.2015826272
7.61    1.20705249559
7.65    1.21228536381
7.69    1.21725182074
7.73    1.22199957641
7.77    1.22662654054
7.81    1.23154491225
7.85    1.23673005622
7.89    1.24203592801
7.93    1.2470422675
7.97    1.25171309702
8.01    1.25602415425
8.05    1.25997190262
8.09    1.26358260857
8.13    1.26690475275
8.17    1.2700819581
8.21    1.27310860791
8.25    1.27589027049
8.29    1.27843501073
8.33    1.28114923578
8.37    1.28380708463
8.41    1.28622873118
8.45    1.28837384504
8.49    1.29025097493
8.53    1.29187810586
8.57    1.29332315
8.61    1.29463006178
8.65    1.29576557391
8.69    1.2966883267
8.73    1.2974095335
8.77    1.29798037982
8.81    1.29848169713
8.85    1.29903183571
8.89    1.29950658612
8.93    1.29984878512
8.97    1.30011320176
9.01    1.30046567819
9.05    1.3007058129
9.09    1.30079421037
9.13    1.3007275193
9.17    1.30072570587
9.21    1.30093947946
9.25    1.3010164936
9.29    1.30097905589
9.33    1.30118845714
9.37    1.30156071005
9.41    1.30227489794
9.45    1.30301970279
9.49    1.30534068766
9.53    1.31004345665
9.57    1.31510126485
9.61    1.32015572477
9.65    1.32500843201
9.69    1.32990242361
9.73    1.33448021905
9.77    1.33926830471
9.81    1.34425922327
9.85    1.34907870842
9.89    1.35374892659
9.93    1.35814724687
9.97    1.36235783287
