0.05    2.23638387347e-05
0.09    8.76706347502e-05
0.13    0.000305304218844
0.17    0.000507157510764
0.21    0.00093102393481
0.25    0.00151772484899
0.29    0.00220456934411
0.33    0.00287540883496
0.37    0.0030659985878
0.41    0.00259456144755
0.45    0.00396709115965
0.49    0.00405108731264
0.53    0.00432973111336
0.57    0.00592269009036
0.61    0.00742339816712
0.65    0.00702977285765
0.69    0.00781737020692
0.73    0.00922087470811
0.77    0.00885734298911
0.81    0.0080404209953
0.85    0.00730534378477
0.89    0.00557990488992
0.93    0.00641779867675
0.97    0.00684525372769
1.01    0.00699427744118
1.05    0.0077377607378
1.09    0.00779226370773
1.13    0.00795325319171
1.17    0.00859914867353
1.21    0.00938838503025
1.25    0.00998295224583
1.29    0.0103522598154
1.33    0.0108514721213
1.37    0.0119045416386
1.41    0.011615721729
1.45    0.0108360062847
1.49    0.0108007325047
1.53    0.0106696212205
1.57    0.0102447284184
1.61    0.0096526128699
1.65    0.00922167265053
1.69    0.00903926560099
1.73    0.00893840196186
1.77    0.0106947457682
1.81    0.0125032818365
1.85    0.013880711176
1.89    0.0148037173342
1.93    0.0152999791716
1.97    0.0153996893607
2.01    0.0164998160321
2.05    0.0182888516575
2.09    0.0195786356104
2.13    0.0204276086775
2.17    0.0210573714998
2.21    0.021805545365
2.25    0.0226656830443
2.29    0.0231890784968
2.33    0.0231214613333
2.37    0.0223830724467
2.41    0.0212035118975
2.45    0.0202029555672
2.49    0.0197025298657
2.53    0.0194456761102
2.57    0.0195413696038
2.61    0.0199522434391
2.65    0.0205456497776
2.69    0.0212112309408
2.73    0.0219208032794
2.77    0.0226812177259
2.81    0.0235121028801
2.85    0.02440491957
2.89    0.0253139567691
2.93    0.0261744760361
2.97    0.026917642793
3.01    0.0275110832274
3.05    0.0287190104813
3.09    0.0300284639388
3.13    0.0310400649174
3.17    0.0316414548166
3.21    0.0318375457167
3.25    0.0317111364832
3.29    0.0320345022957
3.33    0.032255730661
3.37    0.0321900385867
3.41    0.0322240354175
3.45    0.0325582161179
3.49    0.0326562646264
3.53    0.0326174584722
3.57    0.0325717678758
3.61    0.0322533998745
3.65    0.0317523592755
3.69    0.0309717446743
3.73    0.0298563721709
3.77    0.0290192940273
3.81    0.0296327488041
3.85    0.0300383515217
3.89    0.0302193383064
3.93    0.0301785922518
3.97    0.029936877501
4.01    0.0295289637267
4.05    0.0290024903468
4.09    0.0284010352197
4.13    0.0277657073335
4.17    0.0271361916753
4.21    0.0265447753849
4.25    0.0260076357606
4.29    0.0255392225386
4.33    0.0251412173787
4.37    0.0248104108432
4.41    0.0245374363935
4.45    0.0243117517997
4.49    0.0241875563171
4.53    0.024195720076
4.57    0.0242118472271
4.61    0.0242308506598
4.65    0.0242413335055
4.69    0.0242335443632
4.73    0.0242078152594
4.77    0.0241601841048
4.81    0.0240870081533
4.85    0.0240373714531
4.89    0.0244144918096
4.93    0.0247626488806
4.97    0.025060013129
5.01    0.0253108816689
5.05    0.0255119564654
5.09    0.0256985452249
5.13    0.0262372337358
5.17    0.0269182666539
5.21    0.0275611286034
5.25    0.0281656619545
5.29    0.0287320660725
5.33    0.0292623527029
5.37    0.0297533712603
5.41    0.0302016889612
5.45    0.0306031885855
5.49    0.0309532202123
5.53    0.0312471930205
5.57    0.0314810554893
5.61    0.03173428257
5.65    0.0321020127007
5.69    0.0324035584882
5.73    0.0326300036789
5.77    0.0327829267402
5.81    0.0328658653779
5.85    0.0330277694093
5.89    0.0336993415618
5.93    0.0343141460793
5.97    0.0348681104859
6.01    0.0353595164577
6.05    0.0357893273693
6.09    0.0362149533277
6.13    0.0365889203791
6.17    0.0368986483321
6.21    0.0371443564356
6.25    0.03733066704
6.29    0.0374616210102
6.33    0.0375349289698
6.37    0.037549063844
6.41    0.0375054187387
6.45    0.0374090629224
6.49    0.0372709102488
6.53    0.0370993325451
6.57    0.0368920458277
6.61    0.0366492607526
6.65    0.036374665197
6.69    0.0360697598675
6.73    0.0357380217244
6.77    0.0353826586996
6.81    0.0350103984855
6.85    0.0346265071804
6.89    0.0342453430949
6.93    0.0338678116023
6.97    0.0334786342455
7.01    0.033079010766
7.05    0.0326717731792
7.09    0.0322606252076
7.13    0.0318489572577
7.17    0.0314367309495
7.21    0.0310244448602
7.25    0.0306122136673
7.29    0.0302008219943
7.33    0.0297934507107
7.37    0.0293888348337
7.41    0.0289907342523
7.45    0.0285984079116
7.49    0.0282134334042
7.53    0.0278378053406
7.57    0.0274705791369
7.61    0.0271137869894
7.65    0.0267681775173
7.69    0.0264331523001
7.73    0.0261096330896
7.77    0.025808935497
7.81    0.0256003508208
7.85    0.025401120487
7.89    0.0252092045099
7.93    0.0250249655372
7.97    0.0248487817727
8.01    0.0246815540001
8.05    0.0245243853269
8.09    0.0243756479026
8.13    0.0242352927104
8.17    0.0241031728772
8.21    0.0239790493628
8.25    0.0238625970142
8.29    0.0237546948138
8.33    0.0236542031486
8.37    0.0235599408125
8.41    0.0234713112576
8.45    0.0233876652613
8.49    0.0233083081157
8.53    0.0232325068087
8.57    0.0231594971358
8.61    0.0230899242467
8.65    0.0230220677393
8.69    0.022954612443
8.73    0.0228867389821
8.77    0.0228176290244
8.81    0.0227464710313
8.85    0.0227822036194
8.89    0.022895183495
8.93    0.0230139957557
8.97    0.02313809503
9.01    0.0232669249898
9.05    0.0233999211288
9.09    0.0235365134379
9.13    0.0237063106697
9.17    0.0239068690572
9.21    0.0241127502653
9.25    0.0243231803093
9.29    0.024537655641
9.33    0.0247556626063
9.37    0.0249766799784
9.41    0.0252005159443
9.45    0.0254271322208
9.49    0.0256552207242
9.53    0.0258842532892
9.57    0.0261137049145
9.61    0.0263430556072
9.65    0.0265717920994
9.69    0.0268005354687
9.73    0.02702802642
9.77    0.0272534639742
9.81    0.0274763754595
9.85    0.027696301559
9.89    0.0279127973311
9.93    0.0281260528657
9.97    0.0283361537062
