0.1	0.000110971739884
0.12	0.000177494682798
0.14	0.000259764382238
0.16	0.000490576527031
0.18	0.000796054309249
0.2	0.00123195002252
0.22	0.00153143225009
0.24	0.00132431244881
0.26	0.00164177954002
0.28	0.00170585575372
0.3	0.00172366305751
0.32	0.00167634449115
0.34	0.00229852351541
0.36	0.00288977033237
0.38	0.00364230635205
0.4	0.0043891348005
0.42	0.0052983914919
0.44	0.00619012859128
0.46	0.00649999758664
0.48	0.00592874535995
0.5	0.0057361596218
0.52	0.00628711210364
0.54	0.00731357497854
0.56	0.00824004199569
0.58	0.00880264335098
0.6	0.00895341166927
0.62	0.00899171508594
0.64	0.00947369567539
0.66	0.0100491628345
0.68	0.0101541277988
0.7	0.0110670119576
0.72	0.0118659310334
0.74	0.0123758710547
0.76	0.0127096354823
0.78	0.013071807468
0.8	0.0131528314296
0.82	0.0132256600764
0.84	0.0135720991146
0.86	0.0142034507619
0.88	0.0147685770394
0.9	0.0152614666683
0.92	0.0154295025293
0.94	0.0151261141634
0.96	0.0146688529687
0.98	0.0138690982617
1.0	0.01312712901
1.02	0.0128092684555
1.04	0.0130317643304
1.06	0.0135436584511
1.08	0.0139209225135
1.1	0.0143594282662
1.12	0.0144764640387
1.14	0.0147240772013
1.16	0.0147244051618
1.18	0.014534956408
1.2	0.0141541046088
1.22	0.0135506954665
1.24	0.012774918487
1.26	0.0118507122265
1.28	0.0108539273745
1.3	0.00990133332012
1.32	0.00905627932912
1.34	0.00854039262544
1.36	0.00827104630735
1.38	0.00799299370328
1.4	0.00772313531318
1.42	0.00749763610446
1.44	0.00732776265651
1.46	0.00722278896719
1.48	0.00719424366123
1.5	0.0072440945036
1.52	0.00735578146301
1.54	0.00748020468235
1.56	0.00756118355881
1.58	0.00764575359171
1.6	0.00778865571308
1.62	0.00784238816718
1.64	0.00783756253749
1.66	0.00781826908439
1.68	0.00781503874103
1.7	0.00783574606513
1.72	0.00787399586334
1.74	0.00792279476283
1.76	0.00798245722446
1.78	0.0082922944169
1.8	0.00865652523336
1.82	0.00900854396157
1.84	0.00936126436557
1.86	0.00972698391913
1.88	0.0101160311577
1.9	0.0105304489959
1.92	0.0109713656737
1.94	0.0114209721467
1.96	0.0118488322435
1.98	0.0122281040372
2.0	0.0125369626802
2.02	0.01326055035
2.04	0.0140363619906
2.06	0.0148470140975
2.08	0.0156842100832
2.1	0.0165357333425
2.12	0.0173863803885
2.14	0.0182289977117
2.16	0.0190426234063
2.18	0.0198149649463
2.2	0.0205433300952
2.22	0.0212131470866
2.24	0.0218385194746
2.26	0.0224106952028
2.28	0.0229602543451
2.3	0.0234857187835
2.32	0.0240148557776
2.34	0.0245560431767
2.36	0.0251137826901
2.38	0.0256983124826
2.4	0.0262843168905
2.42	0.0268734854818
2.44	0.0274241256288
2.46	0.027931017713
2.48	0.0286353243853
2.5	0.0293681733159
2.52	0.0299817377653
2.54	0.030463832733
2.56	0.0308105210663
2.58	0.0310255528629
2.6	0.0311190794061
2.62	0.0311060845525
2.64	0.0310082152689
2.66	0.0308542800378
2.68	0.0307425619725
2.7	0.0307106577691
2.72	0.0306423142425
2.74	0.0305253670674
2.76	0.0303583229859
2.78	0.0305396551774
2.8	0.0310061162687
2.82	0.0313540828779
2.84	0.0316045390322
2.86	0.0318521754091
2.88	0.0321798510786
2.9	0.0324201436435
2.92	0.0325441300221
2.94	0.0325385103508
2.96	0.0324114320015
2.98	0.032199506131
3.0	0.0319910271586
3.02	0.0318205925009
3.04	0.0316151976675
3.06	0.031339151011
3.08	0.0309948009591
3.1	0.0305966567502
3.12	0.0301676406335
3.14	0.0297645314709
3.16	0.0294104942467
3.18	0.0290419817325
3.2	0.0286445888789
3.22	0.0282185054002
3.24	0.0277601649459
3.26	0.0272766958109
3.28	0.0267642264214
3.3	0.0262317647856
3.32	0.0256866519395
3.34	0.0251589410744
3.36	0.0246812024872
3.38	0.0243630718187
3.4	0.0240548739947
3.42	0.0237384566594
3.44	0.0234131235765
3.46	0.0233632413944
3.48	0.0233558251897
3.5	0.0233581844718
3.52	0.0233641596114
3.54	0.0233730978068
3.56	0.0233875557482
3.58	0.0234015272471
3.6	0.0234208493951
3.62	0.0234857927326
3.64	0.0235917949548
3.66	0.0236984657734
3.68	0.0238069616518
3.7	0.0239164403764
3.72	0.0240273301203
3.74	0.0241452418778
3.76	0.0242673265766
3.78	0.0243959225028
3.8	0.0245386571413
3.82	0.0246925255373
3.84	0.0248595484582
3.86	0.025041556267
3.88	0.0252447664861
3.9	0.0254654734762
3.92	0.0257039576695
3.94	0.0259600540818
3.96	0.0262358440323
3.98	0.026529757358
4.0	0.0268374540121
4.02	0.0271565137199
4.04	0.0274870505267
4.06	0.0278266983711
4.08	0.028168491906
4.1	0.0285087473143
4.12	0.0288514773649
4.14	0.0291858310718
4.16	0.029507795106
4.18	0.0298220399324
4.2	0.0301184139189
4.22	0.0303928934462
4.24	0.0306525927803
4.26	0.0311401109718
4.28	0.0316771095485
4.3	0.0322118838427
4.32	0.0327421854727
4.34	0.0332689998195
4.36	0.0337893831266
4.38	0.0342998513104
4.4	0.0347987829969
4.42	0.0352847103883
4.44	0.0357614568169
4.46	0.0362241018931
4.48	0.0366704252014
4.5	0.0370994855552
4.52	0.0375165441748
4.54	0.0379160605453
4.56	0.0382963576984
4.58	0.0386589829437
4.6	0.0390071637113
4.62	0.0393350645252
4.64	0.0396424981583
4.66	0.0399360916155
4.68	0.0402103935596
4.7	0.040464304393
4.72	0.0407014903804
4.74	0.0409232607562
4.76	0.0411254538016
4.78	0.0413084890043
4.8	0.041479974584
4.82	0.0416340224422
4.84	0.0417704416447
4.86	0.0418911287293
4.88	0.0420017420849
4.9	0.0420964929189
4.92	0.0421760081696
4.94	0.0422423626129
4.96	0.0423005291089
4.98	0.0423451550422
5.0	0.0423767855418
5.02	0.0423959314287
5.04	0.0424099286674
5.06	0.0424122844205
5.08	0.0424033503535
5.1	0.0423834818264
5.12	0.0423565517278
5.14	0.0423221586648
5.16	0.0422775867912
5.18	0.0422230678523
5.2	0.0421588141928
5.22	0.0420899992582
5.24	0.0420128077494
5.26	0.0419263513428
5.28	0.0418308191337
5.3	0.041726407532
5.32	0.0416177223497
5.34	0.0415016474585
5.36	0.0413772550077
5.38	0.0412448062692
5.4	0.0411045847065
5.42	0.040959053872
5.44	0.0408091664724
5.46	0.0406523746611
5.48	0.0404890487475
5.5	0.0403195772967
5.52	0.0401443643598
5.54	0.03996689878
5.56	0.0397857406982
5.58	0.0395999938115
5.6	0.0394100895404
5.62	0.0392164562064
5.64	0.0393202255224
5.66	0.0395838885379
5.68	0.0398376939147
5.7	0.0400758131707
5.72	0.0402954411565
5.74	0.0404939539617
5.76	0.0406695830323
5.78	0.0408234571115
5.8	0.0409545513875
5.82	0.0410613972282
5.84	0.0411443999697
5.86	0.0412075127448
5.88	0.0412467531826
5.9	0.0412642276142
5.92	0.0412639553682
5.94	0.041244920845
5.96	0.0412133644306
5.98	0.0411845373408
6.0	0.041202263199
6.02	0.0414028042251
6.04	0.0416747180025
6.06	0.0419379211171
6.08	0.0421873923602
6.1	0.0424225123487
6.12	0.0426406716145
6.14	0.0428414750076
6.16	0.0430249441729
6.18	0.0431912956917
6.2	0.0433406461175
6.22	0.0434728640256
6.24	0.043587841477
6.26	0.0436861239359
6.28	0.0437665079982
6.3	0.0438282629296
6.32	0.0438705507012
6.34	0.043895255684
6.36	0.0439016150142
6.38	0.0438878560457
6.4	0.0438567238513
6.42	0.0438080348734
6.44	0.0437409183154
6.46	0.0436568034107
6.48	0.0435572162647
6.5	0.0434432765419
6.52	0.0433162490439
6.54	0.0431772095486
6.56	0.0430418124642
6.58	0.0430198224192
6.6	0.0429874149675
6.62	0.0429421069794
6.64	0.0428851186822
6.66	0.0428168706457
6.68	0.0427385058391
6.7	0.0426507596384
6.72	0.0425514665186
6.74	0.0424400944881
6.76	0.0423161748696
6.78	0.0421795039096
6.8	0.0420302267827
6.82	0.0418687608145
6.84	0.0416956215655
6.86	0.0415112619162
6.88	0.0413160120406
6.9	0.0411519877053
6.92	0.0411205821719
6.94	0.0410782198374
6.96	0.0410280094315
6.98	0.0409695245821
7.0	0.0409007583788
