0.05    2.34385109949e-05
0.09    8.65285853165e-05
0.13    0.000220526261179
0.17    0.000615213994878
0.21    0.00147865941706
0.25    0.00148742805658
0.29    0.00175720838064
0.33    0.00195537974362
0.37    0.00325306115489
0.41    0.00470817012346
0.45    0.00644742294249
0.49    0.00579753456195
0.53    0.00677423366905
0.57    0.0085761733366
0.61    0.00894715091173
0.65    0.00980134260865
0.69    0.0105058203119
0.73    0.0121424426525
0.77    0.0129142262882
0.81    0.0131641880693
0.85    0.0138743445771
0.89    0.0149803434018
0.93    0.0153133686207
0.97    0.0142892722834
1.01    0.0128934623713
1.05    0.0132800794973
1.09    0.0141837591179
1.13    0.0146228763716
1.17    0.0146279136562
1.21    0.0138775823876
1.25    0.0123256755033
1.29    0.0103684155757
1.33    0.00868362755046
1.37    0.00813404592821
1.41    0.00760428898698
1.45    0.00726640837364
1.49    0.00720961108219
1.53    0.00741994096949
1.57    0.00756624516139
1.61    0.00782545396214
1.65    0.00782728588365
1.69    0.00782263430634
1.73    0.00789725796781
1.77    0.00810458877739
1.81    0.00883389942437
1.85    0.00954208218431
1.89    0.0103196052589
1.93    0.0111968661683
1.97    0.012045833048
2.01    0.0128872491634
2.05    0.0144377554825
2.09    0.0161090776802
2.13    0.0178093843809
2.17    0.0194330025444
2.21    0.0208847678401
2.25    0.0221305821685
2.29    0.0232249604461
2.33    0.0242840748397
2.37    0.0254049614164
2.41    0.0265817984318
2.45    0.0276875935388
2.49    0.0290108449512
2.53    0.0302362123714
2.57    0.0309300636404
2.61    0.0311232312037
2.65    0.0309349843743
2.69    0.0307304410424
2.73    0.0305864809039
2.77    0.0302623781289
2.81    0.0311918931236
2.85    0.0317111649906
2.89    0.0323113577386
2.93    0.0325573692559
2.97    0.0323142381817
3.01    0.0319061795996
3.05    0.0314860710739
3.09    0.0308010478923
3.13    0.0299574258514
3.17    0.0292298137787
3.21    0.0284352413907
3.25    0.0275227051655
3.29    0.0265007292991
3.33    0.025416059747
3.37    0.0245155487919
3.41    0.0238968625308
3.45    0.023368665486
3.49    0.0233560309492
3.53    0.0233677037344
3.57    0.0233945897441
3.61    0.0234329741474
3.65    0.0236454957829
3.69    0.0238617781757
3.73    0.0240859059067
3.77    0.0243306616138
3.81    0.024614074602
3.85    0.0249485796475
3.89    0.0253529111425
3.93    0.0258298385384
3.97    0.0263809461666
4.01    0.0269957333041
4.05    0.0276563823039
4.09    0.0283390469375
4.13    0.0290199730586
4.17    0.0296665385649
4.21    0.0302584980194
4.25    0.0308715217338
4.29    0.0319449189208
4.33    0.0330056400078
4.37    0.0340459616143
4.41    0.0350434581408
4.45    0.035994755841
4.49    0.03688716724
4.53    0.0377186695011
4.57    0.0384791403027
4.61    0.0391736633072
4.65    0.039791258861
4.69    0.0403398878754
4.73    0.0408148462154
4.77    0.0412193373256
4.81    0.0415592384876
4.85    0.0418322271855
4.89    0.0420510610472
4.93    0.0422102463455
4.97    0.0423244998196
5.01    0.0423878885751
5.05    0.0424125414711
5.09    0.0423947621441
5.13    0.0423406429348
5.17    0.0422515570423
5.21    0.0421250623841
5.25    0.0419707259561
5.29    0.0417797105715
5.33    0.0415607400968
5.37    0.04131202049
5.41    0.0410316539481
5.45    0.0407316109306
5.49    0.040405056288
5.53    0.0400556223723
5.57    0.0396934138677
5.61    0.0393137124705
5.65    0.0394526806788
5.69    0.0399589207934
5.73    0.0403980548931
5.77    0.040750490042
5.81    0.0410095811033
5.85    0.0411791171835
5.89    0.0412589684823
5.93    0.0412566969537
5.97    0.0411964919179
6.01    0.0412652460962
6.05    0.0418074537595
6.09    0.042307441572
6.13    0.0427434524809
6.17    0.0431107312056
6.21    0.0434096725992
6.25    0.0436400811431
6.29    0.0437984788329
6.33    0.0438860200483
6.37    0.0438968246416
6.41    0.0438342324822
6.45    0.0437013395392
6.49    0.0435029981341
6.53    0.0432479570271
6.57    0.0430318285208
6.61    0.0429665514169
6.65    0.0428520052938
6.69    0.0426955422099
6.73    0.0424976641295
6.77    0.0422496387198
6.81    0.0419508207389
6.85    0.0416046005214
6.89    0.0412141285172
6.93    0.041100755027
6.97    0.0410000675967
7.01    0.0408649407034
7.05    0.0406975095825
7.09    0.0405004681202
7.13    0.0402725435985
7.17    0.0400146232508
7.21    0.0397318948283
7.25    0.0394211026339
7.29    0.0390844984752
7.33    0.0387243640546
7.37    0.0383390391197
7.41    0.0379325930973
7.45    0.0375033778757
7.49    0.0370538194904
7.53    0.0365853553527
7.57    0.0360966169837
7.61    0.0355934764457
7.65    0.0350718710733
7.69    0.0350319810077
7.73    0.0351294607823
7.77    0.0352214329648
7.81    0.0353078108281
7.85    0.0353903064131
7.89    0.0354681968143
7.93    0.0355403021169
7.97    0.0356066106885
8.01    0.0356671350815
8.05    0.0357219126334
8.09    0.0357710053736
8.13    0.035814499294
8.17    0.0358525030536
8.21    0.0358851461928
8.25    0.035912576941
8.29    0.0359349597026
8.33    0.0359524723055
8.37    0.0359653030946
8.41    0.035975724397
8.45    0.0359821732216
8.49    0.0359844967356
8.53    0.0359828960113
8.57    0.0359775684557
8.61    0.0359687053816
8.65    0.0359564898256
8.69    0.0359410946358
8.73    0.0359226808508
8.77    0.035901396377
8.81    0.0358773749709
8.85    0.0358507355213
8.89    0.0358215816261
8.93    0.0357900014482
8.97    0.0357560678355
9.01    0.0357198386842
9.05    0.0356813575226
9.09    0.0356422465926
9.13    0.0356011250371
9.17    0.0355577761035
9.21    0.0355121959875
9.25    0.0354643717809
9.29    0.0354142828325
9.33    0.0353619021499
9.37    0.0353071978191
9.41    0.0352501344212
9.45    0.0351906744261
9.49    0.0351287795442
9.53    0.035064412022
9.57    0.0349975358673
9.61    0.0349281179904
9.65    0.0348561292555
9.69    0.0347815454308
9.73    0.0347043480334
9.77    0.0346245250664
9.81    0.034542071642
9.85    0.0344569904948
9.89    0.0343692923824
9.93    0.0342798399691
9.97    0.0341882477764
