0.05    0.000238504859892
0.09    0.000820491052514
0.13    0.00265431506108
0.17    0.0053507354588
0.21    0.00790046586827
0.25    0.011089733395
0.29    0.0117328682061
0.33    0.0232847234415
0.37    0.0397363094915
0.41    0.0429319831382
0.45    0.0372413179065
0.49    0.0309470377665
0.53    0.0282599839599
0.57    0.0249963318579
0.61    0.0206358309478
0.65    0.0215268649703
0.69    0.0224868125837
0.73    0.0217667885547
0.77    0.0230221488693
0.81    0.0240018114553
0.85    0.0264300436779
0.89    0.0308762927862
0.93    0.0364565979208
0.97    0.0442969061153
1.01    0.0527022378944
1.05    0.0584605165175
1.09    0.0606657113912
1.13    0.0593938787212
1.17    0.0551370613217
1.21    0.0509553329436
1.25    0.0527177553963
1.29    0.0511963348279
1.33    0.0470174137504
1.37    0.0450783687323
1.41    0.0433649144764
1.45    0.0408736399912
1.49    0.0379644636492
1.53    0.034935354801
1.57    0.0320642267561
1.61    0.0295514379921
1.65    0.0286171324827
1.69    0.0297930344024
1.73    0.0323850010176
1.77    0.0341932850123
1.81    0.035284132441
1.85    0.0356517155437
1.89    0.0357243083803
1.93    0.0363627599889
1.97    0.0370801130258
2.01    0.0380272044513
2.05    0.0391791562702
2.09    0.0404307353619
2.13    0.0415714141157
2.17    0.0423769540312
2.21    0.0426770118292
2.25    0.0423188586469
2.29    0.0423499025251
2.33    0.0436782186042
2.37    0.0447707356893
2.41    0.046006435285
2.45    0.0467613615438
2.49    0.0469427574161
2.53    0.0465053602934
2.57    0.0454334741504
2.61    0.0437745244393
2.65    0.0416401898197
2.69    0.041603412719
2.73    0.0424503920802
2.77    0.0432050480335
2.81    0.0438955545791
2.85    0.0445002120133
2.89    0.0450175469243
2.93    0.0454503993832
2.97    0.0458179086088
3.01    0.0461202953909
3.05    0.046347896659
3.09    0.0465045492552
3.13    0.0465941832702
3.17    0.0466269267314
3.21    0.0466185435531
3.25    0.0465539560754
3.29    0.0464370011749
3.33    0.046271425291
3.37    0.0460608643922
3.41    0.0458088285827
3.45    0.0455198897651
3.49    0.0452122413986
3.53    0.0448718292782
3.57    0.0445016024612
3.61    0.0441043577968
3.65    0.0436827401803
3.69    0.04323924419
3.73    0.0427762168378
3.77    0.042295861205
3.81    0.0418002407644
3.85    0.0412912842222
3.89    0.0407707907393
3.93    0.0402404354096
3.97    0.0397062252238
4.01    0.0396913301122
4.05    0.0402137114263
4.09    0.0406875954278
4.13    0.0411148989543
4.17    0.0414975394777
4.21    0.0418374246098
4.25    0.0421364431269
4.29    0.0423964573557
4.33    0.0426192967764
4.37    0.0428067527088
4.41    0.0429605739603
4.45    0.0430824633264
4.49    0.0431840188913
4.53    0.0432598624354
4.57    0.0433081613356
4.61    0.0433304172186
4.65    0.0433280787187
4.69    0.0433025411496
4.73    0.0441623344775
4.77    0.0454357435691
4.81    0.0466361667448
4.85    0.0477637101144
4.89    0.048819223673
4.93    0.0498004389044
4.97    0.0507087543255
5.01    0.0515455226054
5.05    0.0523067664349
5.09    0.0530028246758
5.13    0.0536204098008
5.17    0.0541802905883
5.21    0.054665501375
5.25    0.0550896386798
5.29    0.0554491939661
5.33    0.0557456594489
5.37    0.0564657749182
5.41    0.0572917601841
5.45    0.0579363910858
5.49    0.0583915837035
5.53    0.0586711456684
5.57    0.0587792668899
5.61    0.0587353649323
5.65    0.0585770315349
5.69    0.0584046468801
5.73    0.058322468432
5.77    0.0595338023096
5.81    0.0612647117855
5.85    0.0628987838127
5.89    0.0644361626548
5.93    0.0658776644704
5.97    0.0672241976379
6.01    0.0684762384208
6.05    0.0696352390084
6.09    0.0706975248233
6.13    0.0716631467528
6.17    0.0725333951101
6.21    0.0733107687272
6.25    0.0739985717139
6.29    0.0746003991497
6.33    0.0751197170536
6.37    0.07556034486
6.41    0.0759290443799
6.45    0.0762209896328
6.49    0.0764369195147
6.53    0.0765777785914
6.57    0.0766450549695
6.61    0.0766408873578
6.65    0.0765679811211
6.69    0.076430153241
6.73    0.0762334803294
6.77    0.0759802459204
6.81    0.0756817884145
6.85    0.075351310671
6.89    0.0749913986827
6.93    0.0745942132077
6.97    0.0741551458229
7.01    0.073670901159
7.05    0.0731434103327
7.09    0.0725716952651
7.13    0.0719568234991
7.17    0.0713011838472
7.21    0.0706078063407
7.25    0.0698800315634
7.29    0.0691211131857
7.33    0.0683370018725
7.37    0.0675290182181
7.41    0.0667021637675
7.45    0.0658567648859
7.49    0.064995911035
7.53    0.0641189515505
7.57    0.0632254954562
7.61    0.0623121614953
7.65    0.0616389767338
7.69    0.0616636626896
7.73    0.061669153549
7.77    0.0616518308457
7.81    0.0616125564832
7.85    0.0615569649692
7.89    0.0614843885548
7.93    0.0613921545738
7.97    0.0612810566956
8.01    0.0611551427337
8.05    0.0610159991879
8.09    0.0608600811091
8.13    0.0606881113011
8.17    0.0605012861831
8.21    0.0603060006359
8.25    0.060096547175
8.29    0.0598735780348
8.33    0.059637727537
8.37    0.0593920707301
8.41    0.0591381704627
8.45    0.0588730224635
8.49    0.0585971935198
8.53    0.0583112334641
8.57    0.058017380961
8.61    0.0577178733118
8.65    0.0574096344854
8.69    0.0570931516996
8.73    0.0567688965589
8.77    0.0564373253466
8.81    0.0561567656788
8.85    0.0561890190066
8.89    0.0562174379119
8.93    0.0562421396151
8.97    0.0562632382813
9.01    0.0562808450866
9.05    0.0562950682842
9.09    0.05630601327
9.13    0.0563137826471
9.17    0.0563184762897
9.21    0.0563201914063
9.25    0.0563190226021
9.29    0.0563150619402
9.33    0.0563083990024
9.37    0.056299120948
9.41    0.0562874835343
9.45    0.0562755086687
9.49    0.0562611267846
9.53    0.0562444165733
9.57    0.0562254545793
9.61    0.0562043152543
9.65    0.0561810710093
9.69    0.0561557922657
9.73    0.0561285475053
9.77    0.0560994033201
9.81    0.0560684244596
9.85    0.0560356738788
9.89    0.0560012127836
9.93    0.0559651006761
9.97    0.0559273953993
