0.1	0.00120123532312
0.12	0.00211124672788
0.14	0.00307111537614
0.16	0.00419050339485
0.18	0.00573582919919
0.2	0.00569915774118
0.22	0.0103296389364
0.24	0.0106151742364
0.26	0.0113032887599
0.28	0.010868079922
0.3	0.0140209884193
0.32	0.0192985518596
0.34	0.0280269603662
0.36	0.0366949814572
0.38	0.0421877574755
0.4	0.0435417357463
0.42	0.0418637791673
0.44	0.0389134178766
0.46	0.0355261192362
0.48	0.032351902553
0.5	0.0299772941826
0.52	0.028862280746
0.54	0.0275208749918
0.56	0.0258207085871
0.58	0.0240934235902
0.6	0.0219384262367
0.62	0.0196290174465
0.64	0.0209745137601
0.66	0.0219741219352
0.68	0.0224427497385
0.7	0.0223220941834
0.72	0.0216397368033
0.74	0.0222243212144
0.76	0.0228233503905
0.78	0.0232065508676
0.8	0.0236769593951
0.82	0.0244230914201
0.84	0.0256278103107
0.86	0.0273662958949
0.88	0.0296049257902
0.9	0.0322216877045
0.92	0.035037475951
0.94	0.0378586138184
0.96	0.0419311999066
0.98	0.0465800700996
1.0	0.0507460655353
1.02	0.0544471556627
1.04	0.0573065158125
1.06	0.0593324727828
1.08	0.060485454912
1.1	0.0606793231624
1.12	0.0599807959216
1.14	0.0585482612011
1.16	0.0564086957401
1.18	0.053722140012
1.2	0.050685068964
1.22	0.0516893974529
1.24	0.0525726227578
1.26	0.0526520517405
1.28	0.0518973767583
1.3	0.0503104275154
1.32	0.048174633171
1.34	0.0458175206715
1.36	0.0453487124668
1.38	0.0447503321059
1.4	0.0438567208465
1.42	0.0428090852715
1.44	0.0415371105766
1.46	0.0401849608382
1.48	0.0387236816428
1.5	0.0371945555289
1.52	0.0356820249239
1.54	0.0341959643927
1.56	0.032756507922
1.58	0.0313948025367
1.6	0.0301359873167
1.62	0.0289994522438
1.64	0.0283777711426
1.66	0.028850022318
1.68	0.029255402401
1.7	0.0305162349066
1.72	0.0318130457174
1.74	0.0329062583226
1.76	0.0338040527907
1.78	0.03453635152
1.8	0.0350819393984
1.82	0.0354400255407
1.84	0.0356198368541
1.86	0.0356594108769
1.88	0.0355926773293
1.9	0.0358833082797
1.92	0.0361973311392
1.94	0.0365260960862
1.96	0.0368876695186
1.98	0.0372976630247
2.0	0.0377640414115
2.02	0.0382956132479
2.04	0.0388792127789
2.06	0.0394952595493
2.08	0.0401230122951
2.1	0.0407372754993
2.12	0.0413103880297
2.14	0.0418143239353
2.16	0.0422222910953
2.18	0.0425094475436
2.2	0.0426544837381
2.22	0.0426544950958
2.24	0.0424728834245
2.26	0.0421178413936
2.28	0.0419642870582
2.3	0.0427249024586
2.32	0.0433847022359
2.34	0.0439390214533
2.36	0.0444020478052
2.38	0.0451193827814
2.4	0.0457394171343
2.42	0.0462427547451
2.44	0.0466215247758
2.46	0.0468649816698
2.48	0.0469561154622
2.5	0.0468964888702
2.52	0.0466737295006
2.54	0.0462976382809
2.56	0.045757247059
2.58	0.0450681391999
2.6	0.0442390107409
2.62	0.0432786027492
2.64	0.0422087284484
2.66	0.0410497683113
2.68	0.0413887244963
2.7	0.0418238387238
2.72	0.0422473257761
2.74	0.0426476835902
2.76	0.0430249942722
2.78	0.0433833370457
2.8	0.0437304609085
2.82	0.0440550423915
2.84	0.0443573346254
2.86	0.0446376292166
2.88	0.0448962520974
2.9	0.0451335596387
2.92	0.0453499350188
2.94	0.0455457848357
2.96	0.0457301910521
2.98	0.0459007210072
3.0	0.0460518567863
3.02	0.0461840591369
3.04	0.0462977997099
3.06	0.0463935588675
3.08	0.0464718236651
3.1	0.0465330860004
3.12	0.0465778409168
3.14	0.0466065850552
3.16	0.0466198152433
3.18	0.0466303126373
3.2	0.0466260600273
3.22	0.0466075146317
3.24	0.0465751608983
3.26	0.0465294787335
3.28	0.0464709427112
3.3	0.0464000213696
3.32	0.0463171765895
3.34	0.0462228630461
3.36	0.046117527732
3.38	0.0460016095431
3.4	0.0458755389245
3.42	0.0457397375712
3.44	0.045594618178
3.46	0.0454462162454
3.48	0.0452923436214
3.5	0.0451300921786
3.52	0.044959840037
3.54	0.0447819558452
3.56	0.0445967987365
3.58	0.0444047183134
3.6	0.0442060546575
3.62	0.0440011383612
3.64	0.0437902905799
3.66	0.0435738231035
3.68	0.0433520384425
3.7	0.0431252299306
3.72	0.0428936818389
3.74	0.0426576695013
3.76	0.0424174594515
3.78	0.0421733095664
3.8	0.0419254692189
3.82	0.0416741794361
3.84	0.0414196730625
3.86	0.041162174929
3.88	0.0409019020239
3.9	0.0406390636676
3.92	0.0403738616898
3.94	0.0401064906061
3.96	0.0398396337468
3.98	0.039572350187
4.0	0.039552933477
4.02	0.0398265765342
4.04	0.040087737417
4.06	0.0403366542924
4.08	0.0405735663217
4.1	0.0407987132522
4.12	0.0410123350371
4.14	0.0412146714831
4.16	0.041405961923
4.18	0.0415864449134
4.2	0.0417563579543
4.22	0.0419159372318
4.24	0.0420654173806
4.26	0.0422050312662
4.28	0.0423350097859
4.3	0.0424555816869
4.32	0.0425669734005
4.34	0.0426694088925
4.36	0.0427631095276
4.38	0.0428482939475
4.4	0.0429251779624
4.42	0.0429939744537
4.44	0.043054893289
4.46	0.0431081412467
4.48	0.0431605731907
4.5	0.0432056461826
4.52	0.043243543673
4.54	0.0432744599132
4.56	0.0432985858991
4.58	0.0433161093425
4.6	0.0433272146485
4.62	0.0433320829003
4.64	0.0433308918486
4.66	0.0433238159075
4.68	0.0433110261546
4.7	0.0432926903368
4.72	0.0438314030021
4.74	0.0444883415117
4.76	0.0451250664273
4.78	0.0457412734788
4.8	0.0463413263405
4.82	0.0469258335397
4.84	0.0474896116519
4.86	0.0480326091673
4.88	0.0485609648935
4.9	0.0490722969122
4.92	0.0495628995095
4.94	0.0500328127518
4.96	0.0504867960987
4.98	0.0509255930353
5.0	0.05134396294
5.02	0.0517420196225
5.04	0.0521203244414
5.06	0.0524882168924
5.08	0.0528362245206
5.1	0.0531645192004
5.12	0.0534732868755
5.14	0.0537670608335
5.16	0.0540472919318
5.18	0.0543085818483
5.2	0.0545511576233
5.22	0.0547752561521
5.24	0.054988633907
5.26	0.05518616449
5.28	0.0553659091164
5.3	0.055528131877
5.32	0.0556748658024
5.34	0.0558122234809
5.36	0.0562281497766
5.38	0.0566885688437
5.4	0.0571046377222
5.42	0.057471991121
5.44	0.0577908520205
5.46	0.0580670117732
5.48	0.0582965272275
5.5	0.0584793397951
5.52	0.0586170603494
5.54	0.0587117164078
5.56	0.0587655503378
5.58	0.058780818296
5.6	0.0587596747434
5.62	0.0587041616752
5.64	0.0586234792545
5.66	0.0585299321778
5.68	0.058445013238
5.7	0.0583662140604
5.72	0.0583258668203
5.74	0.0583180110468
5.76	0.0590850507351
5.78	0.0599752205988
5.8	0.0608399393801
5.82	0.06168203317
5.84	0.062498292548
5.86	0.06329173852
5.88	0.064060148656
5.9	0.0648045845511
5.92	0.0655262258539
5.94	0.0662214832541
5.96	0.0668973421555
5.98	0.0675463796076
6.0	0.0681738908637
6.02	0.0687769429239
6.04	0.069355636153
6.06	0.0699116669061
6.08	0.0704419206484
6.1	0.0709498877288
6.12	0.0714322108743
6.14	0.0718917316305
6.16	0.0723267506715
6.18	0.0727385442403
6.2	0.0731269911473
6.22	0.0734928738352
6.24	0.073835574584
6.26	0.0741580684254
6.28	0.0744560792704
6.3	0.0747377617607
6.32	0.0749971667688
6.34	0.0752354726802
6.36	0.0754582470413
6.38	0.0756607415561
6.4	0.0758427245904
6.42	0.0760088423618
6.44	0.0761548574006
6.46	0.0762807648932
6.48	0.0763903867764
6.5	0.0764772658586
6.52	0.0765502419419
6.54	0.0765998834287
6.56	0.0766358989463
6.58	0.0766495262205
6.6	0.0766494874678
6.62	0.0766285455291
6.64	0.0765937066216
6.66	0.076540086317
6.68	0.0764717110421
6.7	0.0763876908022
6.72	0.076287047786
6.74	0.0761752397817
6.76	0.076048691164
6.78	0.0759096327927
6.8	0.0757601797025
6.82	0.0756020472842
6.84	0.0754363272375
6.86	0.0752634043815
6.88	0.0750838381661
6.9	0.0748948833904
6.92	0.0746966488305
6.94	0.0744885903586
6.96	0.0742692050095
6.98	0.0740374596122
7.0	0.0737971836149
