0.05    0.000153069687252
0.09    0.000545259375587
0.13    0.00161987161587
0.17    0.00294800597206
0.21    0.00440927967182
0.25    0.00896975351283
0.29    0.00879118374518
0.33    0.0120874806221
0.37    0.0157969847545
0.41    0.0192492321494
0.45    0.0204398998137
0.49    0.0321998985328
0.53    0.0357151756144
0.57    0.0399833337109
0.61    0.0446758616646
0.65    0.0600795766011
0.69    0.0699712463728
0.73    0.0658230808783
0.77    0.0674493152806
0.81    0.0699702766377
0.85    0.0724877211111
0.89    0.0860802696222
0.93    0.106582440435
0.97    0.120947925635
1.01    0.12350476127
1.05    0.120610097157
1.09    0.122654537325
1.13    0.136553906916
1.17    0.160806612989
1.21    0.186968647946
1.25    0.209234223708
1.29    0.226902938493
1.33    0.23977184637
1.37    0.247109671839
1.41    0.248136782959
1.45    0.244360091425
1.49    0.23970431144
1.53    0.242553896342
1.57    0.242460125258
1.61    0.240093701855
1.65    0.23571309933
1.69    0.228997342012
1.73    0.220264474822
1.77    0.210182756498
1.81    0.20055650795
1.85    0.192756649277
1.89    0.187200222817
1.93    0.183100952285
1.97    0.179819500924
2.01    0.1771228878
2.05    0.175213153305
2.09    0.17419314567
2.13    0.174281804597
2.17    0.175461889885
2.21    0.17749535735
2.25    0.180110988207
2.29    0.18255905981
2.33    0.186753125165
2.37    0.195700841863
2.41    0.20145235202
2.45    0.201793171328
2.49    0.203972678809
2.53    0.206643693574
2.57    0.210672809625
2.61    0.21411745333
2.65    0.217726938715
2.69    0.222760284351
2.73    0.229520794489
2.77    0.237445513442
2.81    0.245163930306
2.85    0.25298878814
2.89    0.26227683026
2.93    0.268725952733
2.97    0.275400914075
3.01    0.279752003407
3.05    0.27971586184
3.09    0.275174641685
3.13    0.266457292517
3.17    0.254266673537
3.21    0.239598183865
3.25    0.245288520198
3.29    0.253823307619
3.33    0.261649110688
3.37    0.268605493841
3.41    0.274918570959
3.45    0.280593415857
3.49    0.285653108909
3.53    0.290168954709
3.57    0.294233423258
3.61    0.29785393108
3.65    0.301049489088
3.69    0.303889477925
3.73    0.30645361244
3.77    0.30886111304
3.81    0.311209284153
3.85    0.313594664385
3.89    0.316129519734
3.93    0.318882203945
3.97    0.321886008004
4.01    0.325301250616
4.05    0.329076180171
4.09    0.33340522693
4.13    0.338204957148
4.17    0.343530611455
4.21    0.349441754823
4.25    0.356295856159
4.29    0.37199929309
4.33    0.38720927596
4.37    0.401862438922
4.41    0.415856360314
4.45    0.429119087819
4.49    0.441642558584
4.53    0.453256675866
4.57    0.464066905444
4.61    0.473883373898
4.65    0.482732047645
4.69    0.490273423608
4.73    0.496477891066
4.77    0.501051252905
4.81    0.504172371484
4.85    0.505687843338
4.89    0.519339065012
4.93    0.533665869335
4.97    0.547212825023
5.01    0.55988170082
5.05    0.571794596634
5.09    0.582866278164
5.13    0.593411068566
5.17    0.603424308533
5.21    0.612962513547
5.25    0.62220006347
5.29    0.631249381237
5.33    0.639978131409
5.37    0.648362194765
5.41    0.656505577309
5.45    0.664252005888
5.49    0.671448116436
5.53    0.677861876752
5.57    0.683332231957
5.61    0.687946319547
5.65    0.69954008604
5.69    0.713429148833
5.73    0.727494766212
5.77    0.741427120421
5.81    0.754881831242
5.85    0.767929732384
5.89    0.780622298985
5.93    0.792994676676
5.97    0.804731589576
6.01    0.815785839214
6.05    0.826232807105
6.09    0.836127439325
6.13    0.845786872849
6.17    0.855018167721
6.21    0.863556009594
6.25    0.871341412198
6.29    0.878418786626
6.33    0.884908813065
6.37    0.890750106482
6.41    0.896106647203
6.45    0.900784115697
6.49    0.905208164252
6.53    0.909305314178
6.57    0.912982401479
6.61    0.916249848636
6.65    0.919097247188
6.69    0.921543437666
6.73    0.923595147368
6.77    0.93035375247
6.81    0.937406619228
6.85    0.944249770774
6.89    0.950870336122
6.93    0.957199471789
6.97    0.963162429382
7.01    0.968705804484
7.05    0.973983794846
7.09    0.978859934139
7.13    0.983325486431
7.17    0.987571619743
7.21    0.991431963499
7.25    0.994929368799
7.29    0.998221934072
7.33    1.00113877366
7.37    1.00374320393
7.41    1.00613715364
7.45    1.00820916714
7.49    1.00999055034
7.53    1.01160269036
7.57    1.01291654798
7.61    1.01394267059
7.65    1.01482923261
7.69    1.01543975206
7.73    1.01576673819
7.77    1.01595904133
7.81    1.01587857201
7.85    1.01553104487
7.89    1.01502740899
7.93    1.01417624815
7.97    1.01320397516
8.01    1.01189438479
8.05    1.01042726472
8.09    1.00871434352
8.13    1.00679798641
8.17    1.00479736514
8.21    1.00279190629
8.25    1.00089408149
8.29    0.99904408341
8.33    0.998197866705
8.37    0.999065269889
8.41    0.9998787302
8.45    1.00073480652
8.49    1.00185717362
8.53    1.00305095914
8.57    1.00408024389
8.61    1.00494981638
8.65    1.00560426122
8.69    1.00595569392
8.73    1.00615955981
8.77    1.00603735996
8.81    1.00571651271
8.85    1.0051163141
8.89    1.00428037773
8.93    1.00324699328
8.97    1.00198916517
9.01    1.00058846672
9.05    0.999094742584
9.09    0.997525101224
9.13    0.995877497335
9.17    0.994139858512
9.21    0.992284566065
9.25    0.990291419237
9.29    0.988205626423
9.33    0.986100592943
9.37    0.984054280343
9.41    0.981919772836
9.45    0.979644231726
9.49    0.977195729651
9.53    0.974586730488
9.57    0.971820086
9.61    0.9688587584
9.65    0.965736878249
9.69    0.962510503468
9.73    0.959216787372
9.77    0.955936368029
9.81    0.952595830637
9.85    0.949140396783
9.89    0.945577437177
9.93    0.941986217036
9.97    0.9383889654
