0.05    9.77742787684e-05
0.09    0.000461909434071
0.13    0.00143296395431
0.17    0.0030237520231
0.21    0.00537702254716
0.25    0.00793202769175
0.29    0.0112712017149
0.33    0.0115262219318
0.37    0.0148100264042
0.41    0.0193342100447
0.45    0.0197194913529
0.49    0.0266808864916
0.53    0.0270295036137
0.57    0.0226314130535
0.61    0.0221631420133
0.65    0.0266555523482
0.69    0.0312051986406
0.73    0.0363623918917
0.77    0.0362260200759
0.81    0.0429619509145
0.85    0.0519448446714
0.89    0.0616145387979
0.93    0.0655361144543
0.97    0.0748938397492
1.01    0.0827246813861
1.05    0.0880994517056
1.09    0.0908211304674
1.13    0.0929922390745
1.17    0.0966353143763
1.21    0.108709735069
1.25    0.126333261684
1.29    0.138137378584
1.33    0.14471443029
1.37    0.148864235407
1.41    0.151286583251
1.45    0.151377305098
1.49    0.14733686967
1.53    0.140181996836
1.57    0.130848018555
1.61    0.12049108092
1.65    0.111620428042
1.69    0.104839684224
1.73    0.105611891057
1.77    0.101838254529
1.81    0.0987524101785
1.85    0.101437344482
1.89    0.103974145233
1.93    0.104616877
1.97    0.105627616507
2.01    0.113002717297
2.05    0.118881898383
2.09    0.119292799232
2.13    0.115789631913
2.17    0.109562080526
2.21    0.103029037202
2.25    0.10068127871
2.29    0.0997078844823
2.33    0.101426553725
2.37    0.107321023428
2.41    0.116649474745
2.45    0.126955106545
2.49    0.136415076834
2.53    0.143379247143
2.57    0.151784846361
2.61    0.159421879882
2.65    0.163272716091
2.69    0.163630481564
2.73    0.161236122488
2.77    0.157336577236
2.81    0.153257500038
2.85    0.150062463672
2.89    0.148435494115
2.93    0.148799366967
2.97    0.150991439944
3.01    0.154558902715
3.05    0.158849112871
3.09    0.163078536384
3.13    0.172716669117
3.17    0.185228405062
3.21    0.197199188722
3.25    0.207919242695
3.29    0.216524039921
3.33    0.222799282993
3.37    0.2264560666
3.41    0.227261261402
3.45    0.225412495091
3.49    0.221276761745
3.53    0.217399912761
3.57    0.22276732095
3.61    0.227268864865
3.65    0.231146724993
3.69    0.234704955337
3.73    0.238276716071
3.77    0.242135507588
3.81    0.246517345043
3.85    0.251518966124
3.89    0.257235777083
3.93    0.263448556468
3.97    0.270097300638
4.01    0.277021908445
4.05    0.284366620202
4.09    0.293620695162
4.13    0.303264082369
4.17    0.313020399791
4.21    0.322795149453
4.25    0.33252866615
4.29    0.342172011824
4.33    0.351687591818
4.37    0.361029928328
4.41    0.370116742751
4.45    0.378945662023
4.49    0.387648869764
4.53    0.396185785976
4.57    0.404225320327
4.61    0.411661620646
4.65    0.4184997634
4.69    0.424779978989
4.73    0.430635297551
4.77    0.436006545454
4.81    0.441013932116
4.85    0.446082823622
4.89    0.450810365667
4.93    0.455371241591
4.97    0.460599846752
5.01    0.466338952568
5.05    0.471704013028
5.09    0.476455968716
5.13    0.480518026798
5.17    0.483948511808
5.21    0.486861673445
5.25    0.489425670132
5.29    0.491759681014
5.33    0.493779172399
5.37    0.495605026282
5.41    0.497058401782
5.45    0.4981112727
5.49    0.498759476782
5.53    0.499004565007
5.57    0.498858115181
5.61    0.498328041144
5.65    0.497422487999
5.69    0.4961759967
5.73    0.494698538451
5.77    0.493001965606
5.81    0.491151552843
5.85    0.489156614939
5.89    0.486981346192
5.93    0.484604854319
5.97    0.482049084779
6.01    0.482109904512
6.05    0.484779024893
6.09    0.487468908808
6.13    0.490175090279
6.17    0.492890232768
6.21    0.495669105463
6.25    0.498463659731
6.29    0.501338723625
6.33    0.504210004158
6.37    0.507193574786
6.41    0.510161772493
6.45    0.513211796496
6.49    0.516289630065
6.53    0.519385363264
6.57    0.52256232523
6.61    0.525713558267
6.65    0.528963844087
6.69    0.532186795451
6.73    0.535445145993
6.77    0.538715560282
6.81    0.541940524396
6.85    0.545231098996
6.89    0.548450591598
6.93    0.551679191101
6.97    0.554873886604
7.01    0.558020321521
7.05    0.561159865227
7.09    0.564228710881
7.13    0.567283081912
7.17    0.570276574769
7.21    0.573216720726
7.25    0.576102351607
7.29    0.57890069542
7.33    0.5816252317
7.37    0.584256061815
7.41    0.586777288859
7.45    0.589217045499
7.49    0.591511500413
7.53    0.593738971142
7.57    0.59579396229
7.61    0.597790399746
7.65    0.599589443006
7.69    0.601336163737
7.73    0.602880765024
7.77    0.604335587556
7.81    0.605613428513
7.85    0.606756629615
7.89    0.607757823618
7.93    0.60857968988
7.97    0.609296684194
8.01    0.609808421436
8.05    0.610235876823
8.09    0.610488164715
8.13    0.610622819061
8.17    0.610661601102
8.21    0.610548471407
8.25    0.610314017888
8.29    0.609950068142
8.33    0.609446595926
8.37    0.608868144545
8.41    0.608217694546
8.45    0.607463375389
8.49    0.606603961116
8.53    0.60556430405
8.57    0.604447686241
8.61    0.603161024699
8.65    0.601763321475
8.69    0.600276142665
8.73    0.598742428215
8.77    0.597249368196
8.81    0.595774119599
8.85    0.594221531189
8.89    0.59255386473
8.93    0.590801460905
8.97    0.588957218122
9.01    0.587012629866
9.05    0.584978970397
9.09    0.582920928159
9.13    0.580926201047
9.17    0.578934352032
9.21    0.576914937205
9.25    0.57482222182
9.29    0.572629069486
9.33    0.570374714507
9.37    0.568032807577
9.41    0.565631660864
9.45    0.563178398947
9.49    0.560661451957
9.53    0.558060416587
9.57    0.555377328608
9.61    0.55262147998
9.65    0.549757558812
9.69    0.546828168561
9.73    0.543814094728
9.77    0.540697449412
9.81    0.537524260822
9.85    0.53425798275
9.89    0.531017148234
9.93    0.527992699702
9.97    0.524961358812
