0.05    0.000177245012994
0.09    0.000567387885676
0.13    0.00149451395539
0.17    0.00348120422847
0.21    0.00521262174419
0.25    0.00806719298772
0.29    0.0129407866024
0.33    0.0149564240074
0.37    0.0185531008205
0.41    0.0253379156873
0.45    0.0350389725378
0.49    0.0361065159574
0.53    0.0545018356045
0.57    0.0578049029189
0.61    0.0670139274244
0.65    0.0715199423504
0.69    0.0839060727326
0.73    0.0896626880542
0.77    0.0942258185351
0.81    0.101082195976
0.85    0.10192391593
0.89    0.092564858686
0.93    0.0830399113027
0.97    0.0838955238807
1.01    0.0798253358864
1.05    0.0981004397189
1.09    0.10245942949
1.13    0.112694206273
1.17    0.119378860627
1.21    0.144050155859
1.25    0.170115922719
1.29    0.179371010593
1.33    0.174711853405
1.37    0.15939817063
1.41    0.139466233024
1.45    0.130314460202
1.49    0.132804098271
1.53    0.138931915243
1.57    0.145004524336
1.61    0.151014749939
1.65    0.157037634357
1.69    0.163693117992
1.73    0.17622843526
1.77    0.187747430253
1.81    0.197238398383
1.85    0.204028131544
1.89    0.207924320472
1.93    0.209755373445
1.97    0.211836871176
2.01    0.21670411157
2.05    0.231145589922
2.09    0.251985868478
2.13    0.272838098996
2.17    0.293580537463
2.21    0.314059808035
2.25    0.334126242634
2.29    0.353619539778
2.33    0.372411008036
2.37    0.39048194725
2.41    0.407858966266
2.45    0.424754532125
2.49    0.441547646889
2.53    0.458788371041
2.57    0.476444382771
2.61    0.494088942395
2.65    0.511393691666
2.69    0.528227988499
2.73    0.54459828205
2.77    0.560406589148
2.81    0.575537588789
2.85    0.589910623918
2.89    0.603461980423
2.93    0.616184915033
2.97    0.628182056441
3.01    0.63961426543
3.05    0.650639247134
3.09    0.661564747908
3.13    0.67336008051
3.17    0.68669129894
3.21    0.701516635237
3.25    0.717200171328
3.29    0.746925764408
3.33    0.788858215074
3.37    0.830614669445
3.41    0.865835380785
3.45    0.89465088996
3.49    0.915904969205
3.53    0.932363490459
3.57    0.970682116635
3.61    1.00903124981
3.65    1.04582356293
3.69    1.08046541781
3.73    1.11256584954
3.77    1.14186780039
3.81    1.16845693936
3.85    1.19248455473
3.89    1.21416733023
3.93    1.23376659897
3.97    1.25152453818
4.01    1.26772191193
4.05    1.28290457004
4.09    1.29732619306
4.13    1.31137268552
4.17    1.32721179921
4.21    1.34372429908
4.25    1.36017299473
4.29    1.37564936539
4.33    1.38935055821
4.37    1.40104252887
4.41    1.41066305362
4.45    1.41813948604
4.49    1.42342461638
4.53    1.4265977068
4.57    1.42769960342
4.61    1.42685934307
4.65    1.42424655312
4.69    1.42005573863
4.73    1.41443573849
4.77    1.40754147516
4.81    1.39952646715
4.85    1.39051163734
4.89    1.38081812926
4.93    1.3708450441
4.97    1.36086608557
5.01    1.35091560512
5.05    1.34095506748
5.09    1.33088374305
5.13    1.3209430858
5.17    1.31300128999
5.21    1.3099561622
5.25    1.30708535996
5.29    1.3037095215
5.33    1.29955349559
5.37    1.294531639
5.41    1.28866270519
5.45    1.28197081866
5.49    1.27448548708
5.53    1.26626356476
5.57    1.25738852021
5.61    1.24796059957
5.65    1.23813709496
5.69    1.24044781107
5.73    1.25272828885
5.77    1.263336241
5.81    1.27285971902
5.85    1.28165759631
5.89    1.28971284064
5.93    1.29710522564
5.97    1.30375573217
6.01    1.31363267971
6.05    1.32670283046
6.09    1.33926257115
6.13    1.35113021991
6.17    1.36217942091
6.21    1.37241204086
6.25    1.38186733819
6.29    1.39057489446
6.33    1.39852866056
6.37    1.40565710905
6.41    1.41188699761
6.45    1.41722154056
6.49    1.42172668028
6.53    1.42543434285
6.57    1.42836215907
6.61    1.43056207563
6.65    1.4320740401
6.69    1.43296329213
6.73    1.43327960583
6.77    1.43306190426
6.81    1.43232773018
6.85    1.43107938135
6.89    1.42932403307
6.93    1.4271105372
6.97    1.42446591446
7.01    1.42141236795
7.05    1.41796201605
7.09    1.41411976401
7.13    1.40989704226
7.17    1.4053038043
7.21    1.40035825394
7.25    1.39506752614
7.29    1.38942233177
7.33    1.38342648231
7.37    1.37710752591
7.41    1.37049892027
7.45    1.36365837751
7.49    1.35663714808
7.53    1.34947803013
7.57    1.34220328365
7.61    1.33482043411
7.65    1.32733963086
7.69    1.31977497632
7.73    1.31212782826
7.77    1.30439042352
7.81    1.29655102171
7.85    1.28860342218
7.89    1.28054108259
7.93    1.2723663669
7.97    1.26408004441
8.01    1.25568133843
8.05    1.24718690816
8.09    1.23860150338
8.13    1.22993702007
8.17    1.22121559998
8.21    1.21245400251
8.25    1.20368170708
8.29    1.19492838929
8.33    1.18622372625
8.37    1.17761310788
8.41    1.16916159579
8.45    1.16096281867
8.49    1.15303657389
8.53    1.14531047576
8.57    1.13778323936
8.61    1.13042171458
8.65    1.12315027958
8.69    1.11594017485
8.73    1.10878372881
8.77    1.10169174069
8.81    1.09469275604
8.85    1.08781221583
8.89    1.08106838408
8.93    1.07451359988
8.97    1.06824061436
9.01    1.06224368766
9.05    1.05644338093
9.09    1.05086466931
9.13    1.04542763941
9.17    1.04007654109
9.21    1.03480045072
9.25    1.03457874691
9.29    1.03662762026
9.33    1.03866837472
9.37    1.04062629609
9.41    1.04245851365
9.45    1.04413687376
9.49    1.04569505286
9.53    1.04721184976
9.57    1.04877955527
9.61    1.0505073475
9.65    1.05213339677
9.69    1.05354264027
9.73    1.05472347701
9.77    1.05568694768
9.81    1.05644071358
9.85    1.05697474787
9.89    1.05728942893
9.93    1.05741277601
9.97    1.05737510932
