0.05    0.000223371565773
0.09    0.000830746906819
0.13    0.00169233313644
0.17    0.00321164672102
0.21    0.00488214026856
0.25    0.00938106882456
0.29    0.0123459947403
0.33    0.0154378522496
0.37    0.0199738257206
0.41    0.026633932075
0.45    0.0274087737159
0.49    0.0269655281946
0.53    0.0346100034818
0.57    0.0454197093529
0.61    0.0555466265907
0.65    0.0621676959948
0.69    0.0639509656284
0.73    0.0785229944865
0.77    0.0963762752699
0.81    0.101229503663
0.85    0.0902018821196
0.89    0.089389515485
0.93    0.0887296475362
0.97    0.0823883008356
1.01    0.0995486341367
1.05    0.113443400664
1.09    0.123723208828
1.13    0.14226681503
1.17    0.151882420843
1.21    0.160774516994
1.25    0.180364993858
1.29    0.224059751213
1.33    0.268584894626
1.37    0.304185267
1.41    0.324237883441
1.45    0.32663702739
1.49    0.311430448468
1.53    0.294198465142
1.57    0.300477706791
1.61    0.299740223596
1.65    0.29283893297
1.69    0.280703003115
1.73    0.264584526668
1.77    0.245558259481
1.81    0.224795165672
1.85    0.22149335874
1.89    0.228072621539
1.93    0.233729130591
1.97    0.238539534307
2.01    0.242646934225
2.05    0.246223786915
2.09    0.249456967094
2.13    0.252378232082
2.17    0.254973704626
2.21    0.257258955166
2.25    0.259256307186
2.29    0.261025566945
2.33    0.262581234177
2.37    0.263968575001
2.41    0.271970512912
2.45    0.292650051632
2.49    0.312919949066
2.53    0.332607744682
2.57    0.351586524398
2.61    0.369758123964
2.65    0.404292631875
2.69    0.440962904223
2.73    0.478036596165
2.77    0.514788204883
2.81    0.550759882333
2.85    0.585588289286
2.89    0.618843653568
2.93    0.65042065751
2.97    0.679910779531
3.01    0.706487927554
3.05    0.729719004354
3.09    0.749834313536
3.13    0.767160673881
3.17    0.781561069918
3.21    0.793084787368
3.25    0.810618792887
3.29    0.830360617513
3.33    0.849434362702
3.37    0.867240354464
3.41    0.883809223212
3.45    0.899671952903
3.49    0.915556381269
3.53    0.930935686367
3.57    0.944829771991
3.61    0.956829585592
3.65    0.966923401679
3.69    0.975323531
3.73    0.982424460048
3.77    0.988798410372
3.81    0.994599172754
3.85    0.999041649232
3.89    1.00172118689
3.93    1.00227260166
3.97    1.00051570626
4.01    0.996415270382
4.05    0.997742575078
4.09    1.00830215243
4.13    1.01768765183
4.17    1.02595074786
4.21    1.03308784778
4.25    1.03915410703
4.29    1.04413262085
4.33    1.04804295634
4.37    1.0509113148
4.41    1.05272180827
4.45    1.05346738756
4.49    1.05315271241
4.53    1.05180412402
4.57    1.04946345172
4.61    1.04615956589
4.65    1.04189560492
4.69    1.03667876496
4.73    1.03051958117
4.77    1.02340797527
4.81    1.01541611707
4.85    1.00654747079
4.89    0.99687040622
4.93    0.986440382803
4.97    0.975315148219
5.01    0.963557247289
5.05    0.965431013291
5.09    0.973880438975
5.13    0.978507514691
5.17    0.978826584266
5.21    0.974614348707
5.25    0.965795449448
5.29    0.952578443595
5.33    0.937419004929
5.37    0.937950382238
5.41    0.9381950453
5.45    0.938154783465
5.49    0.937843990893
5.53    0.937238757185
5.57    0.936368260741
5.61    0.935216290045
5.65    0.93379364856
5.69    0.932119680018
5.73    0.930186602013
5.77    0.928004533086
5.81    0.925596541083
5.85    0.92296301427
5.89    0.92010903049
5.93    0.917044084404
5.97    0.913780657766
6.01    0.910337607724
6.05    0.906716475784
6.09    0.902928784035
6.13    0.898993962148
6.17    0.894923772614
6.21    0.890722021769
6.25    0.886419112003
6.29    0.882024279776
6.33    0.877567935939
6.37    0.873111470449
6.41    0.868810338214
6.45    0.864743797561
6.49    0.860777355276
6.53    0.857213804032
6.57    0.856574691935
6.61    0.856276075798
6.65    0.855827190027
6.69    0.855216594383
6.73    0.854440705868
6.77    0.853502816734
6.81    0.852406305462
6.85    0.851155369371
6.89    0.849754984529
6.93    0.848209941585
6.97    0.846524814616
7.01    0.844720865842
7.05    0.842786815244
7.09    0.840725429301
7.13    0.838556037098
7.17    0.836278146172
7.21    0.833883746404
7.25    0.83140921027
7.29    0.828823687075
7.33    0.826164186832
7.37    0.82340765838
7.41    0.820585328959
7.45    0.817675030839
7.49    0.814711409623
7.53    0.811665047067
7.57    0.808577884181
7.61    0.805419813504
7.65    0.80221758684
7.69    0.798964468371
7.73    0.795661416791
7.77    0.792328212793
7.81    0.788943981545
7.85    0.785538791255
7.89    0.782094867287
7.93    0.77862243576
7.97    0.775130046599
8.01    0.786670186517
8.05    0.801502873493
8.09    0.815917570102
8.13    0.829866411605
8.17    0.843331265333
8.21    0.856302131608
8.25    0.868779321592
8.29    0.880748158454
8.33    0.892192132975
8.37    0.903105841595
8.41    0.913522277121
8.45    0.923554773197
8.49    0.933267563866
8.53    0.942667860072
8.57    0.951701169497
8.61    0.960266525974
8.65    0.968344494835
8.69    0.975936419839
8.73    0.983037946746
8.77    0.989666097483
8.81    0.995860597118
8.85    1.00163086449
8.89    1.00694018177
8.93    1.0117688357
8.97    1.01611578499
9.01    1.01997304232
9.05    1.02335187532
9.09    1.02624967545
9.13    1.0286794426
9.17    1.03065086304
9.21    1.03216879008
9.25    1.03324595184
9.29    1.03388477095
9.33    1.03411008616
9.37    1.03392910789
9.41    1.0333478807
9.45    1.03235434723
9.49    1.03095244842
9.53    1.02915600351
9.57    1.02698463811
9.61    1.02444767771
9.65    1.02156460397
9.69    1.01835247154
9.73    1.01482414021
9.77    1.01098056393
9.81    1.0068296514
9.85    1.00236618951
9.89    0.997592256398
9.93    0.992519254187
9.97    0.987154494235
