0.05    7.21973879697e-05
0.09    0.000263789131983
0.13    0.000731745449736
0.17    0.00150277105554
0.21    0.00273298017434
0.25    0.00366606495818
0.29    0.00500628386669
0.33    0.00453674730944
0.37    0.0071934831379
0.41    0.00850898283833
0.45    0.0102871805812
0.49    0.0118827265993
0.53    0.0134558026031
0.57    0.0156438411974
0.61    0.0261336083496
0.65    0.0333197637171
0.69    0.0347978208812
0.73    0.0331726318706
0.77    0.0312275453646
0.81    0.0298517935843
0.85    0.0280148365503
0.89    0.0275459779818
0.93    0.0322663655609
0.97    0.0378426919062
1.01    0.0406845265904
1.05    0.0408286229568
1.09    0.0372678374744
1.13    0.0462164155739
1.17    0.0461959393716
1.21    0.0469481639519
1.25    0.0415931496919
1.29    0.0462342135197
1.33    0.0565523211303
1.37    0.0649818139277
1.41    0.0730690115102
1.45    0.0810487587671
1.49    0.0862558233068
1.53    0.088827820705
1.57    0.0894463484626
1.61    0.0909950424337
1.65    0.0930670846876
1.69    0.0952618710587
1.73    0.0986986191711
1.77    0.0985184941798
1.81    0.0941708211942
1.85    0.0866536559018
1.89    0.0769303862056
1.93    0.0704323015296
1.97    0.0654850888276
2.01    0.0604930469065
2.05    0.0559107164583
2.09    0.0542978780025
2.13    0.0582243456685
2.17    0.0622798091635
2.21    0.0630972572881
2.25    0.0592901564578
2.29    0.0553107994254
2.33    0.0577723171598
2.37    0.0599569369714
2.41    0.0622517120441
2.45    0.0654329420111
2.49    0.0701516627731
2.53    0.0764935892089
2.57    0.0838909986057
2.61    0.0913865101279
2.65    0.0980084687109
2.69    0.103093623381
2.73    0.106313640924
2.77    0.107740948514
2.81    0.107776094553
2.85    0.106966014382
2.89    0.108106035181
2.93    0.109801959334
2.97    0.111395190246
3.01    0.11314733726
3.05    0.115138929493
3.09    0.117315963369
3.13    0.119536023554
3.17    0.121646861396
3.21    0.123541586465
3.25    0.125203075407
3.29    0.12665525274
3.33    0.127862619311
3.37    0.128661681465
3.41    0.128911480299
3.45    0.130688087739
3.49    0.132242235543
3.53    0.133264047926
3.57    0.133789922103
3.61    0.133822588745
3.65    0.13324032108
3.69    0.132165484775
3.73    0.130702197162
3.77    0.129380537224
3.81    0.127920894028
3.85    0.125945284371
3.89    0.123486097103
3.93    0.120679975746
3.97    0.117705586963
4.01    0.114729913697
4.05    0.111890969685
4.09    0.109315652652
4.13    0.107079552244
4.17    0.105177608072
4.21    0.103940122002
4.25    0.104146542727
4.29    0.104705768093
4.33    0.106045802191
4.37    0.10863235431
4.41    0.111714040059
4.45    0.115256532216
4.49    0.119198238652
4.53    0.123470355756
4.57    0.127994266192
4.61    0.132692621108
4.65    0.137478244824
4.69    0.14227462315
4.73    0.14700903509
4.77    0.151624351896
4.81    0.156083691582
4.85    0.160465944108
4.89    0.164909671219
4.93    0.169163942268
4.97    0.173120964531
5.01    0.176718046884
5.05    0.179912799884
5.09    0.18267358572
5.13    0.185304898735
5.17    0.191238304286
5.21    0.197036505965
5.25    0.202672341344
5.29    0.208126505627
5.33    0.21338827226
5.37    0.218450247377
5.41    0.223309161908
5.45    0.227971481162
5.49    0.232444805679
5.53    0.2367549812
5.57    0.240950004235
5.61    0.245024925602
5.65    0.24895435425
5.69    0.252724228966
5.73    0.25633724099
5.77    0.259797365765
5.81    0.263107209158
5.85    0.266268815289
5.89    0.26928805603
5.93    0.272174255516
5.97    0.274932998204
6.01    0.277565989363
6.05    0.280076528807
6.09    0.282466456184
6.13    0.28473924371
6.17    0.286909801919
6.21    0.288986392511
6.25    0.290977443153
6.29    0.292886686294
6.33    0.29472658587
6.37    0.296528504195
6.41    0.2982967326
6.45    0.300006957507
6.49    0.301662426193
6.53    0.303289009082
6.57    0.304906677949
6.61    0.306502989199
6.65    0.308054464921
6.69    0.309553301948
6.73    0.311003423876
6.77    0.312400636564
6.81    0.313716244583
6.85    0.314931866184
6.89    0.31603504119
6.93    0.317018897091
6.97    0.317889135158
7.01    0.318657017043
7.05    0.31934065038
7.09    0.319963827355
7.13    0.320547025089
7.17    0.321112317057
7.21    0.321793130569
7.25    0.322527650499
7.29    0.323188891628
7.33    0.323783145884
7.37    0.324441800203
7.41    0.325230169268
7.45    0.325996222449
7.49    0.327904750719
7.53    0.330420402566
7.57    0.332783529439
7.61    0.334921312813
7.65    0.336799920123
7.69    0.338406725508
7.73    0.339735457197
7.77    0.340771505561
7.81    0.341502430634
7.85    0.341922663516
7.89    0.342038162155
7.93    0.341874880077
7.97    0.341480000685
8.01    0.340939972559
8.05    0.340244062804
8.09    0.339395326904
8.13    0.338414316557
8.17    0.337230696485
8.21    0.335795520936
8.25    0.334113900038
8.29    0.332703645352
8.33    0.332964499444
8.37    0.333174787328
8.41    0.333602182882
8.45    0.33402944481
8.49    0.334238652303
8.53    0.334269355358
8.57    0.33420925831
8.61    0.334035229116
8.65    0.333930414577
8.69    0.333796192156
8.73    0.333475914821
8.77    0.333000156955
8.81    0.334532957668
8.85    0.336503445948
8.89    0.338310048569
8.93    0.339954879891
8.97    0.341443449797
9.01    0.342782962119
9.05    0.34398114747
9.09    0.345046100211
9.13    0.345992014748
9.17    0.346827428103
9.21    0.347550989629
9.25    0.348160538376
9.29    0.348648203202
9.33    0.349013531018
9.37    0.349256970001
9.41    0.349379653513
9.45    0.349383798254
9.49    0.349273142111
9.53    0.349052663002
9.57    0.348727904873
9.61    0.348305142573
9.65    0.347789867538
9.69    0.34718771869
9.73    0.347013172884
9.77    0.347427107151
9.81    0.34776410297
9.85    0.348031599979
9.89    0.348250885819
9.93    0.348428995559
9.97    0.348578243022
