000535XA.AT2,0.38880733945,1.0132426639,0.880920596438
000535YA.AT2,0.5124872579,0.7140409123,1.58793355393
001226XA.AT2,0.309653414883,0.41356461572,0.665696365031
001226YA.AT2,0.361039755352,0.53937790124,1.24703940832
001257XA.AT2,0.295953109072,0.52039587301,0.650639713777
001257YA.AT2,0.244097859327,0.48211228229,0.588573222913
004673XA.AT2,0.207767584098,0.12166202382,0.561721223217
004673YA.AT2,0.476809378186,0.479246563104,1.24188793546
006334XA.AT2,0.420244648318,0.375466365868,0.786519915599
006334YA.AT2,0.720672782875,0.970933850215,0.804224477931
007142XA.AT2,0.514923547401,0.335730441225,1.09171932448
007142YA.AT2,0.297431192661,0.209689224168,0.690524431612
007154XA.AT2,0.454373088685,0.1749285776,0.715926327651
007162YA.AT2,1.06462793068,0.400062190133,1.62253715916
007329XA.AT2,0.42002038736,0.2795312764,0.56885561944
013006xa.AT2,0.66369011213,0.319294238916,0.527820237622
013006ya.AT2,0.467828746177,0.544779413159,0.616094704336
0515a360.AT2,0.0266941,0.0231407225683,0.0445457799089
0515c090.AT2,0.0344134,0.0551726422989,0.052076062532
0525a360.AT2,0.0882146,0.0720493688547,0.179498750166
0525c090.AT2,0.0763655,0.0719866278152,0.2436171978
0593090.AT2,0.0302376,0.0323864476877,0.0804666245851
0593360.AT2,0.0295575,0.0197651120808,0.0900002089952
1060-E.AT2,0.05324,0.0531044953997,0.15103510269
1060-N.AT2,0.0283003,0.110213598327,0.0734140862154
1061-E.AT2,0.133641,0.136850809081,0.573552508703
1061-N.AT2,0.106624,0.115005934817,0.437711099109
1062-E.AT2,0.2573848,0.163127679279,0.958057921759
1062-N.AT2,0.1142694,0.11167128645,0.321141277365
184057.AT2,0.13207,0.20694690248,0.497235670649
184327.AT2,0.208729,0.55205829551,0.911019050995
185066.AT2,0.183978,0.154932336566,0.796983291043
185336.AT2,0.130738,0.109542242569,0.283733010353
188040.AT2,0.0970053,0.115532355318,0.287615372476
188310.AT2,0.0858322,0.15357063362,0.225000082453
189042.AT2,0.0887493,0.0908611525484,0.168947100381
189132.AT2,0.136761,0.195173130767,0.268404006421
21081090.AT2,0.181922,0.276505661581,0.546216922692
21081360.AT2,0.149747,0.197771185865,0.3936093447
22170090.AT2,0.145812,0.176731127663,0.301638031539
22170360.AT2,0.189655,0.236429973951,0.557010036403
22791016.AT2,0.156082,0.140136533497,0.486863157635
22791106.AT2,0.173062,0.171709458343,0.618912344414
24402090.AT2,0.0239675,0.0518410733191,0.0538668792051
24402360.AT2,0.0370702,0.0524800800352,0.101102539894
29P000.AT2,0.08023599,0.0359508166521,0.105846558711
29P090.AT2,0.0603227,0.0485538388687,0.134129482835
32075050.AT2,0.0909962,0.0594734822826,0.303665182703
32075140.AT2,0.130532,0.104864740756,0.329433587753
32577090.AT2,0.126049,0.141921328173,0.175281714093
32577360.AT2,0.106076,0.0648990111218,0.28117301671
375-E.AT2,0.5137029,0.201543363832,1.19531298484
375-N.AT2,0.9700658,0.365013283046,2.31847419748
5609090.AT2,0.0231414,0.0271381599005,0.0904726850193
5609360.AT2,0.0143188,0.00961850082713,0.0571758726964
A-BCS000.AT2,0.0289197,0.0133791750269,0.0311697386486
A-BCS270.AT2,0.0296317,0.0124554431487,0.035791956162
A-BEN270.AT2,0.208837,0.135478040038,0.257000595813
A-BEN360.AT2,0.177386,0.156567821354,0.347200829764
A-BPL070.AT2,0.164539,0.0489761564022,0.0932178782538
A-BPL160.AT2,0.160712,0.123493507896,0.185463065181
A-CLV000.AT2,0.0491193,0.0351860356451,0.087904020332
A-CLV270.AT2,0.068514,0.0417765566515,0.252661469856
A-COD000.AT2,0.0619189,0.106570732812,0.174143684963
A-COD270.AT2,0.0904709,0.085455370014,0.185681974778
A-DVD156.AT2,0.125183,0.0933111206272,0.265124776191
A-DVD246.AT2,0.2290717,0.204515039693,0.491291375374
A-FLT000.AT2,0.0325718,0.0153504730726,0.0545167439151
A-FLT270.AT2,0.0376053,0.0128655294579,0.0593336578386
A-IVW090.AT2,0.1319861,0.127350658938,0.243629380573
A-IVW360.AT2,0.1336049,0.133826746294,0.289262106372
A-LAD180.AT2,0.248326,0.191868945465,0.496008726445
A-LAD270.AT2,0.174995,0.194053692275,0.582082501484
A-LVL000.AT2,0.08162404,0.0701677982115,0.211897383753
A-MCG270.AT2,0.07840922,0.0225282430162,0.127494446103
A-SHE009.AT2,0.162811,0.0697951959066,0.451387208301
A-TMZ000.AT2,0.3513287,0.22036520815,0.797298030172
A-TMZ270.AT2,0.3148085,0.307968351474,0.656493163519
A-ZAK270.AT2,0.549562,0.368717792088,1.35474430836
A-ZAK360.AT2,0.3997109,0.445300526586,0.998356952539
ABY000.AT2,0.1149856,0.182961636051,0.305526107114
ABY090.AT2,0.1460816,0.199869736402,0.367997698109
ARC000.AT2,0.218836,0.176945621808,0.248726718802
ARC090.AT2,0.1499,0.395686946438,0.295336151019
ATK000.AT2,0.1048348,0.223865356625,0.209505555536
ATK090.AT2,0.1637513,0.161603059112,0.542429613096
ATS000.AT2,0.2486652,0.400258259696,0.587591362874
ATS090.AT2,0.1848818,0.332270124976,0.564428805886
B-BRA225.AT2,0.155899,0.138955910871,0.214068813015
B-BRA315.AT2,0.115962,0.17225165562,0.267059710114
B-CAL225.AT2,0.179767,0.154644757253,0.214803690384
B-CAL315.AT2,0.246931,0.145435347716,0.451239547532
B-ICC000.AT2,0.357855,0.463597658877,0.607700455845
B-ICC090.AT2,0.258332,0.408698453182,0.358676838935
B-IER-NS.AT2,0.0264183,0.0136410001832,0.059087452747
B-IER-WE.AT2,0.0259309,0.0135529161624,0.0691679102616
B-IVW090.AT2,0.181045,0.299293686623,0.373577336479
B-IVW360.AT2,0.207194,0.345460014685,0.576359535735
B-PLS045.AT2,0.121255,0.0947412393332,0.420536887757
B-PLS135.AT2,0.185827,0.206186213508,0.626476656772
B-PTS315.AT2,0.3771807,0.438801367787,0.880208278112
B-WLF225.AT2,0.118727,0.0786300946579,0.259663510974
B-WLF315.AT2,0.166598,0.182522025496,0.381020162356
B-WSM090.AT2,0.171838,0.234692128952,0.374480742663
B-WSM180.AT2,0.210859,0.310125876106,0.648952222531
BAD270.AT2,0.04647187,0.0747807897667,0.106092392746
BAK050.AT2,0.1076789,0.09329924766,0.222512657903
BOL000.AT2,0.727581,0.564440467772,2.19847485161
BOL090.AT2,0.822429,0.621012117183,1.05997841754
BOR000.AT2,0.1188845,0.128795763541,0.252758791817
BOR090.AT2,0.09017417,0.0959658217961,0.217563471992
BPK090.AT2,0.0448628,0.11484132572,0.0926884244507
BPK180.AT2,0.0523895,0.0878056420208,0.113305186119
BRS090.AT2,0.0453118,0.0806504544989,0.120042647414
BRS180.AT2,0.0575026,0.0904403953907,0.147169554152
BRSW090.AT2,0.1352645,0.258068258116,0.246948761233
BTS000.AT2,0.102807,0.102943058228,0.17951245535
BTS090.AT2,0.0888654,0.115481691337,0.148836762709
BUR000.AT2,0.1033966,0.198039375015,0.171776704623
C08050.AT2,0.246241,0.101916654997,0.289394488147
C08320.AT2,0.272641,0.113108373465,0.492409849013
CAP042.AT2,0.0989598,0.0492169150801,0.209334490618
CAP132.AT2,0.141564,0.0813230836996,0.372754261535
CHI102.AT2,0.149524,0.247986499294,0.283707857717
CHI192.AT2,0.0918478,0.155923424434,0.307891738442
CLW-LN.AT2,0.2828255,0.256476928776,1.08926490109
CLW-TR.AT2,0.4168895,0.423472235917,1.12797324204
CNA000.AT2,0.1788016,0.183698416063,0.351689232399
CNK090.AT2,0.0290887,0.0549420380183,0.0518364813617
CNK180.AT2,0.0247405,0.102364690431,0.0444407517538
CPE045.AT2,0.6211852,0.315825479979,0.84614009556
CPE315.AT2,0.5872983,0.198481162383,0.6948623804
DAR090.AT2,0.0165064,0.0378477305962,0.0329579898201
DAR180.AT2,0.00723708,0.0323617697843,0.022233094326
DHM000.AT2,0.0900686,0.247802408709,0.292484606438
DHM090.AT2,0.0832313,0.177092011136,0.213535869472
DSP000.AT2,0.1708721,0.200411215767,0.386680646926
DSP090.AT2,0.1540366,0.208977737534,0.385017186329
DUMB267.AT2,0.128846,0.198584268644,0.244359353613
DUMB357.AT2,0.127227,0.214376271865,0.246869631191
DZC-UP.AT2,0.3573153,0.22604900956,0.381844203826
DZC180.AT2,0.312128,0.58852860693,0.668448795233
DZC270.AT2,0.357876,0.464008551544,1.24752752265
EIL-EW.AT2,0.0966679,0.139611836174,0.26908708821
EIL-NS.AT2,0.0863255,0.10570798526,0.220698413978
ERG090.AT2,0.106334,0.10759535161,0.174687525144
ERG180.AT2,0.0899111,0.148766747081,0.217310445523
EUC022.AT2,0.06878179,0.146698098871,0.129348246461
EUR000.AT2,0.15404,0.201502532553,0.444470388523
EUR090.AT2,0.178212,0.282368839495,0.322239345376
FAT000.AT2,0.187002,0.185218851514,0.411953915812
FAT090.AT2,0.1592802,0.148656773425,0.473395304718
FOR000.AT2,0.116109,0.299343887704,0.266247496912
FOR090.AT2,0.114031,0.216925768228,0.230878585757
FRE075.AT2,0.0252385,0.023912946766,0.0793079482412
FRE345.AT2,0.0207863,0.0318803342886,0.043107780108
G01230.AT2,0.102575,0.0337477138762,0.0939744484906
G06230.AT2,0.4339443,0.492345922986,0.622915203807
GBZ000.AT2,0.244079,0.503066272658,0.490389441699
GBZ270.AT2,0.137248,0.29694276572,0.309047325938
GYN000.AT2,0.1319405,0.0877043976121,0.363148166001
H-CAL225.AT2,0.128176,0.153924012775,0.375749143636
H-CAL315.AT2,0.0784359,0.132998380328,0.2352291048
H-CC4045.AT2,0.115407,0.124751361563,0.259506624646
H-CC4135.AT2,0.128053,0.156254020725,0.32197389942
H-CXO225.AT2,0.274843,0.212357731498,0.593182870568
H-CXO315.AT2,0.201947,0.159630810221,0.527081871625
H-DLT262.AT2,0.237759,0.260009054167,0.595438267346
H-DLT352.AT2,0.351119,0.330033063761,0.75894226845
H-E01140.AT2,0.139489,0.158441020773,0.295807836005
H-E01230.AT2,0.134398,0.106922599827,0.275059461755
H-E03140.AT2,0.26633,0.468350676743,0.669336927997
H-E03230.AT2,0.221071,0.398808439306,0.363621980544
H-E04140.AT2,0.4852552,0.37394252445,0.992553489758
H-E05140.AT2,0.51913,0.468737080137,0.967981452905
H-E12140.AT2,0.143328,0.175794198242,0.327566567857
H-E12230.AT2,0.116267,0.218088744789,0.319253207945
H-E13140.AT2,0.116962,0.147143103886,0.299039478378
H-E13230.AT2,0.139065,0.12978031756,0.440475595431
H-PLS045.AT2,0.0424411,0.0320645448823,0.0766409798498
H-PLS135.AT2,0.0567726,0.0538753978071,0.18105933243
H-SUP045.AT2,0.109164,0.0514970198925,0.149198198462
H-SUP135.AT2,0.195422,0.0877452100812,0.257999150724
HD1255.AT2,0.0877931,0.116373692498,0.203716252205
HD1345.AT2,0.0959223,0.0973519438509,0.204579326237
HD4255.AT2,0.0918703,0.102339322755,0.26449810359
HD4345.AT2,0.0981388,0.102551394233,0.257767410331
HDA255.AT2,0.0880978,0.118727593283,0.197520051351
HDA345.AT2,0.089403,0.086586650097,0.185666959179
HIK000.AT2,0.141369,0.156410993938,0.233226146308
HIK090.AT2,0.147591,0.154117173936,0.37227775903
HOS180.AT2,0.08696707,0.145740563179,0.21427691943
HVR150.AT2,0.1563454,0.125153051667,0.46428060181
IST090.AT2,0.0438885,0.0770444879879,0.0887501437709
IST180.AT2,0.053208,0.0899926467407,0.0893554364896
IZN090.AT2,0.1361623,0.288615070171,0.279315623023
IZN180.AT2,0.09811634,0.160282469949,0.267128969165
IZT090.AT2,0.219541,0.297772343857,1.08570984385
IZT180.AT2,0.152082,0.226033696409,0.513566070972
JOS000.AT2,0.2736971,0.274556863181,0.7000280684
JOS090.AT2,0.2840311,0.430551285972,0.726313507383
K-CVK090.AT2,0.1326988,0.0775936537996,0.244828186898
KAK000.AT2,0.251447,0.187365479819,0.604159224937
KAK090.AT2,0.34472,0.276630585138,0.819978552934
KJM090.AT2,0.5985144,0.743551576391,1.21968541048
KUT090.AT2,0.06018802,0.197412291998,0.117863947117
MCF000.AT2,0.1264644,0.0681883222755,0.230390485396
MCF090.AT2,0.1253264,0.230515379094,0.340428059102
MCG270.AT2,0.08799876,0.0174434173536,0.104216834976
MDR000.AT2,0.1203836,0.0928062957842,0.583947554896
MDR090.AT2,0.0564257,0.163446109844,0.181466162127
MSK000.AT2,0.04396531,0.0658176605935,0.0615550154508
MVH000.AT2,0.187906,0.166438506459,0.325599472583
MVH090.AT2,0.140461,0.201881398387,0.36503503976
MZH000.AT2,0.0696466,0.0435343694922,0.202022345694
MZH090.AT2,0.0523755,0.0473944926093,0.0807663206631
NIS000.AT2,0.5093376,0.372881749266,1.30466785215
NIS090.AT2,0.5027494,0.366225496596,1.06296809232
NPS000.AT2,0.135777,0.110303062582,0.318376092077
NPS090.AT2,0.133655,0.14461660148,0.338994133769
NYA090.AT2,0.02413834,0.0269219586955,0.0523512107271
OKA000.AT2,0.0814049,0.0484281479409,0.226034763706
OKA090.AT2,0.0593784,0.0319789336312,0.148726429655
ORR090.AT2,0.5683221,0.518283967877,1.19087973179
ORR360.AT2,0.5142601,0.520226333652,1.44233164741
OSA000.AT2,0.0786731,0.183046984588,0.178037365611
OSA090.AT2,0.0635208,0.170044261288,0.218440326267
PMN000.AT2,0.06683115,0.127984292917,0.227745393447
PSA000.AT2,0.07566682,0.108952045451,0.193091724367
RIM015.AT2,0.03511372,0.0829423212024,0.100221684894
RIO360.AT2,0.5489271,0.418751178498,1.4987768643
SHI000.AT2,0.2432332,0.377949488147,0.428362308598
SHI090.AT2,0.2119157,0.278965990463,0.517037547542
SHL000.AT2,0.228508,0.0691914828661,0.293267073328
SHL090.AT2,0.188766,0.0630073425268,0.260037675319
SHP010.AT2,0.10134,0.0777752126948,0.206218675025
SHP280.AT2,0.0684822,0.0899689527469,0.207851144836
SIL000.AT2,0.04988171,0.0373423153793,0.0687156078741
SIL090.AT2,0.04014831,0.0507322084998,0.051509408495
SJL270.AT2,0.0810278,0.0651541378426,0.218307601337
SJL360.AT2,0.0696529,0.051041974375,0.267468372266
SKR090.AT2,0.3764332,0.794947094004,0.870450375842
TKR090.AT2,0.0348568,0.0277504411502,0.105201790418
TKR180.AT2,0.0362796,0.0437377538784,0.0773390862527
TMB205.AT2,0.357355,0.21478630738,0.62971480286
TMB295.AT2,0.271779,0.150036406285,0.79787197859
YER270.AT2,0.2448031,0.51408137847,0.372768292518
YER360.AT2,0.151528,0.297093637158,0.462826241489
YPT060.AT2,0.267661,0.657398260421,0.589174597584
YPT330.AT2,0.348991,0.621770347903,0.637512568457
ZYT000.AT2,0.1080476,0.18520069536,0.22204387564
ZYT090.AT2,0.1102446,0.152407438736,0.278973776884
