     0.000		          -0.010
     0.010		          -0.010
     0.020		          -0.010
     0.030		          -0.010
     0.040		          -0.009
     0.050		          -0.009
     0.060		          -0.009
     0.070		          -0.010
     0.080		          -0.010
     0.090		          -0.011
     0.100		          -0.012
     0.110		          -0.012
     0.120		          -0.013
     0.130		          -0.013
     0.140		          -0.013
     0.150		          -0.014
     0.160		          -0.014
     0.170		          -0.015
     0.180		          -0.016
     0.190		          -0.016
     0.200		          -0.016
     0.210		          -0.015
     0.220		          -0.015
     0.230		          -0.014
     0.240		          -0.015
     0.250		          -0.016
     0.260		          -0.017
     0.270		          -0.018
     0.280		          -0.018
     0.290		          -0.018
     0.300		          -0.017
     0.310		          -0.016
     0.320		          -0.015
     0.330		          -0.014
     0.340		          -0.013
     0.350		          -0.014
     0.360		          -0.014
     0.370		          -0.015
     0.380		          -0.016
     0.390		          -0.018
     0.400		          -0.019
     0.410		          -0.021
     0.420		          -0.022
     0.430		          -0.023
     0.440		          -0.022
     0.450		          -0.021
     0.460		          -0.017
     0.470		          -0.014
     0.480		          -0.010
     0.490		          -0.008
     0.500		          -0.008
     0.510		          -0.010
     0.520		          -0.014
     0.530		          -0.019
     0.540		          -0.025
     0.550		          -0.029
     0.560		          -0.031
     0.570		          -0.030
     0.580		          -0.026
     0.590		          -0.020
     0.600		          -0.014
     0.610		          -0.008
     0.620		          -0.005
     0.630		          -0.005
     0.640		          -0.008
     0.650		          -0.014
     0.660		          -0.021
     0.670		          -0.030
     0.680		          -0.037
     0.690		          -0.040
     0.700		          -0.040
     0.710		          -0.036
     0.720		          -0.028
     0.730		          -0.018
     0.740		          -0.009
     0.750		          -0.004
     0.760		          -0.004
     0.770		          -0.011
     0.780		          -0.023
     0.790		          -0.036
     0.800		          -0.047
     0.810		          -0.053
     0.820		          -0.051
     0.830		          -0.043
     0.840		          -0.030
     0.850		          -0.016
     0.860		          -0.005
     0.870		           0.000
     0.880		          -0.001
     0.890		          -0.007
     0.900		          -0.017
     0.910		          -0.030
     0.920		          -0.042
     0.930		          -0.052
     0.940		          -0.057
     0.950		          -0.056
     0.960		          -0.049
     0.970		          -0.037
     0.980		          -0.021
     0.990		          -0.006
     1.000		           0.007
     1.010		           0.013
     1.020		           0.013
     1.030		           0.005
     1.040		          -0.009
     1.050		          -0.025
     1.060		          -0.042
     1.070		          -0.054
     1.080		          -0.060
     1.090		          -0.059
     1.100		          -0.053
     1.110		          -0.044
     1.120		          -0.035
     1.130		          -0.027
     1.140		          -0.020
     1.150		          -0.013
     1.160		          -0.005
     1.170		           0.006
     1.180		           0.017
     1.190		           0.026
     1.200		           0.030
     1.210		           0.027
     1.220		           0.015
     1.230		          -0.002
     1.240		          -0.021
     1.250		          -0.036
     1.260		          -0.044
     1.270		          -0.042
     1.280		          -0.028
     1.290		          -0.006
     1.300		           0.020
     1.310		           0.046
     1.320		           0.065
     1.330		           0.075
     1.340		           0.073
     1.350		           0.061
     1.360		           0.043
     1.370		           0.022
     1.380		           0.005
     1.390		          -0.005
     1.400		          -0.005
     1.410		           0.005
     1.420		           0.025
     1.430		           0.051
     1.440		           0.081
     1.450		           0.110
     1.460		           0.136
     1.470		           0.158
     1.480		           0.173
     1.490		           0.182
     1.500		           0.182
     1.510		           0.174
     1.520		           0.157
     1.530		           0.133
     1.540		           0.105
     1.550		           0.078
     1.560		           0.058
     1.570		           0.049
     1.580		           0.052
     1.590		           0.064
     1.600		           0.080
     1.610		           0.091
     1.620		           0.092
     1.630		           0.081
     1.640		           0.058
     1.650		           0.029
     1.660		           0.001
     1.670		          -0.017
     1.680		          -0.020
     1.690		          -0.008
     1.700		           0.018
     1.710		           0.051
     1.720		           0.082
     1.730		           0.107
     1.740		           0.119
     1.750		           0.117
     1.760		           0.102
     1.770		           0.076
     1.780		           0.044
     1.790		           0.011
     1.800		          -0.018
     1.810		          -0.040
     1.820		          -0.056
     1.830		          -0.067
     1.840		          -0.077
     1.850		          -0.088
     1.860		          -0.102
     1.870		          -0.117
     1.880		          -0.131
     1.890		          -0.139
     1.900		          -0.139
     1.910		          -0.132
     1.920		          -0.119
     1.930		          -0.106
     1.940		          -0.097
     1.950		          -0.096
     1.960		          -0.106
     1.970		          -0.123
     1.980		          -0.143
     1.990		          -0.158
     2.000		          -0.163
     2.010		          -0.153
     2.020		          -0.127
     2.030		          -0.090
     2.040		          -0.044
     2.050		           0.001
     2.060		           0.040
     2.070		           0.064
     2.080		           0.070
     2.090		           0.061
     2.100		           0.041
     2.110		           0.023
     2.120		           0.016
     2.130		           0.026
     2.140		           0.050
     2.150		           0.082
     2.160		           0.111
     2.170		           0.127
     2.180		           0.129
     2.190		           0.117
     2.200		           0.097
     2.210		           0.073
     2.220		           0.045
     2.230		           0.016
     2.240		          -0.014
     2.250		          -0.042
     2.260		          -0.063
     2.270		          -0.071
     2.280		          -0.061
     2.290		          -0.033
     2.300		           0.010
     2.310		           0.058
     2.320		           0.098
     2.330		           0.116
     2.340		           0.102
     2.350		           0.055
     2.360		          -0.018
     2.370		          -0.102
     2.380		          -0.180
     2.390		          -0.235
     2.400		          -0.258
     2.410		          -0.245
     2.420		          -0.201
     2.430		          -0.138
     2.440		          -0.069
     2.450		          -0.007
     2.460		           0.037
     2.470		           0.057
     2.480		           0.054
     2.490		           0.030
     2.500		          -0.007
     2.510		          -0.047
     2.520		          -0.077
     2.530		          -0.088
     2.540		          -0.077
     2.550		          -0.045
     2.560		          -0.004
     2.570		           0.034
     2.580		           0.054
     2.590		           0.052
     2.600		           0.026
     2.610		          -0.017
     2.620		          -0.067
     2.630		          -0.115
     2.640		          -0.157
     2.650		          -0.190
     2.660		          -0.213
     2.670		          -0.224
     2.680		          -0.225
     2.690		          -0.218
     2.700		          -0.203
     2.710		          -0.186
     2.720		          -0.169
     2.730		          -0.157
     2.740		          -0.152
     2.750		          -0.157
     2.760		          -0.168
     2.770		          -0.182
     2.780		          -0.190
     2.790		          -0.185
     2.800		          -0.159
     2.810		          -0.110
     2.820		          -0.038
     2.830		           0.050
     2.840		           0.147
     2.850		           0.242
     2.860		           0.326
     2.870		           0.392
     2.880		           0.439
     2.890		           0.471
     2.900		           0.491
     2.910		           0.504
     2.920		           0.507
     2.930		           0.495
     2.940		           0.455
     2.950		           0.378
     2.960		           0.261
     2.970		           0.111
     2.980		          -0.054
     2.990		          -0.211
     3.000		          -0.335
     3.010		          -0.406
     3.020		          -0.414
     3.030		          -0.360
     3.040		          -0.252
     3.050		          -0.111
     3.060		           0.043
     3.070		           0.186
     3.080		           0.302
     3.090		           0.377
     3.100		           0.407
     3.110		           0.396
     3.120		           0.354
     3.130		           0.295
     3.140		           0.234
     3.150		           0.182
     3.160		           0.147
     3.170		           0.128
     3.180		           0.122
     3.190		           0.119
     3.200		           0.109
     3.210		           0.087
     3.220		           0.049
     3.230		          -0.004
     3.240		          -0.069
     3.250		          -0.143
     3.260		          -0.220
     3.270		          -0.292
     3.280		          -0.354
     3.290		          -0.397
     3.300		          -0.412
     3.310		          -0.396
     3.320		          -0.348
     3.330		          -0.274
     3.340		          -0.188
     3.350		          -0.105
     3.360		          -0.042
     3.370		          -0.008
     3.380		          -0.000
     3.390		          -0.009
     3.400		          -0.019
     3.410		          -0.017
     3.420		           0.006
     3.430		           0.046
     3.440		           0.096
     3.450		           0.144
     3.460		           0.182
     3.470		           0.209
     3.480		           0.228
     3.490		           0.248
     3.500		           0.268
     3.510		           0.281
     3.520		           0.271
     3.530		           0.224
     3.540		           0.136
     3.550		           0.017
     3.560		          -0.109
     3.570		          -0.216
     3.580		          -0.283
     3.590		          -0.306
     3.600		          -0.294
     3.610		          -0.261
     3.620		          -0.220
     3.630		          -0.172
     3.640		          -0.108
     3.650		          -0.020
     3.660		           0.095
     3.670		           0.224
     3.680		           0.342
     3.690		           0.418
     3.700		           0.429
     3.710		           0.369
     3.720		           0.255
     3.730		           0.120
     3.740		           0.002
     3.750		          -0.064
     3.760		          -0.065
     3.770		          -0.006
     3.780		           0.089
     3.790		           0.192
     3.800		           0.278
     3.810		           0.336
     3.820		           0.368
     3.830		           0.381
     3.840		           0.376
     3.850		           0.350
     3.860		           0.291
     3.870		           0.189
     3.880		           0.046
     3.890		          -0.120
     3.900		          -0.274
     3.910		          -0.375
     3.920		          -0.390
     3.930		          -0.311
     3.940		          -0.161
     3.950		           0.014
     3.960		           0.164
     3.970		           0.252
     3.980		           0.270
     3.990		           0.240
     4.000		           0.196
     4.010		           0.172
     4.020		           0.181
     4.030		           0.215
     4.040		           0.251
     4.050		           0.257
     4.060		           0.213
     4.070		           0.120
     4.080		          -0.005
     4.090		          -0.129
     4.100		          -0.218
     4.110		          -0.250
     4.120		          -0.220
     4.130		          -0.143
     4.140		          -0.045
     4.150		           0.046
     4.160		           0.106
     4.170		           0.128
     4.180		           0.118
     4.190		           0.092
     4.200		           0.072
     4.210		           0.072
     4.220		           0.096
     4.230		           0.136
     4.240		           0.171
     4.250		           0.181
     4.260		           0.153
     4.270		           0.085
     4.280		          -0.010
     4.290		          -0.107
     4.300		          -0.180
     4.310		          -0.211
     4.320		          -0.196
     4.330		          -0.144
     4.340		          -0.075
     4.350		          -0.012
     4.360		           0.029
     4.370		           0.043
     4.380		           0.036
     4.390		           0.019
     4.400		           0.003
     4.410		          -0.007
     4.420		          -0.011
     4.430		          -0.012
     4.440		          -0.016
     4.450		          -0.024
     4.460		          -0.036
     4.470		          -0.049
     4.480		          -0.059
     4.490		          -0.067
     4.500		          -0.076
     4.510		          -0.091
     4.520		          -0.113
     4.530		          -0.140
     4.540		          -0.165
     4.550		          -0.179
     4.560		          -0.177
     4.570		          -0.157
     4.580		          -0.120
     4.590		          -0.073
     4.600		          -0.023
     4.610		           0.024
     4.620		           0.067
     4.630		           0.104
     4.640		           0.134
     4.650		           0.157
     4.660		           0.167
     4.670		           0.161
     4.680		           0.136
     4.690		           0.091
     4.700		           0.030
     4.710		          -0.036
     4.720		          -0.100
     4.730		          -0.152
     4.740		          -0.187
     4.750		          -0.206
     4.760		          -0.214
     4.770		          -0.218
     4.780		          -0.224
     4.790		          -0.235
     4.800		          -0.249
     4.810		          -0.262
     4.820		          -0.270
     4.830		          -0.270
     4.840		          -0.260
     4.850		          -0.235
     4.860		          -0.194
     4.870		          -0.137
     4.880		          -0.065
     4.890		           0.011
     4.900		           0.077
     4.910		           0.114
     4.920		           0.109
     4.930		           0.058
     4.940		          -0.031
     4.950		          -0.135
     4.960		          -0.225
     4.970		          -0.275
     4.980		          -0.268
     4.990		          -0.207
     5.000		          -0.107
     5.010		           0.004
     5.020		           0.098
     5.030		           0.155
     5.040		           0.169
     5.050		           0.147
     5.060		           0.110
     5.070		           0.080
     5.080		           0.075
     5.090		           0.101
     5.100		           0.145
     5.110		           0.187
     5.120		           0.203
     5.130		           0.178
     5.140		           0.114
     5.150		           0.029
     5.160		          -0.052
     5.170		          -0.105
     5.180		          -0.113
     5.190		          -0.076
     5.200		          -0.004
     5.210		           0.088
     5.220		           0.179
     5.230		           0.254
     5.240		           0.302
     5.250		           0.321
     5.260		           0.312
     5.270		           0.282
     5.280		           0.237
     5.290		           0.184
     5.300		           0.128
     5.310		           0.073
     5.320		           0.025
     5.330		          -0.014
     5.340		          -0.041
     5.350		          -0.053
     5.360		          -0.050
     5.370		          -0.031
     5.380		           0.001
     5.390		           0.042
     5.400		           0.085
     5.410		           0.123
     5.420		           0.148
     5.430		           0.156
     5.440		           0.149
     5.450		           0.128
     5.460		           0.098
     5.470		           0.058
     5.480		           0.009
     5.490		          -0.049
     5.500		          -0.111
     5.510		          -0.170
     5.520		          -0.215
     5.530		          -0.243
     5.540		          -0.253
     5.550		          -0.251
     5.560		          -0.242
     5.570		          -0.231
     5.580		          -0.219
     5.590		          -0.205
     5.600		          -0.186
     5.610		          -0.156
     5.620		          -0.115
     5.630		          -0.064
     5.640		          -0.009
     5.650		           0.040
     5.660		           0.073
     5.670		           0.084
     5.680		           0.078
     5.690		           0.064
     5.700		           0.060
     5.710		           0.076
     5.720		           0.118
     5.730		           0.177
     5.740		           0.236
     5.750		           0.268
     5.760		           0.252
     5.770		           0.174
     5.780		           0.040
     5.790		          -0.128
     5.800		          -0.292
     5.810		          -0.416
     5.820		          -0.473
     5.830		          -0.460
     5.840		          -0.395
     5.850		          -0.313
     5.860		          -0.254
     5.870		          -0.246
     5.880		          -0.300
     5.890		          -0.400
     5.900		          -0.512
     5.910		          -0.599
     5.920		          -0.628
     5.930		          -0.584
     5.940		          -0.471
     5.950		          -0.316
     5.960		          -0.155
     5.970		          -0.027
     5.980		           0.038
     5.990		           0.028
     6.000		          -0.043
     6.010		          -0.144
     6.020		          -0.236
     6.030		          -0.288
     6.040		          -0.286
     6.050		          -0.236
     6.060		          -0.159
     6.070		          -0.076
     6.080		          -0.006
     6.090		           0.045
     6.100		           0.076
     6.110		           0.091
     6.120		           0.096
     6.130		           0.091
     6.140		           0.079
     6.150		           0.058
     6.160		           0.031
     6.170		           0.002
     6.180		          -0.024
     6.190		          -0.045
     6.200		          -0.064
     6.210		          -0.085
     6.220		          -0.116
     6.230		          -0.160
     6.240		          -0.219
     6.250		          -0.287
     6.260		          -0.353
     6.270		          -0.401
     6.280		          -0.413
     6.290		          -0.377
     6.300		          -0.287
     6.310		          -0.151
     6.320		           0.011
     6.330		           0.172
     6.340		           0.306
     6.350		           0.394
     6.360		           0.429
     6.370		           0.415
     6.380		           0.367
     6.390		           0.303
     6.400		           0.238
     6.410		           0.183
     6.420		           0.144
     6.430		           0.118
     6.440		           0.101
     6.450		           0.087
     6.460		           0.072
     6.470		           0.054
     6.480		           0.032
     6.490		           0.009
     6.500		          -0.014
     6.510		          -0.034
     6.520		          -0.049
     6.530		          -0.059
     6.540		          -0.065
     6.550		          -0.068
     6.560		          -0.069
     6.570		          -0.070
     6.580		          -0.069
     6.590		          -0.067
     6.600		          -0.063
     6.610		          -0.059
     6.620		          -0.059
     6.630		          -0.067
     6.640		          -0.086
     6.650		          -0.113
     6.660		          -0.141
     6.670		          -0.162
     6.680		          -0.166
     6.690		          -0.149
     6.700		          -0.114
     6.710		          -0.069
     6.720		          -0.022
     6.730		           0.017
     6.740		           0.047
     6.750		           0.070
     6.760		           0.091
     6.770		           0.116
     6.780		           0.146
     6.790		           0.177
     6.800		           0.198
     6.810		           0.200
     6.820		           0.173
     6.830		           0.119
     6.840		           0.045
     6.850		          -0.031
     6.860		          -0.092
     6.870		          -0.122
     6.880		          -0.113
     6.890		          -0.069
     6.900		          -0.004
     6.910		           0.061
     6.920		           0.105
     6.930		           0.117
     6.940		           0.094
     6.950		           0.048
     6.960		          -0.006
     6.970		          -0.046
     6.980		          -0.061
     6.990		          -0.044
     7.000		          -0.002
     7.010		           0.049
     7.020		           0.092
     7.030		           0.114
     7.040		           0.107
     7.050		           0.078
     7.060		           0.041
     7.070		           0.015
     7.080		           0.015
     7.090		           0.051
     7.100		           0.118
     7.110		           0.204
     7.120		           0.290
     7.130		           0.356
     7.140		           0.385
     7.150		           0.370
     7.160		           0.314
     7.170		           0.229
     7.180		           0.136
     7.190		           0.055
     7.200		           0.007
     7.210		           0.000
     7.220		           0.034
     7.230		           0.097
     7.240		           0.174
     7.250		           0.245
     7.260		           0.299
     7.270		           0.331
     7.280		           0.345
     7.290		           0.350
     7.300		           0.356
     7.310		           0.369
     7.320		           0.388
     7.330		           0.409
     7.340		           0.426
     7.350		           0.432
     7.360		           0.425
     7.370		           0.406
     7.380		           0.375
     7.390		           0.333
     7.400		           0.279
     7.410		           0.216
     7.420		           0.150
     7.430		           0.088
     7.440		           0.041
     7.450		           0.015
     7.460		           0.012
     7.470		           0.028
     7.480		           0.051
     7.490		           0.070
     7.500		           0.077
     7.510		           0.069
     7.520		           0.049
     7.530		           0.027
     7.540		           0.008
     7.550		          -0.004
     7.560		          -0.013
     7.570		          -0.025
     7.580		          -0.048
     7.590		          -0.085
     7.600		          -0.139
     7.610		          -0.202
     7.620		          -0.268
     7.630		          -0.324
     7.640		          -0.359
     7.650		          -0.362
     7.660		          -0.325
     7.670		          -0.250
     7.680		          -0.144
     7.690		          -0.028
     7.700		           0.071
     7.710		           0.126
     7.720		           0.122
     7.730		           0.058
     7.740		          -0.047
     7.750		          -0.163
     7.760		          -0.255
     7.770		          -0.299
     7.780		          -0.286
     7.790		          -0.230
     7.800		          -0.154
     7.810		          -0.089
     7.820		          -0.054
     7.830		          -0.054
     7.840		          -0.077
     7.850		          -0.101
     7.860		          -0.104
     7.870		          -0.076
     7.880		          -0.018
     7.890		           0.053
     7.900		           0.115
     7.910		           0.149
     7.920		           0.149
     7.930		           0.119
     7.940		           0.077
     7.950		           0.041
     7.960		           0.026
     7.970		           0.035
     7.980		           0.062
     7.990		           0.091
     8.000		           0.105
     8.010		           0.094
     8.020		           0.055
     8.030		          -0.010
     8.040		          -0.092
     8.050		          -0.182
     8.060		          -0.272
     8.070		          -0.354
     8.080		          -0.419
     8.090		          -0.459
     8.100		          -0.465
     8.110		          -0.434
     8.120		          -0.372
     8.130		          -0.289
     8.140		          -0.202
     8.150		          -0.126
     8.160		          -0.070
     8.170		          -0.036
     8.180		          -0.015
     8.190		          -0.001
     8.200		           0.014
     8.210		           0.028
     8.220		           0.036
     8.230		           0.030
     8.240		           0.003
     8.250		          -0.045
     8.260		          -0.106
     8.270		          -0.165
     8.280		          -0.204
     8.290		          -0.210
     8.300		          -0.178
     8.310		          -0.110
     8.320		          -0.019
     8.330		           0.082
     8.340		           0.177
     8.350		           0.253
     8.360		           0.299
     8.370		           0.313
     8.380		           0.292
     8.390		           0.243
     8.400		           0.176
     8.410		           0.104
     8.420		           0.045
     8.430		           0.013
     8.440		           0.018
     8.450		           0.059
     8.460		           0.126
     8.470		           0.196
     8.480		           0.248
     8.490		           0.263
     8.500		           0.232
     8.510		           0.164
     8.520		           0.077
     8.530		          -0.003
     8.540		          -0.055
     8.550		          -0.067
     8.560		          -0.042
     8.570		           0.006
     8.580		           0.060
     8.590		           0.102
     8.600		           0.125
     8.610		           0.128
     8.620		           0.116
     8.630		           0.100
     8.640		           0.084
     8.650		           0.072
     8.660		           0.062
     8.670		           0.048
     8.680		           0.026
     8.690		          -0.004
     8.700		          -0.040
     8.710		          -0.077
     8.720		          -0.105
     8.730		          -0.116
     8.740		          -0.107
     8.750		          -0.083
     8.760		          -0.052
     8.770		          -0.030
     8.780		          -0.028
     8.790		          -0.050
     8.800		          -0.091
     8.810		          -0.139
     8.820		          -0.175
     8.830		          -0.184
     8.840		          -0.157
     8.850		          -0.094
     8.860		          -0.005
     8.870		           0.092
     8.880		           0.174
     8.890		           0.224
     8.900		           0.231
     8.910		           0.196
     8.920		           0.129
     8.930		           0.045
     8.940		          -0.038
     8.950		          -0.110
     8.960		          -0.162
     8.970		          -0.192
     8.980		          -0.203
     8.990		          -0.199
     9.000		          -0.186
     9.010		          -0.168
     9.020		          -0.148
     9.030		          -0.130
     9.040		          -0.114
     9.050		          -0.099
     9.060		          -0.082
     9.070		          -0.061
     9.080		          -0.032
     9.090		           0.003
     9.100		           0.043
     9.110		           0.084
     9.120		           0.120
     9.130		           0.149
     9.140		           0.166
     9.150		           0.172
     9.160		           0.166
     9.170		           0.145
     9.180		           0.111
     9.190		           0.066
     9.200		           0.017
     9.210		          -0.025
     9.220		          -0.050
     9.230		          -0.049
     9.240		          -0.023
     9.250		           0.022
     9.260		           0.075
     9.270		           0.122
     9.280		           0.152
     9.290		           0.160
     9.300		           0.144
     9.310		           0.109
     9.320		           0.058
     9.330		          -0.001
     9.340		          -0.061
     9.350		          -0.112
     9.360		          -0.146
     9.370		          -0.154
     9.380		          -0.130
     9.390		          -0.080
     9.400		          -0.014
     9.410		           0.052
     9.420		           0.100
     9.430		           0.119
     9.440		           0.107
     9.450		           0.073
     9.460		           0.030
     9.470		          -0.005
     9.480		          -0.021
     9.490		          -0.019
     9.500		          -0.005
     9.510		           0.006
     9.520		           0.003
     9.530		          -0.019
     9.540		          -0.056
     9.550		          -0.096
     9.560		          -0.124
     9.570		          -0.132
     9.580		          -0.117
     9.590		          -0.087
     9.600		          -0.052
     9.610		          -0.024
     9.620		          -0.005
     9.630		           0.006
     9.640		           0.013
     9.650		           0.019
     9.660		           0.025
     9.670		           0.029
     9.680		           0.029
     9.690		           0.024
     9.700		           0.018
     9.710		           0.018
     9.720		           0.027
     9.730		           0.047
     9.740		           0.073
     9.750		           0.097
     9.760		           0.107
     9.770		           0.096
     9.780		           0.063
     9.790		           0.013
     9.800		          -0.042
     9.810		          -0.086
     9.820		          -0.106
     9.830		          -0.094
     9.840		          -0.051
     9.850		           0.013
     9.860		           0.080
     9.870		           0.130
     9.880		           0.148
     9.890		           0.130
     9.900		           0.083
     9.910		           0.024
     9.920		          -0.024
     9.930		          -0.046
     9.940		          -0.035
     9.950		           0.001
     9.960		           0.044
     9.970		           0.074
     9.980		           0.074
     9.990		           0.041
    10.000		          -0.019
    10.010		          -0.089
    10.020		          -0.148
    10.030		          -0.178
    10.040		          -0.169
    10.050		          -0.120
    10.060		          -0.039
    10.070		           0.059
    10.080		           0.152
    10.090		           0.221
    10.100		           0.250
    10.110		           0.233
    10.120		           0.173
    10.130		           0.084
    10.140		          -0.013
    10.150		          -0.096
    10.160		          -0.148
    10.170		          -0.157
    10.180		          -0.126
    10.190		          -0.067
    10.200		           0.004
    10.210		           0.068
    10.220		           0.111
    10.230		           0.127
    10.240		           0.117
    10.250		           0.087
    10.260		           0.047
    10.270		           0.004
    10.280		          -0.036
    10.290		          -0.069
    10.300		          -0.094
    10.310		          -0.108
    10.320		          -0.111
    10.330		          -0.101
    10.340		          -0.079
    10.350		          -0.048
    10.360		          -0.012
    10.370		           0.022
    10.380		           0.047
    10.390		           0.063
    10.400		           0.070
    10.410		           0.074
    10.420		           0.081
    10.430		           0.093
    10.440		           0.107
    10.450		           0.113
    10.460		           0.102
    10.470		           0.068
    10.480		           0.010
    10.490		          -0.063
    10.500		          -0.135
    10.510		          -0.190
    10.520		          -0.217
    10.530		          -0.212
    10.540		          -0.182
    10.550		          -0.138
    10.560		          -0.095
    10.570		          -0.065
    10.580		          -0.050
    10.590		          -0.045
    10.600		          -0.041
    10.610		          -0.029
    10.620		          -0.005
    10.630		           0.025
    10.640		           0.050
    10.650		           0.061
    10.660		           0.049
    10.670		           0.015
    10.680		          -0.032
    10.690		          -0.080
    10.700		          -0.116
    10.710		          -0.134
    10.720		          -0.132
    10.730		          -0.117
    10.740		          -0.097
    10.750		          -0.081
    10.760		          -0.075
    10.770		          -0.077
    10.780		          -0.083
    10.790		          -0.086
    10.800		          -0.081
    10.810		          -0.067
    10.820		          -0.046
    10.830		          -0.024
    10.840		          -0.008
    10.850		          -0.001
    10.860		          -0.004
    10.870		          -0.012
    10.880		          -0.020
    10.890		          -0.024
    10.900		          -0.022
    10.910		          -0.016
    10.920		          -0.013
    10.930		          -0.018
    10.940		          -0.033
    10.950		          -0.053
    10.960		          -0.069
    10.970		          -0.073
    10.980		          -0.059
    10.990		          -0.030
    11.000		           0.004
    11.010		           0.032
    11.020		           0.043
    11.030		           0.034
    11.040		           0.010
    11.050		          -0.017
    11.060		          -0.034
    11.070		          -0.035
    11.080		          -0.020
    11.090		           0.005
    11.100		           0.030
    11.110		           0.047
    11.120		           0.053
    11.130		           0.052
    11.140		           0.048
    11.150		           0.048
    11.160		           0.054
    11.170		           0.063
    11.180		           0.070
    11.190		           0.068
    11.200		           0.052
    11.210		           0.021
    11.220		          -0.023
    11.230		          -0.072
    11.240		          -0.117
    11.250		          -0.151
    11.260		          -0.166
    11.270		          -0.159
    11.280		          -0.129
    11.290		          -0.077
    11.300		          -0.011
    11.310		           0.060
    11.320		           0.123
    11.330		           0.164
    11.340		           0.176
    11.350		           0.156
    11.360		           0.110
    11.370		           0.051
    11.380		          -0.007
    11.390		          -0.052
    11.400		          -0.076
    11.410		          -0.077
    11.420		          -0.058
    11.430		          -0.028
    11.440		           0.002
    11.450		           0.024
    11.460		           0.029
    11.470		           0.018
    11.480		          -0.007
    11.490		          -0.038
    11.500		          -0.065
    11.510		          -0.079
    11.520		          -0.076
    11.530		          -0.055
    11.540		          -0.020
    11.550		           0.019
    11.560		           0.050
    11.570		           0.067
    11.580		           0.063
    11.590		           0.043
    11.600		           0.014
    11.610		          -0.013
    11.620		          -0.030
    11.630		          -0.033
    11.640		          -0.023
    11.650		          -0.004
    11.660		           0.019
    11.670		           0.042
    11.680		           0.064
    11.690		           0.084
    11.700		           0.102
    11.710		           0.116
    11.720		           0.122
    11.730		           0.117
    11.740		           0.100
    11.750		           0.072
    11.760		           0.039
    11.770		           0.011
    11.780		          -0.004
    11.790		          -0.002
    11.800		           0.014
    11.810		           0.038
    11.820		           0.059
    11.830		           0.068
    11.840		           0.059
    11.850		           0.033
    11.860		          -0.002
    11.870		          -0.040
    11.880		          -0.072
    11.890		          -0.093
    11.900		          -0.099
    11.910		          -0.092
    11.920		          -0.077
    11.930		          -0.055
    11.940		          -0.032
    11.950		          -0.009
    11.960		           0.010
    11.970		           0.022
    11.980		           0.027
    11.990		           0.023
    12.000		           0.011
    12.010		          -0.007
    12.020		          -0.028
    12.030		          -0.046
    12.040		          -0.058
    12.050		          -0.058
    12.060		          -0.046
    12.070		          -0.025
    12.080		           0.002
    12.090		           0.025
    12.100		           0.039
    12.110		           0.039
    12.120		           0.023
    12.130		          -0.005
    12.140		          -0.037
    12.150		          -0.066
    12.160		          -0.085
    12.170		          -0.092
    12.180		          -0.087
    12.190		          -0.076
    12.200		          -0.062
    12.210		          -0.050
    12.220		          -0.039
    12.230		          -0.029
    12.240		          -0.017
    12.250		          -0.004
    12.260		           0.011
    12.270		           0.025
    12.280		           0.035
    12.290		           0.040
    12.300		           0.040
    12.310		           0.037
    12.320		           0.037
    12.330		           0.040
    12.340		           0.049
    12.350		           0.063
    12.360		           0.078
    12.370		           0.091
    12.380		           0.098
    12.390		           0.100
    12.400		           0.099
    12.410		           0.097
    12.420		           0.096
    12.430		           0.095
    12.440		           0.093
    12.450		           0.086
    12.460		           0.074
    12.470		           0.057
    12.480		           0.039
    12.490		           0.028
    12.500		           0.029
    12.510		           0.046
    12.520		           0.077
    12.530		           0.115
    12.540		           0.152
    12.550		           0.176
    12.560		           0.178
    12.570		           0.156
    12.580		           0.110
    12.590		           0.047
    12.600		          -0.022
    12.610		          -0.085
    12.620		          -0.132
    12.630		          -0.155
    12.640		          -0.151
    12.650		          -0.123
    12.660		          -0.078
    12.670		          -0.026
    12.680		           0.024
    12.690		           0.063
    12.700		           0.084
    12.710		           0.086
    12.720		           0.071
    12.730		           0.044
    12.740		           0.012
    12.750		          -0.020
    12.760		          -0.047
    12.770		          -0.069
    12.780		          -0.084
    12.790		          -0.092
    12.800		          -0.092
    12.810		          -0.084
    12.820		          -0.068
    12.830		          -0.048
    12.840		          -0.029
    12.850		          -0.016
    12.860		          -0.013
    12.870		          -0.018
    12.880		          -0.027
    12.890		          -0.033
    12.900		          -0.029
    12.910		          -0.013
    12.920		           0.014
    12.930		           0.044
    12.940		           0.069
    12.950		           0.081
    12.960		           0.079
    12.970		           0.063
    12.980		           0.040
    12.990		           0.017
    13.000		          -0.002
    13.010		          -0.014
    13.020		          -0.017
    13.030		          -0.014
    13.040		          -0.006
    13.050		           0.003
    13.060		           0.013
    13.070		           0.021
    13.080		           0.023
    13.090		           0.016
    13.100		           0.000
    13.110		          -0.023
    13.120		          -0.049
    13.130		          -0.071
    13.140		          -0.085
    13.150		          -0.087
    13.160		          -0.077
    13.170		          -0.056
    13.180		          -0.030
    13.190		          -0.005
    13.200		           0.015
    13.210		           0.024
    13.220		           0.020
    13.230		           0.004
    13.240		          -0.019
    13.250		          -0.042
    13.260		          -0.059
    13.270		          -0.065
    13.280		          -0.057
    13.290		          -0.037
    13.300		          -0.011
    13.310		           0.017
    13.320		           0.042
    13.330		           0.062
    13.340		           0.076
    13.350		           0.083
    13.360		           0.081
    13.370		           0.069
    13.380		           0.047
    13.390		           0.018
    13.400		          -0.014
    13.410		          -0.040
    13.420		          -0.057
    13.430		          -0.062
    13.440		          -0.056
    13.450		          -0.045
    13.460		          -0.032
    13.470		          -0.022
    13.480		          -0.016
    13.490		          -0.013
    13.500		          -0.011
    13.510		          -0.010
    13.520		          -0.012
    13.530		          -0.017
    13.540		          -0.028
    13.550		          -0.041
    13.560		          -0.053
    13.570		          -0.060
    13.580		          -0.057
    13.590		          -0.043
    13.600		          -0.019
    13.610		           0.010
    13.620		           0.040
    13.630		           0.065
    13.640		           0.082
    13.650		           0.086
    13.660		           0.077
    13.670		           0.054
    13.680		           0.021
    13.690		          -0.016
    13.700		          -0.050
    13.710		          -0.074
    13.720		          -0.084
    13.730		          -0.078
    13.740		          -0.061
    13.750		          -0.035
    13.760		          -0.008
    13.770		           0.016
    13.780		           0.034
    13.790		           0.044
    13.800		           0.047
    13.810		           0.045
    13.820		           0.041
    13.830		           0.037
    13.840		           0.034
    13.850		           0.033
    13.860		           0.032
    13.870		           0.030
    13.880		           0.025
    13.890		           0.018
    13.900		           0.011
    13.910		           0.006
    13.920		           0.004
    13.930		           0.007
    13.940		           0.013
    13.950		           0.019
    13.960		           0.022
    13.970		           0.019
    13.980		           0.007
    13.990		          -0.012
    14.000		          -0.035