0.05    0.000330904809881
0.07    0.000680993129376
0.09    0.00116095227214
0.1    0.00164916266259
0.12    0.00279480094488
0.14    0.00368224250726
0.16    0.00561134009814
0.18    0.00868807846415
0.2    0.0135325406156
0.22    0.014593531357
0.24    0.0148051921946
0.26    0.0212453275347
0.28    0.0294485463598
0.3    0.0353367470314
0.32    0.0365137145117
0.34    0.034565298117
0.36    0.0304524396068
0.38    0.0272857088814
0.4    0.0288822671715
0.42    0.0317067911852
0.44    0.0351942021042
0.46    0.0409450576679
0.48    0.0496719305607
0.5    0.0572888304311
0.52    0.0639073266822
0.54    0.0699765955575
0.56    0.0761494627938
0.58    0.082589461466
0.6    0.0891166713526
0.62    0.0979426065881
0.64    0.113172489159
0.66    0.124074815757
0.68    0.128909204636
0.7    0.127926659377
0.72    0.126253227107
0.74    0.130121661102
0.76    0.132934035046
0.78    0.134554340002
0.8    0.134854030974
0.82    0.133828231521
0.84    0.131547297619
0.86    0.128104625477
0.88    0.129988371967
0.9    0.134608421059
0.92    0.139179029867
0.94    0.143728674705
0.96    0.148154904123
0.98    0.152466033261
1.0    0.156830227938
1.02    0.160926271281
1.04    0.164868815486
1.06    0.168561521158
1.08    0.171765927336
1.1    0.174767554405
1.12    0.177116221814
1.14    0.179054922553
1.16    0.180390971473
1.18    0.181140465432
1.2    0.181401019064
1.22    0.180996575296
1.24    0.180241119218
1.26    0.178824988777
1.28    0.177209093636
1.3    0.175057907837
1.32    0.172723399376
1.34    0.170087459602
1.36    0.16725024508
1.38    0.164403670365
1.4    0.161682836184
1.42    0.162406964043
1.44    0.163689640036
1.46    0.165479383438
1.48    0.167227196814
1.5    0.168955423617
1.52    0.17069069639
1.54    0.173158770616
1.56    0.176011552006
1.58    0.185516091223
1.6    0.196283399074
1.62    0.20579259515
1.64    0.213938805692
1.66    0.220616972661
1.68    0.226036438897
1.7    0.230511297701
1.72    0.238675738526
1.74    0.251473472731
1.76    0.264075940354
1.78    0.276398416716
1.8    0.288419471846
1.82    0.300108634575
1.84    0.311448869557
1.86    0.322382880313
1.88    0.33285934544
1.9    0.342856450945
1.92    0.352365050573
1.94    0.361392242745
1.96    0.369955421469
1.98    0.378158517051
2.0    0.385996165479
2.02    0.393435997121
2.04    0.400571576147
2.06    0.407258668064
2.08    0.413646431985
2.1    0.419554300047
2.12    0.424976053575
2.14    0.42996752148
2.16    0.434401320877
2.18    0.438271348217
2.2    0.441577361812
2.22    0.444322076033
2.24    0.446517461489
2.26    0.448280631702
2.28    0.449565676137
2.3    0.450444709615
2.32    0.45110719572
2.34    0.451637803427
2.36    0.452249813984
2.38    0.453123536378
2.4    0.454218365539
2.42    0.455250424963
2.44    0.456164357574
2.46    0.456867489879
2.48    0.457267320829
2.5    0.457409047594
2.52    0.457216075763
2.54    0.456725531818
2.56    0.456009645424
2.58    0.455013777144
2.6    0.453820813767
2.62    0.452403207376
2.64    0.450822697316
2.66    0.449048663067
2.68    0.453072077667
2.7    0.462500735752
2.72    0.468743214337
2.74    0.471860148126
2.76    0.472098460367
2.78    0.469510954569
2.8    0.469229112328
2.82    0.470208503982
2.84    0.470814769842
2.86    0.472865821483
2.88    0.474009692109
2.9    0.474096898295
2.92    0.473210388058
2.94    0.477799997779
2.96    0.484677223643
2.98    0.490694073671
3.0    0.495919901667
3.02    0.500399459816
3.04    0.50407995103
3.06    0.506868885874
3.08    0.508662473776
3.1    0.509416680246
3.12    0.509227566206
3.14    0.508072621532
3.16    0.506185114835
3.18    0.503655942047
3.2    0.500632670941
3.22    0.497163190104
3.24    0.493302742109
3.26    0.489122094057
3.28    0.484726935883
3.3    0.480038523846
3.32    0.474996236438
3.34    0.469508317349
3.36    0.46351457336
3.38    0.457057176592
3.4    0.450098672896
3.42    0.442641334961
3.44    0.434738873327
3.46    0.426415917728
3.48    0.417692423479
3.5    0.408614916458
3.52    0.402948873547
3.54    0.400684471267
3.56    0.398350197076
3.58    0.395951581385
3.6    0.393493928815
3.62    0.39100190802
3.64    0.388522782737
3.66    0.385996106957
3.68    0.383426413991
3.7    0.380818036324
3.72    0.378175110986
3.74    0.375501584989
3.76    0.372864812792
3.78    0.370204378287
3.8    0.367521519684
3.82    0.364819555271
3.84    0.362101639773
3.86    0.359370769754
3.88    0.35662978897
3.9    0.35388139366
3.92    0.351175026899
3.94    0.348465480978
3.96    0.345753745869
3.98    0.343042044538
4.0    0.340332476265
4.02    0.337627021397
4.04    0.334927545976
4.06    0.332235806275
4.08    0.329553453211
4.1    0.326882036653
4.12    0.324223009604
4.14    0.321599611983
4.16    0.318997805349
4.18    0.316410792958
4.2    0.313839729635
4.22    0.311285691143
4.24    0.308749677689
4.26    0.306232617302
4.28    0.303735369119
4.3    0.301258726534
4.32    0.298803420257
4.34    0.296370121262
4.36    0.293959443623
4.38    0.291571947251
4.4    0.28920814053
4.42    0.286868482854
4.44    0.284553387061
4.46    0.282263221789
4.48    0.279998313722
4.5    0.277758949754
4.52    0.27554537907
4.54    0.273357815139
4.56    0.271196437628
4.58    0.26906139423
4.6    0.266960299044
4.62    0.264885349979
4.64    0.262836410599
4.66    0.260813541848
4.68    0.258816779933
4.7    0.256846137763
4.72    0.25490160631
4.74    0.252983155923
4.76    0.251090737576
4.78    0.249224284068
4.8    0.247383711154
4.82    0.245568918639
4.84    0.243779791414
4.86    0.242016200444
4.88    0.240278003712
4.9    0.238565047121
4.92    0.238077149096
4.94    0.237622959644
4.96    0.23716650035
4.98    0.236707986081
5.0    0.236247623661
5.02    0.235785612127
5.04    0.23532214298
5.06    0.234858143492
5.08    0.234406535623
5.1    0.233953709502
5.12    0.233499835086
5.14    0.233045075799
5.16    0.232589588748
5.18    0.232133524923
5.2    0.2316770294
5.22    0.231220241531
5.24    0.230763295132
5.26    0.230306318662
5.28    0.229849435403
5.3    0.229397537069
5.32    0.228952591716
5.34    0.228507851328
5.36    0.228063424992
5.38    0.227619417315
5.4    0.22717592857
5.42    0.226733054844
5.44    0.226290888172
5.46    0.22584951668
5.48    0.225409024706
5.5    0.224969492936
5.52    0.224530998521
5.54    0.224093615201
5.56    0.223657413417
5.58    0.223222460422
5.6    0.222791544428
5.62    0.222367959862
5.64    0.221945639231
5.66    0.221524641634
5.68    0.221105023414
5.7    0.220686838258
5.72    0.220270137284
5.74    0.219854969129
5.76    0.219441380038
5.78    0.219029413944
5.8    0.218619112549
5.82    0.218210515402
5.84    0.217803659972
5.86    0.217398581724
5.88    0.216995314189
5.9    0.216593889029
5.92    0.216194336107
5.94    0.215796683548
5.96    0.215400957805
5.98    0.215010068929
6.0    0.214624479024
6.02    0.214240770561
6.04    0.213858966226
6.06    0.21347908726
6.08    0.213101153511
6.1    0.212725183485
6.12    0.212351194395
6.14    0.211979202202
6.16    0.21160922167
6.18    0.211241266407
6.2    0.210875348902
6.22    0.210511480573
6.24    0.210149671804
6.26    0.209789931984
6.28    0.209432269546
6.3    0.209076692
6.32    0.208723205969
6.34    0.208371817226
6.36    0.208022530723
6.38    0.207675350623
6.4    0.207330280332
6.42    0.206987322528
6.44    0.206646479189
6.46    0.206307751623
6.48    0.205974089874
6.5    0.205643671779
6.52    0.205315298664
6.54    0.204988970797
6.56    0.204664687868
6.58    0.204342449019
6.6    0.204022252857
6.62    0.203704097483
6.64    0.203387980508
6.66    0.20307389908
6.68    0.202761849895
6.7    0.202451829222
6.72    0.202143832919
6.74    0.201837856453
6.76    0.201533894912
6.78    0.201231943027
6.8    0.200931995188
6.82    0.200634045452
6.84    0.200338087567
6.86    0.20004411498
6.88    0.199752120858
6.9    0.199462098091
6.92    0.199174039315
6.94    0.198887936918
6.96    0.198603783056
6.98    0.198321569663
7.0    0.198041288459
7.02    0.19776293097
7.04    0.197486488528
7.06    0.197211952289
7.08    0.196939313237
7.1    0.196668562198
7.12    0.196399689846
7.14    0.196132686713
7.16    0.1958675432
7.18    0.195604249577
7.2    0.195342796002
7.22    0.195083172521
7.24    0.194826989549
7.26    0.194573245406
7.28    0.194321265709
7.3    0.194071040775
7.32    0.193822560833
7.34    0.193575816027
7.36    0.193330796429
7.38    0.193087492038
7.4    0.192845892787
7.42    0.192605988553
7.44    0.192367769157
7.46    0.192131224371
7.48    0.191896343925
7.5    0.191663117507
7.52    0.191431534773
7.54    0.191201585347
7.56    0.190973258826
7.58    0.190746544788
7.6    0.190521432788
7.62    0.190297912372
7.64    0.190075973071
7.66    0.189855604409
7.68    0.189636795907
7.7    0.189419537086
7.72    0.189203817465
7.74    0.188989626572
7.76    0.188776953941
7.78    0.188565789117
7.8    0.188356121657
7.82    0.188147941134
7.84    0.18794123714
7.86    0.187735999286
7.88    0.187532217206
7.9    0.187329880556
7.92    0.187128979023
7.94    0.186929502317
7.96    0.186731440184
7.98    0.186534782396
8.0    0.186339518763
8.02    0.186145639126
8.04    0.185953133367
8.06    0.185761991402
8.08    0.185572203191
8.1    0.185383758729
8.12    0.185196648059
8.14    0.185010861261
8.16    0.184826388464
8.18    0.18464321984
8.2    0.184461345609
8.22    0.184280756036
8.24    0.184101441436
8.26    0.183923392173
8.28    0.183746598657
8.3    0.183571051355
8.32    0.18339674078
8.34    0.183223657498
8.36    0.183051792131
8.38    0.182881135349
8.4    0.18271167788
8.42    0.182543410502
8.44    0.182376324051
8.46    0.182210409417
8.48    0.182045657544
8.5    0.181882059435
8.52    0.181719606146
8.54    0.181558288791
8.56    0.181398098539
8.58    0.181239026621
8.6    0.181081064318
8.62    0.180924202973
8.64    0.180768433987
8.66    0.180613748817
8.68    0.180460138976
8.7    0.180307596039
8.72    0.180156111637
8.74    0.180005677459
8.76    0.179856285251
8.78    0.179707926821
8.8    0.17956059403
8.82    0.179414278802
8.84    0.179268973115
8.86    0.179124669008
8.88    0.17898153564
8.9    0.178839965248
8.92    0.17869936379
8.94    0.178559723675
8.96    0.178421037365
8.98    0.178283297381
9.0    0.178146496296
9.02    0.178010626739
9.04    0.177875681394
9.06    0.177741652998
9.08    0.177608534345
9.1    0.177476318282
9.12    0.17734499771
9.14    0.177214565584
9.16    0.177085014914
9.18    0.176956338762
9.2    0.176828530244
9.22    0.176701582531
9.24    0.176575488843
9.26    0.176450242457
9.28    0.176325836701
9.3    0.176202264954
9.32    0.176079520649
9.34    0.17595759727
9.36    0.175836488353
9.38    0.175716187485
9.4    0.175596688304
9.42    0.175477984499
9.44    0.175360069809
9.46    0.175242938026
9.48    0.175126582987
9.5    0.175010998583
9.52    0.174896178754
9.54    0.174782117487
9.56    0.174668808818
9.58    0.174556246835
9.6    0.17444442567
9.62    0.174333339506
9.64    0.174222982571
9.66    0.174113349144
9.68    0.174004433548
9.7    0.173896230153
9.72    0.173788733376
9.74    0.173681937682
9.76    0.17357583758
9.78    0.173470427623
9.8    0.173365702412
9.82    0.173261656591
9.84    0.173158284851
9.86    0.173055581924
9.88    0.172953542588
9.9    0.172852161665
9.92    0.172751434019
9.94    0.172651354558
9.96    0.172551918231
9.98    0.172453120032
10.0    0.172354954995
