0.05    0.000257131280268
0.07    0.000591932723363
0.09    0.000953513139608
0.1    0.00135961742825
0.12    0.00198291430864
0.14    0.00281679455059
0.16    0.00347243072834
0.18    0.00536189805377
0.2    0.00703648458933
0.22    0.00857184126946
0.24    0.0107436298277
0.26    0.0130939249173
0.28    0.0161138326399
0.3    0.0196297625598
0.32    0.0208906740362
0.34    0.0234096231753
0.36    0.0260342606618
0.38    0.0279340416281
0.4    0.0299436503657
0.42    0.0323419568643
0.44    0.0347823253994
0.46    0.0366598313981
0.48    0.0381255077121
0.5    0.0398123326162
0.52    0.0426298406389
0.54    0.0466567511809
0.56    0.0519215990753
0.58    0.0582313300878
0.6    0.0649466604287
0.62    0.0715001538187
0.64    0.077545099703
0.66    0.0832292373676
0.68    0.0887280765367
0.7    0.0944477013003
0.72    0.100754060715
0.74    0.107831455442
0.76    0.115656529656
0.78    0.124098480897
0.8    0.132945666624
0.82    0.14197257211
0.84    0.150995037692
0.86    0.159898352442
0.88    0.168633856018
0.9    0.177198465917
0.92    0.185612650303
0.94    0.193900448012
0.96    0.202074887652
0.98    0.210137482721
1.0    0.218089293955
1.02    0.225936004177
1.04    0.233678229304
1.06    0.241299237116
1.08    0.248782597697
1.1    0.256155541088
1.12    0.263270796141
1.14    0.270107957483
1.16    0.276655212673
1.18    0.282901281842
1.2    0.288843082894
1.22    0.294497494362
1.24    0.299896661323
1.26    0.305153586366
1.28    0.310339596714
1.3    0.315405699246
1.32    0.32039524709
1.34    0.325581135077
1.36    0.330838033002
1.38    0.336195915935
1.4    0.341873998266
1.42    0.347772124592
1.44    0.353862694912
1.46    0.36029911211
1.48    0.368763633288
1.5    0.38145150706
1.52    0.394498881002
1.54    0.407728399359
1.56    0.421177136304
1.58    0.434705046697
1.6    0.448244860635
1.62    0.461832314843
1.64    0.47527144139
1.66    0.488714030056
1.68    0.501850725388
1.7    0.514865485211
1.72    0.527487249507
1.74    0.539954393093
1.76    0.552085359006
1.78    0.564049242939
1.8    0.575795672391
1.82    0.587043775107
1.84    0.597988068069
1.86    0.608221246058
1.88    0.617951075661
1.9    0.626902234857
1.92    0.635038621852
1.94    0.6425777311
1.96    0.649260675586
1.98    0.655174258451
2.0    0.660485801146
2.02    0.665050324329
2.04    0.669189012854
2.06    0.672883578313
2.08    0.676418602353
2.1    0.679977056103
2.12    0.68359569873
2.14    0.68716201168
2.16    0.690533950187
2.18    0.693654772431
2.2    0.696534605058
2.22    0.699211601334
2.24    0.701738156662
2.26    0.704117793793
2.28    0.706372783164
2.3    0.708446058179
2.32    0.710340521841
2.34    0.712036756767
2.36    0.713448501493
2.38    0.71460840816
2.4    0.715346736457
2.42    0.715665387464
2.44    0.715444937592
2.46    0.714881066608
2.48    0.713792309587
2.5    0.712268386959
2.52    0.710384679647
2.54    0.708042598633
2.56    0.705343333815
2.58    0.702310195981
2.6    0.698869644352
2.62    0.695045368676
2.64    0.690973393779
2.66    0.686554847226
2.68    0.681816713849
2.7    0.676831615243
2.72    0.671645839765
2.74    0.666223907313
2.76    0.660699964047
2.78    0.655059968336
2.8    0.64935399937
2.82    0.643581714514
2.84    0.637759423135
2.86    0.631892544884
2.88    0.626030826065
2.9    0.620141192922
2.92    0.614333141266
2.94    0.608560933381
2.96    0.604685807001
2.98    0.601573453978
3.0    0.598411282189
3.02    0.595115086024
3.04    0.59176661702
3.06    0.588299706056
3.08    0.584794555459
3.1    0.581169104578
3.12    0.577534323839
3.14    0.573759553
3.16    0.570019768316
3.18    0.566146525393
3.2    0.562280514039
3.22    0.558340198634
3.24    0.554344256682
3.26    0.55035576725
3.28    0.546273632009
3.3    0.542219762941
3.32    0.538118741417
3.34    0.533961425094
3.36    0.529855636604
3.38    0.525687766189
3.4    0.521512899892
3.42    0.517362367911
3.44    0.513166339063
3.46    0.508992808567
3.48    0.504832416404
3.5    0.500640721739
3.52    0.496481116391
3.54    0.492340020238
3.56    0.488179695861
3.58    0.484041471701
3.6    0.479943802863
3.62    0.475837110111
3.64    0.471725697803
3.66    0.467687946454
3.68    0.463652991782
3.7    0.459621264914
3.72    0.455601491678
3.74    0.451652785057
3.76    0.447713893187
3.78    0.443787759562
3.8    0.44153659959
3.82    0.440597501134
3.84    0.439643808776
3.86    0.438676572571
3.88    0.437696799698
3.9    0.436705455912
3.92    0.435703466945
3.94    0.434691719884
3.96    0.433671064511
3.98    0.432665196245
4.0    0.431669243515
4.02    0.430665680932
4.04    0.429655248139
4.06    0.42863865302
4.08    0.427616572844
4.1    0.42658965536
4.12    0.425558519868
4.14    0.424523758256
4.16    0.423485936003
4.18    0.422445593151
4.2    0.421403245251
4.22    0.420359384271
4.24    0.419323514377
4.26    0.418307550646
4.28    0.417290661198
4.3    0.416273271669
4.32    0.415255787769
4.34    0.414238596036
4.36    0.413222064566
4.38    0.412206543719
4.4    0.411192366802
4.42    0.410179850727
4.44    0.409169296644
4.46    0.408160990559
4.48    0.407155203927
4.5    0.406152194216
4.52    0.405152205467
4.54    0.404155468822
4.56    0.40316220304
4.58    0.402172614987
4.6    0.401186900115
4.62    0.400214538031
4.64    0.399255978919
4.66    0.398301344776
4.68    0.397350801893
4.7    0.396404506973
4.72    0.39546260752
4.74    0.394525242213
4.76    0.393592541267
4.78    0.392664626785
4.8    0.391741613089
4.82    0.390823607046
4.84    0.389910708373
4.86    0.389003009944
4.88    0.388100598073
4.9    0.387203552792
4.92    0.386311948118
4.94    0.385425852312
4.96    0.384545328121
4.98    0.383670433021
5.0    0.382801219442
5.02    0.381937734988
5.04    0.381080022654
5.06    0.380228121019
5.08    0.379382064453
5.1    0.378541883298
5.12    0.377707604049
5.14    0.37687924953
5.16    0.376056839064
5.18    0.375240388624
5.2    0.374429911
5.22    0.373625415935
5.24    0.372826910278
5.26    0.372042302288
5.28    0.371264774879
5.3    0.370493027951
5.32    0.369727063351
5.34    0.368966880524
5.36    0.368212476626
5.38    0.367463846639
5.4    0.366720983472
5.42    0.365983878073
5.44    0.365252519516
5.46    0.364526895104
5.48    0.363806990453
5.5    0.363092789584
5.52    0.362384275006
5.54    0.361681427792
5.56    0.360984227661
5.58    0.360292653048
5.6    0.359606681178
5.62    0.35892628813
5.64    0.358251448906
5.66    0.357582137492
5.68    0.356918326916
5.7    0.356259989309
5.72    0.355607095956
5.74    0.354959617353
5.76    0.354317523254
5.78    0.353680782722
5.8    0.353049364174
5.82    0.352423235424
5.84    0.351802363731
5.86    0.351186715832
5.88    0.350576257988
5.9    0.349970956018
5.92    0.349370775332
5.94    0.348775680973
5.96    0.348185637644
5.98    0.347600609736
6.0    0.347020561367
6.02    0.346445456403
6.04    0.345875258491
6.06    0.345309931078
6.08    0.344749437444
6.1    0.344193740718
6.12    0.343642803909
6.14    0.343096589917
6.16    0.342555061565
6.18    0.342018181613
6.2    0.341485912774
6.22    0.340958217736
6.24    0.340435059181
6.26    0.339916399795
6.28    0.339402202288
6.3    0.338892429408
6.32    0.338387043953
6.34    0.337886008786
6.36    0.337389286848
6.38    0.336896841167
6.4    0.336408634874
6.42    0.335924631208
6.44    0.335444793532
6.46    0.334969085339
6.48    0.334497470262
6.5    0.334029912082
6.52    0.333566374736
6.54    0.333106822328
6.56    0.332651219131
6.58    0.332199529598
6.6    0.331751718364
6.62    0.331307750258
6.64    0.330867590303
6.66    0.330431203726
6.68    0.329998555956
6.7    0.32956961264
6.72    0.329144339632
6.74    0.328722703014
6.76    0.328304669083
6.78    0.327890204367
6.8    0.327479275625
6.82    0.327071849843
6.84    0.326667894247
6.86    0.326267376298
6.88    0.325870263699
6.9    0.325476524392
6.92    0.325086126564
6.94    0.324699038647
6.96    0.324315229319
6.98    0.323934667508
7.0    0.323557322387
7.02    0.323183163381
7.04    0.322812160167
7.06    0.32244428267
7.08    0.322079501068
7.1    0.321717785791
7.12    0.321359107521
7.14    0.32100343719
7.16    0.320650745988
7.18    0.32030100535
7.2    0.319954186968
7.22    0.319610262782
7.24    0.319269204986
7.26    0.318930986021
7.28    0.318595578581
7.3    0.318262955608
7.32    0.317933090292
7.34    0.31760595607
7.36    0.317281526629
7.38    0.316959775898
7.4    0.316640678052
7.42    0.316324207509
7.44    0.316010338932
7.46    0.315699047222
7.48    0.315390307521
7.5    0.315084095212
7.52    0.314780385912
7.54    0.314479155476
7.56    0.314180379992
7.58    0.313884035785
7.6    0.313590099408
7.62    0.313298547645
7.64    0.31300935751
7.66    0.312722506243
7.68    0.31243797131
7.7    0.312155730401
7.72    0.311875761427
7.74    0.311598042522
7.76    0.311322552039
7.78    0.311049268546
7.8    0.310778542517
7.82    0.310510193029
7.84    0.31024397536
7.86    0.309979869188
7.88    0.309717854392
7.9    0.309457911053
7.92    0.309200019453
7.94    0.308944160074
7.96    0.308690313591
7.98    0.308438460877
8.0    0.308188582998
8.02    0.307940661211
8.04    0.307694676964
8.06    0.307450611894
8.08    0.307208447824
8.1    0.306968166763
8.12    0.306729750902
8.14    0.306493182617
8.16    0.30625844446
8.18    0.306025519166
8.2    0.305794389643
8.22    0.305565038979
8.24    0.305337450431
8.26    0.305111607432
8.28    0.304887493581
8.3    0.30466509265
8.32    0.304444388576
8.34    0.304225365462
8.36    0.304008007575
8.38    0.303792299345
8.4    0.303578225362
8.42    0.303365770373
8.44    0.303154919288
8.46    0.302945657169
8.48    0.302737969231
8.5    0.302531840848
8.52    0.302327257539
8.54    0.302124204976
8.56    0.301922668979
8.58    0.301722635515
8.6    0.301524090695
8.62    0.301327020775
8.64    0.301131412154
8.66    0.30093725137
8.68    0.300744525102
8.7    0.300553220165
8.72    0.300363323513
8.74    0.300174822233
8.76    0.299987703547
8.78    0.299801954809
8.8    0.299617563503
8.82    0.299434517245
8.84    0.299252803775
8.86    0.299072410964
8.88    0.298893326805
8.9    0.298715539417
8.92    0.298539037043
8.94    0.298363808045
8.96    0.298189840904
8.98    0.298017124225
9.0    0.297845646726
9.02    0.297675397243
9.04    0.297506364727
9.06    0.297338538242
9.08    0.297171906968
9.1    0.297006460191
9.12    0.296842187311
9.14    0.296679077835
9.16    0.296517121382
9.18    0.296356307671
9.2    0.296196626531
9.22    0.296038067895
9.24    0.295880621798
9.26    0.295724278378
9.28    0.295569027873
9.3    0.295414860621
9.32    0.295261767061
9.34    0.295109737726
9.36    0.294958763249
9.38    0.294808834356
9.4    0.294659941869
9.42    0.294512076704
9.44    0.294365229867
9.46    0.294219392459
9.48    0.294074555668
9.5    0.293930710773
9.52    0.293787849143
9.54    0.293645962231
9.56    0.293505041579
9.58    0.293365078816
9.6    0.293226065651
9.62    0.293087993881
9.64    0.292950855384
9.66    0.29281464212
9.68    0.292679346131
9.7    0.292544959537
9.72    0.29241147454
9.74    0.292278883417
9.76    0.292147178526
9.78    0.2920163523
9.8    0.291886397247
9.82    0.291757305951
9.84    0.29162907107
9.86    0.291501685334
9.88    0.291375141549
9.9    0.291249432589
9.92    0.291124551401
9.94    0.291000491002
9.96    0.290877244476
9.98    0.29075480498
10.0    0.290633165734
