0.05    0.000159846660785
0.07    0.000327967220863
0.09    0.000537364345165
0.1    0.000812910469342
0.12    0.00140088619058
0.14    0.00213921981396
0.16    0.00324237647259
0.18    0.00421224209011
0.2    0.00445143076881
0.22    0.00538354632426
0.24    0.00753363986726
0.26    0.00971406570014
0.28    0.0119579573792
0.3    0.0131080886525
0.32    0.0157057591973
0.34    0.0168464327211
0.36    0.020359950027
0.38    0.0191615322531
0.4    0.0219096626978
0.42    0.0251332295728
0.44    0.0323590981407
0.46    0.034453773051
0.48    0.0336670810008
0.5    0.0445467993864
0.52    0.0539106168595
0.54    0.0577395833003
0.56    0.0594037813852
0.58    0.061209306312
0.6    0.0670604394829
0.62    0.0707004406364
0.64    0.072640389806
0.66    0.0770056080313
0.68    0.083750769925
0.7    0.0894786127549
0.72    0.0922506313923
0.74    0.0938825847357
0.76    0.0966491012791
0.78    0.100765031056
0.8    0.103304754407
0.82    0.101470451517
0.84    0.0998211069902
0.86    0.0968914365139
0.88    0.0927665682486
0.9    0.089236671462
0.92    0.0854733557242
0.94    0.0797665396836
0.96    0.0814430446758
0.98    0.0836518050185
1.0    0.0848276377124
1.02    0.083448861226
1.04    0.0945527627847
1.06    0.102100180431
1.08    0.10453083371
1.1    0.102737331822
1.12    0.102358678776
1.14    0.107324583591
1.16    0.111828083441
1.18    0.121829371786
1.2    0.138850851302
1.22    0.155525084461
1.24    0.16944951312
1.26    0.179270449889
1.28    0.184743467001
1.3    0.186020888891
1.32    0.183412835695
1.34    0.177011227305
1.36    0.167266108689
1.38    0.155563132381
1.4    0.155597032909
1.42    0.154378219675
1.44    0.152263419844
1.46    0.149518970454
1.48    0.146468151385
1.5    0.143182772804
1.52    0.139852775715
1.54    0.136575130294
1.56    0.133316385754
1.58    0.129889438765
1.6    0.126017091691
1.62    0.124486141898
1.64    0.128895962801
1.66    0.133619495687
1.68    0.138380893138
1.7    0.142870352527
1.72    0.146957544239
1.74    0.150507346002
1.76    0.153482581174
1.78    0.156004284187
1.8    0.158085874398
1.82    0.159857210551
1.84    0.161470772391
1.86    0.163104192216
1.88    0.16775397619
1.9    0.172609527462
1.92    0.177151881279
1.94    0.181355428747
1.96    0.18511400531
1.98    0.188433921159
2.0    0.19638806465
2.02    0.214570186499
2.04    0.231827120597
2.06    0.247850891442
2.08    0.262427371649
2.1    0.275345996002
2.12    0.286407872478
2.14    0.295551100499
2.16    0.302733612943
2.18    0.307820715984
2.2    0.310979271414
2.22    0.312142353468
2.24    0.311424453696
2.26    0.308974956672
2.28    0.305001869828
2.3    0.309446453086
2.32    0.324457161933
2.34    0.33753744923
2.36    0.348494576926
2.38    0.357124692654
2.4    0.363377674946
2.42    0.367410091184
2.44    0.369465616423
2.46    0.36946042184
2.48    0.367377469396
2.5    0.363350919983
2.52    0.364190587882
2.54    0.36985703648
2.56    0.375290587394
2.58    0.382932044487
2.6    0.390279380159
2.62    0.397344595453
2.64    0.404151433272
2.66    0.410733193766
2.68    0.417129107065
2.7    0.423380765183
2.72    0.429530061953
2.74    0.435616889537
2.76    0.441674718558
2.78    0.447727084332
2.8    0.453789595155
2.82    0.459876172995
2.84    0.4660036799
2.86    0.472192555966
2.88    0.478465638469
2.9    0.484894707346
2.92    0.491445704668
2.94    0.498132475927
2.96    0.504969412988
2.98    0.511969139712
3.0    0.519141187911
3.02    0.526487719494
3.04    0.534001667124
3.06    0.541722418566
3.08    0.549590332557
3.1    0.557574754581
3.12    0.570261404344
3.14    0.597174337394
3.16    0.623970655561
3.18    0.650514329093
3.2    0.676710837014
3.22    0.702365438224
3.24    0.727359691257
3.26    0.751655401822
3.28    0.774965944697
3.3    0.797174916336
3.32    0.818046453873
3.34    0.837682568413
3.36    0.856081494305
3.38    0.873255717335
3.4    0.889299696372
3.42    0.904444495832
3.44    0.918866762474
3.46    0.933646070499
3.48    0.954717272467
3.5    0.974164385684
3.52    0.991935678213
3.54    1.00800646442
3.56    1.02237837202
3.58    1.03507589609
3.6    1.04613312525
3.62    1.0555746119
3.64    1.06338763982
3.66    1.069599039
3.68    1.07415155309
3.7    1.07704820725
3.72    1.07834915981
3.74    1.07811656968
3.76    1.07639444986
3.78    1.0732975827
3.8    1.06879111446
3.82    1.06291169785
3.84    1.05573518225
3.86    1.04733191842
3.88    1.03777914024
3.9    1.02719334788
3.92    1.01567297877
3.94    1.00331747054
3.96    0.990169876217
3.98    0.976184398054
4.0    0.961395877023
4.02    0.945834431231
4.04    0.929537552898
4.06    0.913493708527
4.08    0.901707719064
4.1    0.889336667749
4.12    0.876358495135
4.14    0.862848339767
4.16    0.848977985626
4.18    0.834757361741
4.2    0.820366102015
4.22    0.805808981086
4.24    0.791139514608
4.26    0.776405524613
4.28    0.761638930295
4.3    0.746824232526
4.32    0.732029398803
4.34    0.717209249357
4.36    0.702446523406
4.38    0.687713407057
4.4    0.67306648891
4.42    0.65858044516
4.44    0.644305678326
4.46    0.631406945747
4.48    0.620704297537
4.5    0.610173013439
4.52    0.601423822837
4.54    0.593941425559
4.56    0.586389450893
4.58    0.578791716841
4.6    0.571190809684
4.62    0.563577052195
4.64    0.555968513435
4.66    0.548383506875
4.68    0.540840712187
4.7    0.533380591085
4.72    0.525994970146
4.74    0.518693257642
4.76    0.51148363756
4.78    0.504381344062
4.8    0.497409998082
4.82    0.490550208012
4.84    0.483809515834
4.86    0.477230910228
4.88    0.470779222316
4.9    0.464472138451
4.92    0.458322097834
4.94    0.452312045308
4.96    0.446468089281
4.98    0.440773534863
5.0    0.43523597256
5.02    0.429868670125
5.04    0.424646999321
5.06    0.419597316761
5.08    0.414712220202
5.1    0.409978328672
5.12    0.405396955353
5.14    0.400995209812
5.16    0.396746299038
5.18    0.392647600964
5.2    0.388697980813
5.22    0.384895779665
5.24    0.381250637255
5.26    0.377755234712
5.28    0.374398342769
5.3    0.371176828099
5.32    0.368087260756
5.34    0.365125954537
5.36    0.362289005059
5.38    0.359572325497
5.4    0.35697318765
5.42    0.354496455168
5.44    0.352126448124
5.46    0.349858732501
5.48    0.347688831474
5.5    0.345612248604
5.52    0.343624489121
5.54    0.341721079341
5.56    0.339897584324
5.58    0.338149623816
5.6    0.336472886597
5.62    0.334863143271
5.64    0.333316257598
5.66    0.331833685942
5.68    0.330410453191
5.7    0.329038312714
5.72    0.327713601425
5.74    0.326432784321
5.76    0.32519245888
5.78    0.32398935856
5.8    0.322820355391
5.82    0.321682461784
5.84    0.320572831591
5.86    0.319488760479
5.88    0.318427685687
5.9    0.317387185218
5.92    0.316364976511
5.94    0.315369231827
5.96    0.31438792437
5.98    0.313418884129
6.0    0.312460357745
6.02    0.311510718169
6.04    0.310568461326
6.06    0.309632202563
6.08    0.308700672896
6.1    0.307772715112
6.12    0.306847279756
6.14    0.305923420986
6.16    0.305000292401
6.18    0.304077142778
6.2    0.303154928952
6.22    0.302240221539
6.24    0.301323668025
6.26    0.30040484766
6.28    0.299483413806
6.3    0.298559089797
6.32    0.297631664854
6.34    0.296700990065
6.36    0.295766974464
6.38    0.294829581166
6.4    0.293888823626
6.42    0.292944761979
6.44    0.291997499504
6.46    0.291047179179
6.48    0.290093980364
6.5    0.289138115593
6.52    0.288181022166
6.54    0.287228885566
6.56    0.286274706796
6.58    0.285318799423
6.6    0.284361496308
6.62    0.283403147139
6.64    0.282444116053
6.66    0.281484779395
6.68    0.280525523581
6.7    0.279566743096
6.72    0.27860883857
6.74    0.277652215016
6.76    0.276697280115
6.78    0.275744442663
6.8    0.274794111091
6.82    0.273846692079
6.84    0.272902589289
6.86    0.271962202186
6.88    0.271025924931
6.9    0.270094145383
6.92    0.26916724418
6.94    0.268245593889
6.96    0.267329558252
6.98    0.266419491493
7.0    0.265515737694
7.02    0.264621636699
7.04    0.263735469563
7.06    0.26285642426
7.08    0.261984802754
7.1    0.261120894819
7.12    0.26026497776
7.14    0.259417316199
7.16    0.258578161914
7.18    0.257747753697
7.2    0.256926317283
7.22    0.256114065298
7.24    0.255501101857
7.26    0.255226214018
7.28    0.254952393547
7.3    0.254679501953
7.32    0.254407409437
7.34    0.254135994579
7.36    0.253865144039
7.38    0.253594752261
7.4    0.253324721181
7.42    0.253054959941
7.44    0.252785384618
7.46    0.252515917944
7.48    0.252246489043
7.5    0.251977033179
7.52    0.251707491495
7.54    0.251437810768
7.56    0.251167943172
7.58    0.250897846044
7.6    0.250627481656
7.62    0.250356816991
7.64    0.250085823531
7.66    0.249814477047
7.68    0.249542757399
7.7    0.24927064833
7.72    0.248998137286
7.74    0.248725215224
7.76    0.248451876433
7.78    0.24817811836
7.8    0.247903941445
7.82    0.247629348953
7.84    0.247354346816
7.86    0.247078943489
7.88    0.246803149789
7.9    0.246526978766
7.92    0.246250445554
7.94    0.24597356725
7.96    0.245696362777
7.98    0.245418852763
8.0    0.245142453043
8.02    0.244866372056
8.04    0.244590035117
8.06    0.244313468257
8.08    0.244036698691
8.1    0.243759754708
8.12    0.243482665589
8.14    0.243205461506
8.16    0.242928173443
8.18    0.242650833107
8.2    0.242373472851
8.22    0.242096125598
8.24    0.241818824768
8.26    0.241541604206
8.28    0.241264498116
8.3    0.240987541001
8.32    0.240710767596
8.34    0.240434212816
8.36    0.2401579117
8.38    0.239881899351
8.4    0.239606210899
8.42    0.239330881439
8.44    0.239055946002
8.46    0.238781439499
8.48    0.238507396685
8.5    0.238233852127
8.52    0.237960840159
8.54    0.237688394852
8.56    0.23741654998
8.58    0.237145338997
8.6    0.236874794998
8.62    0.236604950702
8.64    0.23633583842
8.66    0.236067490038
8.68    0.235799936989
8.7    0.235533210239
8.72    0.235267340267
8.74    0.235002357042
8.76    0.234738290017
8.78    0.234475168106
8.8    0.234213019676
8.82    0.233951872533
8.84    0.23369175391
8.86    0.233432690458
8.88    0.233174708238
8.9    0.232917832715
8.92    0.232662088746
8.94    0.232407680533
8.96    0.232155271143
8.98    0.23190404507
9.0    0.231654024941
9.02    0.231405232763
9.04    0.231157689918
9.06    0.230911417158
9.08    0.230666434609
9.1    0.230422761767
9.12    0.230180417501
9.14    0.229939420052
9.16    0.229699787039
9.18    0.229461535453
9.2    0.22922468167
9.22    0.228989241445
9.24    0.228755229922
9.26    0.228522661632
9.28    0.228291550505
9.3    0.228061909865
9.32    0.227833752445
9.34    0.227607090386
9.36    0.227381935244
9.38    0.227158297995
9.4    0.226936189046
9.42    0.226715618234
9.44    0.22649659484
9.46    0.22627912759
9.48    0.226063224666
9.5    0.225848893711
9.52    0.225636141836
9.54    0.225424975633
9.56    0.225215401173
9.58    0.225007424025
9.6    0.224801049253
9.62    0.224596281431
9.64    0.224393124651
9.66    0.224191582529
9.68    0.223991658211
9.7    0.223793354387
9.72    0.223596673296
9.74    0.223401616734
9.76    0.223208186063
9.78    0.223016382222
9.8    0.222826205729
9.82    0.222637656697
9.84    0.222450734838
9.86    0.222265439471
9.88    0.222081769533
9.9    0.221899723586
9.92    0.221719299828
9.94    0.221540496092
9.96    0.221363309869
9.98    0.221187738303
10.0    0.221013778207
