0.05    0.000212473266297
0.07    0.000421397969179
0.09    0.000702491060956
0.1    0.000924907719344
0.12    0.00154788713449
0.14    0.00217176349719
0.16    0.00323812654142
0.18    0.00489036553404
0.2    0.00514171581629
0.22    0.00612633972585
0.24    0.00725423895412
0.26    0.0111562494297
0.28    0.0133154691746
0.3    0.0148321461311
0.32    0.0200264112757
0.34    0.0264595055632
0.36    0.0320855499862
0.38    0.0383518847263
0.4    0.042156382257
0.42    0.0402493250992
0.44    0.0363536087831
0.46    0.0400466436809
0.48    0.0395754594012
0.5    0.0411033101246
0.52    0.0500260926138
0.54    0.0569901899773
0.56    0.062304829721
0.58    0.066509728851
0.6    0.0697131285415
0.62    0.071702764515
0.64    0.0723174598489
0.66    0.0719952057199
0.68    0.0708855095784
0.7    0.0689803575041
0.72    0.0678404688034
0.74    0.068425812871
0.76    0.0702527278022
0.78    0.071819602044
0.8    0.0723894998416
0.82    0.0723572450069
0.84    0.0776534132259
0.86    0.0825542668727
0.88    0.0871493588291
0.9    0.0914398158187
0.92    0.0954926417735
0.94    0.0993262419693
0.96    0.102869029777
0.98    0.105784962847
1.0    0.10793247104
1.02    0.109295435853
1.04    0.109928528056
1.06    0.109899790714
1.08    0.109274307253
1.1    0.108131358371
1.12    0.10658144227
1.14    0.104762905625
1.16    0.102820960896
1.18    0.100882715849
1.2    0.0990401977017
1.22    0.0996371012379
1.24    0.101163339713
1.26    0.102712241378
1.28    0.104243535916
1.3    0.105864969942
1.32    0.107571178662
1.34    0.109368891464
1.36    0.111290897871
1.38    0.113419621856
1.4    0.115697274293
1.42    0.118091207812
1.44    0.120568907303
1.46    0.123121718137
1.48    0.126251676887
1.5    0.131403845968
1.52    0.132979662902
1.54    0.133460972158
1.56    0.136051149462
1.58    0.138624546143
1.6    0.141200948486
1.62    0.143801539966
1.64    0.146508298187
1.66    0.149292620762
1.68    0.152499317185
1.7    0.156809770442
1.72    0.161090785505
1.74    0.165336010851
1.76    0.169534430727
1.78    0.173672860141
1.8    0.177736652478
1.82    0.182929204836
1.84    0.191130158759
1.86    0.199871898064
1.88    0.20884102949
1.9    0.217962474619
1.92    0.231516236007
1.94    0.244371533974
1.96    0.256612480161
1.98    0.268210202186
2.0    0.279060662946
2.02    0.289029059292
2.04    0.298091191903
2.06    0.306205867977
2.08    0.31353663308
2.1    0.320053579248
2.12    0.325817455151
2.14    0.330823311539
2.16    0.334850752932
2.18    0.33781282309
2.2    0.339775753975
2.22    0.340805172369
2.24    0.34101469568
2.26    0.340499340648
2.28    0.339120830518
2.3    0.336809583345
2.32    0.333421451667
2.34    0.329030069788
2.36    0.323663948768
2.38    0.317445272413
2.4    0.310475539213
2.42    0.302858998015
2.44    0.294745402741
2.46    0.286245207267
2.48    0.277496009289
2.5    0.268587648508
2.52    0.259647872133
2.54    0.250789692587
2.56    0.247194855436
2.58    0.249266648444
2.6    0.252671710917
2.62    0.255302922885
2.64    0.257273737138
2.66    0.258739650677
2.68    0.259823911649
2.7    0.260705046072
2.72    0.26151669021
2.74    0.262449549758
2.76    0.2636381281
2.78    0.265249003745
2.8    0.267434062202
2.82    0.270307452033
2.84    0.274020451408
2.86    0.278652078362
2.88    0.284307400791
2.9    0.290994579061
2.92    0.298789276073
2.94    0.307626454049
2.96    0.317516979607
2.98    0.32835534579
3.0    0.340099821393
3.02    0.352641413454
3.04    0.365862610159
3.06    0.379646251243
3.08    0.393879898041
3.1    0.408459312431
3.12    0.423211222655
3.14    0.438095573267
3.16    0.452940108251
3.18    0.467651272785
3.2    0.482125548821
3.22    0.496258429197
3.24    0.50994815643
3.26    0.523106409249
3.28    0.535659748464
3.3    0.547556152078
3.32    0.558810909355
3.34    0.569557290504
3.36    0.57995695153
3.38    0.590124904636
3.4    0.600098874314
3.42    0.609914532385
3.44    0.619479220858
3.46    0.628755619662
3.48    0.63773454293
3.5    0.646213691634
3.52    0.65609839547
3.54    0.667081603526
3.56    0.677166528874
3.58    0.686341241856
3.6    0.694485309757
3.62    0.701482108697
3.64    0.707270396701
3.66    0.711776196056
3.68    0.714941759592
3.7    0.716744122856
3.72    0.717182371322
3.74    0.716324816009
3.76    0.714237321599
3.78    0.710993561245
3.8    0.706689603791
3.82    0.701412288029
3.84    0.695222489837
3.86    0.688199007272
3.88    0.68043731539
3.9    0.67205632033
3.92    0.664149530965
3.94    0.659952561175
3.96    0.655183384072
3.98    0.649852689431
4.0    0.643929468527
4.02    0.637523008868
4.04    0.630569484951
4.06    0.623155652863
4.08    0.615290345922
4.1    0.606983716794
4.12    0.598283729789
4.14    0.589266292283
4.16    0.57992863663
4.18    0.57031388235
4.2    0.560463021295
4.22    0.550415280645
4.24    0.540208144348
4.26    0.529889204324
4.28    0.519468376209
4.3    0.508973647717
4.32    0.4984315266
4.34    0.487882911997
4.36    0.481753708812
4.38    0.476857833707
4.4    0.471860320617
4.42    0.466767419336
4.44    0.461584400497
4.46    0.456315837177
4.48    0.450965650998
4.5    0.445536472045
4.52    0.440078440669
4.54    0.43457213056
4.56    0.429019082006
4.58    0.423477711669
4.6    0.417898321436
4.62    0.412357460565
4.64    0.40681110129
4.66    0.40130108904
4.68    0.395838281712
4.7    0.390397419427
4.72    0.385047130303
4.74    0.379754423096
4.76    0.374518005605
4.78    0.369377958411
4.8    0.364336485236
4.82    0.359376360056
4.84    0.354505327603
4.86    0.349744382218
4.88    0.345108959706
4.9    0.340577100028
4.92    0.336153141062
4.94    0.331840646244
4.96    0.327642456072
4.98    0.32356955258
5.0    0.319629148998
5.02    0.315805673408
5.04    0.312099718619
5.06    0.308511385638
5.08    0.305040326641
5.1    0.301685786115
5.12    0.298446640196
5.14    0.295321434137
5.16    0.292308417903
5.18    0.28940557984
5.2    0.286610678509
5.22    0.283923034933
5.24    0.281344295391
5.26    0.278864972888
5.28    0.276482262443
5.3    0.274193255548
5.32    0.271994961525
5.34    0.269884327245
5.36    0.267858255312
5.38    0.265913620739
5.4    0.264047286201
5.42    0.26225611593
5.44    0.260536988286
5.46    0.258886807118
5.48    0.257302511937
5.5    0.255781086995
5.52    0.254319569323
5.54    0.252915055778
5.56    0.251564709198
5.58    0.250265763678
5.6    0.249015529066
5.62    0.247811394712
5.64    0.246650832526
5.66    0.245531399415
5.68    0.244450739123
5.7    0.243406583553
5.72    0.242396753576
5.74    0.241419159424
5.76    0.240471800646
5.78    0.239552765734
5.8    0.238660231388
5.82    0.23779246151
5.84    0.236947805926
5.86    0.236124698884
5.88    0.235321657347
5.9    0.234537279111
5.92    0.233770240772
5.94    0.233019295573
5.96    0.232283271136
5.98    0.231561067109
6.0    0.230851652754
6.02    0.230154064472
6.04    0.229467403296
6.06    0.228790832367
6.08    0.22812357439
6.1    0.227467976748
6.12    0.226821234497
6.14    0.226181808784
6.16    0.225549131438
6.18    0.224922681422
6.2    0.224301982445
6.22    0.223686600638
6.24    0.223076142265
6.26    0.222470251492
6.28    0.221868608215
6.3    0.221270925958
6.32    0.220676949822
6.34    0.220086454506
6.36    0.219499242404
6.38    0.218915141749
6.4    0.218334004855
6.42    0.217755706403
6.44    0.217180141813
6.46    0.216607225678
6.48    0.21603689027
6.5    0.215469084113
6.52    0.214903770624
6.54    0.214340926823
6.56    0.213780542096
6.58    0.213222617046
6.6    0.212667162374
6.62    0.212114197849
6.64    0.211563751321
6.66    0.211015857796
6.68    0.210470558566
6.7    0.20992790039
6.72    0.209387934729
6.74    0.208850717036
6.76    0.208316306078
6.78    0.207784763322
6.8    0.207256152357
6.82    0.20673053835
6.84    0.206207987559
6.86    0.205688566876
6.88    0.205172343401
6.9    0.204659384059
6.92    0.204149755251
6.94    0.203643522529
6.96    0.203140750307
6.98    0.202641501601
7.0    0.202145837784
7.02    0.20165381839
7.04    0.201165556132
7.06    0.200683000337
7.08    0.200204200671
7.1    0.199729208525
7.12    0.199258072742
7.14    0.198790839527
7.16    0.198327552374
7.18    0.197868252002
7.2    0.19741297631
7.22    0.196961760348
7.24    0.196514636289
7.26    0.196071633428
7.28    0.19563277817
7.3    0.195198094057
7.32    0.194767601767
7.34    0.194341319154
7.36    0.193919261278
7.38    0.193501440439
7.4    0.19308786623
7.42    0.192678545584
7.44    0.192273482832
7.46    0.191872679758
7.48    0.191476135665
7.5    0.191083847444
7.52    0.190695809636
7.54    0.190312014511
7.56    0.189932452134
7.58    0.189557110446
7.6    0.189185975337
7.62    0.188819030725
7.64    0.188456258625
7.66    0.188097639242
7.68    0.187743151036
7.7    0.187392770806
7.72    0.187046473767
7.74    0.186704233625
7.76    0.186366022657
7.78    0.186031811782
7.8    0.185701570642
7.82    0.185375267669
7.84    0.18505287016
7.86    0.184734344353
7.88    0.184419655487
7.9    0.184108767879
7.92    0.183801644984
7.94    0.183498249466
7.96    0.18319854326
7.98    0.182912109575
8.0    0.182660923457
8.02    0.182411629545
8.04    0.18216422657
8.06    0.181919425483
8.08    0.181676695798
8.1    0.181435835397
8.12    0.181196841652
8.14    0.180959711529
8.16    0.180724441596
8.18    0.180491028019
8.2    0.18025946657
8.22    0.18002975263
8.24    0.179801881195
8.26    0.179575846882
8.28    0.179351643933
8.3    0.179129266227
8.32    0.178908707281
8.34    0.178689960263
8.36    0.178473018001
8.38    0.178257872986
8.4    0.178044517386
8.42    0.177832943052
8.44    0.177623141531
8.46    0.177415104072
8.48    0.177208821637
8.5    0.177004284913
8.52    0.176801484319
8.54    0.176600410016
8.56    0.17640105192
8.58    0.17620339971
8.6    0.176007442836
8.62    0.175813170536
8.64    0.175620571838
8.66    0.175429635574
8.68    0.17524035039
8.7    0.175052704756
8.72    0.174866686972
8.74    0.174682285184
8.76    0.174499487386
8.78    0.174318281438
8.8    0.174138655066
8.82    0.173960595879
8.84    0.173784091373
8.86    0.173609128938
8.88    0.173435695875
8.9    0.173263779395
8.92    0.173093366633
8.94    0.172924444654
8.96    0.172757000459
8.98    0.172591020998
9.0    0.17242649317
9.02    0.172263403837
9.04    0.172101739828
9.06    0.171941487944
9.08    0.17178263497
9.1    0.171625167673
9.12    0.17146907282
9.14    0.171314337172
9.16    0.171160947497
9.18    0.171008890575
9.2    0.170858153201
9.22    0.170708722193
9.24    0.170560584394
9.26    0.17041372668
9.28    0.170268135963
9.3    0.170123799196
9.32    0.169980703377
9.34    0.169838835556
9.36    0.169698182831
9.38    0.169558732364
9.4    0.169420471372
9.42    0.169283387141
9.44    0.169147467024
9.46    0.169012698444
9.48    0.168879068897
9.5    0.16874656596
9.52    0.168615177286
9.54    0.168484890614
9.56    0.168355693765
9.58    0.168227574649
9.6    0.168100521262
9.62    0.167974521698
9.64    0.167849564138
9.66    0.167725636864
9.68    0.167602728249
9.7    0.16748082677
9.72    0.167359921
9.74    0.167239999616
9.76    0.167121051397
9.78    0.167003065225
9.8    0.166886030088
9.82    0.166769935079
9.84    0.166654769399
9.86    0.166540522355
9.88    0.166427183362
9.9    0.166314741945
9.92    0.166203187738
9.94    0.166092510484
9.96    0.165982700038
9.98    0.165873746362
10.0    0.165765639531
