0.05    0.000234028497401
0.07    0.000461152683743
0.09    0.000863514304118
0.1    0.00103808501033
0.12    0.00193614723111
0.14    0.00298513401055
0.16    0.00357991339005
0.18    0.00477291947358
0.2    0.00609014470474
0.22    0.00818496830195
0.24    0.0110030715713
0.26    0.0189109731979
0.28    0.0254614938952
0.3    0.0277686703
0.32    0.0258778894424
0.34    0.0326864028917
0.36    0.0417127100452
0.38    0.0465469074713
0.4    0.047283929857
0.42    0.0416289716152
0.44    0.0375718819674
0.46    0.0409020923213
0.48    0.0410907154586
0.5    0.0427836258656
0.52    0.0506202523149
0.54    0.053896801617
0.56    0.0545654607611
0.58    0.0551590157906
0.6    0.0572003815906
0.62    0.0614378476539
0.64    0.0672748388178
0.66    0.0730954943136
0.68    0.0777798560989
0.7    0.0800913147079
0.72    0.0804712021422
0.74    0.0806953085385
0.76    0.0824166900113
0.78    0.085507449364
0.8    0.0891551051076
0.82    0.0930905745223
0.84    0.0975092992299
0.86    0.102530998389
0.88    0.108059634077
0.9    0.113913646462
0.92    0.120110758002
0.94    0.126292342581
0.96    0.132510686386
0.98    0.139868546483
1.0    0.146190353927
1.02    0.151889643295
1.04    0.157801171456
1.06    0.162029035966
1.08    0.171201296013
1.1    0.180274334943
1.12    0.189175023704
1.14    0.198111064443
1.16    0.207325932987
1.18    0.216859055663
1.2    0.22675019021
1.22    0.236749880993
1.24    0.246510753923
1.26    0.255879012963
1.28    0.264541312327
1.3    0.272363999165
1.32    0.279461914022
1.34    0.285579856857
1.36    0.290692160924
1.38    0.29476869629
1.4    0.297836453494
1.42    0.299844618135
1.44    0.300675988294
1.46    0.300295372116
1.48    0.30272676612
1.5    0.308093977282
1.52    0.312945891594
1.54    0.317249396262
1.56    0.321003554431
1.58    0.324240565955
1.6    0.327016126786
1.62    0.329360856772
1.64    0.331327322418
1.66    0.332968744551
1.68    0.334335837787
1.7    0.33554801944
1.72    0.336688141323
1.74    0.337686193693
1.76    0.338602234165
1.78    0.339573106649
1.8    0.340423750423
1.82    0.34124212991
1.84    0.342032093047
1.86    0.342643794186
1.88    0.343222226267
1.9    0.344557233038
1.92    0.347562264785
1.94    0.349845800769
1.96    0.351527351352
1.98    0.352730960632
2.0    0.35369100409
2.02    0.354185010815
2.04    0.355635316948
2.06    0.358156306643
2.08    0.360273650785
2.1    0.361893411694
2.12    0.362988560912
2.14    0.363496666148
2.16    0.363442188912
2.18    0.36291556374
2.2    0.361887431242
2.22    0.360381749993
2.24    0.358446435323
2.26    0.356134207575
2.28    0.353510187873
2.3    0.350690596457
2.32    0.347655817256
2.34    0.34447700798
2.36    0.3412536911
2.38    0.337933466898
2.4    0.334633708531
2.42    0.331277049331
2.44    0.327892082012
2.46    0.324532861752
2.48    0.321153449515
2.5    0.317765212406
2.52    0.314375346454
2.54    0.310987188778
2.56    0.307602259229
2.58    0.304221654274
2.6    0.300845481807
2.62    0.297472215169
2.64    0.294099692902
2.66    0.290745949924
2.68    0.287436207611
2.7    0.28412930273
2.72    0.28082495587
2.74    0.277577762344
2.76    0.274352535329
2.78    0.271132204286
2.8    0.267963768222
2.82    0.264829169839
2.84    0.261712567744
2.86    0.25863005377
2.88    0.255614167623
2.9    0.252640032764
2.92    0.249720042791
2.94    0.24687007886
2.96    0.244130770397
2.98    0.241489925564
3.0    0.238962424233
3.02    0.236505786831
3.04    0.234127241123
3.06    0.231783999331
3.08    0.230283141731
3.1    0.230773916353
3.12    0.23125642509
3.14    0.231720724271
3.16    0.232165400613
3.18    0.232588887795
3.2    0.233006961032
3.22    0.233449883526
3.24    0.233865355491
3.26    0.234251557799
3.28    0.234606656983
3.3    0.234928827871
3.32    0.235217566431
3.34    0.235531010705
3.36    0.235805499577
3.38    0.236039436736
3.4    0.236231312515
3.42    0.2363797152
3.44    0.236483340682
3.46    0.236550819198
3.48    0.236619246082
3.5    0.236638916935
3.52    0.236609015199
3.54    0.236528856619
3.56    0.236397891025
3.58    0.236215703057
3.6    0.235982011911
3.62    0.235736080955
3.64    0.235451065459
3.66    0.235113614937
3.68    0.234723953588
3.7    0.234282427516
3.72    0.233789500506
3.74    0.233245749355
3.76    0.232651858832
3.78    0.232809150309
3.8    0.234905642039
3.82    0.23631941768
3.84    0.237063099131
3.86    0.237172868705
3.88    0.238087933534
3.9    0.241159619506
3.92    0.243832418318
3.94    0.246069861682
3.96    0.247848134762
3.98    0.249149206168
4.0    0.249982535806
4.02    0.250374396211
4.04    0.250373147468
4.06    0.250066274873
4.08    0.249560361114
4.1    0.248978703512
4.12    0.248375866299
4.14    0.247657291219
4.16    0.24670959788
4.18    0.245495874187
4.2    0.243997098931
4.22    0.242188740284
4.24    0.240092460469
4.26    0.237699695519
4.28    0.235059679812
4.3    0.232163821556
4.32    0.229049624985
4.34    0.225744244289
4.36    0.222255992132
4.38    0.22063042086
4.4    0.220590437756
4.42    0.220533398853
4.44    0.220459561329
4.46    0.220369199074
4.48    0.220262601339
4.5    0.220140071447
4.52    0.220001925533
4.54    0.219848491334
4.56    0.219680107025
4.58    0.2194971201
4.6    0.219299886292
4.62    0.219088768547
4.64    0.218864136034
4.66    0.218626363205
4.68    0.218375828896
4.7    0.218112915473
4.72    0.217848193397
4.74    0.217574319994
4.76    0.217288988707
4.78    0.216992588434
4.8    0.216685508163
4.82    0.216368136351
4.84    0.216040860333
4.86    0.215704065776
4.88    0.215358136159
4.9    0.215003452293
4.92    0.214640391873
4.94    0.214269329057
4.96    0.213890634078
4.98    0.213504672891
5.0    0.213111806838
5.02    0.212712392346
5.04    0.212306780651
5.06    0.211895317546
5.08    0.211478343151
5.1    0.21105619171
5.12    0.210629191405
5.14    0.21019766419
5.16    0.209763234609
5.18    0.209331567618
5.2    0.208896098077
5.22    0.208457124694
5.24    0.208014939458
5.26    0.20756982757
5.28    0.207122067398
5.3    0.206671930434
5.32    0.206219681278
5.34    0.205765577618
5.36    0.205309870234
5.38    0.204852803007
5.4    0.204394612938
5.42    0.20393553018
5.44    0.20347577807
5.46    0.203015573183
5.48    0.202555125375
5.5    0.202094637851
5.52    0.20163430723
5.54    0.201174323613
5.56    0.200714870664
5.58    0.200256125691
5.6    0.199798259735
5.62    0.199341437657
5.64    0.198885818233
5.66    0.198431554257
5.68    0.197978792632
5.7    0.197527674481
5.72    0.197078335249
5.74    0.19663090481
5.76    0.196185507575
5.78    0.195742262603
5.8    0.195301283713
5.82    0.194862679594
5.84    0.19442655392
5.86    0.193993005459
5.88    0.193562128189
5.9    0.193134011414
5.92    0.19270873987
5.94    0.192286393843
5.96    0.191867049282
5.98    0.191450777905
6.0    0.191037647318
6.02    0.190627721118
6.04    0.190221762906
6.06    0.189820479465
6.08    0.18942248835
6.1    0.189027840402
6.12    0.188636582951
6.14    0.188248759917
6.16    0.187864411917
6.18    0.187483576359
6.2    0.187106287545
6.22    0.186732576765
6.24    0.186362472399
6.26    0.185996000004
6.28    0.18563318241
6.3    0.185274039813
6.32    0.18491858986
6.34    0.184566847736
6.36    0.184218826257
6.38    0.183874535945
6.4    0.183533985115
6.42    0.183197179954
6.44    0.182864124601
6.46    0.182534821224
6.48    0.182209270091
6.5    0.181887469649
6.52    0.181569416594
6.54    0.181255105938
6.56    0.180944531081
6.58    0.180637683876
6.6    0.180334554693
6.62    0.180035132484
6.64    0.179739404843
6.66    0.179447358068
6.68    0.179158977214
6.7    0.178874246159
6.72    0.178593147647
6.74    0.178315663355
6.76    0.178041773933
6.78    0.177771459063
6.8    0.177504697503
6.82    0.177241467137
6.84    0.176981745021
6.86    0.176725507427
6.88    0.176472729889
6.9    0.176223387241
6.92    0.17597745366
6.94    0.175734902707
6.96    0.175495707361
6.98    0.175259840064
7.0    0.175027272744
7.02    0.174797976865
7.04    0.174571923446
7.06    0.174349083105
7.08    0.174129426081
7.1    0.173912922272
7.12    0.173699541257
7.14    0.17348925233
7.16    0.173282024525
7.18    0.173077826639
7.2    0.172876627262
7.22    0.172678394798
7.24    0.17248309749
7.26    0.172290703442
7.28    0.172101180638
7.3    0.171914496969
7.32    0.171730620246
7.34    0.171549518223
7.36    0.171371158616
7.38    0.171195509116
7.4    0.171022537412
7.42    0.170852211203
7.44    0.170684498216
7.46    0.170519366218
7.48    0.170356783031
7.5    0.170196716551
7.52    0.170039134752
7.54    0.169884005704
7.56    0.169731297585
7.58    0.16958097869
7.6    0.169433017441
7.62    0.169287382403
7.64    0.169144042286
7.66    0.169002965958
7.68    0.168864122456
7.7    0.168727480989
7.72    0.168593010952
7.74    0.168460681927
7.76    0.168330463696
7.78    0.168202326242
7.8    0.16807623976
7.82    0.167952174661
7.84    0.167830101576
7.86    0.167709991365
7.88    0.167591815117
7.9    0.167475544158
7.92    0.167361150055
7.94    0.167248604617
7.96    0.167137879903
7.98    0.167028948221
8.0    0.166921782136
8.02    0.166816354465
8.04    0.166712638288
8.06    0.166610606947
8.08    0.166510234047
8.1    0.166411493457
8.12    0.166314359315
8.14    0.166218806029
8.16    0.166124808273
8.18    0.166032340997
8.2    0.165941379419
8.22    0.165851899032
8.24    0.165763875601
8.26    0.165677285166
8.28    0.165592104038
8.3    0.165508308804
8.32    0.165425876325
8.34    0.165344783735
8.36    0.165265008442
8.38    0.165186528125
8.4    0.165109320738
8.42    0.165033364504
8.44    0.164958637918
8.46    0.164885119745
8.48    0.164812789019
8.5    0.164741625043
8.52    0.164671607385
8.54    0.164602715879
8.56    0.164534930623
8.58    0.16446823198
8.6    0.164402600571
8.62    0.164338017279
8.64    0.164274463246
8.66    0.164211919869
8.68    0.164150368799
8.7    0.164089791943
8.72    0.164030171458
8.74    0.16397148975
8.76    0.163913729474
8.78    0.163856873528
8.8    0.163800905057
8.82    0.163745807446
8.84    0.163691564321
8.86    0.163638159542
8.88    0.163585577209
8.9    0.163533801653
8.92    0.163482817436
8.94    0.163432609351
8.96    0.163383162417
8.98    0.163334461876
9.0    0.163286493194
9.02    0.163239242058
9.04    0.163192694373
9.06    0.163146836256
9.08    0.163101654043
9.1    0.163057134278
9.12    0.163013263714
9.14    0.162970029312
9.16    0.162927418236
9.18    0.162885417854
9.2    0.162844015731
9.22    0.162803199632
9.24    0.162762957517
9.26    0.162723277538
9.28    0.162684148038
9.3    0.162645557548
9.32    0.162607494787
9.34    0.162569948657
9.36    0.16253290824
9.38    0.1624963628
9.4    0.162460301777
9.42    0.162424714785
9.44    0.162389591614
9.46    0.162354922221
9.48    0.162320696733
9.5    0.162286905444
9.52    0.16225353881
9.54    0.16222058745
9.56    0.162188042145
9.58    0.162155893829
9.6    0.162124133595
9.62    0.162092752689
9.64    0.162061742508
9.66    0.162031094598
9.68    0.162000800651
9.7    0.161970852508
9.72    0.16194124215
9.74    0.1619119617
9.76    0.16188300342
9.78    0.161854359711
9.8    0.161826023108
9.82    0.161797986279
9.84    0.161770242024
9.86    0.161742783273
9.88    0.161715603083
9.9    0.161688694639
9.92    0.161662051246
9.94    0.161635666336
9.96    0.161609533458
9.98    0.161583646282
10.0    0.161557998592
