0.05    0.000192770448944
0.07    0.00040222660707
0.09    0.000734309510995
0.1    0.000808728089544
0.12    0.00144438263368
0.14    0.00201677030233
0.16    0.00241850620999
0.18    0.00352039224742
0.2    0.00500722730909
0.22    0.00667240131802
0.24    0.00978197004821
0.26    0.0138449024933
0.28    0.0151688195703
0.3    0.014470851559
0.32    0.0148511210678
0.34    0.0171295212975
0.36    0.0190114385906
0.38    0.0216724274599
0.4    0.0246442291818
0.42    0.0306586888844
0.44    0.0305009907458
0.46    0.0289645803242
0.48    0.028174900325
0.5    0.024374279872
0.52    0.028296242114
0.54    0.0332285121711
0.56    0.040208954229
0.58    0.0483989964469
0.6    0.0510613793393
0.62    0.0533289530576
0.64    0.0565715128231
0.66    0.0583605198773
0.68    0.0592602936114
0.7    0.0663645494341
0.72    0.0758787768676
0.74    0.0841730892688
0.76    0.0935523739402
0.78    0.100066221389
0.8    0.102988933621
0.82    0.101944709687
0.84    0.0968781177218
0.86    0.0883100852683
0.88    0.0893669678762
0.9    0.0913769298664
0.92    0.092086289809
0.94    0.0913612019886
0.96    0.0891607934877
0.98    0.0857916970995
1.0    0.09861429221
1.02    0.109093126735
1.04    0.116504073971
1.06    0.120736670805
1.08    0.122179093272
1.1    0.129713349518
1.12    0.13864361938
1.14    0.143892500966
1.16    0.147004246257
1.18    0.150975368835
1.2    0.154445726941
1.22    0.159441752806
1.24    0.17290196063
1.26    0.193001891534
1.28    0.215457401394
1.3    0.238613604569
1.32    0.261013542978
1.34    0.281581271452
1.36    0.299262420185
1.38    0.313513512207
1.4    0.323741153391
1.42    0.3294445599
1.44    0.33040041757
1.46    0.326653326667
1.48    0.318344890414
1.5    0.306084181591
1.52    0.291308335548
1.54    0.287706628767
1.56    0.289609321477
1.58    0.289686960982
1.6    0.288003265677
1.62    0.28462638249
1.64    0.279611828312
1.66    0.273017231143
1.68    0.264947434949
1.7    0.255624809295
1.72    0.245407871785
1.74    0.234435477919
1.76    0.22303999396
1.78    0.211432509809
1.8    0.201530540744
1.82    0.202461422681
1.84    0.203560162471
1.86    0.204849441762
1.88    0.206377774828
1.9    0.208036647145
1.92    0.209769339277
1.94    0.211534559619
1.96    0.2132624078
1.98    0.21486120855
2.0    0.216285099543
2.02    0.220333339182
2.04    0.224166288141
2.06    0.226660978954
2.08    0.227903736882
2.1    0.228099324287
2.12    0.232625191228
2.14    0.23715615018
2.16    0.240792808419
2.18    0.243689381367
2.2    0.246104898304
2.22    0.248224324886
2.24    0.250180883402
2.26    0.252114277031
2.28    0.254145116959
2.3    0.25644115958
2.32    0.259055015162
2.34    0.262150074555
2.36    0.265828147044
2.38    0.270283587113
2.4    0.275613694178
2.42    0.281967672771
2.44    0.28947407581
2.46    0.298266290284
2.48    0.308370563959
2.5    0.319796109406
2.52    0.332521303918
2.54    0.346493916663
2.56    0.361569427195
2.58    0.37760127472
2.6    0.394431616831
2.62    0.411878043236
2.64    0.429717960103
2.66    0.447750863816
2.68    0.465756432756
2.7    0.483529012888
2.72    0.50088114257
2.74    0.517651218344
2.76    0.53377754006
2.78    0.549208443869
2.8    0.563933112584
2.82    0.577918158259
2.84    0.591148903976
2.86    0.603652021467
2.88    0.615364391741
2.9    0.626282713414
2.92    0.636464234574
2.94    0.645968614101
2.96    0.654873923268
2.98    0.663301939611
3.0    0.671490940411
3.02    0.679644821007
3.04    0.687912473444
3.06    0.696412338386
3.08    0.708351860914
3.1    0.721342969361
3.12    0.734543280046
3.14    0.747722708234
3.16    0.760723837417
3.18    0.77352558072
3.2    0.785959674765
3.22    0.797990062189
3.24    0.809675815369
3.26    0.820918571955
3.28    0.831745915186
3.3    0.842192609918
3.32    0.852272676673
3.34    0.862147350439
3.36    0.871824534745
3.38    0.881237109213
3.4    0.890090137345
3.42    0.898251248272
3.44    0.905609299306
3.46    0.912003757617
3.48    0.917348422351
3.5    0.921558275814
3.52    0.924505587896
3.54    0.926267920058
3.56    0.926711871624
3.58    0.926026020882
3.6    0.924089192604
3.62    0.920992229767
3.64    0.916825267178
3.66    0.911537458748
3.68    0.905196344117
3.7    0.897918141737
3.72    0.889773258889
3.74    0.88316827654
3.76    0.881785758677
3.78    0.879508801667
3.8    0.876348020911
3.82    0.872317818999
3.84    0.867444618909
3.86    0.861753383306
3.88    0.855276932771
3.9    0.848056225301
3.92    0.840136865179
3.94    0.83156654698
3.96    0.822392283745
3.98    0.812660576582
4.0    0.802419696859
4.02    0.791720381581
4.04    0.780612997272
4.06    0.76914357408
4.08    0.757363555485
4.1    0.745330334493
4.12    0.733054523127
4.14    0.720579044439
4.16    0.707946362339
4.18    0.695239408201
4.2    0.682455827122
4.22    0.669609621343
4.24    0.656723653886
4.26    0.643820210646
4.28    0.63092309787
4.3    0.618062810012
4.32    0.605257048632
4.34    0.592531937871
4.36    0.579912331492
4.38    0.567421208528
4.4    0.555079350959
4.42    0.542905203786
4.44    0.536961038027
4.46    0.53238043733
4.48    0.52769168639
4.5    0.522763775029
4.52    0.517746215173
4.54    0.512558532047
4.56    0.507241630843
4.58    0.501869356851
4.6    0.496370758473
4.62    0.490807518884
4.64    0.485229702726
4.66    0.479582809755
4.68    0.47388955159
4.7    0.468252142907
4.72    0.462593820786
4.74    0.456930446782
4.76    0.451307260928
4.78    0.445749341602
4.8    0.440222756949
4.82    0.434739342573
4.84    0.429341866784
4.86    0.425171964829
4.88    0.421752317923
4.9    0.418369195997
4.92    0.414970470475
4.94    0.411562012213
4.96    0.408196440378
4.98    0.404837390414
5.0    0.401484934047
5.02    0.398158942607
5.04    0.394878872478
5.06    0.391618722646
5.08    0.388383046373
5.1    0.385176048028
5.12    0.382035214863
5.14    0.378930090869
5.16    0.375862429051
5.18    0.372835241725
5.2    0.369851252343
5.22    0.366916909091
5.24    0.364051937067
5.26    0.361235240655
5.28    0.358468583729
5.3    0.355753500686
5.32    0.353091308295
5.34    0.350483117277
5.36    0.347929843693
5.38    0.345432220054
5.4    0.342996834425
5.42    0.340627283059
5.44    0.338313659235
5.46    0.336056120035
5.48    0.333854688109
5.5    0.331709260987
5.52    0.329619620055
5.54    0.327585439194
5.56    0.325606293091
5.58    0.323681665202
5.6    0.321810955399
5.62    0.319993487268
5.64    0.318228515083
5.66    0.316515230462
5.68    0.314852768687
5.7    0.313240214729
5.72    0.311676608948
5.74    0.310160952504
5.76    0.30869248073
5.78    0.307275169516
5.8    0.305902361229
5.82    0.304572970697
5.84    0.303285895029
5.86    0.302040017431
5.88    0.300834210773
5.9    0.299667340927
5.92    0.298538269878
5.94    0.297445858609
5.96    0.29638896979
5.98    0.295366470254
6.0    0.294377233298
6.02    0.29342014078
6.04    0.29249408506
6.06    0.291597970768
6.08    0.290730716411
6.1    0.28989125583
6.12    0.289078539524
6.14    0.288291535819
6.16    0.287529231935
6.18    0.286790634913
6.2    0.286074772428
6.22    0.285380693507
6.24    0.284707469137
6.26    0.284054192781
6.28    0.2834199808
6.3    0.282803972802
6.32    0.282205331901
6.34    0.281623244912
6.36    0.281056922478
6.38    0.280505599125
6.4    0.279968533273
6.42    0.279445007182
6.44    0.278934326852
6.46    0.27843582188
6.48    0.27794884527
6.5    0.277472773206
6.52    0.277007004795
6.54    0.276550961773
6.56    0.276104088181
6.58    0.275665850025
6.6    0.275235734896
6.62    0.27481325159
6.64    0.274397929691
6.66    0.273989319152
6.68    0.273589523428
6.7    0.27319671488
6.72    0.272809390942
6.74    0.272427177417
6.76    0.272049718136
6.78    0.271676674495
6.8    0.271307724975
6.82    0.270942564663
6.84    0.270580904777
6.86    0.270222472181
6.88    0.269867008909
6.9    0.269514271685
6.92    0.269164031454
6.94    0.268816072904
6.96    0.268470194
6.98    0.268126205531
7.0    0.267783930637
7.02    0.267443204378
7.04    0.267103873276
7.06    0.266765794882
7.08    0.266428837348
7.1    0.26609287901
7.12    0.265757807966
7.14    0.265423521675
7.16    0.265089926566
7.18    0.264756937642
7.2    0.264424478107
7.22    0.264092478994
7.24    0.26376087881
7.26    0.263429623178
7.28    0.263098664501
7.3    0.262767961628
7.32    0.262437479532
7.34    0.262107188993
7.36    0.261777066303
7.38    0.261447092959
7.4    0.261117255387
7.42    0.260787544663
7.44    0.260457956242
7.46    0.260128489705
7.48    0.259799148502
7.5    0.259469939721
7.52    0.259140873846
7.54    0.258811964537
7.56    0.258483228411
7.58    0.258154684842
7.6    0.257828938917
7.62    0.257503732844
7.64    0.257178755481
7.66    0.256854035114
7.68    0.256529601889
7.7    0.256205487641
7.72    0.255881725745
7.74    0.255558350959
7.76    0.255235399286
7.78    0.254912907832
7.8    0.25459091468
7.82    0.254269458763
7.84    0.253948579744
7.86    0.253628317907
7.88    0.253308714041
7.9    0.252989809348
7.92    0.252671645337
7.94    0.252354263739
7.96    0.252037706416
7.98    0.251722015274
8.0    0.251407232198
8.02    0.25109339896
8.04    0.250780557169
8.06    0.25046874819
8.08    0.250158013094
8.1    0.249848392591
8.12    0.249539926982
8.14    0.249232656108
8.16    0.248926619301
8.18    0.248621855341
8.2    0.248318402418
8.22    0.248016298088
8.24    0.247715579244
8.26    0.247416282086
8.28    0.24711844208
8.3    0.246822093947
8.32    0.246527271627
8.34    0.246234008258
8.36    0.245942336167
8.38    0.245652286834
8.4    0.245363890896
8.42    0.245077178116
8.44    0.244792177384
8.46    0.244508916699
8.48    0.244227423164
8.5    0.243947722979
8.52    0.243669841434
8.54    0.243393802905
8.56    0.243119630853
8.58    0.242847347825
8.6    0.242576975443
8.62    0.242308534422
8.64    0.242042044558
8.66    0.241777524735
8.68    0.241514992933
8.7    0.241254466229
8.72    0.240995960805
8.74    0.24073949195
8.76    0.240485074074
8.78    0.240232720715
8.8    0.23998244454
8.82    0.239734257366
8.84    0.23948817016
8.86    0.239244193055
8.88    0.239002335358
8.9    0.238762605564
8.92    0.238525011367
8.94    0.238289559669
8.96    0.238056256594
8.98    0.237825107507
9.0    0.237596117015
9.02    0.23736928899
9.04    0.237144626581
9.06    0.23692213222
9.08    0.236701807649
9.1    0.236483653921
9.12    0.236267671423
9.14    0.236053859884
9.16    0.235842218396
9.18    0.23563274542
9.2    0.235425438809
9.22    0.235220295814
9.24    0.235017313108
9.26    0.234816486788
9.28    0.234617812403
9.3    0.234421284956
9.32    0.234226898928
9.34    0.234034648285
9.36    0.233844526497
9.38    0.233656526548
9.4    0.233470640955
9.42    0.233286861775
9.44    0.233105180626
9.46    0.232925588696
9.48    0.232748076755
9.5    0.232572635175
9.52    0.232399253935
9.54    0.23222792264
9.56    0.232058630533
9.58    0.231891366504
9.6    0.231726119105
9.62    0.231563086027
9.64    0.231402363928
9.66    0.231243614776
9.68    0.231086826119
9.7    0.230931985226
9.72    0.230779079094
9.74    0.230628094458
9.76    0.230479017809
9.78    0.230331835395
9.8    0.230186533242
9.82    0.230043097156
9.84    0.229901512737
9.86    0.229761765391
9.88    0.229623840337
9.9    0.229487722617
9.92    0.229353397109
9.94    0.229220848528
9.96    0.229090061447
9.98    0.228961020297
10.0    0.228833709377
