0.05    0.000333856341934
0.07    0.000669674329528
0.09    0.00190786239573
0.1    0.00251754210764
0.12    0.00313046072668
0.14    0.00333260211793
0.16    0.00407554390286
0.18    0.00536756115987
0.2    0.0080804053651
0.22    0.00910221751763
0.24    0.0134019024251
0.26    0.0163852145286
0.28    0.0188251769343
0.3    0.0276523466855
0.32    0.0268924488487
0.34    0.027812630016
0.36    0.0401835806971
0.38    0.0459809427282
0.4    0.0471091117713
0.42    0.0582887498704
0.44    0.0746055526655
0.46    0.0852469177274
0.48    0.0890803610017
0.5    0.0894242773836
0.52    0.0878163760442
0.54    0.0866875699483
0.56    0.086806671817
0.58    0.0876722006844
0.6    0.0878013759613
0.62    0.0862700512773
0.64    0.0825610957143
0.66    0.0770236873104
0.68    0.0747676308177
0.7    0.0729559818422
0.72    0.0749939038676
0.74    0.0770781289029
0.76    0.0789126954791
0.78    0.0806205323418
0.8    0.0825113264615
0.82    0.0843863910307
0.84    0.0865422690165
0.86    0.0886944528687
0.88    0.0910157489755
0.9    0.0932672537083
0.92    0.0955325609139
0.94    0.0976213195281
0.96    0.0996201361371
0.98    0.101333414133
1.0    0.102937302994
1.02    0.10419791733
1.04    0.105249980849
1.06    0.106032301644
1.08    0.106411470663
1.1    0.106623056134
1.12    0.106449927073
1.14    0.105981534865
1.16    0.105228783313
1.18    0.104083050627
1.2    0.102796697387
1.22    0.108488516578
1.24    0.115647683725
1.26    0.122550349329
1.28    0.129476395548
1.3    0.136640444432
1.32    0.143895727975
1.34    0.15077176288
1.36    0.157206807926
1.38    0.163041155843
1.4    0.168202944175
1.42    0.172678491303
1.44    0.176499217353
1.46    0.179702165715
1.48    0.182298172694
1.5    0.184285726519
1.52    0.185680272522
1.54    0.186518801811
1.56    0.18685040868
1.58    0.186826640157
1.6    0.186518526317
1.62    0.186052374687
1.64    0.18535554631
1.66    0.184520598849
1.68    0.183782420866
1.7    0.184452537814
1.72    0.186677396099
1.74    0.188943686021
1.76    0.190985116065
1.78    0.192664049574
1.8    0.193969441072
1.82    0.195343695241
1.84    0.199932135836
1.86    0.203972308807
1.88    0.207422223841
1.9    0.2100375356
1.92    0.211803924963
1.94    0.21286075206
1.96    0.213155124499
1.98    0.212858216878
2.0    0.21197343616
2.02    0.210633126102
2.04    0.208959191231
2.06    0.207816594495
2.08    0.208694709886
2.1    0.209520690252
2.12    0.210195288946
2.14    0.21080313093
2.16    0.211302615674
2.18    0.211740723628
2.2    0.212043913365
2.22    0.212318973755
2.24    0.212419998501
2.26    0.212478336703
2.28    0.2123677217
2.3    0.212188035123
2.32    0.211880994336
2.34    0.211506801973
2.36    0.211101108335
2.38    0.210728846579
2.4    0.210313545836
2.42    0.209820634297
2.44    0.209215448825
2.46    0.208512787032
2.48    0.207710723771
2.5    0.206857143248
2.52    0.205909629684
2.54    0.204955415939
2.56    0.20392437551
2.58    0.202899278501
2.6    0.20182480593
2.62    0.200733424875
2.64    0.199632824832
2.66    0.198496056909
2.68    0.197321475497
2.7    0.196129257602
2.72    0.194860604897
2.74    0.19352165175
2.76    0.192135971796
2.78    0.190675728021
2.8    0.189149588532
2.82    0.187549817715
2.84    0.18586767759
2.86    0.18411795897
2.88    0.182243507544
2.9    0.180311326623
2.92    0.178395293829
2.94    0.178471860145
2.96    0.178486431059
2.98    0.178445149557
3.0    0.178355458155
3.02    0.178255469142
3.04    0.178132733325
3.06    0.177987144688
3.08    0.177828246422
3.1    0.177667205863
3.12    0.177542142133
3.14    0.17742869547
3.16    0.177334056592
3.18    0.177264276319
3.2    0.177567549177
3.22    0.178796431092
3.24    0.180037160436
3.26    0.18133343832
3.28    0.182658543521
3.3    0.184009518397
3.32    0.185388579689
3.34    0.186796487915
3.36    0.188232555972
3.38    0.189694688426
3.4    0.191196729047
3.42    0.192743756899
3.44    0.194303606329
3.46    0.195869551559
3.48    0.197433971518
3.5    0.198988495569
3.52    0.200524154647
3.54    0.202041429038
3.56    0.20356210011
3.58    0.205036064727
3.6    0.206453449581
3.62    0.207804496676
3.64    0.20907969032
3.66    0.210269873599
3.68    0.211384393394
3.7    0.212437432826
3.72    0.213381786257
3.74    0.214210534079
3.76    0.214917506756
3.78    0.215497328631
3.8    0.215945449639
3.82    0.216273545692
3.84    0.216508638815
3.86    0.216603192495
3.88    0.216555909976
3.9    0.216366322811
3.92    0.216034766114
3.94    0.215562347141
3.96    0.214950908103
3.98    0.214232308731
4.0    0.213406194154
4.02    0.212449251969
4.04    0.211365707812
4.06    0.210160288977
4.08    0.208838170584
4.1    0.207404921361
4.12    0.205866449593
4.14    0.204228949778
4.16    0.202504781685
4.18    0.200730004318
4.2    0.198874110548
4.22    0.196943913545
4.24    0.194946278708
4.26    0.192888081838
4.28    0.190776170049
4.3    0.188617325515
4.32    0.186418232129
4.34    0.184185445116
4.36    0.18192536358
4.38    0.179644205983
4.4    0.177347988503
4.42    0.175042506181
4.44    0.17273331679
4.46    0.170425727315
4.48    0.168124782913
4.5    0.165835258243
4.52    0.163571343594
4.54    0.16132822537
4.56    0.159107803247
4.58    0.15691378538
4.6    0.154749597346
4.62    0.152618384372
4.64    0.15052301493
4.66    0.148466085592
4.68    0.146449926977
4.7    0.144476610681
4.72    0.142585131775
4.74    0.142471017409
4.76    0.142320070044
4.78    0.142126111246
4.8    0.141891629993
4.82    0.141619089798
4.84    0.141310921494
4.86    0.140976663006
4.88    0.140625148962
4.9    0.140244387752
4.92    0.139836625024
4.94    0.139404048602
4.96    0.138948784819
4.98    0.138472895369
5.0    0.137978374654
5.02    0.137467147595
5.04    0.136955399716
5.06    0.136431647163
5.08    0.13589595765
5.1    0.135349977394
5.12    0.134795278703
5.14    0.134233359937
5.16    0.133665645737
5.18    0.133093487523
5.2    0.132518164222
5.22    0.131940883208
5.24    0.131362781442
5.26    0.130784926766
5.28    0.130212625738
5.3    0.129647850016
5.32    0.129085721498
5.34    0.128527061962
5.36    0.127972632371
5.38    0.127423134795
5.4    0.126879214392
5.42    0.126341461445
5.44    0.125810413415
5.46    0.125286557032
5.48    0.124770330398
5.5    0.124262125085
5.52    0.123762288244
5.54    0.123271124689
5.56    0.122788898971
5.58    0.122315837421
5.6    0.121852130173
5.62    0.121397933139
5.64    0.120953369958
5.66    0.120518533887
5.68    0.120093489662
5.7    0.119678275296
5.72    0.119272903832
5.74    0.118877365042
5.76    0.118491627068
5.78    0.118117395621
5.8    0.117754579405
5.82    0.11740123074
5.84    0.117057253614
5.86    0.116722537424
5.88    0.116396958278
5.9    0.116080380245
5.92    0.11577265654
5.94    0.115473630657
5.96    0.115183137448
5.98    0.11490100414
6.0    0.114627051309
6.02    0.114361093794
6.04    0.114102941559
6.06    0.113852400515
6.08    0.113609273277
6.1    0.113373359893
6.12    0.113144458512
6.14    0.112922366015
6.16    0.112706878605
6.18    0.112497792348
6.2    0.112294903686
6.22    0.112098009903
6.24    0.111906909557
6.26    0.11172140288
6.28    0.111541292141
6.3    0.111366381981
6.32    0.111196479712
6.34    0.111031395596
6.36    0.110870943087
6.38    0.110714939055
6.4    0.110563203979
6.42    0.110415562123
6.44    0.110271841682
6.46    0.110131874918
6.48    0.109995498266
6.5    0.109862552426
6.52    0.109732882444
6.54    0.109606337762
6.56    0.109482772268
6.58    0.109362044326
6.6    0.10924401679
6.62    0.109128557008
6.64    0.109015536821
6.66    0.108904832539
6.68    0.108796324921
6.7    0.108689899135
6.72    0.108585444718
6.74    0.108482855524
6.76    0.108382029667
6.78    0.10828286946
6.8    0.108185281341
6.82    0.108089175807
6.84    0.10799446733
6.86    0.10790107428
6.88    0.107808918837
6.9    0.107717926906
6.92    0.107628028024
6.94    0.107539155272
6.96    0.107451245178
6.98    0.107364237622
7.0    0.107278075741
7.02    0.107192705834
7.04    0.10710807726
7.06    0.107024142344
7.08    0.106940856281
7.1    0.106858177035
7.12    0.106776065246
7.14    0.106694484131
7.16    0.106613399394
7.18    0.106532779127
7.2    0.106453857081
7.22    0.106375507406
7.24    0.106297528923
7.26    0.106219898269
7.28    0.106142594029
7.3    0.106065596645
7.32    0.105988888335
7.34    0.105912453012
7.36    0.105836276205
7.38    0.105760344976
7.4    0.105684647852
7.42    0.105609174746
7.44    0.105533916885
7.46    0.105458866744
7.48    0.105384017974
7.5    0.105309365336
7.52    0.105234904641
7.54    0.105160632684
7.56    0.105086547186
7.58    0.105012646737
7.6    0.104938930737
7.62    0.104865399344
7.64    0.104792053423
7.66    0.104718894493
7.68    0.104645924682
7.7    0.104573146676
7.72    0.104500563679
7.74    0.104428179369
7.76    0.104355997856
7.78    0.10428402364
7.8    0.104212261582
7.82    0.104140716857
7.84    0.104069394927
7.86    0.103998301509
7.88    0.103927442537
7.9    0.103856824138
7.92    0.103786452601
7.94    0.103716334352
7.96    0.103646475929
7.98    0.103576883953
8.0    0.103507565111
8.02    0.103438526131
8.04    0.103369773763
8.06    0.103301314759
8.08    0.103233155854
8.1    0.103165303753
8.12    0.103097765111
8.14    0.103030546519
8.16    0.102963654489
8.18    0.102897095447
8.2    0.102830875713
8.22    0.102765001493
8.24    0.102699478872
8.26    0.1026343138
8.28    0.102569512083
8.3    0.102505079381
8.32    0.102441021192
8.34    0.102377342853
8.36    0.102314049532
8.38    0.102251146218
8.4    0.102188637723
8.42    0.102126528673
8.44    0.10206482351
8.46    0.102003526481
8.48    0.101942641642
8.5    0.101882172853
8.52    0.101822123777
8.54    0.101762497879
8.56    0.101703298424
8.58    0.101644528478
8.6    0.101586190906
8.62    0.101528288375
8.64    0.101470823353
8.66    0.101413798106
8.68    0.101357214708
8.7    0.101301075033
8.72    0.101245380764
8.74    0.101190133388
8.76    0.101135334203
8.78    0.10108098432
8.8    0.101027084664
8.82    0.100973635974
8.84    0.100920638812
8.86    0.100868093559
8.88    0.100816000424
8.9    0.100764359444
8.92    0.100713170487
8.94    0.100662433255
8.96    0.100612147291
8.98    0.100562311977
9.0    0.100512926544
9.02    0.100463990069
9.04    0.100415501483
9.06    0.100367459574
9.08    0.100319862989
9.1    0.10027271024
9.12    0.100225999707
9.14    0.10017972964
9.16    0.100133898168
9.18    0.100088503295
9.2    0.100043542911
9.22    0.099999014792
9.24    0.0999549166058
9.26    0.0999112459135
9.28    0.0998680001756
9.3    0.099825176754
9.32    0.0997827729171
9.34    0.0997407858427
9.36    0.0996992126217
9.38    0.0996580502622
9.4    0.0996172956925
9.42    0.0995769457649
9.44    0.0995369972599
9.46    0.0994974468881
9.48    0.0994582912949
9.5    0.0994195270638
9.52    0.0993811507188
9.54    0.0993431587285
9.56    0.099305547509
9.58    0.0992683134274
9.6    0.0992314528037
9.62    0.0991949619157
9.64    0.0991588370001
9.66    0.0991230742568
9.68    0.0990876698508
9.7    0.0990526199159
9.72    0.0990179205563
9.74    0.0989835678504
9.76    0.0989495578525
9.78    0.0989158865958
9.8    0.0988825500952
9.82    0.0988495443485
9.84    0.0988168653403
9.86    0.0987845090432
9.88    0.0987524714206
9.9    0.0987207484281
9.92    0.0986893360174
9.94    0.0986582301356
9.96    0.0986274267298
9.98    0.0985969217476
10.0    0.0985667111391
