0.05    0.000450869983249
0.07    0.00138036814759
0.09    0.0035545909593
0.1    0.00465802835103
0.12    0.00744792677052
0.14    0.00714232542416
0.16    0.0060732838477
0.18    0.00642677077094
0.2    0.00762612522939
0.22    0.0075597283223
0.24    0.0102502230684
0.26    0.0122895115486
0.28    0.0153801735448
0.3    0.0175180280905
0.32    0.0178458872957
0.34    0.0180341269153
0.36    0.0178589209404
0.38    0.0177513533008
0.4    0.0183559986216
0.42    0.0199061818842
0.44    0.02199760392
0.46    0.0241995105523
0.48    0.02638298297
0.5    0.0283488936994
0.52    0.0303931809244
0.54    0.0322661979849
0.56    0.033886183032
0.58    0.0354503656099
0.6    0.0374718576803
0.62    0.0405377303892
0.64    0.0434747883047
0.66    0.0458647698442
0.68    0.0475844380404
0.7    0.0488802606014
0.72    0.05017210599
0.74    0.0514614981918
0.76    0.052583041042
0.78    0.0536849464588
0.8    0.0547018689428
0.82    0.0558470174202
0.84    0.0590074235922
0.86    0.0623401070064
0.88    0.0644280766666
0.9    0.0655510965065
0.92    0.065930067471
0.94    0.0658286585319
0.96    0.0653751279378
0.98    0.0652178523233
1.0    0.0645896512946
1.02    0.0633453507516
1.04    0.0624693374711
1.06    0.0631128577201
1.08    0.0639371908048
1.1    0.0650046721705
1.12    0.0663018989616
1.14    0.0677464820166
1.16    0.0692657056136
1.18    0.0709593791154
1.2    0.0727134743394
1.22    0.0746269234617
1.24    0.0765047955941
1.26    0.0784341302987
1.28    0.0803238451026
1.3    0.0822969148771
1.32    0.0848897188331
1.34    0.0876150580094
1.36    0.090364223797
1.38    0.0929538776363
1.4    0.0955301838162
1.42    0.097993388877
1.44    0.100390950468
1.46    0.102841374625
1.48    0.105191993921
1.5    0.107460793575
1.52    0.109672247671
1.54    0.111710711665
1.56    0.113731703626
1.58    0.115671062198
1.6    0.117638312486
1.62    0.119604467646
1.64    0.121650133639
1.66    0.123783425021
1.68    0.125966897023
1.7    0.12817069128
1.72    0.130629698761
1.74    0.133145488987
1.76    0.135593316235
1.78    0.138026933008
1.8    0.140468752705
1.82    0.142959054273
1.84    0.145739354973
1.86    0.148997444339
1.88    0.152504198665
1.9    0.156182868909
1.92    0.160026306676
1.94    0.164235537468
1.96    0.168388920162
1.98    0.172350250085
2.0    0.176182825745
2.02    0.179797648378
2.04    0.183236157473
2.06    0.18663056534
2.08    0.190308964037
2.1    0.194111920127
2.12    0.19799982387
2.14    0.202167094222
2.16    0.206554644771
2.18    0.211140080391
2.2    0.215870640739
2.22    0.220701750875
2.24    0.22553965095
2.26    0.230305317177
2.28    0.234928082798
2.3    0.239381510561
2.32    0.24367299445
2.34    0.247892417825
2.36    0.25195630795
2.38    0.255869192119
2.4    0.260326855556
2.42    0.265050312109
2.44    0.269569760896
2.46    0.273821952916
2.48    0.277897188325
2.5    0.281813622924
2.52    0.285721475123
2.54    0.289740728222
2.56    0.29392034029
2.58    0.298098859147
2.6    0.302181424767
2.62    0.306132667649
2.64    0.30993470768
2.66    0.313569042277
2.68    0.317030359965
2.7    0.320336746918
2.72    0.323504123825
2.74    0.326519346881
2.76    0.329347294353
2.78    0.331949951837
2.8    0.334290262465
2.82    0.336334824753
2.84    0.338068658853
2.86    0.339502200659
2.88    0.340665443248
2.9    0.341582071128
2.92    0.342260375427
2.94    0.342772042052
2.96    0.343126845644
2.98    0.343314387196
3.0    0.343324500923
3.02    0.343172627547
3.04    0.342894963399
3.06    0.342526487187
3.08    0.342099062888
3.1    0.341759356241
3.12    0.341586489676
3.14    0.341481520861
3.16    0.341376823779
3.18    0.341318391329
3.2    0.341243630888
3.22    0.341143147637
3.24    0.341008769762
3.26    0.340861439691
3.28    0.340741658787
3.3    0.34069335586
3.32    0.340655191484
3.34    0.340594699664
3.36    0.340450982322
3.38    0.340262037418
3.4    0.340171067893
3.42    0.340109361436
3.44    0.339925175788
3.46    0.339569301846
3.48    0.339049402169
3.5    0.33847107085
3.52    0.337872686609
3.54    0.337213890531
3.56    0.336648924128
3.58    0.336432995124
3.6    0.336168342118
3.62    0.335953915388
3.64    0.336889417456
3.66    0.337645580078
3.68    0.338229699575
3.7    0.338604833544
3.72    0.338813931088
3.74    0.338923317277
3.76    0.339136223168
3.78    0.339170339394
3.8    0.338960960701
3.82    0.338540310187
3.84    0.337867377414
3.86    0.33693751439
3.88    0.335804832924
3.9    0.334388652395
3.92    0.332787605795
3.94    0.33099496487
3.96    0.330225510958
3.98    0.329296153347
4.0    0.328157202166
4.02    0.326809414343
4.04    0.325255412626
4.06    0.323495089471
4.08    0.32157404165
4.1    0.319744327314
4.12    0.31781834304
4.14    0.315737982809
4.16    0.313513823925
4.18    0.311106600234
4.2    0.308568398018
4.22    0.305874570035
4.24    0.303040330776
4.26    0.300101026547
4.28    0.297027485486
4.3    0.293883823584
4.32    0.290630735242
4.34    0.287323060899
4.36    0.283927061324
4.38    0.280494300789
4.4    0.276983416361
4.42    0.273462548732
4.44    0.269882742983
4.46    0.266300895971
4.48    0.262686721975
4.5    0.259079867057
4.52    0.255461706177
4.54    0.251845198936
4.56    0.248250464615
4.58    0.244857949632
4.6    0.243790715324
4.62    0.242649308622
4.64    0.241439293815
4.66    0.240193363634
4.68    0.23890361899
4.7    0.237559734456
4.72    0.236166813853
4.74    0.234729816635
4.76    0.233253549221
4.78    0.231742657627
4.8    0.230201621321
4.82    0.228634748256
4.84    0.227046170976
4.86    0.22543984376
4.88    0.223819540701
4.9    0.222200643558
4.92    0.220604597903
4.94    0.219247806423
4.96    0.217980822294
4.98    0.216945164275
5.0    0.21588770159
5.02    0.214811746379
5.04    0.213720452351
5.06    0.212616815283
5.08    0.211503674114
5.1    0.210383712533
5.12    0.209259461044
5.14    0.208133299454
5.16    0.207020120393
5.18    0.205917709511
5.2    0.204818771162
5.22    0.203725145859
5.24    0.202638540383
5.26    0.201560531833
5.28    0.200492571845
5.3    0.199435990914
5.32    0.198392002849
5.34    0.197361709266
5.36    0.19634610415
5.38    0.195346078437
5.4    0.1943624246
5.42    0.193395841234
5.44    0.192446937589
5.46    0.191516238088
5.48    0.190604186764
5.5    0.189711151636
5.52    0.188837429012
5.54    0.187983247684
5.56    0.187148773048
5.58    0.186334111094
5.6    0.185539312307
5.62    0.184764375437
5.64    0.184009251155
5.66    0.183273845585
5.68    0.182558023706
5.7    0.181861612635
5.72    0.181184404766
5.74    0.1805261608
5.76    0.179886612621
5.78    0.179265466071
5.8    0.178662403571
5.82    0.178077086632
5.84    0.177509158234
5.86    0.176958245089
5.88    0.176423959774
5.9    0.175905902756
5.92    0.175405818921
5.94    0.174924054374
5.96    0.174457149567
5.98    0.174004682185
6.0    0.173566225776
6.02    0.173141351147
6.04    0.172729627663
6.06    0.172330624463
6.08    0.171943911574
6.1    0.171569060948
6.12    0.171205647423
6.14    0.170853249591
6.16    0.170511450606
6.18    0.170179838912
6.2    0.169858008906
6.22    0.169545561537
6.24    0.169242104846
6.26    0.16894725444
6.28    0.16866063392
6.3    0.168381875256
6.32    0.168110619101
6.34    0.167846515081
6.36    0.167589222019
6.38    0.167338408131
6.4    0.167093751187
6.42    0.166854938619
6.44    0.166621667618
6.46    0.166393645185
6.48    0.166170588155
6.5    0.1659522232
6.52    0.165738286806
6.54    0.16552852522
6.56    0.165322694386
6.58    0.165120559856
6.6    0.164921896685
6.62    0.164726489311
6.64    0.164534131418
6.66    0.164344625793
6.68    0.164157784156
6.7    0.163973427004
6.72    0.163791383419
6.74    0.16361149089
6.76    0.163433595113
6.78    0.163257549795
6.8    0.163083216449
6.82    0.162910464181
6.84    0.162739169482
6.86    0.162569216014
6.88    0.162400494387
6.9    0.16223290195
6.92    0.162066342566
6.94    0.161900726395
6.96    0.161735969681
6.98    0.16157199453
7.0    0.161408728695
7.02    0.161246105368
7.04    0.161084062965
7.06    0.160922544916
7.08    0.160761499463
7.1    0.160600879456
7.12    0.160440642155
7.14    0.160280749033
7.16    0.160121165586
7.18    0.159961861145
7.2    0.159802808693
7.22    0.159643984683
7.24    0.159485368866
7.26    0.159326944123
7.28    0.159168696291
7.3    0.159010614011
7.32    0.158852688565
7.34    0.158694913724
7.36    0.158537285605
7.38    0.158379802523
7.4    0.158222464857
7.42    0.158065274912
7.44    0.157908236795
7.46    0.157751356285
7.48    0.157594640716
7.5    0.157438098863
7.52    0.157281740826
7.54    0.157125577927
7.56    0.156969622606
7.58    0.156813888323
7.6    0.15665838946
7.62    0.156503141239
7.64    0.156348159625
7.66    0.156193461252
7.68    0.156039063338
7.7    0.155884983616
7.72    0.155731240254
7.74    0.155577851797
7.76    0.155424837093
7.78    0.155272215237
7.8    0.155120005513
7.82    0.154968227334
7.84    0.154816900194
7.86    0.154666043621
7.88    0.154515677124
7.9    0.154365820154
7.92    0.154216492062
7.94    0.15406771206
7.96    0.153919499188
7.98    0.153771872276
8.0    0.153624849914
8.02    0.153478450425
8.04    0.153332691838
8.06    0.153187591858
8.08    0.153043167851
8.1    0.152899436816
8.12    0.152756415371
8.14    0.152614119729
8.16    0.15247256569
8.18    0.152331768621
8.2    0.152191743445
8.22    0.15205250463
8.24    0.151914066177
8.26    0.151776441614
8.28    0.151639643988
8.3    0.151503685857
8.32    0.151368579286
8.34    0.151234335844
8.36    0.151100966598
8.38    0.150968482113
8.4    0.150836892453
8.42    0.150706207175
8.44    0.150576435334
8.46    0.150447585483
8.48    0.150319665674
8.5    0.150192683462
8.52    0.150066645908
8.54    0.149941559582
8.56    0.149817430567
8.58    0.149694264465
8.6    0.149572066403
8.62    0.149450841038
8.64    0.149330592561
8.66    0.149211324707
8.68    0.14909304076
8.7    0.148975743562
8.72    0.148859435519
8.74    0.148744118607
8.76    0.148629794384
8.78    0.148516463997
8.8    0.148404128189
8.82    0.148292787307
8.84    0.148182441313
8.86    0.148073089795
8.88    0.147964731967
8.9    0.14785736669
8.92    0.147750992471
8.94    0.147645607479
8.96    0.14754120955
8.98    0.147437796198
9.0    0.147335364625
9.02    0.147233911729
9.04    0.147133434112
9.06    0.147033928094
9.08    0.146935389716
9.1    0.146837814755
9.12    0.146741198728
9.14    0.146645536904
9.16    0.146550824312
9.18    0.146457055752
9.2    0.146364225798
9.22    0.146272328815
9.24    0.146181358961
9.26    0.146091310197
9.28    0.146002176298
9.3    0.145913950857
9.32    0.145826627298
9.34    0.145740198879
9.36    0.145654658705
9.38    0.145569999731
9.4    0.145486214772
9.42    0.145403296511
9.44    0.145321237506
9.46    0.145240030195
9.48    0.145159666907
9.5    0.145080139865
9.52    0.145001441195
9.54    0.144923562933
9.56    0.14484651944
9.58    0.144770973659
9.6    0.144696217921
9.62    0.144622244078
9.64    0.144549043919
9.66    0.144476609177
9.68    0.144404931533
9.7    0.144334002623
9.72    0.144263814044
9.74    0.144194357355
9.76    0.144125624089
9.78    0.144057605752
9.8    0.143990293829
9.82    0.143923679792
9.84    0.143857755101
9.86    0.143792511208
9.88    0.143727939565
9.9    0.143664031623
9.92    0.143600778842
9.94    0.14353817269
9.96    0.143476204647
9.98    0.143414866212
10.0    0.143354148904
