0.05    0.000315244775609
0.07    0.000769558759871
0.09    0.00159964777878
0.1    0.00178958426953
0.12    0.00391413155159
0.14    0.00514809554725
0.16    0.00825482454734
0.18    0.0135758554387
0.2    0.0122030172139
0.22    0.0151219077263
0.24    0.0160078002271
0.26    0.0195961284106
0.28    0.0158699099259
0.3    0.0159161562061
0.32    0.021700473661
0.34    0.0238834204037
0.36    0.0239408359732
0.38    0.021868272945
0.4    0.0257132697626
0.42    0.0282900707489
0.44    0.0273206252637
0.46    0.0257924960693
0.48    0.0217844594886
0.5    0.0223780910372
0.52    0.0228264095041
0.54    0.0227187669163
0.56    0.0219566063408
0.58    0.0213429145773
0.6    0.0217369133084
0.62    0.0225735914988
0.64    0.0235952144564
0.66    0.0237234409974
0.68    0.0228784633006
0.7    0.0223633384848
0.72    0.0232633046256
0.74    0.0246802061011
0.76    0.0261936905027
0.78    0.027896943367
0.8    0.0304635147734
0.82    0.0333218386891
0.84    0.0358640103373
0.86    0.0409769174327
0.88    0.0447015634478
0.9    0.0466123702855
0.92    0.0465407737809
0.94    0.0448305686598
0.96    0.0470644094833
0.98    0.0492119536643
1.0    0.0520376430558
1.02    0.0524266507421
1.04    0.0511607183143
1.06    0.0508051165417
1.08    0.0500370564275
1.1    0.0489716080289
1.12    0.0477596495247
1.14    0.0475200077248
1.16    0.0475182667493
1.18    0.0472126014302
1.2    0.0466622535229
1.22    0.0457327636633
1.24    0.0445980095257
1.26    0.0431488153259
1.28    0.0414655687762
1.3    0.0396240056997
1.32    0.0375798073611
1.34    0.0354295503645
1.36    0.0352216674446
1.38    0.035154602092
1.4    0.035819751892
1.42    0.0363108758755
1.44    0.0366778542857
1.46    0.0382817910773
1.48    0.0404613750656
1.5    0.0422278347331
1.52    0.0435804994153
1.54    0.044526697791
1.56    0.0450796658461
1.58    0.0452562655461
1.6    0.0450769445617
1.62    0.0445678767718
1.64    0.043762942235
1.66    0.0427036786207
1.68    0.0414360366057
1.7    0.0400040323313
1.72    0.038464881087
1.74    0.0368264356129
1.76    0.0351021777827
1.78    0.0333191447149
1.8    0.0325801573683
1.82    0.03258567581
1.84    0.0325759507881
1.86    0.0325498262209
1.88    0.0325062564726
1.9    0.0324443378183
1.92    0.0323633307723
1.94    0.0322626743176
1.96    0.0321568464302
1.98    0.0320361774265
2.0    0.0318946502094
2.02    0.0317324148622
2.04    0.0315497875561
2.06    0.0313472382556
2.08    0.0311253767016
2.1    0.0308849372814
2.12    0.0306267633078
2.14    0.0303517911413
2.16    0.0300610345106
2.18    0.0297595991226
2.2    0.029453600557
2.22    0.0291344220172
2.24    0.0288032489299
2.26    0.0284612790917
2.28    0.0281097119777
2.3    0.0277497391416
2.32    0.0273825357006
2.34    0.0270092528813
2.36    0.0266310115877
2.38    0.0262488969402
2.4    0.0258639537274
2.42    0.025477182708
2.44    0.0250895376948
2.46    0.0248293696063
2.48    0.0248368919091
2.5    0.0248402246034
2.52    0.0248363322727
2.54    0.0248254502799
2.56    0.0248078233863
2.58    0.0247837037416
2.6    0.0247533490436
2.62    0.0247170208625
2.64    0.0246749831223
2.66    0.0246275007301
2.68    0.0245748383463
2.7    0.0245172592863
2.72    0.0244550245467
2.74    0.0243883919452
2.76    0.0243284050366
2.78    0.0245722562445
2.8    0.0248009208041
2.82    0.0250092887962
2.84    0.0251962152915
2.86    0.0253608021312
2.88    0.0255023829005
2.9    0.0256205072162
2.92    0.0257149246059
2.94    0.0257855682209
2.96    0.0258325385906
2.98    0.0258560875959
3.0    0.0258566028087
3.02    0.0258345923204
3.04    0.0257906701562
3.06    0.0257255423531
3.08    0.0256399937585
3.1    0.0255348755907
3.12    0.0254110937882
3.14    0.0252695981605
3.16    0.0251113723454
3.18    0.0249374245636
3.2    0.0247531455008
3.22    0.0245576214677
3.24    0.0243491474929
3.26    0.0241287493558
3.28    0.0238974441747
3.3    0.023656235347
3.32    0.0234061081008
3.34    0.0231480256189
3.36    0.0228829257002
3.38    0.0226494855859
3.4    0.0227936514964
3.42    0.0229284817398
3.44    0.0230540567138
3.46    0.023170480815
3.48    0.0232778800615
3.5    0.0233763998401
3.52    0.0234662027761
3.54    0.023547466726
3.56    0.0236203828894
3.58    0.0236851540399
3.6    0.0237419928696
3.62    0.0237911204452
3.64    0.0238327647727
3.66    0.0238671594643
3.68    0.0238945425061
3.7    0.0239151551209
3.72    0.0239292407218
3.74    0.0239370439531
3.76    0.0239388098132
3.78    0.0239347828552
3.8    0.0239252064626
3.82    0.0239103221932
3.84    0.0241793916735
3.86    0.0245423074784
3.88    0.0248484958133
3.9    0.0250906360073
3.92    0.0252669323884
3.94    0.0254963074725
3.96    0.025779840264
3.98    0.0260248036574
4.0    0.0263380241637
4.02    0.0266361148456
4.04    0.0268836665885
4.06    0.0270855796637
4.08    0.0272384271752
4.1    0.0273220377801
4.12    0.0273220793725
4.14    0.0272375519249
4.16    0.0270743108932
4.18    0.026826901639
4.2    0.0265041480746
4.22    0.0261080484382
4.24    0.0256492123977
4.26    0.025139807363
4.28    0.0245890136552
4.3    0.024002440022
4.32    0.0233836411337
4.34    0.0227438113273
4.36    0.0222706846862
4.38    0.0221872526021
4.4    0.022103453978
4.42    0.0220193799326
4.44    0.0219351170595
4.46    0.0218507475544
4.48    0.0217663493443
4.5    0.0216819962165
4.52    0.0215977579481
4.54    0.0215137004357
4.56    0.0214298858238
4.58    0.0213463726324
4.6    0.0212632158835
4.62    0.0211804672268
4.64    0.0210981750621
4.66    0.0210163846614
4.68    0.020935138288
4.7    0.0208544753137
4.72    0.0207744323338
4.74    0.020695043279
4.76    0.0206163395256
4.78    0.0205383500027
4.8    0.0204611012961
4.82    0.0203846177508
4.84    0.0203089215694
4.86    0.0202340329088
4.88    0.020159969973
4.9    0.0200867491044
4.92    0.0200143848712
4.94    0.0199428901526
4.96    0.0198722762209
4.98    0.0198025528215
5.0    0.0197337282494
5.02    0.0196658094234
5.04    0.0195988019581
5.06    0.0195327102326
5.08    0.0194675374571
5.1    0.0194032857369
5.12    0.0193399561342
5.14    0.019277548727
5.16    0.0192160626666
5.18    0.0191554962317
5.2    0.0190958468812
5.22    0.0190371113044
5.24    0.0189792854697
5.26    0.0189447696236
5.28    0.0189326718567
5.3    0.0189203993643
5.32    0.0189079662672
5.34    0.0188953861869
5.36    0.0188826722587
5.38    0.0188698371448
5.4    0.018856893047
5.42    0.0188438517197
5.44    0.0188307244819
5.46    0.0188175222298
5.48    0.0188042554483
5.5    0.018790934223
5.52    0.0187775682515
5.54    0.0187641668546
5.56    0.0187507389875
5.58    0.0187372932503
5.6    0.0187238378985
5.62    0.0187103808536
5.64    0.0186969297125
5.66    0.0186834917581
5.68    0.0186700739681
5.7    0.0186566830247
5.72    0.018643325324
5.74    0.0186300069843
5.76    0.0186167338549
5.78    0.0186035115252
5.8    0.0185903453319
5.82    0.0185772403679
5.84    0.0185642014896
5.86    0.0185512333247
5.88    0.0185383402797
5.9    0.0185255265468
5.92    0.0185127961113
5.94    0.0185001527582
5.96    0.0184876000789
5.98    0.0184751414777
6.0    0.0184627801781
6.02    0.0184505192286
6.04    0.0184383615093
6.06    0.0184263097369
6.08    0.0184143664709
6.1    0.0184025341188
6.12    0.0183908149413
6.14    0.0183792110576
6.16    0.0183677244504
6.18    0.0183563569708
6.2    0.0183451103424
6.22    0.018333986167
6.24    0.0183229859277
6.26    0.0183121109945
6.28    0.0183013626274
6.3    0.018290741981
6.32    0.0182802501082
6.34    0.0182698879643
6.36    0.0182596564102
6.38    0.0182495562164
6.4    0.0182395880663
6.42    0.0182297525595
6.44    0.0182200502149
6.46    0.0182104814744
6.48    0.0182010467054
6.5    0.0181917462039
6.52    0.0181825801974
6.54    0.0181735488478
6.56    0.0181646522537
6.58    0.0181558904536
6.6    0.0181472634276
6.62    0.0181387711007
6.64    0.0181304133444
6.66    0.0181221899795
6.68    0.018114100778
6.7    0.0181061454653
6.72    0.0180983237224
6.74    0.0180906351877
6.76    0.018083079459
6.78    0.0180756560953
6.8    0.0180683646188
6.82    0.0180612045164
6.84    0.0180541752414
6.86    0.0180472762153
6.88    0.0180405068291
6.9    0.0180338664453
6.92    0.0180273543986
6.94    0.018020969998
6.96    0.0180147125278
6.98    0.0180085812491
7.0    0.0180025754009
7.02    0.0179966942014
7.04    0.0179909368492
7.06    0.0179853025244
7.08    0.0179797903898
7.1    0.0179743995918
7.12    0.0179691292616
7.14    0.0179639785158
7.16    0.017958946458
7.18    0.0179540321792
7.2    0.0179492347586
7.22    0.0179445532651
7.24    0.0179399867573
7.26    0.0179355342848
7.28    0.0179311948889
7.3    0.0179269676033
7.32    0.0179228514546
7.34    0.0179188454631
7.36    0.0179149486437
7.38    0.017911160006
7.4    0.0179074785555
7.42    0.0179039032937
7.44    0.0179004332188
7.46    0.0178970673263
7.48    0.0178938046094
7.5    0.0178906440598
7.52    0.0178875846675
7.54    0.017884625422
7.56    0.0178817653122
7.58    0.0178790033271
7.6    0.0178763384561
7.62    0.0178737696894
7.64    0.0178712960182
7.66    0.0178689164353
7.68    0.0178666299354
7.7    0.0178644355152
7.72    0.0178623321738
7.74    0.0178603189131
7.76    0.0178583947381
7.78    0.0178565586568
7.8    0.0178548096811
7.82    0.0178531468261
7.84    0.0178515691115
7.86    0.0178500755607
7.88    0.0178486652017
7.9    0.0178473370671
7.92    0.0178460901943
7.94    0.0178449236255
7.96    0.0178438364082
7.98    0.017842827595
8.0    0.0178418962441
8.02    0.0178410414192
8.04    0.0178402621895
8.06    0.0178395576303
8.08    0.0178389268227
8.1    0.0178383688538
8.12    0.017837882817
8.14    0.0178374678117
8.16    0.0178371229438
8.18    0.0178368473257
8.2    0.017836640076
8.22    0.0178365003201
8.24    0.01783642719
8.26    0.0178364198242
8.28    0.0178364773683
8.3    0.0178365989742
8.32    0.0178367838011
8.34    0.0178370310149
8.36    0.0178373397882
8.38    0.017837709301
8.4    0.0178381387399
8.42    0.0178386272986
8.44    0.0178391741779
8.46    0.0178397785855
8.48    0.0178404397365
8.5    0.0178411568525
8.52    0.0178419291627
8.54    0.017842755903
8.56    0.0178436363166
8.58    0.0178445696537
8.6    0.0178455551716
8.62    0.0178465921347
8.64    0.0178476798142
8.66    0.0178488174888
8.68    0.0178500044438
8.7    0.0178512399717
8.72    0.0178525233722
8.74    0.0178538539515
8.76    0.0178552310232
8.78    0.0178566539077
8.8    0.0178581219322
8.82    0.0178596344308
8.84    0.0178611907446
8.86    0.0178627902215
8.88    0.0178644322161
8.9    0.0178661160897
8.92    0.0178678412106
8.94    0.0178696069536
8.96    0.0178714127001
8.98    0.0178732578383
9.0    0.0178751417629
9.02    0.0178770638751
9.04    0.0178790235828
9.06    0.0178810203
9.08    0.0178830534476
9.1    0.0178851224525
9.12    0.0178872267481
9.14    0.0178893657741
9.16    0.0178915389765
9.18    0.0178937458074
9.2    0.0178959857252
9.22    0.0178982581942
9.24    0.0179005626851
9.26    0.0179028986744
9.28    0.0179052656445
9.3    0.0179076630841
9.32    0.0179100904876
9.34    0.0179125473549
9.36    0.0179150331923
9.38    0.0179175475115
9.4    0.01792008983
9.42    0.0179226596708
9.44    0.0179252565627
9.46    0.01792788004
9.48    0.0179305296424
9.5    0.0179332049153
9.52    0.0179359054092
9.54    0.0179386306802
9.56    0.0179413802896
9.58    0.0179441538041
9.6    0.0179469507954
9.62    0.0179497708406
9.64    0.0179526135218
9.66    0.0179554784261
9.68    0.0179583651458
9.7    0.017961273278
9.72    0.0179642024248
9.74    0.0179671521934
9.76    0.0179701221954
9.78    0.0179731120475
9.8    0.017976121371
9.82    0.0179791497921
9.84    0.0179821969413
9.86    0.0179852624541
9.88    0.0179883459701
9.9    0.0179914471338
9.92    0.0179945655939
9.94    0.0179977010038
9.96    0.0180008530209
9.98    0.0180040213071
10.0    0.0180072055287
