0.05    0.000507529812888
0.07    0.00134549030917
0.09    0.00183547878256
0.1    0.00235389644315
0.12    0.00405901712185
0.14    0.00882628638163
0.16    0.0151297943101
0.18    0.0129318340466
0.2    0.0111193474704
0.22    0.0170342151803
0.24    0.0146457990188
0.26    0.012297530284
0.28    0.0180277528242
0.3    0.0243024602105
0.32    0.0284281929025
0.34    0.0322101528571
0.36    0.0336290469978
0.38    0.0402829157724
0.4    0.0431869615642
0.42    0.0415381670847
0.44    0.0416126495602
0.46    0.0439148936937
0.48    0.0486953276785
0.5    0.0549225333926
0.52    0.0611220598638
0.54    0.0658413761852
0.56    0.0689148287812
0.58    0.0727470649492
0.6    0.0747624815549
0.62    0.0753451399076
0.64    0.0747730956603
0.66    0.0731696195289
0.68    0.0733065408984
0.7    0.0747765977855
0.72    0.0754699140718
0.74    0.0753503072605
0.76    0.0745966514058
0.78    0.0732224525922
0.8    0.0715236037194
0.82    0.0693871985122
0.84    0.0667801573192
0.86    0.0636916897558
0.88    0.0603837994323
0.9    0.0566217109178
0.92    0.0546038554973
0.94    0.0577916569338
0.96    0.0584102170639
0.98    0.0560566810508
1.0    0.0513546773714
1.02    0.0481853068884
1.04    0.0489128400251
1.06    0.0494414989784
1.08    0.0497353452733
1.1    0.0497756862055
1.12    0.049553553955
1.14    0.0490644624526
1.16    0.0483469771975
1.18    0.0484954428069
1.2    0.0493931475111
1.22    0.0502010036737
1.24    0.0508494789075
1.26    0.0514156577065
1.28    0.0518261419783
1.3    0.0557116601115
1.32    0.0596805580566
1.34    0.063498956531
1.36    0.0671078493413
1.38    0.0705672238235
1.4    0.0740717628984
1.42    0.07847169804
1.44    0.0826016678434
1.46    0.0864493613207
1.48    0.0900273400434
1.5    0.0933742431271
1.52    0.0966212683669
1.54    0.099767424678
1.56    0.102811071976
1.58    0.105745437114
1.6    0.108493084187
1.62    0.111050233053
1.64    0.113444776013
1.66    0.115696228028
1.68    0.117826745021
1.7    0.119811188092
1.72    0.121723189728
1.74    0.12358879173
1.76    0.125322894782
1.78    0.126895015532
1.8    0.128273492743
1.82    0.129429637602
1.84    0.130355370888
1.86    0.131082863077
1.88    0.13168757545
1.9    0.13258947818
1.92    0.134450011384
1.94    0.136808986035
1.96    0.139132964798
1.98    0.141344716275
2.0    0.143409671998
2.02    0.145350886175
2.04    0.1472271792
2.06    0.1490018143
2.08    0.151763750023
2.1    0.15533003028
2.12    0.158454220736
2.14    0.161115301234
2.16    0.163299211813
2.18    0.165008418714
2.2    0.166261936954
2.22    0.167086907617
2.24    0.167511837695
2.26    0.16757405392
2.28    0.167335753967
2.3    0.167784928155
2.32    0.168076651428
2.34    0.168012207117
2.36    0.167580980964
2.38    0.167173410798
2.4    0.167571607642
2.42    0.167989859827
2.44    0.168051063543
2.46    0.167624837076
2.48    0.167301580572
2.5    0.166931922471
2.52    0.166226385364
2.54    0.165213006051
2.56    0.16394970496
2.58    0.162639016583
2.6    0.165605276428
2.62    0.168344789487
2.64    0.170817135187
2.66    0.173007491613
2.68    0.174908554024
2.7    0.17652729364
2.72    0.177888173797
2.74    0.179046566239
2.76    0.179989373301
2.78    0.180734684391
2.8    0.181285149733
2.82    0.181649003038
2.84    0.18185656788
2.86    0.181973321298
2.88    0.182039546329
2.9    0.181984516488
2.92    0.18177213653
2.94    0.181373170719
2.96    0.180777883148
2.98    0.181065848749
3.0    0.181868384463
3.02    0.182560371942
3.04    0.183146450908
3.06    0.183631774729
3.08    0.184100152714
3.1    0.184483309652
3.12    0.18477944241
3.14    0.184992501943
3.16    0.185204634765
3.18    0.185337619009
3.2    0.185391438687
3.22    0.185376951112
3.24    0.185345454682
3.26    0.1852289633
3.28    0.185024425484
3.3    0.184746578654
3.32    0.184429039073
3.34    0.184012930821
3.36    0.183495816137
3.38    0.182890915806
3.4    0.182237312509
3.42    0.18147909518
3.44    0.180617172372
3.46    0.179661277322
3.48    0.17866332736
3.5    0.1775672072
3.52    0.176375956238
3.54    0.175101335019
3.56    0.173789814973
3.58    0.172390109329
3.6    0.17090401714
3.62    0.169358698267
3.64    0.169564131064
3.66    0.170075600916
3.68    0.170571309895
3.7    0.171049531073
3.72    0.171523958884
3.74    0.171994895555
3.76    0.172437686568
3.78    0.172846692223
3.8    0.173215388252
3.82    0.173567219563
3.84    0.173873030117
3.86    0.174122392156
3.88    0.174334865644
3.9    0.174484060939
3.92    0.174570678331
3.94    0.174575492739
3.96    0.174504075258
3.98    0.174319591383
4.0    0.174053017766
4.02    0.173667546941
4.04    0.173173030308
4.06    0.172565634536
4.08    0.171888576479
4.1    0.171163958309
4.12    0.170344458024
4.14    0.169416474123
4.16    0.168366748422
4.18    0.167215777429
4.2    0.165932016972
4.22    0.164540400396
4.24    0.163031166238
4.26    0.16158840378
4.28    0.16023144055
4.3    0.15878494829
4.32    0.157228259661
4.34    0.155574975217
4.36    0.153841418423
4.38    0.152017195882
4.4    0.150123618488
4.42    0.148224983063
4.44    0.146378156584
4.46    0.144541779557
4.48    0.1427979842
4.5    0.14121207064
4.52    0.139580553258
4.54    0.140292289199
4.56    0.141036454742
4.58    0.141676119898
4.6    0.142213705366
4.62    0.14265208802
4.64    0.142994549687
4.66    0.143244725606
4.68    0.143406553253
4.7    0.143491288059
4.72    0.143518737401
4.74    0.14347019959
4.76    0.143350299022
4.78    0.143163735622
4.8    0.142915245113
4.82    0.142609562207
4.84    0.142251386832
4.86    0.141845353499
4.88    0.14139600382
4.9    0.140907762192
4.92    0.140384914576
4.94    0.139831590328
4.96    0.139251746942
4.98    0.138656184738
5.0    0.138052226908
5.02    0.137431675192
5.04    0.136797723576
5.06    0.136153358472
5.08    0.135501357564
5.1    0.134844290446
5.12    0.134184520866
5.14    0.133524210402
5.16    0.132865323397
5.18    0.13220963296
5.2    0.131558727895
5.22    0.130914020384
5.24    0.130276754283
5.26    0.129648013898
5.28    0.129028733101
5.3    0.128419704684
5.32    0.12782158984
5.34    0.127234927662
5.36    0.126660144604
5.38    0.126097563788
5.4    0.125547414131
5.42    0.125009839206
5.44    0.124484905803
5.46    0.123972612144
5.48    0.123472895726
5.5    0.122985640757
5.52    0.122510685176
5.54    0.122047827237
5.56    0.121596831656
5.58    0.121157435308
5.6    0.120729352494
5.62    0.120312279758
5.64    0.119905900288
5.66    0.119509887898
5.68    0.119123910606
5.7    0.118747633829
5.72    0.118380723209
5.74    0.118022847093
5.76    0.117673678673
5.78    0.117332897834
5.8    0.117000192697
5.82    0.116675260899
5.84    0.116357810636
5.86    0.116047561463
5.88    0.1157442449
5.9    0.115447604843
5.92    0.115157397817
5.94    0.114873393065
5.96    0.114596550537
5.98    0.114326992375
6.0    0.114062959624
6.02    0.113804273014
6.04    0.113550764671
6.06    0.113302277664
6.08    0.113058665496
6.1    0.112819791562
6.12    0.112585528576
6.14    0.112355757978
6.16    0.112130369327
6.18    0.111909259691
6.2    0.111692333039
6.22    0.111479499641
6.24    0.111270675476
6.26    0.11106578166
6.28    0.110864743893
6.3    0.110667491932
6.32    0.11047395908
6.34    0.110284081717
6.36    0.110097798845
6.38    0.109915051673
6.4    0.109735783229
6.42    0.109559938002
6.44    0.109387461621
6.46    0.109218300551
6.48    0.109052401838
6.5    0.108889712866
6.52    0.108730181157
6.54    0.108573754185
6.56    0.108420379229
6.58    0.108270003244
6.6    0.108122572756
6.62    0.107978033783
6.64    0.107836331774
6.66    0.107697411567
6.68    0.10756121737
6.7    0.107427692753
6.72    0.107296780656
6.74    0.107168423416
6.76    0.107042562797
6.78    0.10691914004
6.8    0.106798095917
6.82    0.106679370796
6.84    0.106562904708
6.86    0.10644863743
6.88    0.106336508562
6.9    0.106226457613
6.92    0.10611842409
6.94    0.106012347588
6.96    0.105908167878
6.98    0.105805825004
7.0    0.105705259369
7.02    0.105606411823
7.04    0.105509223759
7.06    0.105413637188
7.08    0.10531959483
7.1    0.10522704019
7.12    0.105135917637
7.14    0.105046172471
7.16    0.104957751001
7.18    0.104870600598
7.2    0.104784669763
7.22    0.104699908179
7.24    0.104616266763
7.26    0.10453369771
7.28    0.104452154536
7.3    0.104371592111
7.32    0.104291966697
7.34    0.104213235967
7.36    0.104135359034
7.38    0.104058296465
7.4    0.103982010297
7.42    0.103906464044
7.44    0.103831622703
7.46    0.103757452756
7.48    0.103683922167
7.5    0.103611000374
7.52    0.103538658284
7.54    0.103466868252
7.56    0.103395604076
7.58    0.103324840966
7.6    0.103254555533
7.62    0.103184725759
7.64    0.103115330972
7.66    0.103046351817
7.68    0.102977770228
7.7    0.102909569392
7.72    0.102841733719
7.74    0.102774248804
7.76    0.102707101395
7.78    0.102640279348
7.8    0.102573771598
7.82    0.102507568113
7.84    0.102441659857
7.86    0.102376038751
7.88    0.102310697632
7.9    0.102245630211
7.92    0.102180831034
7.94    0.102116295442
7.96    0.10205201953
7.98    0.101988000107
8.0    0.101924234654
8.02    0.101860721291
8.04    0.101797458732
8.06    0.10173444625
8.08    0.10167168364
8.1    0.10160917118
8.12    0.101546909597
8.14    0.101484900034
8.16    0.101423144011
8.18    0.101361643394
8.2    0.101300400367
8.22    0.101239417394
8.24    0.101178697194
8.26    0.10111824271
8.28    0.101058057078
8.3    0.100998143609
8.32    0.100938505753
8.34    0.10087914708
8.36    0.100820071256
8.38    0.100761282019
8.4    0.100702783157
8.42    0.100644578492
8.44    0.100586671855
8.46    0.10052906707
8.48    0.100471767941
8.5    0.100414778228
8.52    0.10035810164
8.54    0.100301741814
8.56    0.100245702306
8.58    0.10018998658
8.6    0.100134597992
8.62    0.100079539784
8.64    0.100024815073
8.66    0.0999704268399
8.68    0.099916377928
8.7    0.0998626710306
8.72    0.0998093086868
8.74    0.0997562932758
8.76    0.0997036270126
8.78    0.0996513119438
8.8    0.0995993499441
8.82    0.0995477427139
8.84    0.0994964917768
8.86    0.0994455984781
8.88    0.0993950639843
8.9    0.0993448892822
8.92    0.0992950751794
8.94    0.0992456223036
8.96    0.099196531105
8.98    0.0991478018569
9.0    0.0990994346575
9.02    0.0990514294315
9.04    0.0990037859341
9.06    0.0989565037512
9.08    0.0989095823054
9.1    0.0988630208567
9.12    0.0988168185074
9.14    0.0987709742054
9.16    0.0987254867489
9.18    0.0986803547891
9.2    0.0986355768359
9.22    0.0985911512621
9.24    0.0985470763072
9.26    0.0985033500825
9.28    0.0984599705767
9.3    0.0984169356594
9.32    0.0983742430874
9.34    0.0983318905085
9.36    0.0982898754672
9.38    0.0982481954098
9.4    0.0982068476891
9.42    0.0981658295696
9.44    0.0981251382331
9.46    0.0980847707827
9.48    0.0980447242485
9.5    0.0980049955928
9.52    0.0979655817144
9.54    0.0979264794537
9.56    0.0978876855978
9.58    0.0978491968852
9.6    0.0978110100095
9.62    0.0977731216257
9.64    0.0977355283533
9.66    0.0976982267815
9.68    0.0976612134728
9.7    0.097624484968
9.72    0.0975880377897
9.74    0.0975518684469
9.76    0.0975159734383
9.78    0.0974803492562
9.8    0.097444992391
9.82    0.0974098993331
9.84    0.0973750665784
9.86    0.0973404906296
9.88    0.097306168001
9.9    0.0972720952204
9.92    0.0972382688337
9.94    0.0972046854052
9.96    0.0971713415229
9.98    0.0971382337996
10.0    0.0971053588755
