0.05    0.00130046148121
0.07    0.00263771074259
0.09    0.00585333494234
0.1    0.00798510409012
0.12    0.00990136420119
0.14    0.013851799393
0.16    0.0163292332097
0.18    0.0169234119354
0.2    0.0273240929226
0.22    0.025866314918
0.24    0.0315646367996
0.26    0.0345125787745
0.28    0.0313486641519
0.3    0.0360513199798
0.32    0.0414243135842
0.34    0.0483399667527
0.36    0.0564316264378
0.38    0.0543858871227
0.4    0.0497704014326
0.42    0.0457619688114
0.44    0.0392084778016
0.46    0.0434457710471
0.48    0.0427439862069
0.5    0.0407856609845
0.52    0.0383749599058
0.54    0.0385058954506
0.56    0.0445888572799
0.58    0.0524787597281
0.6    0.0547537734733
0.62    0.0541160926852
0.64    0.0532646083424
0.66    0.0584129688741
0.68    0.0615868003091
0.7    0.0615402534734
0.72    0.0588864212545
0.74    0.0602053509162
0.76    0.0606342900954
0.78    0.0597049974003
0.8    0.0580027845222
0.82    0.0553771720132
0.84    0.0523538040472
0.86    0.0488289889291
0.88    0.0450044959869
0.9    0.0432418521989
0.92    0.0436460153378
0.94    0.0441838135486
0.96    0.0451877931735
0.98    0.0459676831904
1.0    0.0464529873655
1.02    0.0466435023802
1.04    0.0467096773968
1.06    0.0464952745582
1.08    0.0460242599609
1.1    0.045340029704
1.12    0.0445759126512
1.14    0.0436168363923
1.16    0.0424924592019
1.18    0.0412332435421
1.2    0.0398687720214
1.22    0.0384261716413
1.24    0.0369857923937
1.26    0.0355147808878
1.28    0.0340139459222
1.3    0.032496014463
1.32    0.0316027890429
1.34    0.0311924082689
1.36    0.0314029007516
1.38    0.0324044795716
1.4    0.0329604829958
1.42    0.0330939583423
1.44    0.0328403164235
1.46    0.032244743304
1.48    0.0314413142655
1.5    0.0309812166523
1.52    0.031401068625
1.54    0.0318045754601
1.56    0.032189316605
1.58    0.0325532863686
1.6    0.0328949709253
1.62    0.0332133889313
1.64    0.0335080997182
1.66    0.0337791842094
1.68    0.0340272042418
1.7    0.0342531460214
1.72    0.0344583531154
1.74    0.0346444538147
1.76    0.0348132869997
1.78    0.0349668298688
1.8    0.0351071301326
1.82    0.0352362445521
1.84    0.0353561850594
1.86    0.0354832171201
1.88    0.0356061287568
1.9    0.0357245444551
1.92    0.0358399673962
1.94    0.0359537132655
1.96    0.0360669018691
1.98    0.0361804545816
2.0    0.0362950967777
2.02    0.0364113644062
2.04    0.0365296138918
2.06    0.0366500346044
2.08    0.0367726632025
2.1    0.0368973992267
2.12    0.0370240214043
2.14    0.0371522041975
2.16    0.0372815342085
2.18    0.0374115261235
2.2    0.037541637945
2.22    0.0376712853211
2.24    0.0377998548327
2.26    0.0379267161467
2.28    0.0380512329818
2.3    0.0381727728667
2.32    0.0382907156983
2.34    0.0384044611292
2.36    0.0385134348302
2.38    0.0386170936891
2.4    0.0387149300117
2.42    0.0388064748029
2.44    0.0388913002048
2.46    0.0389690211728
2.48    0.0390392964691
2.5    0.0391018290514
2.52    0.0391563659325
2.54    0.0392026975824
2.56    0.0392406569393
2.58    0.0392701180929
2.6    0.0392909946976
2.62    0.0393032381681
2.64    0.0393068357053
2.66    0.0393018081957
2.68    0.0392882080216
2.7    0.0392661168178
2.72    0.0392356432015
2.74    0.0391969205041
2.76    0.0391501045243
2.78    0.0390953713225
2.8    0.0390329150715
2.82    0.0389629459762
2.84    0.0388856882729
2.86    0.0388013783155
2.88    0.0387102627555
2.9    0.0386125968185
2.92    0.0385086426825
2.94    0.038399379275
2.96    0.03828974211
2.98    0.0381744388782
3.0    0.0380537461187
3.02    0.03792794106
3.04    0.0377973005711
3.06    0.0376621002043
3.08    0.037522613325
3.1    0.0373791103271
3.12    0.0372318579282
3.14    0.037081118541
3.16    0.0369271497175
3.18    0.0367702036607
3.2    0.0366105268008
3.22    0.0364483594303
3.24    0.036283935396
3.26    0.0361174818415
3.28    0.0359492189988
3.3    0.0357793600233
3.32    0.0356081108701
3.34    0.0354356702065
3.36    0.0352622293604
3.38    0.0350879722976
3.4    0.03507926574
3.42    0.0350628762388
3.44    0.0350329282109
3.46    0.0349865450093
3.48    0.0349244847743
3.5    0.0348475019664
3.52    0.0347563450719
3.54    0.0346517545296
3.56    0.0345344608656
3.58    0.0344051830287
3.6    0.0342646269134
3.62    0.0341134840606
3.64    0.0339524305257
3.66    0.033782125903
3.68    0.0336032124965
3.7    0.0334163146266
3.72    0.0332220380641
3.74    0.0330209695798
3.76    0.0328136766034
3.78    0.0326007069811
3.8    0.0323825888235
3.82    0.0321598304372
3.84    0.0319329203317
3.86    0.0317023272938
3.88    0.0314685005245
3.9    0.03123186983
3.92    0.0309928458631
3.94    0.0307518204066
3.96    0.030509166697
3.98    0.0303382534628
4.0    0.0303155502482
4.02    0.0302895052512
4.04    0.0302602744903
4.06    0.0302280098294
4.08    0.0301928589744
4.1    0.0301549654802
4.12    0.0301144687664
4.14    0.0300715041414
4.16    0.0300262028337
4.18    0.0299786920304
4.2    0.0299290949211
4.22    0.0298775307483
4.24    0.0298241148614
4.26    0.0297689587758
4.28    0.0297121702355
4.3    0.0296538532792
4.32    0.0295941083087
4.34    0.0295330321605
4.36    0.0294707181786
4.38    0.0294072562899
4.4    0.0293427330803
4.42    0.0292772318719
4.44    0.0292108328012
4.46    0.0291436128981
4.48    0.0290756461645
4.5    0.0290070036534
4.52    0.0289377535478
4.54    0.0288679612395
4.56    0.0287976894073
4.58    0.0287269980946
4.6    0.028655944786
4.62    0.0285845844838
4.64    0.0285129697828
4.66    0.0284411509446
4.68    0.0283691759705
4.7    0.028297090673
4.72    0.0282249387471
4.74    0.0281527618386
4.76    0.0280805996129
4.78    0.0280084898208
4.8    0.0279364683642
4.82    0.0278645693594
4.84    0.0277928251995
4.86    0.0277212666153
4.88    0.0276499227342
4.9    0.0275788211385
4.92    0.0275079879213
4.94    0.0274374477418
4.96    0.0273672238781
4.98    0.0272973382797
5.0    0.0272278116178
5.02    0.0271586633338
5.04    0.027089911688
5.06    0.0270215738046
5.08    0.0269536657176
5.1    0.0268862024134
5.12    0.0268191978735
5.14    0.026752665115
5.16    0.0266866162302
5.18    0.0266210624251
5.2    0.0265560140561
5.22    0.0264914806656
5.24    0.0264274710174
5.26    0.0263639931293
5.28    0.026301054306
5.3    0.0262386611699
5.32    0.0261768196918
5.34    0.0261155352192
5.36    0.0260548125051
5.38    0.0259946557348
5.4    0.0259350685517
5.42    0.0258760540831
5.44    0.0258176149639
5.46    0.0257597533603
5.48    0.0257024709921
5.5    0.0256457691542
5.52    0.0255896487381
5.54    0.0255341102513
5.56    0.025479153837
5.58    0.0254247792923
5.6    0.0253709860864
5.62    0.0253177733775
5.64    0.0252651400296
5.66    0.0252130846281
5.68    0.0251616054946
5.7    0.0251107007027
5.72    0.0250603680904
5.74    0.0250106052752
5.76    0.0249614096654
5.78    0.024912778474
5.8    0.0248647087294
5.82    0.0248171972871
5.84    0.024770240841
5.86    0.0247238359333
5.88    0.0246779789647
5.9    0.024632666204
5.92    0.0245878937972
5.94    0.0245436577762
5.96    0.0244999540675
5.98    0.0244567784995
6.0    0.024414126811
6.02    0.0243719946577
6.04    0.02433037762
6.06    0.024289271209
6.08    0.0242486708731
6.1    0.024208572004
6.12    0.024168969943
6.14    0.0241298599853
6.16    0.0240912373868
6.18    0.0240530973678
6.2    0.0240154351186
6.22    0.0239782458034
6.24    0.0239415245653
6.26    0.0239052665298
6.28    0.023869466809
6.3    0.0238341205052
6.32    0.0237992227143
6.34    0.0237647685295
6.36    0.0237307530441
6.38    0.0236971713545
6.4    0.0236640185631
6.42    0.0236312897812
6.44    0.023598980131
6.46    0.0235670847486
6.48    0.0235355987858
6.5    0.0235045174123
6.52    0.0234738358178
6.54    0.023443549214
6.56    0.0234136528358
6.58    0.0233841419439
6.6    0.0233550118254
6.62    0.0233262577958
6.64    0.0232978752002
6.66    0.0232698594146
6.68    0.023242205847
6.7    0.0232149099386
6.72    0.0231879671648
6.74    0.0231613730362
6.76    0.0231351230991
6.78    0.0231092129368
6.8    0.0230836381702
6.82    0.0230583944582
6.84    0.0230334774984
6.86    0.0230088830281
6.88    0.0229846068243
6.9    0.022960644704
6.92    0.0229369925254
6.94    0.0229136461874
6.96    0.0228906016303
6.98    0.0228678548363
7.0    0.0228454018289
7.02    0.0228232386742
7.04    0.02280136148
7.06    0.0227797663969
7.08    0.0227584496172
7.1    0.0227374073763
7.12    0.0227166359516
7.14    0.0226961316631
7.16    0.0226758908732
7.18    0.0226559099866
7.2    0.0226361854503
7.22    0.0226167137534
7.24    0.0225974914271
7.26    0.0225785150445
7.28    0.0225597812202
7.3    0.0225412866109
7.32    0.022523027914
7.34    0.0225050018683
7.36    0.0224872052538
7.38    0.0224696348906
7.4    0.0224522876397
7.42    0.0224351604019
7.44    0.0224182501182
7.46    0.022401553769
7.48    0.0223850683739
7.5    0.0223687909917
7.52    0.0223578302333
7.54    0.0223539402403
7.56    0.0223501420059
7.58    0.0223464336017
7.6    0.0223428131385
7.62    0.0223392787665
7.64    0.0223358286739
7.66    0.022332461086
7.68    0.0223291742651
7.7    0.0223259665091
7.72    0.0223228361511
7.74    0.0223197815583
7.76    0.022316801132
7.78    0.0223138933061
7.8    0.022311056547
7.82    0.0223082893525
7.84    0.0223055902515
7.86    0.0223029578034
7.88    0.0223003905969
7.9    0.0222978872501
7.92    0.0222954464094
7.94    0.0222930667492
7.96    0.0222907469712
7.98    0.0222884858038
8.0    0.0222862820016
8.02    0.022284134345
8.04    0.0222820416392
8.06    0.0222800027143
8.08    0.0222780164244
8.1    0.0222760816472
8.12    0.0222741972835
8.14    0.0222723622568
8.16    0.0222705755126
8.18    0.0222688360182
8.2    0.0222671427622
8.22    0.022265494754
8.24    0.0222638910233
8.26    0.0222623306199
8.28    0.022260812613
8.3    0.0222593360911
8.32    0.0222579001613
8.34    0.0222565039493
8.36    0.0222551465984
8.38    0.02225382727
8.4    0.0222525451423
8.42    0.0222512994107
8.44    0.022250089287
8.46    0.0222489139993
8.48    0.0222477727914
8.5    0.0222466649229
8.52    0.0222455896685
8.54    0.0222445463176
8.56    0.0222435341746
8.58    0.0222425525579
8.6    0.0222416008
8.62    0.0222406782472
8.64    0.0222397842591
8.66    0.0222389182085
8.68    0.0222380794812
8.7    0.0222372674755
8.72    0.0222364816021
8.74    0.0222357212838
8.76    0.0222349859553
8.78    0.0222342750629
8.8    0.0222335880643
8.82    0.0222329244282
8.84    0.0222322836344
8.86    0.0222316651734
8.88    0.022231068546
8.9    0.0222304932635
8.92    0.022229938847
8.94    0.0222294048276
8.96    0.0222288907459
8.98    0.0222283961522
9.0    0.0222279206059
9.02    0.0222274636754
9.04    0.022227024938
9.06    0.0222266039797
9.08    0.0222262003952
9.1    0.0222258137873
9.12    0.0222254437671
9.14    0.0222250899536
9.16    0.0222247519738
9.18    0.0222244294622
9.2    0.0222241220611
9.22    0.0222238294198
9.24    0.0222235511951
9.26    0.0222232870509
9.28    0.0222230366578
9.3    0.0222227996933
9.32    0.0222225758417
9.34    0.0222223647935
9.36    0.022222166246
9.38    0.0222219799023
9.4    0.022221805472
9.42    0.0222216426705
9.44    0.0222214912192
9.46    0.0222213508451
9.48    0.022221221281
9.5    0.0222211022652
9.52    0.0222209935413
9.54    0.0222208948584
9.56    0.0222208059706
9.58    0.0222207266373
9.6    0.0222206566227
9.62    0.0222205956959
9.64    0.0222205436311
9.66    0.0222205002068
9.68    0.0222204652062
9.7    0.0222204384173
9.72    0.022220419632
9.74    0.022220408647
9.76    0.022220405263
9.78    0.0222204092849
9.8    0.0222204205217
9.82    0.0222204387863
9.84    0.0222204638955
9.86    0.0222204956702
9.88    0.0222205339346
9.9    0.022220578517
9.92    0.022220629249
9.94    0.0222206859659
9.96    0.0222207485064
9.98    0.0222208167125
10.0    0.0222208904298
