0.05    0.000441743323493
0.07    0.000774080493774
0.09    0.00149680859336
0.1    0.0014174533219
0.12    0.0027854723886
0.14    0.00365307853113
0.16    0.00448829047244
0.18    0.00651931375681
0.2    0.0109788483552
0.22    0.0123523861043
0.24    0.010035638333
0.26    0.0116778785196
0.28    0.0114480086348
0.3    0.0126752943262
0.32    0.0150728142018
0.34    0.0198571975933
0.36    0.0271290901471
0.38    0.0309711527132
0.4    0.0343369038613
0.42    0.0442583126263
0.44    0.0546650653482
0.46    0.0642171003116
0.48    0.0688247924736
0.5    0.0665460651095
0.52    0.0692085073138
0.54    0.0734967200077
0.56    0.0755812828891
0.58    0.0772763942699
0.6    0.0798862241532
0.62    0.0840015348773
0.64    0.0886756486794
0.66    0.0955297593574
0.68    0.101462425647
0.7    0.105847977597
0.72    0.108335231091
0.74    0.109192842337
0.76    0.108146303178
0.78    0.105752197521
0.8    0.101855981802
0.82    0.0995290993667
0.84    0.098234304265
0.86    0.0963405834939
0.88    0.0939895599235
0.9    0.0912956379322
0.92    0.0883790362814
0.94    0.085367478865
0.96    0.082355938628
0.98    0.0792209506338
1.0    0.076189655482
1.02    0.0759281144595
1.04    0.0758355582064
1.06    0.0757061666666
1.08    0.0755789545661
1.1    0.0756033201921
1.12    0.0756935314235
1.14    0.0758556073678
1.16    0.0760990402414
1.18    0.0764222218351
1.2    0.0768501381384
1.22    0.0773900516751
1.24    0.0779511833823
1.26    0.0785034231148
1.28    0.0790147503966
1.3    0.0794819685172
1.32    0.0799336298851
1.34    0.0802591071745
1.36    0.0804370540303
1.38    0.0804923693407
1.4    0.0804503702635
1.42    0.0802268849089
1.44    0.0798212732302
1.46    0.0793369485983
1.48    0.078688876616
1.5    0.0778762190492
1.52    0.076947267036
1.54    0.0759389570213
1.56    0.0748043523296
1.58    0.0735604960389
1.6    0.072257095635
1.62    0.0709143484405
1.64    0.06950600548
1.66    0.0680476108205
1.68    0.066553575749
1.7    0.0650707277708
1.72    0.0635848481907
1.74    0.062093288738
1.76    0.0608979766782
1.78    0.0608430561001
1.8    0.060621267527
1.82    0.0601788976713
1.84    0.0595965309303
1.86    0.0588376930555
1.88    0.0579188239593
1.9    0.0569067290552
1.92    0.0570318551968
1.94    0.0572140349757
1.96    0.0573798773664
1.98    0.0575381452905
2.0    0.0577068605956
2.02    0.057866149873
2.04    0.0580181966625
2.06    0.0581649025919
2.08    0.058307901647
2.1    0.0584485763728
2.12    0.0585880753805
2.14    0.0587273316299
2.16    0.0588670810435
2.18    0.0590078810884
2.2    0.0591501290291
2.22    0.059294079621
2.24    0.0594398620625
2.26    0.0595874960754
2.28    0.0597467128934
2.3    0.0599139192801
2.32    0.0600821619325
2.34    0.0602511940075
2.36    0.0604207210899
2.38    0.0605904112476
2.4    0.060759904093
2.42    0.060928818894
2.44    0.0610967617791
2.46    0.0612633320891
2.48    0.06142812793
2.5    0.0615907509833
2.52    0.0617508106307
2.54    0.0619079274487
2.56    0.0620617361287
2.58    0.0622118878758
2.6    0.0623580523358
2.62    0.0624999191006
2.64    0.0626371988364
2.66    0.0627818290848
2.68    0.0629217203739
2.7    0.0630561351201
2.72    0.063184873546
2.74    0.0633077579634
2.76    0.0634246325011
2.78    0.0635353626843
2.8    0.0636398348922
2.82    0.0637379557127
2.84    0.063829651215
2.86    0.0639148661555
2.88    0.063993563134
2.9    0.0640657217121
2.92    0.0641313375058
2.94    0.064190421264
2.96    0.06424299794
2.98    0.0642891057647
3.0    0.0643287953283
3.02    0.0643647406135
3.04    0.0644017947175
3.06    0.0644324754396
3.08    0.0644568738167
3.1    0.0644750890832
3.12    0.0644872278928
3.14    0.0644934035712
3.16    0.0644937354007
3.18    0.0646326822656
3.2    0.0662451690393
3.22    0.0677326252736
3.24    0.0690963967382
3.26    0.0703383350426
3.28    0.0714572478761
3.3    0.0724482866963
3.32    0.073329365016
3.34    0.0740710684933
3.36    0.0747159631157
3.38    0.0752354680151
3.4    0.0756253566657
3.42    0.0759333516247
3.44    0.0761212313127
3.46    0.0761915171834
3.48    0.0761835345411
3.5    0.0760747881176
3.52    0.0758618057381
3.54    0.0755708097275
3.56    0.0752030980866
3.58    0.0747450830982
3.6    0.0742076062851
3.62    0.0736193309287
3.64    0.0729546601214
3.66    0.0722185984604
3.68    0.0714332220641
3.7    0.0705990779584
3.72    0.0697067410104
3.74    0.0687608821095
3.76    0.0677829488509
3.78    0.0667684675202
3.8    0.0657124114521
3.82    0.064737820825
3.84    0.0643335569379
3.86    0.0639039915517
3.88    0.0637949290599
3.9    0.0643228726263
3.92    0.0647695244976
3.94    0.0651430774736
3.96    0.0654660453738
3.98    0.0657159606355
4.0    0.0658958269137
4.02    0.0660282718778
4.04    0.0661047938172
4.06    0.0661196642213
4.08    0.0660758865962
4.1    0.0660005668051
4.12    0.0658733070106
4.14    0.0656955030323
4.16    0.0654700182481
4.18    0.0651996665515
4.2    0.0648872062597
4.22    0.0645353347861
4.24    0.0641466840349
4.26    0.0637238164645
4.28    0.0632692217805
4.3    0.0627853142063
4.32    0.0622744302941
4.34    0.0617388272315
4.36    0.0611806816052
4.38    0.0606020885808
4.4    0.0600050614681
4.42    0.0593915316307
4.44    0.0587633487104
4.46    0.0585758233469
4.48    0.0584583164643
4.5    0.0583412089782
4.52    0.0582245309753
4.54    0.0581083111023
4.56    0.0579925766104
4.58    0.0578773533994
4.6    0.0577626660601
4.62    0.0576485379168
4.64    0.0575349910681
4.66    0.0574220464274
4.68    0.0573097237622
4.7    0.0571980417327
4.72    0.057087017929
4.74    0.0569766689082
4.76    0.0568670102301
4.78    0.0567580564918
4.8    0.056649821362
4.82    0.0565423176141
4.84    0.0564355571582
4.86    0.0563295510727
4.88    0.0562243096346
4.9    0.0561198423497
4.92    0.0560161579807
4.94    0.0559132645759
4.96    0.0558111694957
4.98    0.0557098794397
5.0    0.0556094004724
5.02    0.0555097380471
5.04    0.0554108970314
5.06    0.0553128817294
5.08    0.0552156959051
5.1    0.0551193428045
5.12    0.055023825176
5.14    0.0549291452919
5.16    0.0548353049684
5.18    0.0547423055839
5.2    0.054650148099
5.22    0.0545588330737
5.24    0.0544683606854
5.26    0.0543787307451
5.28    0.0542899427151
5.3    0.0542019957231
5.32    0.0541148885788
5.34    0.0540286197881
5.36    0.0539431875674
5.38    0.0538585898574
5.4    0.0537748243361
5.42    0.0536918884322
5.44    0.0536097793368
5.46    0.0535284940159
5.48    0.0534480292215
5.5    0.0533683815025
5.52    0.0532895472161
5.54    0.0532115225375
5.56    0.0531343034701
5.58    0.0530578858544
5.6    0.0529822653786
5.62    0.0529074375859
5.64    0.0528333978839
5.66    0.0527601415527
5.68    0.0526876637527
5.7    0.0526159595321
5.72    0.0525450238342
5.74    0.0524748515048
5.76    0.0524054372982
5.78    0.0523367758846
5.8    0.0522688618556
5.82    0.0522016897303
5.84    0.0521352539614
5.86    0.0520695489402
5.88    0.0520045690024
5.9    0.0519403084327
5.92    0.0518767614701
5.94    0.0518139223119
5.96    0.0517517851192
5.98    0.0516903440198
6.0    0.0516295931139
6.02    0.0515695264764
6.04    0.0515101381619
6.06    0.0514514222077
6.08    0.0513933726372
6.1    0.0513359834635
6.12    0.0512792486924
6.14    0.0512231623251
6.16    0.0511677183613
6.18    0.0511129108024
6.2    0.051058733653
6.22    0.0510051809243
6.24    0.0509522466362
6.26    0.0508999248194
6.28    0.0508482095177
6.3    0.0507970947899
6.32    0.0507465747119
6.34    0.0506966433783
6.36    0.0506472949046
6.38    0.050598523428
6.4    0.05055032311
6.42    0.0505026881369
6.44    0.0504556127223
6.46    0.0504090911071
6.48    0.0503631175619
6.5    0.0503176863876
6.52    0.0502727919165
6.54    0.0502284285138
6.56    0.0501845905777
6.58    0.0501412725415
6.6    0.0500984688734
6.62    0.0500561740778
6.64    0.0500143826961
6.66    0.0499730893072
6.68    0.0499322885281
6.7    0.049891975015
6.72    0.0498521434629
6.74    0.0498127886073
6.76    0.0497739052237
6.78    0.0497354881284
6.8    0.0496975321791
6.82    0.0496600322748
6.84    0.0496229833562
6.86    0.0495863804066
6.88    0.0495502184515
6.9    0.0495144925587
6.92    0.0494791978392
6.94    0.0494443294467
6.96    0.0494098825781
6.98    0.0493758524736
7.0    0.0493422344163
7.02    0.0493090237331
7.04    0.049276215794
7.06    0.0492438060125
7.08    0.0492117898454
7.1    0.0491801627931
7.12    0.049148920399
7.14    0.04911805825
7.16    0.0490875719761
7.18    0.0490574572505
7.2    0.0490277097893
7.22    0.0489983253514
7.24    0.0489692997385
7.26    0.048940628795
7.28    0.0489123084075
7.3    0.0488843345051
7.32    0.0488567030587
7.34    0.0488294100813
7.36    0.0488024516273
7.38    0.0487758237927
7.4    0.0487495227149
7.42    0.0487235445719
7.44    0.0486978855829
7.46    0.0486725420072
7.48    0.0486475101445
7.5    0.0486227863347
7.52    0.0485983669572
7.54    0.0485742484309
7.56    0.0485504272139
7.58    0.0485268998032
7.6    0.0485036627345
7.62    0.0484807125817
7.64    0.0484580459568
7.66    0.0484356595096
7.68    0.0484135499272
7.7    0.0483917139339
7.72    0.0483701482909
7.74    0.0483488497958
7.76    0.0483278152826
7.78    0.048307041621
7.8    0.0482865257163
7.82    0.0482662645093
7.84    0.0482462549755
7.86    0.0482264941253
7.88    0.0482069790031
7.9    0.0481877066876
7.92    0.048168674291
7.94    0.048149878959
7.96    0.0481313178703
7.98    0.0481129882363
8.0    0.0480948873009
8.02    0.04807701234
8.04    0.0480593606615
8.06    0.0480419296043
8.08    0.048024716539
8.1    0.0480077188666
8.12    0.0479909340189
8.14    0.0479743594577
8.16    0.0479579926748
8.18    0.0479418311916
8.2    0.0479258725588
8.22    0.0479101143559
8.24    0.0478945541911
8.26    0.0478791897012
8.28    0.0478640185506
8.3    0.0478490384318
8.32    0.0478342470648
8.34    0.0478196421963
8.36    0.0478052216003
8.38    0.0477909830771
8.4    0.0477769244535
8.42    0.0477630435819
8.44    0.0477493383408
8.46    0.0477358066337
8.48    0.0477224463896
8.5    0.047709255562
8.52    0.0476962321292
8.54    0.0476833740935
8.56    0.0476706794814
8.58    0.0476581463431
8.6    0.0476457727521
8.62    0.0476335568054
8.64    0.0476214966226
8.66    0.047609590346
8.68    0.0475978361404
8.7    0.0475862321926
8.72    0.0475747767114
8.74    0.0475634679272
8.76    0.0475523040916
8.78    0.0475412834775
8.8    0.0475304043785
8.82    0.047519665109
8.84    0.0475090640036
8.86    0.0474985994172
8.88    0.0474882697243
8.9    0.0474780733195
8.92    0.0474680086164
8.94    0.0474580740481
8.96    0.0474482680665
8.98    0.0474385891423
9.0    0.0474290357646
9.02    0.0474196064409
9.04    0.0474102996969
9.06    0.0474011140758
9.08    0.0473920481387
9.1    0.0473831004641
9.12    0.0473742696477
9.14    0.0473655543021
9.16    0.0473569530569
9.18    0.0473484645581
9.2    0.0473400874682
9.22    0.0473318204658
9.24    0.0473236622457
9.26    0.0473156115183
9.28    0.0473076670097
9.3    0.0472998274614
9.32    0.0472920916302
9.34    0.0472844582877
9.36    0.0472769262208
9.38    0.0472694942306
9.4    0.047262161133
9.42    0.0472549257582
9.44    0.0472477869505
9.46    0.0472407435681
9.48    0.0472337944831
9.5    0.0472269385811
9.52    0.0472201747614
9.54    0.0472135019364
9.56    0.0472069190317
9.58    0.0472004249859
9.6    0.0471940187503
9.62    0.0471876992889
9.64    0.0471814655783
9.66    0.0471753166073
9.68    0.047169251377
9.7    0.0471632689006
9.72    0.0471573682029
9.74    0.0471515483207
9.76    0.0471458083025
9.78    0.0471401472078
9.8    0.0471345641079
9.82    0.047129058085
9.84    0.0471236282324
9.86    0.0471182736543
9.88    0.0471129934658
9.9    0.0471077867924
9.92    0.0471026527702
9.94    0.0470975905456
9.96    0.0470925992754
9.98    0.0470876781265
10.0    0.0470828262755
