0.05    0.00059438721418
0.07    0.00148564233511
0.09    0.00419504659865
0.1    0.00548450661963
0.12    0.00865364480648
0.14    0.00746271466244
0.16    0.00759419044705
0.18    0.0103726827293
0.2    0.00954861868506
0.22    0.0105015852047
0.24    0.0110085143839
0.26    0.0127664733229
0.28    0.0117542703374
0.3    0.0117405211189
0.32    0.0135551283983
0.34    0.0143644254515
0.36    0.01498303734
0.38    0.0151936048938
0.4    0.0180235352724
0.42    0.0227659891853
0.44    0.0271177314345
0.46    0.0327642116398
0.48    0.0363419736578
0.5    0.0347179204317
0.52    0.0328678514114
0.54    0.0374731315698
0.56    0.0381941070376
0.58    0.0397310137896
0.6    0.0465442719603
0.62    0.0582049466646
0.64    0.0706330216751
0.66    0.083425504883
0.68    0.0952356927341
0.7    0.102450369454
0.72    0.105470861596
0.74    0.104808021632
0.76    0.100818063038
0.78    0.0952773309287
0.8    0.0919804400968
0.82    0.0868115300286
0.84    0.0802554611444
0.86    0.0730165192669
0.88    0.0659595280849
0.9    0.0596426617518
0.92    0.0566587816642
0.94    0.0577963905354
0.96    0.0588074215182
0.98    0.0598423191239
1.0    0.0607944331382
1.02    0.0616942920149
1.04    0.0625663580313
1.06    0.0634088606842
1.08    0.0661779607824
1.1    0.0721132542218
1.12    0.0784983082672
1.14    0.0848227208618
1.16    0.0907020131318
1.18    0.096203096326
1.2    0.101000862559
1.22    0.105074547443
1.24    0.108484204745
1.26    0.111149316747
1.28    0.113231876068
1.3    0.114826308812
1.32    0.116325632257
1.34    0.117636854384
1.36    0.118476897228
1.38    0.118967259511
1.4    0.118931152532
1.42    0.118284347059
1.44    0.116934982741
1.46    0.115997444053
1.48    0.118465647887
1.5    0.120431487614
1.52    0.122131239328
1.54    0.123413553825
1.56    0.124474354728
1.58    0.125272389903
1.6    0.125894764743
1.62    0.126418547186
1.64    0.126801216716
1.66    0.127001682672
1.68    0.127062550185
1.7    0.126896887903
1.72    0.126529361565
1.74    0.125931922665
1.76    0.125190091227
1.78    0.12419443149
1.8    0.123010888928
1.82    0.121727953993
1.84    0.120251709901
1.86    0.118604317974
1.88    0.116828888089
1.9    0.115013353772
1.92    0.113066161554
1.94    0.110999037645
1.96    0.108823662206
1.98    0.106552686422
2.0    0.104275373333
2.02    0.101934329356
2.04    0.0995338846731
2.06    0.0970875094019
2.08    0.094606435285
2.1    0.0920991821824
2.12    0.0896514554082
2.14    0.087553595856
2.16    0.0854242225368
2.18    0.0832452578439
2.2    0.0822458864342
2.22    0.0826528739372
2.24    0.0831131128715
2.26    0.0838932313476
2.28    0.0846178223293
2.3    0.0853234361535
2.32    0.085964900204
2.34    0.086546184367
2.36    0.0870719924214
2.38    0.0875484586598
2.4    0.0880301546846
2.42    0.0884685646142
2.44    0.0888666339504
2.46    0.0892261401965
2.48    0.089547715567
2.5    0.0898310215293
2.52    0.0900750370308
2.54    0.0903008711376
2.56    0.0905069677092
2.58    0.0906692554812
2.6    0.0907873915204
2.62    0.090861829734
2.64    0.0908938917013
2.66    0.0908857334046
2.68    0.0908402200973
2.7    0.0907607297734
2.72    0.0906509106778
2.74    0.0905217619119
2.76    0.0903968499958
2.78    0.090250626092
2.8    0.0900854574365
2.82    0.0899029542122
2.84    0.089703910898
2.86    0.0894883116852
2.88    0.0892553949039
2.9    0.0890037673735
2.92    0.0887315567815
2.94    0.0884365886259
2.96    0.0881165738737
2.98    0.0877692941235
3.0    0.0873927725244
3.02    0.0869885172907
3.04    0.0865756892406
3.06    0.0861298352827
3.08    0.0856510376991
3.1    0.0851400106588
3.12    0.0845980725261
3.14    0.0840270866349
3.16    0.0834293757439
3.18    0.0828076162535
3.2    0.082164718709
3.22    0.081503701178
3.24    0.0808275618213
3.26    0.0801391564309
3.28    0.079441085963
3.3    0.0787355982005
3.32    0.0784934671994
3.34    0.0787507679259
3.36    0.0790101132275
3.38    0.0792738674893
3.4    0.0795442330981
3.42    0.0798231758215
3.44    0.0801123594538
3.46    0.0804130910517
3.48    0.0807262776398
3.5    0.0810523948457
3.52    0.0813914675368
3.54    0.0817430621875
3.56    0.0821062904101
3.58    0.0824798228322
3.6    0.0828619123128
3.62    0.0832504253402
3.64    0.0836428803616
3.66    0.0840364917361
3.68    0.0844282179944
3.7    0.0848148131061
3.72    0.0851935387598
3.74    0.0855730170711
3.76    0.0859373667136
3.78    0.0862830434854
3.8    0.0866065530821
3.82    0.0869044978311
3.84    0.0871736198787
3.86    0.0874108403432
3.88    0.087613294067
3.9    0.0877783597146
3.92    0.087903685073
3.94    0.0879872075072
3.96    0.0880271696095
3.98    0.0880221301637
4.0    0.0879709706066
4.02    0.0878728972287
4.04    0.087727439398
4.06    0.0875419246099
4.08    0.0873180088787
4.1    0.0870469114182
4.12    0.0867293218821
4.14    0.0863661988473
4.16    0.0859587518272
4.18    0.0855084217741
4.2    0.0850168604204
4.22    0.084485908787
4.24    0.0839175751718
4.26    0.0833140129051
4.28    0.0826774981383
4.3    0.0820104078991
4.32    0.0813151986318
4.34    0.0805943854056
4.36    0.0798505219521
4.38    0.0790861816667
4.4    0.0783039396911
4.42    0.0775063561573
4.44    0.0766959606661
4.46    0.0758752380477
4.48    0.0750466154304
4.5    0.0742132183659
4.52    0.0733809285383
4.54    0.072546991459
4.56    0.0717135161583
4.58    0.0708825103184
4.6    0.0700558747962
4.62    0.0692353992893
4.64    0.0684227590763
4.66    0.0676195127815
4.68    0.0668271010857
4.7    0.066046846321
4.72    0.0652799528737
4.74    0.0645275083278
4.76    0.0637904852771
4.78    0.0630697437353
4.8    0.0623660340725
4.82    0.0616800004199
4.84    0.0610121844667
4.86    0.0603630296011
4.88    0.0597328853239
4.9    0.0591220118912
4.92    0.0585305851263
4.94    0.0579587013576
4.96    0.0574063824364
4.98    0.0568735807948
5.0    0.0563601845057
5.02    0.0558660407552
5.04    0.0553940897182
5.06    0.0549409383175
5.08    0.0545062536013
5.1    0.0540896633384
5.12    0.0536907604956
5.14    0.0533091075462
5.16    0.0529442405979
5.18    0.0525956733301
5.2    0.0522629007363
5.22    0.051945402661
5.24    0.0516426471349
5.26    0.0513540934989
5.28    0.0510791953243
5.3    0.0508174031229
5.32    0.0505681668583
5.34    0.0503309382518
5.36    0.0501051728974
5.38    0.0498903321829
5.4    0.0496858850289
5.42    0.0494913094497
5.44    0.0493060939425
5.46    0.0491297387152
5.48    0.0489617567568
5.5    0.0488016747616
5.52    0.0486490339138
5.54    0.0485033905396
5.56    0.0483643166381
5.58    0.0482314002943
5.6    0.0481042459878
5.62    0.0479824748
5.64    0.0478657245305
5.66    0.0477536497295
5.68    0.0476459216524
5.7    0.0475422281455
5.72    0.047442273467
5.74    0.0473457780528
5.76    0.0472524782299
5.78    0.0471621258865
5.8    0.0470744881013
5.82    0.0469893467396
5.84    0.0469064980197
5.86    0.0468257520552
5.88    0.0467469323762
5.9    0.0466698754349
5.92    0.0465944300984
5.94    0.0465204571319
5.96    0.0464478286771
5.98    0.0463764277259
6.0    0.0463061475957
6.02    0.0462368914042
6.04    0.046168571551
6.06    0.0461011092037
6.08    0.0460344337918
6.1    0.0459684825112
6.12    0.0459031998385
6.14    0.0458385370574
6.16    0.0457744517985
6.18    0.0457109075929
6.2    0.0456478734396
6.22    0.0455853233893
6.24    0.0455232361426
6.26    0.0454615946655
6.28    0.0454003858194
6.3    0.0453396000097
6.32    0.0452792308483
6.34    0.0452192748348
6.36    0.0451597310528
6.38    0.045100600882
6.4    0.0450418877281
6.42    0.0449835967658
6.44    0.0449257346997
6.46    0.0448683095387
6.48    0.0448113303852
6.5    0.0447548072393
6.52    0.0446987508162
6.54    0.0446431723771
6.56    0.0445880835731
6.58    0.0445334963015
6.6    0.0444794225738
6.62    0.0444258743954
6.64    0.0443728636564
6.66    0.0443204020322
6.68    0.0442685008943
6.7    0.0442171712313
6.72    0.0441664235771
6.74    0.0441162679498
6.76    0.0440667137961
6.78    0.0440177699455
6.8    0.0439694445702
6.82    0.0439217451515
6.84    0.0438746784535
6.86    0.0438282505014
6.88    0.0437824665659
6.9    0.0437373311521
6.92    0.0436928479932
6.94    0.0436490200485
6.96    0.043605849505
6.98    0.0435633377828
7.0    0.0435214855436
7.02    0.0434802927024
7.04    0.0434397584413
7.06    0.0433998812258
7.08    0.043360658824
7.1    0.0433220883265
7.12    0.0432841661686
7.14    0.0432468881539
7.16    0.0432102494789
7.18    0.0431742447584
7.2    0.0431388680527
7.22    0.043104112894
7.24    0.0430699723147
7.26    0.0430364388753
7.28    0.0430035046924
7.3    0.0429711614679
7.32    0.0429394005163
7.34    0.0429082127939
7.36    0.0428775889265
7.38    0.0428475192372
7.4    0.0428179937739
7.42    0.0427890023361
7.44    0.0427605345016
7.46    0.0427325796522
7.48    0.0427051269987
7.5    0.0426781656065
7.52    0.042651684418
7.54    0.0426256722771
7.56    0.0426001179507
7.58    0.0425750101508
7.6    0.0425503375551
7.62    0.042526088827
7.64    0.0425022526346
7.66    0.0424788176693
7.68    0.0424557726629
7.7    0.0424331064044
7.72    0.0424108077558
7.74    0.0423888656667
7.76    0.0423672691889
7.78    0.042346007489
7.8    0.0423250698614
7.82    0.0423044457397
7.84    0.0422841247073
7.86    0.0422640965081
7.88    0.0422443510551
7.9    0.0422248784394
7.92    0.0422056689381
7.94    0.0421867130211
7.96    0.042168001358
7.98    0.0421495248235
8.0    0.0421312745029
8.02    0.0421132416965
8.04    0.0420954179238
8.06    0.0420777949262
8.08    0.042060364671
8.1    0.0420431193527
8.12    0.0420260513952
8.14    0.0420091534532
8.16    0.041992418413
8.18    0.0419758393929
8.2    0.0419594097433
8.22    0.0419431230463
8.24    0.0419269731147
8.26    0.0419109539915
8.28    0.0418950599474
8.3    0.0418792854805
8.32    0.041863625313
8.34    0.0418480743892
8.36    0.0418326278734
8.38    0.0418172811465
8.4    0.0418020298033
8.42    0.0417868696489
8.44    0.0417717966957
8.46    0.0417568071595
8.48    0.0417418974555
8.5    0.041727064195
8.52    0.041712304181
8.54    0.0416976144039
8.56    0.0416829920372
8.58    0.0416684344338
8.6    0.0416539391206
8.62    0.0416395037947
8.64    0.0416251263188
8.66    0.041610804716
8.68    0.0415965371659
8.7    0.0415823219995
8.72    0.0415681576946
8.74    0.0415540428712
8.76    0.0415399762867
8.78    0.0415259568312
8.8    0.0415119835229
8.82    0.0414980555037
8.84    0.0414841720341
8.86    0.0414703324887
8.88    0.0414565363519
8.9    0.0414427832134
8.92    0.0414290727637
8.94    0.0414154047893
8.96    0.0414017791689
8.98    0.0413881958689
9.0    0.0413746549391
9.02    0.0413611565087
9.04    0.0413477007822
9.06    0.0413342880354
9.08    0.0413209186114
9.1    0.0413075929166
9.12    0.0412943114176
9.14    0.0412810746366
9.16    0.0412678831485
9.18    0.0412547375771
9.2    0.0412416385916
9.22    0.0412285869035
9.24    0.0412155832632
9.26    0.0412026284568
9.28    0.0411897233032
9.3    0.0411768686508
9.32    0.0411640653748
9.34    0.0411513143747
9.36    0.0411386165708
9.38    0.0411259729022
9.4    0.0411133843243
9.42    0.0411008518056
9.44    0.0410883763264
9.46    0.0410759588755
9.48    0.0410636004486
9.5    0.041051302046
9.52    0.0410390646706
9.54    0.0410268893257
9.56    0.0410147770137
9.58    0.0410027287336
9.6    0.0409907454797
9.62    0.04097882824
9.64    0.0409669779942
9.66    0.0409551957128
9.68    0.0409434823552
9.7    0.0409318388684
9.72    0.0409202661861
9.74    0.0409087652271
9.76    0.0408973368941
9.78    0.0408859820729
9.8    0.0408747016315
9.82    0.0408634964183
9.84    0.0408523672624
9.86    0.0408413149718
9.88    0.040830340333
9.9    0.0408194441103
9.92    0.0408086270451
9.94    0.0407978898551
9.96    0.0407872332341
9.98    0.040776657851
10.0    0.0407661643497
