0.05    0.00039510757254
0.07    0.00111295670764
0.09    0.00203899689796
0.1    0.00288899646378
0.12    0.00337150603781
0.14    0.0051498731099
0.16    0.00694129938692
0.18    0.006349518328
0.2    0.00850888379843
0.22    0.00942133635475
0.24    0.0108021691627
0.26    0.0118860092482
0.28    0.0136692814863
0.3    0.013714561788
0.32    0.0145669151788
0.34    0.017261980991
0.36    0.0179005599091
0.38    0.0184102010282
0.4    0.0230309416301
0.42    0.0284997975625
0.44    0.0343153444867
0.46    0.0407018494982
0.48    0.0467341234239
0.5    0.0496973091108
0.52    0.0479527234681
0.54    0.0503296983785
0.56    0.0564547852674
0.58    0.0637812548127
0.6    0.071773205258
0.62    0.0792801019411
0.64    0.0860157150437
0.66    0.0918510551556
0.68    0.0963051861799
0.7    0.0990786218586
0.72    0.101552264868
0.74    0.11184112153
0.76    0.121907122594
0.78    0.129947994843
0.8    0.136729000038
0.82    0.142308643529
0.84    0.146921205427
0.86    0.150761932223
0.88    0.153940385151
0.9    0.156483695456
0.92    0.158222142785
0.94    0.159148058551
0.96    0.159467122987
0.98    0.15954601641
1.0    0.159705041539
1.02    0.160087365625
1.04    0.160841007414
1.06    0.162020017372
1.08    0.163643374561
1.1    0.165831862865
1.12    0.168561890314
1.14    0.171990470823
1.16    0.176128263398
1.18    0.182499171087
1.2    0.189136515359
1.22    0.195971948482
1.24    0.20265092744
1.26    0.209271319374
1.28    0.215565669016
1.3    0.221540793669
1.32    0.22716151805
1.34    0.232253003162
1.36    0.237057099715
1.38    0.241294532952
1.4    0.245184458448
1.42    0.248694054354
1.44    0.251816440933
1.46    0.254680809097
1.48    0.257339719045
1.5    0.259693565628
1.52    0.261833014306
1.54    0.263799375527
1.56    0.265493303411
1.58    0.267138173452
1.6    0.268504001141
1.62    0.269896139713
1.64    0.271016099358
1.66    0.272195120046
1.68    0.273115776948
1.7    0.274094024218
1.72    0.274831673095
1.74    0.27561247657
1.76    0.276147080328
1.78    0.276716355553
1.8    0.277022789836
1.82    0.277315716223
1.84    0.2773653577
1.86    0.277337360979
1.88    0.277092186525
1.9    0.276800245609
1.92    0.276407090667
1.94    0.276095579791
1.96    0.275841080414
1.98    0.275563052956
2.0    0.275226560037
2.02    0.274823725048
2.04    0.274463159445
2.06    0.274118069369
2.08    0.273745704794
2.1    0.273298268639
2.12    0.272788493112
2.14    0.272333989435
2.16    0.272391133807
2.18    0.272493501332
2.2    0.272552440752
2.22    0.272542348435
2.24    0.272569445853
2.26    0.272655304192
2.28    0.272627310186
2.3    0.272408720276
2.32    0.271982973721
2.34    0.271353452689
2.36    0.270591674566
2.38    0.269600888762
2.4    0.26836162452
2.42    0.26698449773
2.44    0.265340066337
2.46    0.263572470581
2.48    0.261632558477
2.5    0.259574214621
2.52    0.25746556431
2.54    0.255434275634
2.56    0.254203815668
2.58    0.255036595298
2.6    0.255752991141
2.62    0.256456783568
2.64    0.25708994373
2.66    0.257665951992
2.68    0.258188404733
2.7    0.258637129634
2.72    0.25897466673
2.74    0.259292615063
2.76    0.259509564604
2.78    0.259622855963
2.8    0.259682208017
2.82    0.259688527539
2.84    0.259602019586
2.86    0.259427468647
2.88    0.259214436669
2.9    0.258958251056
2.92    0.258625871864
2.94    0.258221684007
2.96    0.25777729958
2.98    0.257314131815
3.0    0.256788339577
3.02    0.25620311133
3.04    0.255610639938
3.06    0.254980773824
3.08    0.254310193011
3.1    0.253639065841
3.12    0.252925836713
3.14    0.252216175739
3.16    0.251458208119
3.18    0.250657514047
3.2    0.24986667993
3.22    0.249032892754
3.24    0.248158800146
3.26    0.247247177457
3.28    0.246300920987
3.3    0.245350124125
3.32    0.244391006178
3.34    0.243404756789
3.36    0.242394555007
3.38    0.241363557873
3.4    0.240314859983
3.42    0.239251453238
3.44    0.238176188267
3.46    0.23709173888
3.48    0.236003061591
3.5    0.234942105439
3.52    0.233877352589
3.54    0.232810567851
3.56    0.231743236743
3.58    0.230676562052
3.6    0.229611466222
3.62    0.228548599206
3.64    0.227488351268
3.66    0.226430870163
3.68    0.225376081992
3.7    0.224323715071
3.72    0.223273326052
3.74    0.222224327612
3.76    0.221176017002
3.78    0.220127604816
3.8    0.219078243379
3.82    0.218027054231
3.84    0.216993458291
3.86    0.215956143644
3.88    0.214913865697
3.9    0.213865873693
3.92    0.212811493457
3.94    0.211750142496
3.96    0.21068134246
3.98    0.20960472893
4.0    0.208520058624
4.02    0.207427214077
4.04    0.20632620596
4.06    0.205217173169
4.08    0.204100380887
4.1    0.20297621681
4.12    0.201845185755
4.14    0.200707902855
4.16    0.19956508558
4.18    0.198417544775
4.2    0.19726617496
4.22    0.196111944049
4.24    0.194955882725
4.26    0.193799073602
4.28    0.192642640384
4.3    0.191487737116
4.32    0.190335537699
4.34    0.189187225761
4.36    0.188043984985
4.38    0.18690698998
4.4    0.185777397753
4.42    0.18465633984
4.44    0.183544915131
4.46    0.18244418342
4.48    0.181355159676
4.5    0.180278809061
4.52    0.17921604267
4.54    0.178167713995
4.56    0.17713461607
4.58    0.176117479294
4.6    0.175116969879
4.62    0.174133688899
4.64    0.173168171893
4.66    0.172220888988
4.68    0.171292245488
4.7    0.170382582895
4.72    0.169492180316
4.74    0.1686212562
4.76    0.167769970381
4.78    0.166938426375
4.8    0.166126673882
4.82    0.165334711477
4.84    0.164562489433
4.86    0.163809912646
4.88    0.163076843647
4.9    0.16236310564
4.92    0.161668485575
4.94    0.160992737199
4.96    0.16033558409
4.98    0.159696722633
5.0    0.159075824934
5.02    0.158472541655
5.04    0.15788650475
5.06    0.157317330101
5.08    0.156764620036
5.1    0.156227965731
5.12    0.155706949478
5.14    0.155201146835
5.16    0.15471012863
5.18    0.154233462839
5.2    0.153770716325
5.22    0.153321456452
5.24    0.152885252555
5.26    0.152461677291
5.28    0.152050307861
5.3    0.151650727109
5.32    0.151262524506
5.34    0.150885297016
5.36    0.150518649866
5.38    0.150162197196
5.4    0.14981556263
5.42    0.149478379742
5.44    0.149150292447
5.46    0.148830955302
5.48    0.148520033741
5.5    0.148217204238
5.52    0.147922154404
5.54    0.147634583032
5.56    0.147354200085
5.58    0.147080726633
5.6    0.146813894761
5.62    0.146553447416
5.64    0.146299138243
5.66    0.146050731377
5.68    0.145808001209
5.7    0.14557073214
5.72    0.145338718306
5.74    0.145111763288
5.76    0.144889679817
5.78    0.144672289461
5.8    0.144459422309
5.82    0.144250916646
5.84    0.14404661863
5.86    0.143846381963
5.88    0.143650067567
5.9    0.14345754326
5.92    0.143268683435
5.94    0.143083368742
5.96    0.142901485787
5.98    0.142722926816
6.0    0.142547589436
6.02    0.142375376313
6.04    0.142206194907
6.06    0.142039957193
6.08    0.14187657941
6.1    0.141715981809
6.12    0.141558088414
6.14    0.141402826795
6.16    0.14125012785
6.18    0.141099925595
6.2    0.140952156971
6.22    0.140806761652
6.24    0.140663681871
6.26    0.14052286225
6.28    0.140384249645
6.3    0.140247792996
6.32    0.140113443185
6.34    0.13998115291
6.36    0.13985087656
6.38    0.139722570099
6.4    0.139596190963
6.42    0.13947169796
6.44    0.139349051178
6.46    0.139228211901
6.48    0.139109142526
6.5    0.138991806498
6.52    0.138876168238
6.54    0.138762193083
6.56    0.138649847232
6.58    0.138539097693
6.6    0.138429912236
6.62    0.138322259351
6.64    0.138216108213
6.66    0.138111428641
6.68    0.138008191071
6.7    0.137906366528
6.72    0.137805926598
6.74    0.137706843409
6.76    0.137609089605
6.78    0.137512638336
6.8    0.137417463235
6.82    0.13732353841
6.84    0.137230838425
6.86    0.137139338296
6.88    0.137049013478
6.9    0.136959839855
6.92    0.136871793739
6.94    0.136784851857
6.96    0.136698991349
6.98    0.136614189764
7.0    0.136530425054
7.02    0.136447675572
7.04    0.136365920067
7.06    0.136285137685
7.08    0.136205307962
7.1    0.136126410825
7.12    0.136048426589
7.14    0.135971335955
7.16    0.13589512001
7.18    0.13581976022
7.2    0.135745238435
7.22    0.135671536882
7.24    0.135598638166
7.26    0.135526525266
7.28    0.135455181533
7.3    0.135384590692
7.32    0.135314736831
7.34    0.135245604408
7.36    0.13517717824
7.38    0.135109443507
7.4    0.135042385742
7.42    0.134975990835
7.44    0.134910245022
7.46    0.134845134889
7.48    0.13478064736
7.5    0.1347167697
7.52    0.134653489508
7.54    0.134590794711
7.56    0.134528673562
7.58    0.134467114634
7.6    0.134406106815
7.62    0.134345639304
7.64    0.134285701605
7.66    0.134226283522
7.68    0.134167375155
7.7    0.134108966891
7.72    0.134051049403
7.74    0.13399361364
7.76    0.133936650825
7.78    0.133880152447
7.8    0.133824110256
7.82    0.133768516257
7.84    0.133713362704
7.86    0.133658642094
7.88    0.133604347163
7.9    0.133550470876
7.92    0.133497006424
7.94    0.13344394722
7.96    0.133391286887
7.98    0.133339019259
8.0    0.133287138369
8.02    0.13323563845
8.04    0.133184513921
8.06    0.133133759389
8.08    0.133083369639
8.1    0.13303333963
8.12    0.132983664488
8.14    0.132934339503
8.16    0.132885360121
8.18    0.132836721941
8.2    0.132788420708
8.22    0.13274045231
8.24    0.132692812769
8.26    0.132645498242
8.28    0.13259850501
8.3    0.13255182948
8.32    0.132505468172
8.34    0.132459417723
8.36    0.132413674877
8.38    0.132368236483
8.4    0.132323099489
8.42    0.13227826094
8.44    0.132233717974
8.46    0.132189467815
8.48    0.132145507773
8.5    0.13210183524
8.52    0.132058447683
8.54    0.132015342644
8.56    0.131972517733
8.58    0.131929970632
8.6    0.131887699083
8.62    0.131845700891
8.64    0.131803973917
8.66    0.13176251608
8.68    0.13172132535
8.7    0.131680399747
8.72    0.131639737339
8.74    0.131599336237
8.76    0.131559194596
8.78    0.131519310611
8.8    0.131479682516
8.82    0.13144030858
8.84    0.131401187105
8.86    0.131362316428
8.88    0.131323694913
8.9    0.131285320954
8.92    0.131247192972
8.94    0.131209309413
8.96    0.131171668747
8.98    0.131134269465
9.0    0.13109711008
9.02    0.131060189123
9.04    0.131023505147
9.06    0.130987056717
9.08    0.130950842417
9.1    0.130914860845
9.12    0.130879110614
9.14    0.130843590349
9.16    0.130808298686
9.18    0.130773234273
9.2    0.13073839577
9.22    0.130703781844
9.24    0.130669391172
9.26    0.130635222439
9.28    0.130601274338
9.3    0.13056754557
9.32    0.130534034841
9.34    0.130500740864
9.36    0.130467662356
9.38    0.130434798041
9.4    0.130402146647
9.42    0.130369706907
9.44    0.130337477557
9.46    0.130305457339
9.48    0.130273644995
9.5    0.130242039274
9.52    0.130210638926
9.54    0.130179442705
9.56    0.130148449366
9.58    0.130117657668
9.6    0.130087066374
9.62    0.130056674245
9.64    0.130026480048
9.66    0.129996482552
9.68    0.129966680527
9.7    0.129937072745
9.72    0.12990765798
9.74    0.12987843501
9.76    0.129849402613
9.78    0.129820559569
9.8    0.129791904663
9.82    0.129763436679
9.84    0.129735154404
9.86    0.129707056629
9.88    0.129679142144
9.9    0.129651409746
9.92    0.129623858229
9.94    0.129596486395
9.96    0.129569293045
9.98    0.129542276984
10.0    0.129515437019
