0.05    3.12017806834e-05
0.07    9.79817433744e-05
0.09    0.000151094330439
0.1    0.000209960793189
0.12    0.000338197743321
0.14    0.000347299819935
0.16    0.000511078587879
0.18    0.000585612457874
0.2    0.000659763792409
0.22    0.000804198976297
0.24    0.000855044219162
0.26    0.000990439172656
0.28    0.000959875604853
0.3    0.00116027388746
0.32    0.00153607987059
0.34    0.0019056908006
0.36    0.00221775692349
0.38    0.00190332983036
0.4    0.0025010944652
0.42    0.00275048494392
0.44    0.00295311403989
0.46    0.0036493641357
0.48    0.00476543810774
0.5    0.00503912135834
0.52    0.00474713483311
0.54    0.00463367489945
0.56    0.004591404629
0.58    0.00389594802887
0.6    0.00380195366289
0.62    0.00388198515129
0.64    0.00407166666056
0.66    0.00499990185625
0.68    0.005487466428
0.7    0.00562742252671
0.72    0.00568469890917
0.74    0.00584674639921
0.76    0.00604592036392
0.78    0.00639478576402
0.8    0.00694517264985
0.82    0.00758688487647
0.84    0.00793978013248
0.86    0.00809259586861
0.88    0.00869721644244
0.9    0.00914767940189
0.92    0.00951960870306
0.94    0.00982057804954
0.96    0.0100028224638
0.98    0.0102056304617
1.0    0.0103663933679
1.02    0.0104270814439
1.04    0.0104888149358
1.06    0.010609555311
1.08    0.0107450701501
1.1    0.010861847448
1.12    0.0109501419398
1.14    0.0110364933384
1.16    0.0111431719407
1.18    0.0112503699861
1.2    0.0113854750998
1.22    0.0115830285107
1.24    0.0118620638409
1.26    0.0138216422555
1.28    0.0157819680976
1.3    0.0175562493448
1.32    0.0190991448503
1.34    0.0203888878225
1.36    0.0214259568411
1.38    0.0222480946179
1.4    0.0228865374409
1.42    0.0233590823101
1.44    0.0235471032076
1.46    0.0234933500036
1.48    0.0232416207994
1.5    0.0227427881785
1.52    0.021990101858
1.54    0.0219520275529
1.56    0.0216874310951
1.58    0.0211145623571
1.6    0.0203930851904
1.62    0.0196203481922
1.64    0.0188650248197
1.66    0.018232770082
1.68    0.0178366804555
1.7    0.0177359345781
1.72    0.0179222626116
1.74    0.0183231617113
1.76    0.0188536400938
1.78    0.0194611389443
1.8    0.0200515957073
1.82    0.0206303729264
1.84    0.0212051815123
1.86    0.0217775543114
1.88    0.0223486780523
1.9    0.0229171477316
1.92    0.0234756988883
1.94    0.0240219320227
1.96    0.0245479791334
1.98    0.0250485183412
2.0    0.0255149328077
2.02    0.0259414188998
2.04    0.0263198657454
2.06    0.0266527343281
2.08    0.0269377849048
2.1    0.0271833184231
2.12    0.0273945608846
2.14    0.027583218239
2.16    0.0277599648398
2.18    0.0279209405723
2.2    0.0280633828896
2.22    0.0281875662859
2.24    0.0282967455328
2.26    0.0283953421551
2.28    0.0284775980505
2.3    0.0285359853712
2.32    0.0285669260128
2.34    0.0285671612457
2.36    0.0285300650265
2.38    0.0284567696456
2.4    0.028415125226
2.42    0.0289191434609
2.44    0.0293637274992
2.46    0.0297557534802
2.48    0.0302074608142
2.5    0.0307116813674
2.52    0.0311425114696
2.54    0.0314620230309
2.56    0.0316656114113
2.58    0.0317587089326
2.6    0.0317568793998
2.62    0.0319521343189
2.64    0.0336047470116
2.66    0.0351556788297
2.68    0.0365922994789
2.7    0.0379243183632
2.72    0.0391881603289
2.74    0.0403745605345
2.76    0.0414712589338
2.78    0.0425237504916
2.8    0.0435222793649
2.82    0.0444325946043
2.84    0.0462750729976
2.86    0.0485038941921
2.88    0.0506443885309
2.9    0.0526684377518
2.92    0.0545885700077
2.94    0.0564559195359
2.96    0.058197382591
2.98    0.0597791641294
3.0    0.0612491180349
3.02    0.0626333761635
3.04    0.0638988435057
3.06    0.0650300552532
3.08    0.0660457352166
3.1    0.0669537909444
3.12    0.0678071347188
3.14    0.0686167443729
3.16    0.0693977624746
3.18    0.0701077723892
3.2    0.0707269745081
3.22    0.0712382562611
3.24    0.0716467964363
3.26    0.0719935586725
3.28    0.0722970766447
3.3    0.0725357403399
3.32    0.0727244518974
3.34    0.0728798168977
3.36    0.0730083372298
3.38    0.0731182806163
3.4    0.0732132475286
3.42    0.0733209598449
3.44    0.0734149411578
3.46    0.0734569364772
3.48    0.0734322387052
3.5    0.073339837467
3.52    0.0731893718873
3.54    0.0729907245207
3.56    0.0727658065845
3.58    0.0725306835705
3.6    0.0722993181507
3.62    0.0720718105578
3.64    0.0718283747555
3.66    0.0715577711294
3.68    0.0712613452547
3.7    0.070959566949
3.72    0.0706431176968
3.74    0.0702911053957
3.76    0.0698995002068
3.78    0.0694687456495
3.8    0.0689964560127
3.82    0.0684850869643
3.84    0.0679402437926
3.86    0.0674280897084
3.88    0.0671555957428
3.9    0.0668522544776
3.92    0.0665234495041
3.94    0.0661779856616
3.96    0.0658090703098
3.98    0.0654111256579
4.0    0.0649915179038
4.02    0.0645963671438
4.04    0.0642039056215
4.06    0.0637976460477
4.08    0.0633732776062
4.1    0.0629568384119
4.12    0.0626750956545
4.14    0.0626411381497
4.16    0.062570944955
4.18    0.0624640375939
4.2    0.062322181629
4.22    0.062144865268
4.24    0.0619321125782
4.26    0.0616955798875
4.28    0.0614413411981
4.3    0.0611760528097
4.32    0.0608929303674
4.34    0.0605929243078
4.36    0.060288944098
4.38    0.0599694534265
4.4    0.0596266663094
4.42    0.059260697861
4.44    0.0588793971896
4.46    0.0584834025005
4.48    0.0580735711367
4.5    0.0576491371311
4.52    0.057212906831
4.54    0.0567682806714
4.56    0.0563164666094
4.58    0.0558552832333
4.6    0.0553867207844
4.62    0.0549121904242
4.64    0.0544349568252
4.66    0.053959564016
4.68    0.0534961354881
4.7    0.0530363487001
4.72    0.0525747969878
4.74    0.0521146894903
4.76    0.0518377047957
4.78    0.0516990695679
4.8    0.0515835755725
4.82    0.0514594637284
4.84    0.0513356943671
4.86    0.0512178168004
4.88    0.0511016235495
4.9    0.0509874910793
4.92    0.0508711085906
4.94    0.0507508676075
4.96    0.0506275495746
4.98    0.0504991461395
5.0    0.0503709977933
5.02    0.0502434469265
5.04    0.0501187991261
5.06    0.0500027072808
5.08    0.0498943819324
5.1    0.0497944550125
5.12    0.0497116352512
5.14    0.0496349150429
5.16    0.0495549140192
5.18    0.0494776035182
5.2    0.0494164506004
5.22    0.049361145875
5.24    0.049308210453
5.26    0.0492591012054
5.28    0.0492089254429
5.3    0.0491554985207
5.32    0.0491050900971
5.34    0.0490658631674
5.36    0.049046775418
5.38    0.0490311425063
5.4    0.0490158219895
5.42    0.0490031178011
5.44    0.048997268087
5.46    0.0489907390947
5.48    0.0489755218768
5.5    0.0489501734453
5.52    0.0489244462509
5.54    0.0489069959216
5.56    0.0488893227598
5.58    0.0488683867918
5.6    0.0488480635379
5.62    0.0488277208285
5.64    0.0488108746158
5.66    0.048792152344
5.68    0.0487650646441
5.7    0.0487317945418
5.72    0.0486927078189
5.74    0.0486433384587
5.76    0.0485842994044
5.78    0.0485202235093
5.8    0.0484571801562
5.82    0.048403959469
5.84    0.0483562411643
5.86    0.0482978492578
5.88    0.0482241512668
5.9    0.0481365595878
5.92    0.0480351973414
5.94    0.0479231593986
5.96    0.0478053348207
5.98    0.0476733994558
6.0    0.0475171220352
6.02    0.0473356516299
6.04    0.0471321942057
6.06    0.0469071115484
6.08    0.0466583802099
6.1    0.0463863958688
6.12    0.0460922092165
6.14    0.0457763228576
6.16    0.0454404463978
6.18    0.0450889625296
6.2    0.0447289950398
6.22    0.0445322539873
6.24    0.0444186943467
6.26    0.0442906181667
6.28    0.0441493016109
6.3    0.0439954716301
6.32    0.0438289928
6.34    0.0436494124525
6.36    0.043457102868
6.38    0.0432533161729
6.4    0.0430378743681
6.42    0.0428111271315
6.44    0.0425753265029
6.46    0.042329695064
6.48    0.0420725632022
6.5    0.0418028546405
6.52    0.0415203442909
6.54    0.0412244300514
6.56    0.0409138943276
6.58    0.0405889854687
6.6    0.0402490509434
6.62    0.0398944262769
6.64    0.0395259479782
6.66    0.0391435517296
6.68    0.0389254348452
6.7    0.0388459106872
6.72    0.0387557182791
6.74    0.0386541529844
6.76    0.0385416046563
6.78    0.0384171471603
6.8    0.0383901540152
6.82    0.0385315390563
6.84    0.0386662455472
6.86    0.0387941455133
6.88    0.0389149140788
6.9    0.0390288499214
6.92    0.0391351691513
6.94    0.0392334832187
6.96    0.0393244566033
6.98    0.039406653836
7.0    0.0394814725802
7.02    0.0395472245016
7.04    0.0396052235539
7.06    0.0396542706901
7.08    0.0396950866913
7.1    0.0397274700582
7.12    0.0397513680142
7.14    0.0397674211244
7.16    0.0397797991829
7.18    0.0397903701679
7.2    0.0397934840478
7.22    0.039788652742
7.24    0.0397754878958
7.26    0.039753713482
7.28    0.0397231719813
7.3    0.0396843307638
7.32    0.039636918695
7.34    0.0395807077104
7.36    0.0395157681955
7.38    0.0394427585821
7.4    0.0393610119769
7.42    0.0392705613306
7.44    0.0391717348708
7.46    0.0390647133354
7.48    0.0389491021031
7.5    0.038824944781
7.52    0.0386928332658
7.54    0.0385525474718
7.56    0.0384042310948
7.58    0.0382483782938
7.6    0.038087007337
7.62    0.0379259257735
7.64    0.0377595373146
7.66    0.0375869703428
7.68    0.0374090787611
7.7    0.037227310014
7.72    0.0372714967138
7.74    0.0376283854302
7.76    0.0379835395494
7.78    0.0383364752795
7.8    0.0386869123701
7.82    0.0390347912341
7.84    0.0393807429246
7.86    0.0397239134561
7.88    0.0400643789746
7.9    0.0404025813081
7.92    0.0407379567667
7.94    0.0410786046078
7.96    0.0414192788583
7.98    0.0417577834183
8.0    0.0420933368166
8.02    0.0424264621738
8.04    0.0427563176147
8.06    0.0430835123005
8.08    0.0434075951271
8.1    0.0437282089054
8.12    0.0440459182332
8.14    0.0443604266768
8.16    0.0446712902267
8.18    0.0449785319435
8.2    0.0452829991329
8.22    0.0455836677933
8.24    0.045880487591
8.26    0.046173730316
8.28    0.0464638201094
8.3    0.0467499356903
8.32    0.047032036369
8.34    0.0473106122848
8.36    0.0475857165335
8.38    0.0478567066974
8.4    0.0481235509925
8.42    0.0483870199499
8.44    0.048646663188
8.46    0.0489020853997
8.48    0.0491532629544
8.5    0.0494012742254
8.52    0.0496451024741
8.54    0.0498846327939
8.56    0.0501200024926
8.58    0.0503521085588
8.6    0.0505798782276
8.62    0.0508033003181
8.64    0.051022765004
8.66    0.0512386998719
8.68    0.0514502669977
8.7    0.0516574613984
8.72    0.0518610064689
8.74    0.0520606928443
8.76    0.05225600269
8.78    0.052446936567
8.8    0.0526347141213
8.82    0.052818156572
8.84    0.052997233773
8.86    0.0531725975719
8.88    0.0533442180697
8.9    0.0535114935924
8.92    0.0536746729165
8.94    0.0538345425312
8.96    0.0539900961085
8.98    0.0541413452903
9.0    0.0542895071091
9.02    0.0544334407485
9.04    0.0545731093855
9.06    0.0547095176833
9.08    0.0548419533535
9.1    0.0549701701602
9.12    0.0550950504631
9.14    0.055216127933
9.16    0.0553330386969
9.18    0.055446696362
9.2    0.0555565711797
9.22    0.0556623367894
9.24    0.0557651702877
9.26    0.0558640119113
9.28    0.0559592809471
9.3    0.056051275482
9.32    0.0561393766226
9.34    0.0562246036283
9.36    0.0563114678732
9.38    0.0564129255698
9.4    0.0565107337736
9.42    0.0566056382393
9.44    0.0566967591305
9.46    0.0567850611287
9.48    0.0568695735566
9.5    0.0569511980088
9.52    0.0570291828884
9.54    0.057104007976
9.56    0.0571755480584
9.58    0.0572434385468
9.6    0.0573086182252
9.62    0.0573700540899
9.64    0.0574283823675
9.66    0.0574835913813
9.68    0.0575351310453
9.7    0.0575839564584
9.72    0.0576294059839
9.74    0.0576712624493
9.76    0.0577106826419
9.78    0.0577465882264
9.8    0.057779102327
9.82    0.0578091477117
9.84    0.0578357283827
9.86    0.057859237555
9.88    0.0578801001809
9.9    0.057897577638
9.92    0.0579126450694
9.94    0.0579245478205
9.96    0.0579453674068
9.98    0.0579649339028
10.0    0.0579819977163
