0.05    5.09369951834e-05
0.07    0.000120152955214
0.09    0.000313919881206
0.1    0.0003965059715
0.12    0.000905923958355
0.14    0.00129828959787
0.16    0.00106410173308
0.18    0.00148199199144
0.2    0.00169798533532
0.22    0.00232422860192
0.24    0.0022686615659
0.26    0.00365033854694
0.28    0.00443588906849
0.3    0.00542582288551
0.32    0.00550072990086
0.34    0.00540274033306
0.36    0.00739790511679
0.38    0.00832434793879
0.4    0.00786277510803
0.42    0.00855521764613
0.44    0.0107918499648
0.46    0.011627847745
0.48    0.0152168830191
0.5    0.0178794440321
0.52    0.017228200954
0.54    0.0177304043523
0.56    0.0208186666694
0.58    0.0245746353117
0.6    0.0266060422863
0.62    0.0270208773958
0.64    0.0261068815964
0.66    0.0240120783582
0.68    0.0199793907425
0.7    0.0169455769569
0.72    0.0159941381619
0.74    0.0173227573731
0.76    0.0185433285552
0.78    0.0190553901936
0.8    0.0194073655355
0.82    0.0193921376658
0.84    0.0196030686511
0.86    0.0205240431381
0.88    0.020839518695
0.9    0.0211102460193
0.92    0.0219790574343
0.94    0.024496224056
0.96    0.0274960935877
0.98    0.0298266435199
1.0    0.0308985141944
1.02    0.0306320637853
1.04    0.029248352367
1.06    0.0271503403001
1.08    0.024888706881
1.1    0.024462429468
1.12    0.0243273490686
1.14    0.0240353979567
1.16    0.0241729619085
1.18    0.0235900750439
1.2    0.0226148181811
1.22    0.0217376498626
1.24    0.0213168508753
1.26    0.0214417829953
1.28    0.0219507127743
1.3    0.0225981133426
1.32    0.0231606556176
1.34    0.0234773615162
1.36    0.0234503260851
1.38    0.023046747434
1.4    0.0236115820295
1.42    0.0243010554497
1.44    0.02460145964
1.46    0.024660796545
1.48    0.0246891659251
1.5    0.0248889927639
1.52    0.0253831586643
1.54    0.0261818643096
1.56    0.0271779698964
1.58    0.0282099862475
1.6    0.0291080275566
1.62    0.0297663148791
1.64    0.030241315024
1.66    0.0303232157697
1.68    0.0299617308657
1.7    0.029144857917
1.72    0.02873641616
1.74    0.0280117851003
1.76    0.0266326854846
1.78    0.0247823997024
1.8    0.0240779904598
1.82    0.0235173495347
1.84    0.0241289863201
1.86    0.0249447044622
1.88    0.0256531454482
1.9    0.0264610452899
1.92    0.0282049869663
1.94    0.029627450183
1.96    0.0307342855224
1.98    0.0315297933673
2.0    0.0320199014666
2.02    0.0322130602017
2.04    0.0321124714176
2.06    0.0320105962016
2.08    0.0330121279955
2.1    0.0334248142662
2.12    0.0332420275128
2.14    0.0325065121632
2.16    0.0314865880374
2.18    0.0318929243887
2.2    0.0331024388603
2.22    0.0339423686966
2.24    0.0344095524022
2.26    0.0345120312258
2.28    0.0342691108206
2.3    0.0337053826516
2.32    0.0328598581458
2.34    0.0317712761461
2.36    0.0304786663727
2.38    0.0302102079663
2.4    0.0300321689782
2.42    0.0298037645663
2.44    0.0295298442971
2.46    0.0292307336664
2.48    0.0290408849661
2.5    0.0288171617468
2.52    0.0285503631785
2.54    0.0282399482396
2.56    0.0278892877159
2.58    0.0275045906253
2.6    0.0270889535628
2.62    0.0266455952107
2.64    0.0261788393578
2.66    0.0263133964268
2.68    0.0269558889874
2.7    0.0274871621409
2.72    0.0280780236691
2.74    0.0285892190539
2.76    0.0289674421582
2.78    0.0292408056285
2.8    0.0295273602861
2.82    0.0298023496158
2.84    0.0300124095559
2.86    0.030159354045
2.88    0.0302580863229
2.9    0.0303276610684
2.92    0.0303853378955
2.94    0.0304497775318
2.96    0.0305377838701
2.98    0.0306661479054
3.0    0.0308477771401
3.02    0.0310952124817
3.04    0.0314158689429
3.06    0.0318165914753
3.08    0.032302281
3.1    0.032872266432
3.12    0.0335250852721
3.14    0.0342570106838
3.16    0.0350649358691
3.18    0.0359396529426
3.2    0.0368727100359
3.22    0.0378581236618
3.24    0.0388823377746
3.26    0.0399395153423
3.28    0.0410165592274
3.3    0.0421036275659
3.32    0.0431940367155
3.34    0.0442761619269
3.36    0.0453417654631
3.38    0.0463833923672
3.4    0.0473943260074
3.42    0.0483725683407
3.44    0.0493162412828
3.46    0.0503632161052
3.48    0.0514331137158
3.5    0.0524774278926
3.52    0.0535001175887
3.54    0.0545087879365
3.56    0.0554899468804
3.58    0.0564317580944
3.6    0.0573300485772
3.62    0.058193928068
3.64    0.0590683265767
3.66    0.0600465287149
3.68    0.0614938114085
3.7    0.0628989417535
3.72    0.0642514479728
3.74    0.0655471047746
3.76    0.0667868727961
3.78    0.0679674693899
3.8    0.0690904677218
3.82    0.0701576966611
3.84    0.0711704509736
3.86    0.0721302509915
3.88    0.0730386201509
3.9    0.0738972349812
3.92    0.074708801726
3.94    0.0754795808684
3.96    0.0762143789382
3.98    0.0769217106252
4.0    0.0776001032513
4.02    0.0782488944636
4.04    0.0788742076938
4.06    0.0795802694077
4.08    0.0803622908319
4.1    0.0811111049808
4.12    0.0818194733852
4.14    0.0824856361423
4.16    0.0831135773103
4.18    0.0837158874078
4.2    0.084348149392
4.22    0.0850522434345
4.24    0.0857511505926
4.26    0.0864352767481
4.28    0.0871066420192
4.3    0.0877534716887
4.32    0.0883619421448
4.34    0.0889252380449
4.36    0.0894390027554
4.38    0.0899034573629
4.4    0.0903137989165
4.42    0.0906724292261
4.44    0.0909766991669
4.46    0.0912266238053
4.48    0.0914241231042
4.5    0.0915662021006
4.52    0.0916578150495
4.54    0.0916956433111
4.56    0.0916836957066
4.58    0.0922013431864
4.6    0.0929445657597
4.62    0.0936011683458
4.64    0.0941674902812
4.66    0.0946468417434
4.68    0.0950396609693
4.7    0.0953546621731
4.72    0.0956055474311
4.74    0.0958271662562
4.76    0.0960261311065
4.78    0.0962089926576
4.8    0.096496552391
4.82    0.0967555006288
4.84    0.0969554179215
4.86    0.0970912281655
4.88    0.0971556477872
4.9    0.097142692438
4.92    0.0970520876336
4.94    0.0968897722977
4.96    0.0966627198433
4.98    0.0963786897649
5.0    0.0960337783645
5.02    0.0956299764981
5.04    0.0952071761666
5.06    0.0948778455077
5.08    0.0945493180195
5.1    0.0941870191496
5.12    0.0937919583932
5.14    0.0935152726702
5.16    0.0936952221464
5.18    0.0937957817137
5.2    0.0938058231109
5.22    0.093729914203
5.24    0.0935915624648
5.26    0.0933907347251
5.28    0.0931181942145
5.3    0.0927773018754
5.32    0.0923760117869
5.34    0.0919148000848
5.36    0.091398974203
5.38    0.0908407192095
5.4    0.0902352068922
5.42    0.0895635106067
5.44    0.0888180323368
5.46    0.0880012933827
5.48    0.0871526043916
5.5    0.0865476554597
5.52    0.0859713379486
5.54    0.0854486320626
5.56    0.0849295515219
5.58    0.0844238901172
5.6    0.083902911181
5.62    0.083348767214
5.64    0.082756324365
5.66    0.0821221626665
5.68    0.0814451382004
5.7    0.080723535933
5.72    0.0799586157646
5.74    0.0791529634032
5.76    0.0783099611638
5.78    0.0774323174177
5.8    0.0765220565816
5.82    0.0755808950875
5.84    0.0746109357758
5.86    0.0736986717408
5.88    0.0728526806215
5.9    0.0719880149029
5.92    0.0711064466135
5.94    0.0702090442967
5.96    0.0692976298056
5.98    0.0683740666701
6.0    0.067440977594
6.02    0.0665002511392
6.04    0.0655532898204
6.06    0.0651002400749
6.08    0.0647988264931
6.1    0.0644899211119
6.12    0.0641738039887
6.14    0.0639150343217
6.16    0.0640261805078
6.18    0.064129949199
6.2    0.0642264362303
6.22    0.064315739254
6.24    0.0644006140053
6.26    0.0644784946656
6.28    0.0645494723793
6.3    0.0646136496306
6.32    0.0646711297546
6.34    0.0647220167601
6.36    0.0647668709563
6.38    0.0648074107365
6.4    0.0648416494058
6.42    0.0648696918328
6.44    0.0648916428098
6.46    0.0649076069201
6.48    0.0649176884109
6.5    0.0649228229027
6.52    0.0649238226975
6.54    0.0649192260395
6.56    0.0649091346295
6.58    0.0648936493181
6.6    0.0648728700187
6.62    0.0648468956248
6.64    0.064817070267
6.66    0.0647832143817
6.68    0.0647444297067
6.7    0.0647008103892
6.72    0.0646524492463
6.74    0.0645994377165
6.76    0.0645418658151
6.78    0.06448166723
6.8    0.0644173001681
6.82    0.0643486108145
6.84    0.0642756832442
6.86    0.0641985999638
6.88    0.0641174418893
6.9    0.0640330445696
6.92    0.0639459066965
6.94    0.0638549048117
6.96    0.0637601135083
6.98    0.0636616057508
7.0    0.063559452882
7.02    0.0634538374997
7.04    0.0633464124234
7.06    0.0632355251853
7.08    0.0631212408548
7.1    0.0630036229222
7.12    0.0628827333098
7.14    0.062758632391
7.16    0.0626328237367
7.18    0.0625041481736
7.2    0.0623724131579
7.22    0.0622376732419
7.24    0.0620999815379
7.26    0.0619593897406
7.28    0.0618170374021
7.3    0.0616723580284
7.32    0.0615249063198
7.34    0.0613747287528
7.36    0.0612218705296
7.38    0.0610663756013
7.4    0.0609090304579
7.42    0.0607498485666
7.44    0.0605881366069
7.46    0.0604239340222
7.48    0.0602572791627
7.5    0.0600882093138
7.52    0.0599170953654
7.54    0.0597446651439
7.56    0.0595699087095
7.58    0.0593928595813
7.6    0.0592135503784
7.62    0.0590320128408
7.64    0.0588482778723
7.66    0.0586634700588
7.68    0.0584766835115
7.7    0.0582877715363
7.72    0.0580967621189
7.74    0.0579036825488
7.76    0.057708559447
7.78    0.0575118316412
7.8    0.0573138667622
7.82    0.0571139194115
7.84    0.056912013966
7.86    0.0567372265214
7.88    0.0567119077801
7.9    0.05668286618
7.92    0.0566501358378
7.94    0.0566137503173
7.96    0.0565751483367
7.98    0.0565332885014
8.0    0.0564878567681
8.02    0.0564388847324
8.04    0.0563864035323
8.06    0.0563306914081
8.08    0.0562729545606
8.1    0.05621178539
8.12    0.0561472134484
8.14    0.0560792679209
8.16    0.056007977647
8.18    0.0559348869923
8.2    0.055858584535
8.22    0.0557790082142
8.24    0.0556961857004
8.26    0.0556104009285
8.28    0.0555227099977
8.3    0.0554318408155
8.32    0.0553378201278
8.34    0.0552406744723
8.36    0.0551415811276
8.38    0.0550397437529
8.4    0.0549348466091
8.42    0.0548269155831
8.44    0.0547170261594
8.46    0.0546045354452
8.48    0.0544890745551
8.5    0.0543707270557
8.52    0.054250798278
8.54    0.0541279622805
8.56    0.0540022442395
8.58    0.0541188043277
8.6    0.0545603227768
8.62    0.0549975269064
8.64    0.0554294940474
8.66    0.05585611053
8.68    0.0562783887214
8.7    0.0566948556517
8.72    0.0571054616233
8.74    0.0575112259696
8.76    0.0579106481443
8.78    0.0583043679331
8.8    0.0586921533525
8.82    0.0590736541465
8.84    0.0594492403935
8.86    0.059818525295
8.88    0.060181382302
8.9    0.0605384122136
8.92    0.0608889704812
8.94    0.0612588074177
8.96    0.0616783411239
8.98    0.0620917744736
9.0    0.062499828227
9.02    0.0629017824171
9.04    0.0632974517219
9.06    0.0636874611542
9.08    0.0640711999206
9.1    0.0644485602059
9.12    0.0648195416793
9.14    0.0651845102935
9.16    0.0655430730375
9.18    0.0658951912869
9.2    0.0662408991699
9.22    0.0665802412976
9.24    0.0669132427521
9.26    0.0672398851185
9.28    0.0675601044458
9.3    0.0678738227282
9.32    0.0681810031175
9.34    0.0684818124389
9.36    0.0687930145288
9.38    0.0691190607091
9.4    0.0694383746141
9.42    0.0697506143492
9.44    0.0700555338481
9.46    0.0703529562224
9.48    0.0706429589191
9.5    0.0709257616437
9.52    0.0712007174711
9.54    0.0714676549188
9.56    0.0717273272569
9.58    0.0719788565878
9.6    0.0722219866919
9.62    0.0724577218327
9.64    0.0726846079938
9.66    0.0729036684712
9.68    0.0731140457011
9.7    0.0733161474794
9.72    0.0735096642579
9.74    0.0736946785802
9.76    0.073871060166
9.78    0.0740388809416
9.8    0.0741979380661
9.82    0.0743484812364
9.84    0.0744901155842
9.86    0.0746233184763
9.88    0.0747475438652
9.9    0.0748633645376
9.92    0.0749703332694
9.94    0.0750687498579
9.96    0.0751587458626
9.98    0.075239755914
10.0    0.0753131628203
