0.05    6.38168311837e-05
0.07    0.000179473753881
0.09    0.00034656757755
0.1    0.000449537763526
0.12    0.000676802950854
0.14    0.00117117600893
0.16    0.00167281740083
0.18    0.00191847833439
0.2    0.00167513107747
0.22    0.00222707384102
0.24    0.00300504686249
0.26    0.0033810733305
0.28    0.00341339287363
0.3    0.00399472870419
0.32    0.0048664939411
0.34    0.00518883477678
0.36    0.00548586058921
0.38    0.00645991558311
0.4    0.00688875555872
0.42    0.00774678230322
0.44    0.0109237881966
0.46    0.0144627733063
0.48    0.0191828963956
0.5    0.0235982957906
0.52    0.0251352166826
0.54    0.0254196544145
0.56    0.0246464780577
0.58    0.0238771514831
0.6    0.0238347015469
0.62    0.0228699889873
0.64    0.0217528656342
0.66    0.0212402717347
0.68    0.0205296344043
0.7    0.0199860874618
0.72    0.020035910805
0.74    0.0196677922849
0.76    0.017942432385
0.78    0.0152158930991
0.8    0.0141165675954
0.82    0.0142728458416
0.84    0.0159518025423
0.86    0.0169726065006
0.88    0.0170083138232
0.9    0.0174085635414
0.92    0.0168390464017
0.94    0.0156514505823
0.96    0.0148640987338
0.98    0.0150128848453
1.0    0.0157862223471
1.02    0.0168863843201
1.04    0.0180933422378
1.06    0.0188197662856
1.08    0.0184102275761
1.1    0.0167841377473
1.12    0.0161917857701
1.14    0.016011496684
1.16    0.0154735256532
1.18    0.0149037517231
1.2    0.0145760536927
1.22    0.0146188039197
1.24    0.0149894498925
1.26    0.0155354719988
1.28    0.0160853064171
1.3    0.0165090487609
1.32    0.0167452563907
1.34    0.0167883140289
1.36    0.0166708475135
1.38    0.0164429209305
1.4    0.0161565788085
1.42    0.0172612843396
1.44    0.0185658164409
1.46    0.0197463612593
1.48    0.0208093053889
1.5    0.0217556525969
1.52    0.0225805866757
1.54    0.0232713304274
1.56    0.0238113263692
1.58    0.0241629292089
1.6    0.0243057299516
1.62    0.0242141927989
1.64    0.0243404612153
1.66    0.0248444537055
1.68    0.0249519113361
1.7    0.024710753543
1.72    0.024187417897
1.74    0.0234389402813
1.76    0.0225188273609
1.78    0.0215062607507
1.8    0.0215837432983
1.82    0.0222331523883
1.84    0.0233554898371
1.86    0.0243205709485
1.88    0.0250979576305
1.9    0.0256554381194
1.92    0.0259726629457
1.94    0.0260382455592
1.96    0.0276524612352
1.98    0.0292104721266
2.0    0.0302594042386
2.02    0.0307670853649
2.04    0.0307712719316
2.06    0.0303512139265
2.08    0.0302556884127
2.1    0.0299579135341
2.12    0.029396218339
2.14    0.0286612502621
2.16    0.0278397620578
2.18    0.0270069060441
2.2    0.0262263098255
2.22    0.0255378411407
2.24    0.0249731946424
2.26    0.0245491845745
2.28    0.0242708542559
2.3    0.0241312731226
2.32    0.0241132757608
2.34    0.0241907623511
2.36    0.0243309033282
2.38    0.0244972222856
2.4    0.024656693139
2.42    0.0247797875907
2.44    0.0252120326661
2.46    0.0257209775099
2.48    0.0261767821746
2.5    0.0265681879354
2.52    0.0268912378082
2.54    0.0271515780064
2.56    0.0273627410271
2.58    0.0275415460223
2.6    0.027710451254
2.62    0.0278933961573
2.64    0.0281136069222
2.66    0.0283917360541
2.68    0.0287476818336
2.7    0.0291905728115
2.72    0.0297287280878
2.74    0.0303596082846
2.76    0.0310789472301
2.78    0.0318738983276
2.8    0.0327301487304
2.82    0.0336304044609
2.84    0.0345546215753
2.86    0.0354822299544
2.88    0.0363916084297
2.9    0.0372614510989
2.92    0.0380712264437
2.94    0.0388050125626
2.96    0.03944386531
2.98    0.0399764144014
3.0    0.0403905205715
3.02    0.0406785206946
3.04    0.0416153113857
3.06    0.0424086354421
3.08    0.0429882819453
3.1    0.0434220292179
3.12    0.0437706191766
3.14    0.044002031344
3.16    0.0442346452564
3.18    0.0444201115987
3.2    0.044558426862
3.22    0.0445404373795
3.24    0.0443957964953
3.26    0.0440868095218
3.28    0.0435815976203
3.3    0.0428884101419
3.32    0.0420287664572
3.34    0.0410319522139
3.36    0.0399336265051
3.38    0.038775792477
3.4    0.0376006916244
3.42    0.0364471166498
3.44    0.0359865267671
3.46    0.0366459367785
3.48    0.0372694622139
3.5    0.0378587489443
3.52    0.0384090638802
3.54    0.0389190597485
3.56    0.0393926501359
3.58    0.0398243722064
3.6    0.0402138374912
3.62    0.0405650489557
3.64    0.0408723168321
3.66    0.0411384992851
3.68    0.0413636926844
3.7    0.0415444730892
3.72    0.041687269067
3.74    0.0417864422491
3.76    0.0418445135382
3.78    0.0420029761961
3.8    0.0425969600023
3.82    0.0431788756251
3.84    0.0437447375949
3.86    0.0442934954839
3.88    0.0448307291478
3.9    0.0453513536125
3.92    0.0458549861377
3.94    0.0463475595229
3.96    0.0468229798191
3.98    0.0472823410932
4.0    0.0477297679228
4.02    0.0481599966011
4.04    0.0485754772412
4.06    0.048977656074
4.08    0.049362526491
4.1    0.049734387898
4.12    0.0500909690811
4.14    0.0504302237276
4.16    0.0507582484872
4.18    0.0510685747168
4.2    0.0513640676582
4.22    0.0516452336285
4.24    0.0524311278189
4.26    0.0533479427396
4.28    0.0541673479914
4.3    0.0548829439665
4.32    0.0556370356231
4.34    0.0571800682576
4.36    0.0586392260803
4.38    0.060009931858
4.4    0.0612879282655
4.42    0.0624692820664
4.44    0.063550441207
4.46    0.0645285693768
4.48    0.0654015278614
4.5    0.0661659810901
4.52    0.0668202789347
4.54    0.0673640167153
4.56    0.0677985676401
4.58    0.0681234172444
4.6    0.0684004929489
4.62    0.0693957761333
4.64    0.0703841255012
4.66    0.0714384787359
4.68    0.0724640913017
4.7    0.0734062321958
4.72    0.0742494354862
4.74    0.074983760137
4.76    0.0756092979384
4.78    0.0761206017878
4.8    0.0765160545268
4.82    0.0767948428215
4.84    0.0769567189406
4.86    0.0770019978348
4.88    0.0769315540091
4.9    0.076746770199
4.92    0.0764494728512
4.94    0.0760448145662
4.96    0.0755319899622
4.98    0.0749131282542
5.0    0.0741923979063
5.02    0.0733723208481
5.04    0.0724536244115
5.06    0.0714409568926
5.08    0.0703376701418
5.1    0.0691450886635
5.12    0.0686170340639
5.14    0.069016981432
5.16    0.0693468741604
5.18    0.0696063002835
5.2    0.0697916110003
5.22    0.0699058503
5.24    0.0699461242435
5.26    0.069913343811
5.28    0.069812616815
5.3    0.0702753949352
5.32    0.0707165741244
5.34    0.0710829601019
5.36    0.0713765385632
5.38    0.0715995813619
5.4    0.0717538925196
5.42    0.0718427600684
5.44    0.0718686083914
5.46    0.0718323535503
5.48    0.0717353407879
5.5    0.0715791470901
5.52    0.0713633710115
5.54    0.071087430779
5.56    0.070747441542
5.58    0.0703445433334
5.6    0.0698792364717
5.62    0.0693515105045
5.64    0.0687628518872
5.66    0.0681150011759
5.68    0.0679632741745
5.7    0.0683451306115
5.72    0.0687206986833
5.74    0.0690871501613
5.76    0.0694440957743
5.78    0.0697936513979
5.8    0.0701353117425
5.82    0.0704675608371
5.84    0.070791295344
5.86    0.0711084710906
5.88    0.0714163775883
5.9    0.0717150760558
5.92    0.0720079805855
5.94    0.0722920206712
5.96    0.0725670492475
5.98    0.07283567545
6.0    0.0730964301239
6.02    0.073348402938
6.04    0.0735937287542
6.06    0.07383186666
6.08    0.0740614796114
6.1    0.0742845757164
6.12    0.0745008365592
6.14    0.0747088509912
6.16    0.0749108933454
6.18    0.0751060721276
6.2    0.075293299398
6.22    0.0755033214355
6.24    0.0760011617292
6.26    0.07649003358
6.28    0.0769699884464
6.3    0.0774420395445
6.32    0.0779077738332
6.34    0.0783647615365
6.36    0.0788130672118
6.38    0.079252758386
6.4    0.0796857908187
6.42    0.0801118730322
6.44    0.0805295495551
6.46    0.0809388970262
6.48    0.0813399940752
6.5    0.0817346031047
6.52    0.0821227967658
6.54    0.0825029737807
6.56    0.08287521839
6.58    0.0832396159803
6.6    0.0835967396532
6.62    0.0839489940058
6.64    0.0842936484842
6.66    0.0846307911253
6.68    0.0849605103943
6.7    0.0852828950635
6.72    0.0855996281
6.74    0.0859108131234
6.76    0.0862149143406
6.78    0.0865120203001
6.8    0.0868022193155
6.82    0.0870855993688
6.84    0.087363931913
6.86    0.0876370420551
6.88    0.0879035769737
6.9    0.088163622295
6.92    0.0884172629257
6.94    0.0886645829816
6.96    0.0889066048366
6.98    0.0891445367624
7.0    0.0893763771745
7.02    0.0896022063726
7.04    0.0898221036106
7.06    0.0900361470543
7.08    0.0902444137437
7.1    0.090449531183
7.12    0.0906493529183
7.14    0.0908436037577
7.16    0.0910323559199
7.18    0.09121568037
7.2    0.0913936467962
7.22    0.0915672549532
7.24    0.0917374875724
7.26    0.091902545427
7.28    0.092062493025
7.3    0.0922173935532
7.32    0.0923673088805
7.34    0.092512299555
7.36    0.0926545067679
7.38    0.0927924831301
7.4    0.0929256909637
7.42    0.0930541856317
7.44    0.0931780212107
7.46    0.0932972504927
7.48    0.0934128184749
7.5    0.0935255482834
7.52    0.093633805495
7.54    0.0937376379894
7.56    0.0938370924412
7.58    0.0939322143342
7.6    0.094023483455
7.62    0.0941125363657
7.64    0.0941973696579
7.66    0.0942780243364
7.68    0.0943545403158
7.7    0.0944269564423
7.72    0.094496196946
7.74    0.094562898266
7.76    0.0946255941312
7.78    0.094684319439
7.8    0.0947391081366
7.82    0.0947899932433
7.84    0.0948393012221
7.86    0.0948847589309
7.88    0.094926391412
7.9    0.0949642283136
7.92    0.0949983438543
7.94    0.0950309048613
7.96    0.0950597395068
7.98    0.0950848744577
8.0    0.0951063356746
8.02    0.0951247545514
8.04    0.0951411050543
8.06    0.0951538411493
8.08    0.0951629862938
8.1    0.095168563357
8.12    0.0951717329133
8.14    0.095172336004
8.16    0.0951694221773
8.18    0.0951630122562
8.2    0.0951531265862
8.22    0.0951409553465
8.24    0.0951262094696
8.26    0.0951080324685
8.28    0.0950864430675
8.3    0.0950614596174
8.32    0.0950334825884
8.34    0.095003734775
8.36    0.0949706324895
8.38    0.0949341928452
8.4    0.0948944326767
8.42    0.094851368556
8.44    0.0948055799511
8.46    0.0947578532667
8.48    0.0947068578709
8.5    0.094652609508
8.52    0.0945951237381
8.54    0.0945344159608
8.56    0.0944705014142
8.58    0.0944049591364
8.6    0.0943364886133
8.62    0.0942648435646
8.64    0.0941900388048
8.66    0.0941120890641
8.68    0.0940310089902
8.7    0.0939468131721
8.72    0.0938611487173
8.74    0.093772495452
8.76    0.093680757525
8.78    0.0935859494116
8.8    0.0934880855722
8.82    0.0933871804638
8.84    0.0932832485454
8.86    0.0931774384941
8.88    0.0930691469656
8.9    0.0929578599727
8.92    0.0928435921005
8.94    0.092726357977
8.96    0.0926061722783
8.98    0.0924830497252
9.0    0.0923575077417
9.02    0.0922301282596
9.04    0.0920998445703
9.06    0.091966671702
9.08    0.0918306247533
9.1    0.0916917189082
9.12    0.0915499694339
9.14    0.0914055304332
9.16    0.0912596354569
9.18    0.0911109315081
9.2    0.0910383922559
9.22    0.0910040650664
9.24    0.0909678715002
9.26    0.0909293238002
9.28    0.0908889941886
9.3    0.0908456482971
9.32    0.0907999677101
9.34    0.0907510164778
9.36    0.0907000145194
9.38    0.0906454806593
9.4    0.0905882600365
9.42    0.0905284601712
9.44    0.0904651713613
9.46    0.0903987711934
9.48    0.0903302740442
9.5    0.0902583320494
9.52    0.0901829639121
9.54    0.0901048514207
9.56    0.0900243615289
9.58    0.0899404911395
9.6    0.089853259472
9.62    0.0897628537859
9.64    0.0896705911874
9.66    0.0895750145172
9.68    0.0894761435043
9.7    0.0893739980014
9.72    0.0892692661915
9.74    0.0891622137239
9.76    0.0890519358976
9.78    0.0889384530621
9.8    0.0888217856838
9.82    0.088907075054
9.84    0.0890129974512
9.86    0.0891144847248
9.88    0.0892115549927
9.9    0.0896931628052
9.92    0.0902499754167
9.94    0.0907947201611
9.96    0.0913289600498
9.98    0.0918510615162
10.0    0.0923617377465
