0.05    1.97376813229e-05
0.07    3.63367638252e-05
0.09    7.04920927034e-05
0.1    9.63696037943e-05
0.12    0.000164043849184
0.14    0.000276745681818
0.16    0.000372806438315
0.18    0.000602252618161
0.2    0.000697812288338
0.22    0.000845603298771
0.24    0.00103205061067
0.26    0.00128595661557
0.28    0.00218794224466
0.3    0.00200551710984
0.32    0.00205456976117
0.34    0.00273008054089
0.36    0.00363722443722
0.38    0.00321117353278
0.4    0.00326051284303
0.42    0.00374924303699
0.44    0.00390048353575
0.46    0.00420109865199
0.48    0.00475917000277
0.5    0.00531248756241
0.52    0.00716816303103
0.54    0.00789369191744
0.56    0.00756435781589
0.58    0.00684213373188
0.6    0.00617944734
0.62    0.00649472479344
0.64    0.00651836442886
0.66    0.00634265454851
0.68    0.00625433799482
0.7    0.00633566017806
0.72    0.00639203583888
0.74    0.00628185642348
0.76    0.00565069935077
0.78    0.0047919879143
0.8    0.00399178621513
0.82    0.0036018394751
0.84    0.00348643581579
0.86    0.00323473184658
0.88    0.00314784342858
0.9    0.00327779525603
0.92    0.00328522191535
0.94    0.00351912622285
0.96    0.00370616581517
0.98    0.0038659426559
1.0    0.0040017437994
1.02    0.00405724313423
1.04    0.00400887506182
1.06    0.00395752354455
1.08    0.00376333443154
1.1    0.0034294338113
1.12    0.0030786294518
1.14    0.00289371851746
1.16    0.00285698465908
1.18    0.00281622961233
1.2    0.00289753419176
1.22    0.00301799514947
1.24    0.00310038164442
1.26    0.00316726754232
1.28    0.00312733207327
1.3    0.00321853833229
1.32    0.00340660188046
1.34    0.00367608256086
1.36    0.00408103127263
1.38    0.00435628897602
1.4    0.00445804666818
1.42    0.00438864555871
1.44    0.00419140381923
1.46    0.00393178445357
1.48    0.00365820228129
1.5    0.00357466156364
1.52    0.00376084904674
1.54    0.00397656659544
1.56    0.00418764745147
1.58    0.00437442941384
1.6    0.00453529397827
1.62    0.00467673131401
1.64    0.00488385246413
1.66    0.00508164518394
1.68    0.00526970031795
1.7    0.00547049331352
1.72    0.0057038587587
1.74    0.00596717635226
1.76    0.0062310305203
1.78    0.00644583196488
1.8    0.00655906434803
1.82    0.00653584180129
1.84    0.00638767481005
1.86    0.00650283693604
1.88    0.00645210021348
1.9    0.00627892423689
1.92    0.0066333051929
1.94    0.00686970331097
1.96    0.00688094427746
1.98    0.00677290540121
2.0    0.00668088930609
2.02    0.00648652114175
2.04    0.00637589058234
2.06    0.00625849428384
2.08    0.00608644854912
2.1    0.00588632261538
2.12    0.00568523791578
2.14    0.00549342082279
2.16    0.00531104450574
2.18    0.00513345863111
2.2    0.00495725449199
2.22    0.00478136301948
2.24    0.00460607560663
2.26    0.00443220099883
2.28    0.00426139713717
2.3    0.00416621540651
2.32    0.00421546927292
2.34    0.0042624943434
2.36    0.00429964106888
2.38    0.00431706943133
2.4    0.00430829583741
2.42    0.00426576041255
2.44    0.00418516714701
2.46    0.00424921559989
2.48    0.00440158088896
2.5    0.0045243280156
2.52    0.00460415734016
2.54    0.00472026526154
2.56    0.00499253590264
2.58    0.00527766585148
2.6    0.00552522236436
2.62    0.00572842986746
2.64    0.00588500448832
2.66    0.00599695350189
2.68    0.00606978063532
2.7    0.00611153554707
2.72    0.00613171691989
2.74    0.00614060608132
2.76    0.00614808523086
2.78    0.00616159372187
2.8    0.0061880680088
2.82    0.00623112433179
2.84    0.00629204086624
2.86    0.00637114434897
2.88    0.0064653630596
2.9    0.00657088389413
2.92    0.00668382419142
2.94    0.00679822593752
2.96    0.00690981498633
2.98    0.00701364288573
3.0    0.00710546190562
3.02    0.00718208659349
3.04    0.00724121998859
3.06    0.00728134750941
3.08    0.00730147422836
3.1    0.00743914453427
3.12    0.0075466606372
3.14    0.00762136853732
3.16    0.00766308710757
3.18    0.007672850002
3.2    0.00778149277995
3.22    0.00790830408568
3.24    0.00801518208878
3.26    0.0081045401996
3.28    0.00817910426468
3.3    0.00824175874172
3.32    0.008295380804
3.34    0.00834266369108
3.36    0.00838594055361
3.38    0.00842753965157
3.4    0.008469426773
3.42    0.00865393867579
3.44    0.00883917725864
3.46    0.00902493765319
3.48    0.00921140599359
3.5    0.00939740010542
3.52    0.00958147144173
3.54    0.00976190478716
3.56    0.00993625214855
3.58    0.0101018839375
3.6    0.0102562233929
3.62    0.0103964268521
3.64    0.0105193062731
3.66    0.0106216995794
3.68    0.0107014854741
3.7    0.0107563257071
3.72    0.0107849057337
3.74    0.0107873853272
3.76    0.0107638187613
3.78    0.0107159041371
3.8    0.0106464669308
3.82    0.0105603531768
3.84    0.0104702824895
3.86    0.0103715498157
3.88    0.0102593385672
3.9    0.0101354810508
3.92    0.0100856874135
3.94    0.0100354863043
3.96    0.0100481807252
3.98    0.0101041975663
4.0    0.0101447093998
4.02    0.0101728049531
4.04    0.0101923957181
4.06    0.0102072405041
4.08    0.010220833188
4.1    0.0102369614
4.12    0.0102579469207
4.14    0.0102859788913
4.16    0.0103235661104
4.18    0.0103708635985
4.2    0.0104295979832
4.22    0.0104985926989
4.24    0.0105784995293
4.26    0.0106671901642
4.28    0.0107643122281
4.3    0.0108672558181
4.32    0.0109745826989
4.34    0.0110840438018
4.36    0.0111932222185
4.38    0.0113000834595
4.4    0.0114026630878
4.42    0.0114991144142
4.44    0.0115877455931
4.46    0.0116672420043
4.48    0.0117782950601
4.5    0.0119551798366
4.52    0.0121197131642
4.54    0.0123274294384
4.56    0.0126323009291
4.58    0.0129125311021
4.6    0.013164702936
4.62    0.0133868571764
4.64    0.0135773548155
4.66    0.0137347213296
4.68    0.0138588645678
4.7    0.0139486699243
4.72    0.014005473858
4.74    0.0140291005007
4.76    0.0140205501357
4.78    0.0139811084067
4.8    0.013912247918
4.82    0.0138155878386
4.84    0.013692853459
4.86    0.013545834053
4.88    0.0133763395889
4.9    0.0131861587972
4.92    0.0129770218076
4.94    0.0129254116747
4.96    0.0128626407873
4.98    0.0128401815962
5.0    0.0128801901581
5.02    0.0129127107595
5.04    0.0129955027167
5.06    0.0130720883223
5.08    0.0131224684957
5.1    0.0131467164764
5.12    0.0131450279669
5.14    0.0131184692377
5.16    0.0130669639817
5.18    0.0129908281532
5.2    0.0129363893734
5.22    0.0129118838853
5.24    0.0129496591501
5.26    0.0130229564523
5.28    0.0130889254956
5.3    0.013147082155
5.32    0.0131968145222
5.34    0.0132376447168
5.36    0.0132691089645
5.38    0.0132907688544
5.4    0.0133022205075
5.42    0.0133031019814
5.44    0.013293100325
5.46    0.0132721603657
5.48    0.0132400938312
5.5    0.0131966239407
5.52    0.0131420362313
5.54    0.0130762271176
5.56    0.0129994654824
5.58    0.012911556763
5.6    0.0128130166007
5.62    0.0127034357416
5.64    0.0125834392091
5.66    0.0124529454697
5.68    0.01231228869
5.7    0.0121620800279
5.72    0.0120027551621
5.74    0.0118347896829
5.76    0.0116588153724
5.78    0.011475497223
5.8    0.0112855219535
5.82    0.0110895898908
5.84    0.0108884111314
5.86    0.010682705434
5.88    0.0104733062432
5.9    0.0102612590233
5.92    0.0100470165196
5.94    0.00983193528052
5.96    0.00961640365583
5.98    0.00940177070014
6.0    0.00919210077808
6.02    0.00917792991498
6.04    0.00915734407414
6.06    0.00912986054072
6.08    0.00909618143329
6.1    0.00905557910179
6.12    0.00908598728638
6.14    0.00913480748948
6.16    0.00917891483756
6.18    0.00921864853818
6.2    0.00925389791974
6.22    0.00928432869127
6.24    0.00930992997243
6.26    0.0093313595558
6.28    0.00934802267555
6.3    0.00935989335398
6.32    0.00936711245975
6.34    0.00937020689368
6.36    0.00938920773801
6.38    0.00943276011659
6.4    0.00947186549512
6.42    0.0095065947027
6.44    0.00953657547949
6.46    0.00956183798034
6.48    0.00958242185512
6.5    0.00959885042269
6.52    0.00961093814877
6.54    0.00961851243337
6.56    0.00962164562534
6.58    0.00962041738799
6.6    0.00961531809061
6.62    0.00960630119378
6.64    0.00959319136861
6.66    0.00957609255816
6.68    0.00955511392305
6.7    0.00953040191568
6.72    0.00950262342931
6.74    0.00947130703284
6.76    0.00943657828648
6.78    0.0093985660425
6.8    0.00935740207741
6.82    0.00931322073359
6.84    0.00926651999883
6.86    0.00921723272025
6.88    0.0091653278002
6.9    0.00911094623782
6.92    0.00905422998224
6.94    0.00899532163251
6.96    0.00893436414635
6.98    0.00887150055688
7.0    0.00880717111838
7.02    0.00874131667251
7.04    0.00867396696984
7.06    0.00860526276637
7.08    0.00853534366516
7.1    0.00846434789565
7.12    0.00839241209967
7.14    0.00839116691384
7.16    0.00844929486278
7.18    0.00850317547819
7.2    0.00855306795377
7.22    0.00859848666716
7.24    0.00863962009132
7.26    0.00867620003727
7.28    0.00870826510135
7.3    0.00873577646003
7.32    0.00875859548562
7.34    0.00877694720406
7.36    0.00879047647927
7.38    0.00879970352551
7.4    0.00880417393375
7.42    0.00880428305598
7.44    0.00879990785893
7.46    0.00879303193804
7.48    0.00881985676879
7.5    0.00884227309626
7.52    0.00886076154419
7.54    0.00887490401818
7.56    0.00888517674771
7.58    0.00889127213636
7.6    0.00889362667373
7.62    0.00889198650727
7.64    0.00888680148569
7.66    0.00887781753033
7.68    0.00886553930444
7.7    0.00884967559853
7.72    0.00883080635731
7.74    0.00880860265237
7.76    0.00878367269236
7.78    0.00875571874943
7.8    0.00872528249227
7.82    0.00869217017374
7.84    0.0086568204662
7.86    0.00861915786228
7.88    0.00857947834388
7.9    0.00853787968996
7.92    0.00849442709565
7.94    0.00844950339788
7.96    0.00840295425216
7.98    0.00835515004561
8.0    0.00830617797894
8.02    0.00825603574575
8.04    0.00820506121592
8.06    0.00819126912167
8.08    0.00822877209681
8.1    0.00826460420968
8.12    0.00829887680076
8.14    0.00833172348771
8.16    0.00836309538337
8.18    0.00839321042778
8.2    0.00842213690083
8.22    0.00844987273421
8.24    0.00847653610592
8.26    0.00850239160495
8.28    0.00852734952401
8.3    0.00855150978444
8.32    0.0085749721031
8.34    0.00859800072845
8.36    0.00862054193925
8.38    0.00864267487884
8.4    0.00866449557208
8.42    0.008686098471
8.44    0.00870769747625
8.46    0.00872929284463
8.48    0.00875093704216
8.5    0.00877271608077
8.52    0.00879471335005
8.54    0.00881700944126
8.56    0.00885375798068
8.58    0.00891561385494
8.6    0.00897492613566
8.62    0.00903189054401
8.64    0.00908640264805
8.66    0.00913850054652
8.68    0.00918826657443
8.7    0.00923586099224
8.72    0.00928116663817
8.74    0.00932422295269
8.76    0.00936518347665
8.78    0.00940404184863
8.8    0.00944075692612
8.82    0.00947536812889
8.84    0.00950794558953
8.86    0.00953855618297
8.88    0.00956715193854
8.9    0.00959378327444
8.92    0.00966108446453
8.94    0.0097291878106
8.96    0.00979650830335
8.98    0.00986324654439
9.0    0.00992932258907
9.02    0.00999456247552
9.04    0.0100589359062
9.06    0.0101224070718
9.08    0.0101850061021
9.1    0.0102469309414
9.12    0.0103078193013
9.14    0.0103676152771
9.16    0.0104262584391
9.18    0.0104838019347
9.2    0.0105403517427
9.22    0.0105955479053
9.24    0.0106493145521
9.26    0.0107218276789
9.28    0.0108293516049
9.3    0.0109362697563
9.32    0.0110425863458
9.34    0.0111479989963
9.36    0.0112526656072
9.38    0.0113563996995
9.4    0.0114589667447
9.42    0.0115606565408
9.44    0.0116610138607
9.46    0.0117600728734
9.48    0.0118578450325
9.5    0.0119539582749
9.52    0.0120487259309
9.54    0.0121416539159
9.56    0.012232908251
9.58    0.0123222429878
9.6    0.0124096340053
9.62    0.0124949619617
9.64    0.0125781411108
9.66    0.0126590474341
9.68    0.0127376701127
9.7    0.0128137427265
9.72    0.012887471644
9.74    0.0129584812602
9.76    0.0130268139969
9.78    0.0130924768906
9.8    0.0131552608568
9.82    0.0132151295074
9.84    0.0132720382026
9.86    0.0133259724133
9.88    0.0133768402389
9.9    0.0134245456783
9.92    0.013469015445
9.94    0.0135101732134
9.96    0.0135479448234
9.98    0.0135822618667
10.0    0.0136130626878
