0.05    2.09305858626e-05
0.07    4.06492332988e-05
0.09    7.4210699711e-05
0.1    9.38628101998e-05
0.12    0.000170332374195
0.14    0.000319916083981
0.16    0.000555492428729
0.18    0.0005842167269
0.2    0.00076696557151
0.22    0.0008421599436
0.24    0.000996507506088
0.26    0.00159119283568
0.28    0.00208009505962
0.3    0.00179155083299
0.32    0.00183714905043
0.34    0.00177924679137
0.36    0.00190389744325
0.38    0.00249142926425
0.4    0.0029510768451
0.42    0.00295116108811
0.44    0.00376679555408
0.46    0.00426797970257
0.48    0.00481887779152
0.5    0.00605873007807
0.52    0.00787963323654
0.54    0.00878383832335
0.56    0.0100272709705
0.58    0.00997256527709
0.6    0.00881823861575
0.62    0.00863132479015
0.64    0.00887485347848
0.66    0.00901759766819
0.68    0.0088663051865
0.7    0.00795131722024
0.72    0.00722574098919
0.74    0.0065662649191
0.76    0.00579054224529
0.78    0.00510676785854
0.8    0.00461744728442
0.82    0.00430528640934
0.84    0.00407384019893
0.86    0.00427950615766
0.88    0.00439159610133
0.9    0.00452953062238
0.92    0.00465504658587
0.94    0.00468409289875
0.96    0.00463755714224
0.98    0.00457272440209
1.0    0.00458401928703
1.02    0.00474055165223
1.04    0.00502048705288
1.06    0.00534209653315
1.08    0.00564796941965
1.1    0.00590201083071
1.12    0.00605305193996
1.14    0.00605588615924
1.16    0.00617256611069
1.18    0.00649041597763
1.2    0.00677440928015
1.22    0.00701873192775
1.24    0.00722132121967
1.26    0.00738047983229
1.28    0.00749010167787
1.3    0.00777867796514
1.32    0.00811890453879
1.34    0.00840190989947
1.36    0.00863263118471
1.38    0.00881575515671
1.4    0.00895143079409
1.42    0.00903797116933
1.44    0.00907523872662
1.46    0.00906732526062
1.48    0.0090235633338
1.5    0.00894750602385
1.52    0.00910269407489
1.54    0.00972963274932
1.56    0.0102509866602
1.58    0.0106665320652
1.6    0.0109817577891
1.62    0.0112034387595
1.64    0.011338495091
1.66    0.0113903475581
1.68    0.0116322212811
1.7    0.0121155533657
1.72    0.0130135792545
1.74    0.0139215540379
1.76    0.0147837390508
1.78    0.0155635384937
1.8    0.0162479449584
1.82    0.0168225338488
1.84    0.0172845840186
1.86    0.0176459565557
1.88    0.0179628124686
1.9    0.0182845773107
1.92    0.018527355514
1.94    0.0186574795713
1.96    0.018658358827
1.98    0.0185310762598
2.0    0.0184816160756
2.02    0.0188265304325
2.04    0.0189609937442
2.06    0.018910854553
2.08    0.018725849402
2.1    0.0184758446142
2.12    0.0183532407491
2.14    0.0181435728982
2.16    0.0178483268265
2.18    0.0176444414955
2.2    0.0173753098329
2.22    0.0170489356911
2.24    0.0166801627787
2.26    0.0162937781244
2.28    0.0159098628596
2.3    0.0155391011345
2.32    0.015186512296
2.34    0.0148550775721
2.36    0.0145517200864
2.38    0.0142821607496
2.4    0.0140508627436
2.42    0.013861504613
2.44    0.0137557613983
2.46    0.013772419452
2.48    0.0138339836664
2.5    0.0139408097722
2.52    0.0140921456214
2.54    0.0142844370903
2.56    0.014513111273
2.58    0.0147721453618
2.6    0.015054383041
2.62    0.0153530244569
2.64    0.0156590272783
2.66    0.0159642656533
2.68    0.0162628425869
2.7    0.0165470382321
2.72    0.0168137462943
2.74    0.0170588582964
2.76    0.0172803288839
2.78    0.0174758671418
2.8    0.0176432287825
2.82    0.0177808150685
2.84    0.0178888580052
2.86    0.0179659409617
2.88    0.0180110223346
2.9    0.018024566143
2.92    0.0180050301723
2.94    0.0179513613585
2.96    0.0178644761882
2.98    0.0177428041901
3.0    0.0180726373944
3.02    0.0185508999182
3.04    0.0190359587915
3.06    0.0195276283359
3.08    0.0200257497425
3.1    0.0205293801735
3.12    0.0210376196871
3.14    0.0215496212154
3.16    0.0220646903762
3.18    0.0225814244331
3.2    0.023099202473
3.22    0.0236171446341
3.24    0.0241348581554
3.26    0.0246508744644
3.28    0.0251636488174
3.3    0.0256712489872
3.32    0.0261723130296
3.34    0.0266640797696
3.36    0.027145723252
3.38    0.0276145934646
3.4    0.0280692509099
3.42    0.0285090565863
3.44    0.0289322790738
3.46    0.0293375915862
3.48    0.0297241133716
3.5    0.0300914169885
3.52    0.0304401473322
3.54    0.03076886222
3.56    0.0310788754769
3.58    0.0313687973483
3.6    0.0316391176839
3.62    0.0318891454391
3.64    0.032118242841
3.66    0.0323281472502
3.68    0.0325175000775
3.7    0.0326866408955
3.72    0.0328372638938
3.74    0.0329686521856
3.76    0.0330812371786
3.78    0.033176161361
3.8    0.0332542763539
3.82    0.0333154464642
3.84    0.0333603784492
3.86    0.0333908424785
3.88    0.0334060867926
3.9    0.0334066158868
3.92    0.0333939945735
3.94    0.0333678690087
3.96    0.0333283856719
3.98    0.0332771970705
4.0    0.0332131682777
4.02    0.033136309151
4.04    0.0330472284385
4.06    0.0329455650538
4.08    0.0328310398937
4.1    0.0327037412365
4.12    0.0325637973037
4.14    0.0324745534148
4.16    0.0325931259198
4.18    0.0326955676595
4.2    0.0327807839455
4.22    0.0328488922133
4.24    0.0328993684097
4.26    0.0329318935656
4.28    0.0329463006158
4.3    0.0329425406492
4.32    0.0329206787476
4.34    0.0328810065416
4.36    0.032824367977
4.38    0.0327502084976
4.4    0.0326588890721
4.42    0.0325508297271
4.44    0.0324265087193
4.46    0.0322864685377
4.48    0.0321313209537
4.5    0.0319617419791
4.52    0.0317784529861
4.54    0.031582438752
4.56    0.0313751086891
4.58    0.0311564846041
4.6    0.030928287399
4.62    0.0306905293045
4.64    0.0304438222769
4.66    0.0301890314687
4.68    0.0299258484048
4.7    0.0296556098886
4.72    0.0293777119835
4.74    0.0290930698355
4.76    0.0288015784783
4.78    0.0285033814291
4.8    0.0281988062727
4.82    0.0278886748932
4.84    0.0275734489379
4.86    0.0272532520405
4.88    0.0269289227441
4.9    0.0266580794737
4.92    0.0265675163246
4.94    0.0264667143899
4.96    0.0264937714213
4.98    0.026702260435
5.0    0.026895994049
5.02    0.0270747837064
5.04    0.0272391708856
5.06    0.0273902825232
5.08    0.0275273401756
5.1    0.0276502581683
5.12    0.027757784776
5.14    0.0278491156543
5.16    0.0279233114561
5.18    0.0279808358796
5.2    0.0280219165012
5.22    0.0280468687851
5.24    0.0280563999071
5.26    0.0280512238299
5.28    0.0280320670688
5.3    0.0279996769807
5.32    0.0279548250611
5.34    0.0278983025523
5.36    0.0278309129052
5.38    0.0277534689568
5.4    0.0277949580802
5.42    0.0278976116944
5.44    0.0279892734888
5.46    0.0280704406472
5.48    0.0281411735766
5.5    0.0282018048442
5.52    0.0282532110927
5.54    0.0282962376326
5.56    0.0283311007813
5.58    0.0283591471649
5.6    0.0283806179323
5.62    0.0283969189065
5.64    0.028409041422
5.66    0.0284182232098
5.68    0.028424441659
5.7    0.028427040942
5.72    0.0284259320922
5.74    0.0284212047382
5.76    0.0284134650755
5.78    0.0284035873882
5.8    0.0284746284586
5.82    0.0285454528081
5.84    0.0286162342233
5.86    0.0286871975351
5.88    0.0287597894311
5.9    0.0288339085988
5.92    0.0289066691282
5.94    0.028976792194
5.96    0.0290441616366
5.98    0.0291089015892
6.0    0.0291711715623
6.02    0.0293657802927
6.04    0.0296780965913
6.06    0.0299851592317
6.08    0.030274124387
6.1    0.0305480215516
6.12    0.0308068824153
6.14    0.0310538399841
6.16    0.0313116806581
6.18    0.0315543847267
6.2    0.0317696718305
6.22    0.0319550772757
6.24    0.0321115409864
6.26    0.0322454456491
6.28    0.0323833787065
6.3    0.0325582319036
6.32    0.0329226837951
6.34    0.0332689058952
6.36    0.0335975275667
6.38    0.0339094383032
6.4    0.0342055640946
6.42    0.0344866417395
6.44    0.0347538835026
6.46    0.0350077835878
6.48    0.0352492228941
6.5    0.0354776800447
6.52    0.0356925341776
6.54    0.0358923532232
6.56    0.0360769477141
6.58    0.0362473786809
6.6    0.0364280364527
6.62    0.0366895024218
6.64    0.0369491385404
6.66    0.0371987029775
6.68    0.0374364385721
6.7    0.0376646769954
6.72    0.0378846445794
6.74    0.0380955860419
6.76    0.0382962493813
6.78    0.0384847295089
6.8    0.0386591506087
6.82    0.0388182633821
6.84    0.0389623474786
6.86    0.0390907645374
6.88    0.0392042599602
6.9    0.0393032271064
6.92    0.0393905582754
6.94    0.0394736113928
6.96    0.0395584466623
6.98    0.0396363184137
7.0    0.0397033011826
7.02    0.0397575082425
7.04    0.0397976759087
7.06    0.0398224163386
7.08    0.0398313772589
7.1    0.0398234806943
7.12    0.0397994647257
7.14    0.039760865925
7.16    0.0397136249154
7.18    0.0398416237115
7.2    0.0400883268064
7.22    0.0403335541956
7.24    0.0405773481531
7.26    0.0408201663907
7.28    0.0410626427724
7.3    0.0413075228825
7.32    0.041569079427
7.34    0.0418327782009
7.36    0.0420968108391
7.38    0.0423615457558
7.4    0.0426318518845
7.42    0.0429095661295
7.44    0.0431869035144
7.46    0.043461222685
7.48    0.0437321696572
7.5    0.0439986181012
7.52    0.0442605681763
7.54    0.0445180434198
7.56    0.0447705434472
7.58    0.0450187701324
7.6    0.0452624749935
7.62    0.0455023518272
7.64    0.0457390685171
7.66    0.0459746945846
7.68    0.0462114778695
7.7    0.0464483337455
7.72    0.0466852945759
7.74    0.0469428637149
7.76    0.0472007757857
7.78    0.047454543693
7.8    0.0477029136305
7.82    0.0479445487986
7.84    0.0481796176842
7.86    0.0484073871332
7.88    0.0486276699547
7.9    0.0488404835282
7.92    0.0490463749207
7.94    0.0492449014835
7.96    0.0494368820231
7.98    0.0496337566566
8.0    0.0498821375964
8.02    0.0501239085064
8.04    0.0503588737243
8.06    0.0505861051326
8.08    0.050805992322
8.1    0.0510177775074
8.12    0.0512216554004
8.14    0.0514167689808
8.16    0.051603130985
8.18    0.0517810064637
8.2    0.0519499089355
8.22    0.0521106548467
8.24    0.0522629006693
8.26    0.0524071455927
8.28    0.0525432860677
8.3    0.0526715454438
8.32    0.0527931102056
8.34    0.0529734427732
8.36    0.0531539619772
8.38    0.0533286657784
8.4    0.0534969772633
8.42    0.0536585746773
8.44    0.0538133036043
8.46    0.0539610864211
8.48    0.0541014236191
8.5    0.0542345141152
8.52    0.0543624793815
8.54    0.0544966130697
8.56    0.0546353398067
8.58    0.0547698383114
8.6    0.0548965821541
8.62    0.0550143717162
8.64    0.0551228296054
8.66    0.0552214274703
8.68    0.055310391578
8.7    0.0553895205331
8.72    0.0554589786241
8.74    0.0555188098343
8.76    0.0555893757746
8.78    0.0558191691497
8.8    0.0560586371256
8.82    0.056296359267
8.84    0.0565312523793
8.86    0.0567628299776
8.88    0.0569908946647
8.9    0.0572148641037
8.92    0.0574348793733
8.94    0.0576504571068
8.96    0.0578615292066
8.98    0.0580680391441
9.0    0.0582699330388
9.02    0.0584672297434
9.04    0.0586596819298
9.06    0.0588471692435
9.08    0.0590297193696
9.1    0.0592070920359
9.12    0.0593791364
9.14    0.0595457246285
9.16    0.0597069023371
9.18    0.0598630217603
9.2    0.0600135235982
9.22    0.0601583667343
9.24    0.0602981153105
9.26    0.0604323716191
9.28    0.060560938548
9.3    0.0606842409143
9.32    0.0608022532749
9.34    0.0609146325102
9.36    0.0610216046743
9.38    0.0611236014772
9.4    0.0612201855983
9.42    0.061311526283
9.44    0.0613978228979
9.46    0.0614792893632
9.48    0.0615561425811
9.5    0.0616285982209
9.52    0.0616969536544
9.54    0.0617624784791
9.56    0.0618488984411
9.58    0.0619491805049
9.6    0.0620481244237
9.62    0.0621449899735
9.64    0.0622393794101
9.66    0.0623313119556
9.68    0.0624206605837
9.7    0.0625077565272
9.72    0.0626222730921
9.74    0.0627505579699
9.76    0.0628752240435
9.78    0.0629955945393
9.8    0.0631115567561
9.82    0.0632229973059
9.84    0.0633298098308
9.86    0.0634319025303
9.88    0.0635292033946
9.9    0.063621662117
9.92    0.0637092496208
9.94    0.0637919576565
9.96    0.0638701762783
9.98    0.0639436171407
10.0    0.0640122707173
