0.05    3.30397351874e-05
0.07    7.69632560924e-05
0.09    0.000181258190109
0.1    0.000216627732531
0.12    0.000395191257979
0.14    0.000743591925755
0.16    0.00141868697799
0.18    0.00227586264277
0.2    0.0020664202833
0.22    0.00179299540671
0.24    0.00208854410839
0.26    0.00257570744347
0.28    0.00273083229272
0.3    0.00336061404158
0.32    0.00335924390876
0.34    0.00374970573861
0.36    0.00348077606745
0.38    0.00344704140807
0.4    0.00338850935631
0.42    0.00355520885963
0.44    0.00409550084733
0.46    0.00371382516788
0.48    0.00377435545136
0.5    0.00418125740789
0.52    0.00363563600104
0.54    0.00321359616288
0.56    0.00328036779797
0.58    0.00367189728906
0.6    0.00427243604018
0.62    0.00514381902668
0.64    0.0060271696548
0.66    0.00603237833789
0.68    0.00652418689751
0.7    0.00661782069312
0.72    0.00645709366978
0.74    0.00651372012984
0.76    0.00728628142827
0.78    0.00838824002075
0.8    0.00915786722538
0.82    0.00925331309488
0.84    0.00897502215145
0.86    0.00891020564289
0.88    0.00892699941427
0.9    0.00912074301595
0.92    0.00938421438675
0.94    0.00918557182272
0.96    0.00892191640792
0.98    0.00910564969727
1.0    0.00908924261397
1.02    0.00893088356252
1.04    0.00866605074636
1.06    0.00846298274609
1.08    0.00866899446993
1.1    0.00886690873576
1.12    0.00895606201815
1.14    0.00884229670628
1.16    0.00948557683572
1.18    0.0098310889221
1.2    0.0101641533064
1.22    0.0108899292663
1.24    0.0121076950216
1.26    0.0135708972613
1.28    0.0149245091569
1.3    0.0159240073477
1.32    0.0165260733316
1.34    0.0168390042555
1.36    0.0172157870512
1.38    0.018487679458
1.4    0.0195019343034
1.42    0.0202019934506
1.44    0.0205264535695
1.46    0.0204591540883
1.48    0.0200824088119
1.5    0.0200036500733
1.52    0.019846927591
1.54    0.0197235874006
1.56    0.0198052397391
1.58    0.020217676995
1.6    0.0210144069433
1.62    0.0221139633544
1.64    0.023311547328
1.66    0.0243842557826
1.68    0.0251521656533
1.7    0.0254987286502
1.72    0.0254578040304
1.74    0.0261205181448
1.76    0.0270370879597
1.78    0.0275262850572
1.8    0.0275952661736
1.82    0.0273114091756
1.84    0.0267901613394
1.86    0.0261327720016
1.88    0.0254593179637
1.9    0.024858946626
1.92    0.0243806058874
1.94    0.024065978109
1.96    0.0239290185298
1.98    0.0239716552867
2.0    0.0241586881369
2.02    0.0244499924388
2.04    0.0247996162664
2.06    0.0251550660253
2.08    0.0254770377497
2.1    0.0257343328192
2.12    0.0259051975766
2.14    0.0259822944621
2.16    0.0259601797936
2.18    0.0258423989054
2.2    0.0256417471994
2.22    0.025376734813
2.24    0.0250697493813
2.26    0.0247448980874
2.28    0.024425445613
2.3    0.024134173845
2.32    0.0238904975123
2.34    0.023705616258
2.36    0.0235913693514
2.38    0.0235592281439
2.4    0.0236053344302
2.42    0.0237327228764
2.44    0.0239346093862
2.46    0.0242005137434
2.48    0.02451970523
2.5    0.0248782475306
2.52    0.0252598752505
2.54    0.0256485085469
2.56    0.0260249642088
2.58    0.0271987804417
2.6    0.0285088628725
2.62    0.0297014260897
2.64    0.030723837899
2.66    0.0315439848813
2.68    0.0321367014877
2.7    0.0325258994085
2.72    0.0327706825682
2.74    0.0327928952874
2.76    0.0327394702663
2.78    0.0332403817919
2.8    0.0336588897506
2.82    0.033992610205
2.84    0.0342435654687
2.86    0.0344182449032
2.88    0.0345306527031
2.9    0.0348043393477
2.92    0.0351672124332
2.94    0.0354563339823
2.96    0.0356651428381
2.98    0.0358032429939
3.0    0.0358940569832
3.02    0.0360507685833
3.04    0.0362894742675
3.06    0.0365144606581
3.08    0.0367227035675
3.1    0.0369403468467
3.12    0.037183931054
3.14    0.0374465362414
3.16    0.0377175557248
3.18    0.0379970032958
3.2    0.0382793730931
3.22    0.0385672549253
3.24    0.038863749803
3.26    0.039173575637
3.28    0.0394985062248
3.3    0.0398351012386
3.32    0.0401872096208
3.34    0.040556752317
3.36    0.0409560810688
3.38    0.04142759451
3.4    0.0419841752421
3.42    0.042574262141
3.44    0.0431842530651
3.46    0.0438135915342
3.48    0.0444606114275
3.5    0.0451246849365
3.52    0.0458082861491
3.54    0.0465126225843
3.56    0.0472386792784
3.58    0.0479926186079
3.6    0.0487799236014
3.62    0.0495838056265
3.64    0.050389538314
3.66    0.0511913857739
3.68    0.051979792641
3.7    0.0527503985163
3.72    0.0535006244204
3.74    0.0542297213353
3.76    0.0550087493682
3.78    0.0559637413009
3.8    0.0569187754255
3.82    0.0578739257241
3.84    0.0588325599652
3.86    0.0597871236228
3.88    0.0607268943435
3.9    0.0616466307758
3.92    0.0625462869169
3.94    0.063457539172
3.96    0.0644140482672
3.98    0.0653669556132
4.0    0.0662829011266
4.02    0.0671527249689
4.04    0.0679749475786
4.06    0.068745214784
4.08    0.0694566805628
4.1    0.0700989659333
4.12    0.0706583666115
4.14    0.0715223672357
4.16    0.0723393854948
4.18    0.0730844462411
4.2    0.0737696875576
4.22    0.0744747151016
4.24    0.0751804487606
4.26    0.0758272374632
4.28    0.0764917906539
4.3    0.0773096478166
4.32    0.0780765812352
4.34    0.0787250639681
4.36    0.0792707739736
4.38    0.0797470528112
4.4    0.0801802709062
4.42    0.0805456357218
4.44    0.0808147939976
4.46    0.0809673501495
4.48    0.0809830587932
4.5    0.0808625431886
4.52    0.0806350633526
4.54    0.0803421970691
4.56    0.0801508934873
4.58    0.081302742344
4.6    0.082428211938
4.62    0.083527760031
4.64    0.0845933874668
4.66    0.0856337358187
4.68    0.0866398743424
4.7    0.0876144247434
4.72    0.0885586083819
4.74    0.089465420146
4.76    0.0903460851391
4.78    0.0911888770305
4.8    0.0920012144114
4.82    0.0927833408406
4.84    0.0935342623623
4.86    0.0942571971757
4.88    0.0949530578669
4.9    0.095620189731
4.92    0.0962620785546
4.94    0.0968727572606
4.96    0.0974491921248
4.98    0.0979992641701
5.0    0.098516042281
5.02    0.099000656134
5.04    0.0994583726814
5.06    0.0998803908195
5.08    0.100279800811
5.1    0.100645267544
5.12    0.100984829116
5.14    0.101296246276
5.16    0.101578774742
5.18    0.101839315854
5.2    0.102070118119
5.22    0.102281322125
5.24    0.102467602626
5.26    0.102629584259
5.28    0.102775163739
5.3    0.102896958952
5.32    0.10299955632
5.34    0.103084768433
5.36    0.10314680593
5.38    0.103197224644
5.4    0.103224269648
5.42    0.103239643624
5.44    0.103233587085
5.46    0.103217336475
5.48    0.103179859143
5.5    0.103135611214
5.52    0.103072038938
5.54    0.102999837078
5.56    0.102913802561
5.58    0.102815436896
5.6    0.102710314443
5.62    0.102590837303
5.64    0.102467358953
5.66    0.102333800352
5.68    0.102191821182
5.7    0.1020471303
5.72    0.101892479893
5.74    0.101738063522
5.76    0.101576534793
5.78    0.101413279805
5.8    0.101247284259
5.82    0.101078735935
5.84    0.100910456711
5.86    0.100740073897
5.88    0.100571461732
5.9    0.100402815166
5.92    0.100235587691
5.94    0.100072091409
5.96    0.0999103283981
5.98    0.0997521473275
6.0    0.0996000511759
6.02    0.099453119506
6.04    0.0993144337131
6.06    0.0991859591561
6.08    0.099064675604
6.1    0.0989468129242
6.12    0.0988354499998
6.14    0.0987239294157
6.16    0.0986188436668
6.18    0.0985132542466
6.2    0.0984122896129
6.22    0.0983135510199
6.24    0.0982147828595
6.26    0.098123014363
6.28    0.0980311684186
6.3    0.0979423286017
6.32    0.0978574472067
6.34    0.0977733483643
6.36    0.0976952283507
6.38    0.0976183951921
6.4    0.0975467341217
6.42    0.0974799958529
6.44    0.0974210231268
6.46    0.097374157988
6.48    0.0973384783301
6.5    0.097314474363
6.52    0.0973257772817
6.54    0.0973731498459
6.56    0.0974249843794
6.58    0.0974787976326
6.6    0.0975336122978
6.62    0.0975913877616
6.64    0.0976486759615
6.66    0.0977089070352
6.68    0.0977681322507
6.7    0.0978295644436
6.72    0.0978901694828
6.74    0.0979513885606
6.76    0.0980128038726
6.78    0.0980723480174
6.8    0.0981339990755
6.82    0.0981995114371
6.84    0.0992525010122
6.86    0.100351839212
6.88    0.101489411827
6.9    0.102619326815
6.92    0.103734604966
6.94    0.104827908787
6.96    0.105897059745
6.98    0.106939924425
7.0    0.107954774289
7.02    0.108940495536
7.04    0.10989670254
7.06    0.110823751218
7.08    0.111722592026
7.1    0.112594533584
7.12    0.113441059843
7.14    0.114266928883
7.16    0.115082237389
7.18    0.115904985151
7.2    0.116735115576
7.22    0.117560148981
7.24    0.118551592908
7.26    0.120658037665
7.28    0.122739317188
7.3    0.12479188921
7.32    0.126814911478
7.34    0.128807577723
7.36    0.130769118332
7.38    0.132698800485
7.4    0.134595927741
7.42    0.136459839469
7.44    0.138289910373
7.46    0.140085550302
7.48    0.141846204225
7.5    0.143571351928
7.52    0.145262207377
7.54    0.146918345312
7.56    0.148508863439
7.58    0.150000448181
7.6    0.151390107524
7.62    0.15267503888
7.64    0.153852631286
7.66    0.154920467089
7.68    0.155876323203
7.7    0.156718171917
7.72    0.157444181255
7.74    0.15805271493
7.76    0.158542331882
7.78    0.158911785444
7.8    0.159160022113
7.82    0.159286179979
7.84    0.159571257408
7.86    0.16149982394
7.88    0.163390113121
7.9    0.165240217727
7.92    0.167047000835
7.94    0.168816077408
7.96    0.170543252605
7.98    0.172234959557
8.0    0.173898420546
8.02    0.175538407649
8.04    0.177155564642
8.06    0.178750410146
8.08    0.180324408843
8.1    0.181884898305
8.12    0.183439648823
8.14    0.184985889466
8.16    0.186513041005
8.18    0.188018951763
8.2    0.189498422679
8.22    0.190949514473
8.24    0.192370742883
8.26    0.19375937465
8.28    0.195113112221
8.3    0.196431274099
8.32    0.197715177767
8.34    0.198966967607
8.36    0.20018805275
8.38    0.201381234319
8.4    0.20255409719
8.42    0.20370065573
8.44    0.204811851433
8.46    0.205881515113
8.48    0.206911091615
8.5    0.207897901787
8.52    0.208847102416
8.54    0.209762870534
8.56    0.210647600568
8.58    0.211502645796
8.6    0.212328338785
8.62    0.213128144781
8.64    0.213901668746
8.66    0.214643049045
8.68    0.21534619852
8.7    0.216010385994
8.72    0.216633632176
8.74    0.217216524949
8.76    0.217763470759
8.78    0.218277953048
8.8    0.218764029019
8.82    0.219227608064
8.84    0.219673176978
8.86    0.220098249037
8.88    0.220502167273
8.9    0.220874611275
8.92    0.221208050657
8.94    0.221502359556
8.96    0.221753675312
8.98    0.221966422868
9.0    0.222142898321
9.02    0.222283622855
9.04    0.222390607164
9.06    0.222465612895
9.08    0.22251045313
9.1    0.222526984679
9.12    0.222516176597
9.14    0.222476892087
9.16    0.222407173521
9.18    0.222307411478
9.2    0.222180394205
9.22    0.222028103348
9.24    0.221848074094
9.26    0.221632705721
9.28    0.221382413418
9.3    0.221091522284
9.32    0.220766289831
9.34    0.220408029866
9.36    0.220019534755
9.38    0.219600490072
9.4    0.219151256388
9.42    0.218667384671
9.44    0.218148194026
9.46    0.217591616556
9.48    0.217000390697
9.5    0.216370454098
9.52    0.21570563685
9.54    0.21500633222
9.56    0.214271136152
9.58    0.213506125397
9.6    0.212706076596
9.62    0.211876019233
9.64    0.21101390762
9.66    0.210121122047
9.68    0.209199532148
9.7    0.20824746511
9.72    0.207269747978
9.74    0.206264106991
9.76    0.205234433302
9.78    0.204180402026
9.8    0.203101947699
9.82    0.202003360346
9.84    0.200882315817
9.86    0.199740627284
9.88    0.198837747266
9.9    0.198720144078
9.92    0.198584100475
9.94    0.198432442112
9.96    0.198262754109
9.98    0.198073561035
10.0    0.197864346771
