0.05    2.06862119279e-05
0.07    4.80557383303e-05
0.09    9.40794802156e-05
0.1    0.000133677788825
0.12    0.000232459195256
0.14    0.000298085724029
0.16    0.00042121167684
0.18    0.000698835539756
0.2    0.000722810228508
0.22    0.00103562961939
0.24    0.00113039753983
0.26    0.00111968294944
0.28    0.00128110882446
0.3    0.00163313449372
0.32    0.00201355866794
0.34    0.00181599030472
0.36    0.00198648124707
0.38    0.00220561289466
0.4    0.00221682365623
0.42    0.00222513421186
0.44    0.00188651418063
0.46    0.00184564905901
0.48    0.00196420867629
0.5    0.00222221121566
0.52    0.00258938185882
0.54    0.00342600888507
0.56    0.00441978832198
0.58    0.00524377987385
0.6    0.00584724374108
0.62    0.00601577570417
0.64    0.0058991204644
0.66    0.00579188110217
0.68    0.00555473395687
0.7    0.00509408333289
0.72    0.00494428702399
0.74    0.00491242075509
0.76    0.00499774281762
0.78    0.00549943325623
0.8    0.00628208956196
0.82    0.00731721746035
0.84    0.00785436950419
0.86    0.00771807483329
0.88    0.00735564313153
0.9    0.00790017129411
0.92    0.00821453567748
0.94    0.0084081677881
0.96    0.00925829050296
0.98    0.00998759699297
1.0    0.0103996849892
1.02    0.0107636981008
1.04    0.0114173801206
1.06    0.012439819131
1.08    0.0136232204944
1.1    0.0146896082408
1.12    0.0154918598259
1.14    0.0160161110195
1.16    0.0163739031216
1.18    0.0167194925446
1.2    0.0171926937266
1.22    0.0178080890808
1.24    0.0184775604461
1.26    0.0190534199235
1.28    0.0194223499034
1.3    0.0195667248111
1.32    0.0195686538702
1.34    0.0195091195113
1.36    0.0193851865916
1.38    0.019208929695
1.4    0.0190070143959
1.42    0.0187707541922
1.44    0.0185172788331
1.46    0.0183068124317
1.48    0.018262087747
1.5    0.0185038721912
1.52    0.0191286726848
1.54    0.0201550280911
1.56    0.0215103343043
1.58    0.0230713052289
1.6    0.0246964977295
1.62    0.02627406474
1.64    0.0278030193536
1.66    0.0291610894477
1.68    0.0301408021434
1.7    0.0306494390452
1.72    0.031314961703
1.74    0.0332054738098
1.76    0.0343785022726
1.78    0.0348405648703
1.8    0.0347101690234
1.82    0.0340875616822
1.84    0.0331531847099
1.86    0.0321058659175
1.88    0.0310789623537
1.9    0.030179974272
1.92    0.0295000912778
1.94    0.0290691014731
1.96    0.0288650197674
1.98    0.0288040750024
2.0    0.0287852494597
2.02    0.0287024136125
2.04    0.0284403771721
2.06    0.0278956805896
2.08    0.0281722629989
2.1    0.029200679472
2.12    0.0300670351343
2.14    0.0308396548335
2.16    0.0315171506779
2.18    0.0319680566356
2.2    0.0337827423001
2.22    0.0353862469895
2.24    0.0365651852953
2.26    0.0373429473647
2.28    0.0377370042664
2.3    0.0377565717244
2.32    0.037462149111
2.34    0.0369448271689
2.36    0.0363214284741
2.38    0.0356833944949
2.4    0.0351174535013
2.42    0.0346972038445
2.44    0.0344661040206
2.46    0.0344540804599
2.48    0.0346587943222
2.5    0.0350627976935
2.52    0.0356338307117
2.54    0.036330840665
2.56    0.0371169545053
2.58    0.0379463811986
2.6    0.0387945434087
2.62    0.0396440088362
2.64    0.0404794887776
2.66    0.0412840551454
2.68    0.0420277530256
2.7    0.0426941079696
2.72    0.0432771709759
2.74    0.0437774344395
2.76    0.0441998870534
2.78    0.0445643407767
2.8    0.0448821816539
2.82    0.0451441160465
2.84    0.0453503331459
2.86    0.0455104092211
2.88    0.0456345962854
2.9    0.0457365491744
2.92    0.0458316990092
2.94    0.045936627975
2.96    0.0460717553866
2.98    0.0462586464225
3.0    0.0465178716822
3.02    0.046870505374
3.04    0.0473273739015
3.06    0.0479014631423
3.08    0.0485995880836
3.1    0.0494217798965
3.12    0.05036740485
3.14    0.0514292464324
3.16    0.0525899248403
3.18    0.0538290616125
3.2    0.0551319956353
3.22    0.0564734784881
3.24    0.05782638996
3.26    0.0591616903164
3.28    0.0604502983674
3.3    0.0616697707957
3.32    0.062803684524
3.34    0.0640942321718
3.36    0.0662300640106
3.38    0.0682959180514
3.4    0.0710303108368
3.42    0.0740063369927
3.44    0.0769432775637
3.46    0.0798153731387
3.48    0.0826021627362
3.5    0.0852931683208
3.52    0.0878885401437
3.54    0.0903988818659
3.56    0.0928087581662
3.58    0.0951182103466
3.6    0.0973210325861
3.62    0.0994240679004
3.64    0.101427737324
3.66    0.103304385252
3.68    0.105044011518
3.7    0.106633686517
3.72    0.108074777583
3.74    0.109372933429
3.76    0.110531467952
3.78    0.11156035325
3.8    0.112451768536
3.82    0.113210615578
3.84    0.113864638398
3.86    0.114438835294
3.88    0.114936892956
3.9    0.115332151166
3.92    0.115617911428
3.94    0.115778959332
3.96    0.115816905867
3.98    0.115738174046
4.0    0.115547516977
4.02    0.115246526017
4.04    0.114837111443
4.06    0.114320830939
4.08    0.113699604962
4.1    0.11298031866
4.12    0.11216999312
4.14    0.111281646535
4.16    0.110314320628
4.18    0.109257865948
4.2    0.108122391547
4.22    0.106897685262
4.24    0.105592539161
4.26    0.104214324852
4.28    0.102763833195
4.3    0.101254568706
4.32    0.0996984074288
4.34    0.0981104028539
4.36    0.0977215298721
4.38    0.0987117880391
4.4    0.0997066138042
4.42    0.100705435939
4.44    0.101708183558
4.46    0.102717002699
4.48    0.103730521007
4.5    0.104750717047
4.52    0.105777514819
4.54    0.106810746592
4.56    0.107853000372
4.58    0.108901290771
4.6    0.109960855424
4.62    0.11102628522
4.64    0.112104705704
4.66    0.113188712689
4.68    0.114287235664
4.7    0.115390340232
4.72    0.116509924394
4.74    0.117633622152
4.76    0.118773569089
4.78    0.119919187696
4.8    0.121079146304
4.82    0.122246936348
4.84    0.123428556865
4.86    0.124618499337
4.88    0.125824504917
4.9    0.127039910047
4.92    0.128269541377
4.94    0.129514628631
4.96    0.130773403068
4.98    0.132046940653
5.0    0.133335583393
5.02    0.134639333837
5.04    0.135959056211
5.06    0.137294923846
5.08    0.138646531948
5.1    0.140015871537
5.12    0.141405169619
5.14    0.142812751832
5.16    0.144236302483
5.18    0.145672471193
5.2    0.147119082851
5.22    0.148578717618
5.24    0.150043901848
5.26    0.15151521886
5.28    0.152996546902
5.3    0.154480347968
5.32    0.155970772356
5.34    0.157469529433
5.36    0.158974440717
5.38    0.160488429326
5.4    0.162013309729
5.42    0.163549594406
5.44    0.165101838628
5.46    0.16666731549
5.48    0.168249909839
5.5    0.169846811718
5.52    0.171454165151
5.54    0.173070794092
5.56    0.174695031662
5.58    0.176324118325
5.6    0.177958505506
5.62    0.179598542075
5.64    0.181243249037
5.66    0.182889731696
5.68    0.184533658915
5.7    0.186170655266
5.72    0.187802230832
5.74    0.1894263962
5.76    0.191036032733
5.78    0.192635367486
5.8    0.194223316601
5.82    0.195792273858
5.84    0.197351284328
5.86    0.198893623137
5.88    0.200415345114
5.9    0.201926221145
5.92    0.203417935126
5.94    0.204888877117
5.96    0.206344179492
5.98    0.207783853076
6.0    0.209204705685
6.02    0.210608286999
6.04    0.211995584741
6.06    0.213367146699
6.08    0.214723381278
6.1    0.216064476059
6.12    0.217390355905
6.14    0.218700927808
6.16    0.219996362939
6.18    0.222221686547
6.2    0.226963419084
6.22    0.231645554726
6.24    0.236265159639
6.26    0.24081611817
6.28    0.245288512375
6.3    0.249676906364
6.32    0.253972881508
6.34    0.258171933847
6.36    0.262270003471
6.38    0.26627621062
6.4    0.270179520267
6.42    0.273992170458
6.44    0.277697464835
6.46    0.28129253292
6.48    0.284763110366
6.5    0.288114838651
6.52    0.291346547072
6.54    0.294459900958
6.56    0.297458600072
6.58    0.300334527287
6.6    0.303085506567
6.62    0.305728952278
6.64    0.30827741941
6.66    0.310728595566
6.68    0.313073039167
6.7    0.315301907628
6.72    0.317399072824
6.74    0.32060415407
6.76    0.323738812487
6.78    0.326797130141
6.8    0.329791568201
6.82    0.332714082401
6.84    0.335560755086
6.86    0.338316075974
6.88    0.34098579
6.9    0.34358514424
6.92    0.346113756682
6.94    0.348566042186
6.96    0.350931370083
6.98    0.353213957401
7.0    0.355404345064
7.02    0.357503512714
7.04    0.359516544644
7.06    0.361442605562
7.08    0.363291330075
7.1    0.365068114988
7.12    0.366774496797
7.14    0.368416295341
7.16    0.369993750999
7.18    0.371492236341
7.2    0.372879791166
7.22    0.374162900501
7.24    0.375327769341
7.26    0.376378545137
7.28    0.377315784579
7.3    0.378151108845
7.32    0.378891004721
7.34    0.379533612126
7.36    0.380067386819
7.38    0.380509001885
7.4    0.380854531427
7.42    0.381110111689
7.44    0.381276621947
7.46    0.381342049568
7.48    0.381322133965
7.5    0.381221788528
7.52    0.382060061765
7.54    0.383257825015
7.56    0.38438080972
7.58    0.385429316084
7.6    0.386403926378
7.62    0.38730239149
7.64    0.388122763084
7.66    0.388870273892
7.68    0.389554708874
7.7    0.390179904737
7.72    0.390744712371
7.74    0.39124895656
7.76    0.391694499406
7.78    0.392077171236
7.8    0.392396883031
7.82    0.392654556233
7.84    0.392849530218
7.86    0.393659342146
7.88    0.394527963756
7.9    0.395350885322
7.92    0.396129511002
7.94    0.396856377065
7.96    0.397524117608
7.98    0.398130512266
8.0    0.398674589879
8.02    0.399156930556
8.04    0.399579795462
8.06    0.39994694007
8.08    0.400272706108
8.1    0.400556807597
8.12    0.400814577495
8.14    0.401036659629
8.16    0.401221798614
8.18    0.401359222031
8.2    0.40144859555
8.22    0.401487421728
8.24    0.401471810703
8.26    0.401402184703
8.28    0.401279840035
8.3    0.401106615629
8.32    0.400884651605
8.34    0.400616181637
8.36    0.400307259119
8.38    0.399959220355
8.4    0.399567388028
8.42    0.399131782406
8.44    0.398655547432
8.46    0.398141955262
8.48    0.39758697084
8.5    0.396990955136
8.52    0.39635507138
8.54    0.395685214284
8.56    0.394976671958
8.58    0.394231172105
8.6    0.393460225622
8.62    0.392662211553
8.64    0.39184881665
8.66    0.391017996707
8.68    0.390160299195
8.7    0.389279214338
8.72    0.388365636037
8.74    0.38741796027
8.76    0.386436003208
8.78    0.385425098033
8.8    0.384380644272
8.82    0.383303415604
8.84    0.382193880027
8.86    0.381052243345
8.88    0.379882707382
8.9    0.378684342561
8.92    0.377457942853
8.94    0.376210218305
8.96    0.374946532981
8.98    0.373673072724
9.0    0.372386022426
9.02    0.371084147076
9.04    0.369761195693
9.06    0.368420363427
9.08    0.367056006645
9.1    0.36567211691
9.12    0.364272199847
9.14    0.362851400555
9.16    0.361416097102
9.18    0.35996052973
9.2    0.358483409777
9.22    0.356986821992
9.24    0.355473217012
9.26    0.353939977246
9.28    0.352390215984
9.3    0.350831098859
9.32    0.349265321062
9.34    0.347701037411
9.36    0.346139548512
9.38    0.344575541398
9.4    0.343006796189
9.42    0.341435446051
9.44    0.339858395964
9.46    0.338277150842
9.48    0.336694241101
9.5    0.335106632231
9.52    0.333509542025
9.54    0.332537864573
9.56    0.332346184703
9.58    0.332146331043
9.6    0.331939611208
9.62    0.33172727665
9.64    0.331514778096
9.66    0.331297197789
9.68    0.331075593079
9.7    0.330852745329
9.72    0.33062568109
9.74    0.330400652334
9.76    0.330177736309
9.78    0.329959752831
9.8    0.32974578946
9.82    0.329529699672
9.84    0.329309251894
9.86    0.32907847952
9.88    0.328838690883
9.9    0.328586263685
9.92    0.328317995655
9.94    0.328037767117
9.96    0.32774467309
9.98    0.327434644143
10.0    0.327116145924
