0.05    0.000174636296887
0.07    0.000420123591067
0.09    0.000656865489074
0.1    0.000754799692997
0.12    0.00135538831774
0.14    0.00201054092791
0.16    0.0030564901756
0.18    0.00519255195039
0.2    0.00664273033315
0.22    0.0106386668062
0.24    0.0131905304996
0.26    0.01664578969
0.28    0.0204907676644
0.3    0.0213286778394
0.32    0.0239454276387
0.34    0.0263075751919
0.36    0.0298500631178
0.38    0.0327817896786
0.4    0.0308507926626
0.42    0.0267351374259
0.44    0.0246778221754
0.46    0.0250138764479
0.48    0.0221114479202
0.5    0.0218997761009
0.52    0.0232213798698
0.54    0.024710406762
0.56    0.0265458006122
0.58    0.0295702700052
0.6    0.033885692179
0.62    0.0385243382145
0.64    0.0429365922624
0.66    0.0456157903039
0.68    0.0464344846107
0.7    0.0466573999792
0.72    0.0491663733389
0.74    0.0496722594054
0.76    0.0481287916322
0.78    0.0450685715949
0.8    0.0412275653251
0.82    0.0375668137414
0.84    0.0348070319554
0.86    0.0333908754776
0.88    0.0333165028136
0.9    0.0343475715151
0.92    0.0361910065917
0.94    0.0385702832079
0.96    0.0412094550207
0.98    0.0439365649538
1.0    0.0463208086367
1.02    0.0481925950001
1.04    0.0492469363612
1.06    0.0493550924636
1.08    0.0485316679298
1.1    0.048917854539
1.12    0.0553417841367
1.14    0.0586401029141
1.16    0.0577579387764
1.18    0.053469706625
1.2    0.0527800197238
1.22    0.0517734602914
1.24    0.0539587001359
1.26    0.0560509118301
1.28    0.058226289357
1.3    0.0621980962489
1.32    0.069236018878
1.34    0.0754252000317
1.36    0.0810470064928
1.38    0.0841450434357
1.4    0.0872388413296
1.42    0.090554737324
1.44    0.0943316077074
1.46    0.0996127514908
1.48    0.106230345025
1.5    0.113020905418
1.52    0.118499376018
1.54    0.121505642725
1.56    0.121262960486
1.58    0.119248881134
1.6    0.116254983799
1.62    0.113097254293
1.64    0.108552592764
1.66    0.102326562214
1.68    0.0950707212867
1.7    0.0890072342678
1.72    0.0849938916262
1.74    0.0805473216516
1.76    0.0759323194819
1.78    0.0714243999028
1.8    0.0672437417188
1.82    0.0635882743735
1.84    0.0605470331008
1.86    0.0581757066051
1.88    0.0564508675605
1.9    0.0552819747298
1.92    0.0545291749421
1.94    0.0540243568754
1.96    0.0536287574028
1.98    0.0531600584918
2.0    0.0524742098772
2.02    0.0529049359215
2.04    0.0543382514724
2.06    0.0557307460823
2.08    0.0570016641604
2.1    0.0580952255757
2.12    0.0589716130668
2.14    0.0595831920593
2.16    0.0599058383889
2.18    0.0599380426982
2.2    0.0596987973566
2.22    0.0591626168616
2.24    0.0583914118958
2.26    0.0573710051982
2.28    0.0561716931886
2.3    0.055389769611
2.32    0.0566127174235
2.34    0.0574956657667
2.36    0.0579843227797
2.38    0.0581451435751
2.4    0.057967901455
2.42    0.0574974951161
2.44    0.0567728135428
2.46    0.0558088006562
2.48    0.0546587040711
2.5    0.0533503486159
2.52    0.0519070379586
2.54    0.0503593255781
2.56    0.0487342692143
2.58    0.0480786255807
2.6    0.0484027399172
2.62    0.0485990679001
2.64    0.0486520494556
2.66    0.0485721668564
2.68    0.0483759041179
2.7    0.0480504492045
2.72    0.0476311638105
2.74    0.0471004265712
2.76    0.0464941310637
2.78    0.0458135983447
2.8    0.0450738092203
2.82    0.0443126285549
2.84    0.0435396520033
2.86    0.0427776001767
2.88    0.042052085125
2.9    0.0413878402302
2.92    0.0408078621221
2.94    0.0403326118904
2.96    0.0399793198264
2.98    0.0397614272205
3.0    0.0396881869554
3.02    0.0397644329886
3.04    0.0399905182757
3.06    0.0403624118786
3.08    0.0408719392467
3.1    0.0415071450042
3.12    0.0422527548744
3.14    0.0430907123315
3.16    0.0440007658453
3.18    0.0449610838259
3.2    0.0459488762593
3.22    0.0469410042911
3.24    0.0479145614574
3.26    0.0488478161042
3.28    0.0497391681395
3.3    0.0505520936488
3.32    0.0512701708445
3.34    0.051902567666
3.36    0.0524128696049
3.38    0.0528092864545
3.4    0.0530770381348
3.42    0.0532160405768
3.44    0.0532230748745
3.46    0.0531000777086
3.48    0.0528450048544
3.5    0.052469559672
3.52    0.0519655974683
3.54    0.0513593656323
3.56    0.0506402345613
3.58    0.049825214193
3.6    0.0489258584258
3.62    0.0479443014246
3.64    0.0468918990412
3.66    0.0457832581969
3.68    0.0452803827314
3.7    0.0458066378629
3.72    0.0464526111252
3.74    0.0471108421196
3.76    0.0477802538795
3.78    0.0485268279742
3.8    0.0494516663919
3.82    0.0501898739137
3.84    0.0507480655943
3.86    0.0512576742863
3.88    0.0519719493352
3.9    0.0526901567863
3.92    0.0534113496774
3.94    0.0541346111376
3.96    0.0548590558212
3.98    0.0555838309126
4.0    0.0563094240771
4.02    0.0570365278646
4.04    0.0577618944556
4.06    0.0584847953259
4.08    0.0592045341474
4.1    0.0599204460364
4.12    0.0606318966377
4.14    0.0613382810781
4.16    0.0620390228269
4.18    0.0627335724937
4.2    0.0634214065893
4.22    0.064102026282
4.24    0.0647749561644
4.26    0.0654397430565
4.28    0.0660959548543
4.3    0.066743179445
4.32    0.0674291227346
4.34    0.0686478180868
4.36    0.069884982333
4.38    0.0711395502642
4.4    0.0724134757189
4.42    0.073700797396
4.44    0.0749996168205
4.46    0.0763080268733
4.48    0.0776241165084
4.5    0.0789459752531
4.52    0.0802716975004
4.54    0.0815993866138
4.56    0.0829271588545
4.58    0.0842531471396
4.6    0.085575504638
4.62    0.086893099278
4.64    0.0882144283014
4.66    0.0903890298983
4.68    0.0926282314016
4.7    0.094892320225
4.72    0.0971700936134
4.74    0.0994563749676
4.76    0.101749010442
4.78    0.104055758606
4.8    0.106360374025
4.82    0.108658916896
4.84    0.110960630988
4.86    0.113254012513
4.88    0.115530512661
4.9    0.117797925557
4.92    0.120050503803
4.94    0.122275592497
4.96    0.124483493602
4.98    0.126666441601
5.0    0.12881173695
5.02    0.13093856613
5.04    0.133024450151
5.06    0.135074954736
5.08    0.137091082085
5.1    0.139062090544
5.12    0.140998709038
5.14    0.142890855822
5.16    0.144740402088
5.18    0.146557431265
5.2    0.148349610501
5.22    0.150240729879
5.24    0.152357988534
5.26    0.15445498557
5.28    0.156514230283
5.3    0.158533452926
5.32    0.16051352391
5.34    0.1624484307
5.36    0.164341252848
5.38    0.16619619496
5.4    0.168020247272
5.42    0.169822458186
5.44    0.17159915694
5.46    0.173344270287
5.48    0.175048564498
5.5    0.176710116127
5.52    0.178325914178
5.54    0.179889875592
5.56    0.181396166431
5.58    0.182852306289
5.6    0.184240218632
5.62    0.185564615487
5.64    0.186829343983
5.66    0.188017200241
5.68    0.189153564303
5.7    0.190208802073
5.72    0.191207522187
5.74    0.192129962581
5.76    0.192988926078
5.78    0.19377930813
5.8    0.194498200578
5.82    0.195157584712
5.84    0.19573663004
5.86    0.196264766156
5.88    0.196710529982
5.9    0.197099974211
5.92    0.197410989678
5.94    0.197663100832
5.96    0.197839485708
5.98    0.197956026803
6.0    0.197999635721
6.02    0.197982736401
6.04    0.197897525103
6.06    0.197749645179
6.08    0.197542345102
6.1    0.197266396279
6.12    0.196944835487
6.14    0.196558651202
6.16    0.196113176246
6.18    0.195617267232
6.2    0.195052249972
6.22    0.194443988112
6.24    0.19455514493
6.26    0.194871412228
6.28    0.195104758637
6.3    0.195269322562
6.32    0.195376991315
6.34    0.195586444158
6.36    0.195962002077
6.38    0.196662616346
6.4    0.197793061621
6.42    0.198841021201
6.44    0.199838184832
6.46    0.200751647502
6.48    0.201605055772
6.5    0.202387895362
6.52    0.203110980695
6.54    0.204155072022
6.56    0.205980989337
6.58    0.207782093257
6.6    0.209565655794
6.62    0.211338507833
6.64    0.213082338361
6.66    0.214785412007
6.68    0.216438640736
6.7    0.218032063691
6.72    0.21956072235
6.74    0.221038590871
6.76    0.222440448007
6.78    0.223795806678
6.8    0.225072246835
6.82    0.22629728215
6.84    0.227449919431
6.86    0.228534863453
6.88    0.229565521962
6.9    0.230519642118
6.92    0.231409736325
6.94    0.232245103002
6.96    0.233005863906
6.98    0.233692778556
7.0    0.234337039053
7.02    0.234910277057
7.04    0.235411936056
7.06    0.235844154482
7.08    0.236236281201
7.1    0.236559294147
7.12    0.236814137333
7.14    0.237001778434
7.16    0.237142328156
7.18    0.237228265482
7.2    0.237249738354
7.22    0.237207784421
7.24    0.23710345778
7.26    0.236961219418
7.28    0.236763627517
7.3    0.236506582192
7.32    0.236191182638
7.34    0.23581853818
7.36    0.235407456338
7.38    0.234950347065
7.4    0.234439015086
7.42    0.233874593312
7.44    0.233258219351
7.46    0.232596449381
7.48    0.231904560574
7.5    0.231163777397
7.52    0.230375242718
7.54    0.229540099492
7.56    0.228659489852
7.58    0.227747990016
7.6    0.226802680933
7.62    0.225814933091
7.64    0.224785875616
7.66    0.223716633142
7.68    0.2226083251
7.7    0.221480356792
7.72    0.220317874687
7.74    0.219119258463
7.76    0.217885600259
7.78    0.217190268947
7.8    0.218144412111
7.82    0.219049659598
7.84    0.219911833266
7.86    0.2207163383
7.88    0.221463882973
7.9    0.22215519112
7.92    0.222791001082
7.94    0.223387062257
7.96    0.223938353001
7.98    0.224436253675
8.0    0.224881544208
8.02    0.225275014424
8.04    0.22561746312
8.06    0.225921640685
8.08    0.226187527591
8.1    0.226404620009
8.12    0.226573739345
8.14    0.22669571208
8.16    0.226771369003
8.18    0.22680461648
8.2    0.226811898113
8.22    0.226775138331
8.24    0.226932826078
8.26    0.227394650287
8.28    0.227809196274
8.3    0.228177203266
8.32    0.228520588739
8.34    0.228819092686
8.36    0.229073110386
8.38    0.229283395036
8.4    0.229461454001
8.42    0.229607115838
8.44    0.229711112882
8.46    0.2297742037
8.48    0.22979714772
8.5    0.229792253041
8.52    0.22975673892
8.54    0.229683137676
8.56    0.229572204777
8.58    0.229424694209
8.6    0.229245283315
8.62    0.229045370741
8.64    0.228810903242
8.66    0.228542623178
8.68    0.228241269508
8.7    0.228000651963
8.72    0.228108210195
8.74    0.228142118898
8.76    0.228102219162
8.78    0.227989345899
8.8    0.227805429382
8.82    0.22755421967
8.84    0.227241583435
8.86    0.226869692749
8.88    0.226459057271
8.9    0.226051841505
8.92    0.225714252754
8.94    0.225438771463
8.96    0.225409312792
8.98    0.225331037631
9.0    0.22520095841
9.02    0.225011836465
9.04    0.22476415928
9.06    0.224458448702
9.08    0.224095098907
9.1    0.22367438707
9.12    0.223196962821
9.14    0.222664346047
9.16    0.222080357549
9.18    0.221451700587
9.2    0.220784703252
9.22    0.220109927735
9.24    0.219478158424
9.26    0.218878662861
9.28    0.218285208654
9.3    0.217664437592
9.32    0.217003108512
9.34    0.216294279898
9.36    0.215535194992
9.38    0.214726749782
9.4    0.213872315991
9.42    0.212967946109
9.44    0.212016792463
9.46    0.211024687679
9.48    0.210000926509
9.5    0.209048968722
9.52    0.208111095899
9.54    0.207356656776
9.56    0.206714573727
9.58    0.20604218796
9.6    0.205328859855
9.62    0.204572086672
9.64    0.203777516995
9.66    0.202940587633
9.68    0.202062704583
9.7    0.201147090466
9.72    0.200198109948
9.74    0.199220863584
9.76    0.198228510452
9.78    0.197251941381
9.8    0.196283334982
9.82    0.195299177476
9.84    0.194294506873
9.86    0.19326505796
9.88    0.192208656713
9.9    0.191124991059
9.92    0.190014113973
9.94    0.188878082657
9.96    0.187716823456
9.98    0.186529528281
10.0    0.185316549669
