0.05    0.00012421312576
0.07    0.00027248802029
0.09    0.00052750495894
0.1    0.000671577382691
0.12    0.000737154132643
0.14    0.00106875986397
0.16    0.00151797249891
0.18    0.00196388187933
0.2    0.00302511043819
0.22    0.00355106978891
0.24    0.0046215870637
0.26    0.00460371017684
0.28    0.00478888297593
0.3    0.00714873500322
0.32    0.00884271515033
0.34    0.00779110306264
0.36    0.0074751990578
0.38    0.00743576803761
0.4    0.00790845222361
0.42    0.00879509428877
0.44    0.00879122667449
0.46    0.010545465961
0.48    0.0134902636437
0.5    0.0150528417154
0.52    0.0151394560402
0.54    0.0138073654425
0.56    0.0134663101736
0.58    0.0131038421709
0.6    0.0128351263878
0.62    0.0128110540981
0.64    0.012931659721
0.66    0.0147488127221
0.68    0.0155143412072
0.7    0.0171466060615
0.72    0.0180584066596
0.74    0.0175067293515
0.76    0.0159747732121
0.78    0.0134317420794
0.8    0.0135287255885
0.82    0.0154720450904
0.84    0.0172605044999
0.86    0.0184044458848
0.88    0.0185155146948
0.9    0.0183749224005
0.92    0.0186812695113
0.94    0.0199034557489
0.96    0.0213806232568
0.98    0.0231643916563
1.0    0.0245444933302
1.02    0.0251299535151
1.04    0.0252092905009
1.06    0.0250665804071
1.08    0.0247637958217
1.1    0.0242563872182
1.12    0.0234558151368
1.14    0.0224611202706
1.16    0.0221139613656
1.18    0.0223620441808
1.2    0.022449274043
1.22    0.025032497885
1.24    0.0299132107621
1.26    0.0349628057342
1.28    0.0397931065984
1.3    0.0440317005452
1.32    0.0472620615876
1.34    0.0490184921555
1.36    0.0490702585843
1.38    0.0475168167017
1.4    0.0447249131033
1.42    0.0418949932539
1.44    0.0400549716773
1.46    0.0382320498231
1.48    0.0367932919033
1.5    0.03602440088
1.52    0.03599111811
1.54    0.0366631501474
1.56    0.0374657976836
1.58    0.0380396855868
1.6    0.0381273637001
1.62    0.0377137112051
1.64    0.0388529886581
1.66    0.039569502174
1.68    0.0397846640637
1.7    0.0395191843252
1.72    0.0388369609061
1.74    0.0378456637246
1.76    0.0366966607783
1.78    0.0354879955631
1.8    0.0343428635847
1.82    0.0333861751358
1.84    0.0326637384817
1.86    0.0322174027548
1.88    0.0320555317416
1.9    0.0321572183629
1.92    0.032478685106
1.94    0.0329610838497
1.96    0.0335385788278
1.98    0.0341455223649
2.0    0.0347358463474
2.02    0.035265820384
2.04    0.0356777740389
2.06    0.035969594447
2.08    0.0361079413415
2.1    0.0360969866258
2.12    0.03592040405
2.14    0.0356032935836
2.16    0.0359657652197
2.18    0.0364237119788
2.2    0.0367565462932
2.22    0.0369572057772
2.24    0.0370207082361
2.26    0.0369424361847
2.28    0.036722476608
2.3    0.036374418784
2.32    0.0358959510244
2.34    0.0353170036234
2.36    0.0347022606292
2.38    0.0340699814924
2.4    0.0334956128553
2.42    0.0331092109166
2.44    0.033968550098
2.46    0.0351052798068
2.48    0.0361370840793
2.5    0.0369945898614
2.52    0.0376640131416
2.54    0.0381576492673
2.56    0.0384833794709
2.58    0.0386584713382
2.6    0.0386994383199
2.62    0.0386232361459
2.64    0.0384500927297
2.66    0.0382041904565
2.68    0.037911664255
2.7    0.0375998260906
2.72    0.0372961504053
2.74    0.0370130783591
2.76    0.036770652193
2.78    0.036588743418
2.8    0.0364726176091
2.82    0.0364291941662
2.84    0.0364566970113
2.86    0.0365490097033
2.88    0.0366982279223
2.9    0.0368928664993
2.92    0.037117588438
2.94    0.0373548733752
2.96    0.0375858237809
2.98    0.0377928928378
3.0    0.0379574856533
3.02    0.0380571303174
3.04    0.0380734331042
3.06    0.037990590286
3.08    0.038328132069
3.1    0.0395062366322
3.12    0.0407930228972
3.14    0.042180349966
3.16    0.0436584339962
3.18    0.0452159941408
3.2    0.0468404312693
3.22    0.0485180338684
3.24    0.0502342039973
3.26    0.0519804163128
3.28    0.0537441931481
3.3    0.0555026346125
3.32    0.0572573039932
3.34    0.0589824460061
3.36    0.0606730597545
3.38    0.0623145072725
3.4    0.0638922227977
3.42    0.0654033445322
3.44    0.0668267336057
3.46    0.0681659707687
3.48    0.0694042136341
3.5    0.0705358388348
3.52    0.0715657521683
3.54    0.0724750409425
3.56    0.0732641128022
3.58    0.0739431117385
3.6    0.0744988972707
3.62    0.0749314961355
3.64    0.0752409566844
3.66    0.0754276718103
3.68    0.0754934503906
3.7    0.0754409569507
3.72    0.0752761107188
3.74    0.074999661098
3.76    0.0746088034209
3.78    0.0741164986406
3.8    0.0735501076635
3.82    0.0730635152656
3.84    0.0726306070372
3.86    0.0720945016002
3.88    0.0714541972267
3.9    0.070703062545
3.92    0.0708305770485
3.94    0.0718299157488
3.96    0.0735412056288
3.98    0.0751158870921
4.0    0.0765189547703
4.02    0.0777794441832
4.04    0.0788738600087
4.06    0.0798136431973
4.08    0.0806087254386
4.1    0.0812553264711
4.12    0.0821478964252
4.14    0.083401381413
4.16    0.0844862039633
4.18    0.0854184166982
4.2    0.0861888566582
4.22    0.0867962248675
4.24    0.0872599887476
4.26    0.088055908461
4.28    0.0890884183374
4.3    0.0899673173273
4.32    0.0907018017251
4.34    0.0913002909007
4.36    0.0917739337853
4.38    0.0921299965564
4.4    0.0923674422815
4.42    0.0924746560735
4.44    0.0924525721579
4.46    0.0923044820098
4.48    0.0920513242561
4.5    0.091695848376
4.52    0.0912273358374
4.54    0.0906686741658
4.56    0.090137911724
4.58    0.0897441643142
4.6    0.0893139136983
4.62    0.088799351186
4.64    0.0881906547262
4.66    0.0874939379386
4.68    0.0867264400266
4.7    0.0865406852986
4.72    0.0862874912139
4.74    0.0859403888485
4.76    0.0855126232499
4.78    0.0850218297595
4.8    0.0845753056037
4.82    0.084287944058
4.84    0.084019981805
4.86    0.0837087071259
4.88    0.0835288635964
4.9    0.0839351384385
4.92    0.0843288713519
4.94    0.0847099983126
4.96    0.0850784550743
4.98    0.0854362985331
5.0    0.085790100049
5.02    0.0861310101333
5.04    0.0864589727975
5.06    0.086773937436
5.08    0.0870758598067
5.1    0.0873647029484
5.12    0.0876404380188
5.14    0.0879038955397
5.16    0.0881639011227
5.18    0.0884107084468
5.2    0.0886443250156
5.22    0.0888647694179
5.24    0.0890720716723
5.26    0.089266273488
5.28    0.0894474284424
5.3    0.0896156020784
5.32    0.0897750451486
5.34    0.0899274609377
5.36    0.0900670800905
5.38    0.090194012919
5.4    0.0903083811822
5.42    0.0904103177831
5.44    0.0904999664134
5.46    0.0905774811487
5.48    0.090683401723
5.5    0.0909342804443
5.52    0.0911767488455
5.54    0.0914111623735
5.56    0.0916323757477
5.58    0.0918448593981
5.6    0.09205019675
5.62    0.0922427651243
5.64    0.0924306422479
5.66    0.0926080463499
5.68    0.0927801029945
5.7    0.0929443798382
5.72    0.0942817938608
5.74    0.0959299160449
5.76    0.097808745963
5.78    0.0998214427128
5.8    0.101879250481
5.82    0.103976662948
5.84    0.106114429674
5.86    0.108282938785
5.88    0.110481446918
5.9    0.112702521367
5.92    0.114948400169
5.94    0.117211295309
5.96    0.119488436359
5.98    0.121777432685
6.0    0.124076940912
6.02    0.126386081107
6.04    0.128727724941
6.06    0.13110589758
6.08    0.13349313894
6.1    0.1358849998
6.12    0.138287221807
6.14    0.14072469845
6.16    0.143188867028
6.18    0.14565875525
6.2    0.148147797258
6.22    0.150658976939
6.24    0.153165058745
6.26    0.155654404291
6.28    0.158122013437
6.3    0.160562634005
6.32    0.162971743863
6.34    0.165347691894
6.36    0.167690644702
6.38    0.169999547285
6.4    0.172271389338
6.42    0.174503659368
6.44    0.176695807511
6.46    0.178848839734
6.48    0.180973344391
6.5    0.183089366908
6.52    0.185306879908
6.54    0.187632851881
6.56    0.189906665599
6.58    0.192123935798
6.6    0.194302928019
6.62    0.196449101362
6.64    0.198545825307
6.66    0.200596030134
6.68    0.202599193123
6.7    0.204561895278
6.72    0.206501546702
6.74    0.208434923022
6.76    0.210369931332
6.78    0.212267822615
6.8    0.214113842712
6.82    0.215946236306
6.84    0.217747048068
6.86    0.219499046193
6.88    0.221213275877
6.9    0.222871650823
6.92    0.224468245338
6.94    0.226003660457
6.96    0.22747658862
6.98    0.228890208488
7.0    0.230248898389
7.02    0.231551546836
7.04    0.232790866559
7.06    0.233953935289
7.08    0.235025314976
7.1    0.236004571813
7.12    0.236884313512
7.14    0.237681013769
7.16    0.238416651726
7.18    0.239135501504
7.2    0.239848574822
7.22    0.240712186649
7.24    0.241973345211
7.26    0.243263556241
7.28    0.244589395483
7.3    0.245881768456
7.32    0.247122428058
7.34    0.248316629796
7.36    0.2494662099
7.38    0.250598839513
7.4    0.251730415446
7.42    0.252844410864
7.44    0.25391663875
7.46    0.25493084334
7.48    0.255899866882
7.5    0.25681028049
7.52    0.257675694323
7.54    0.258494866913
7.56    0.259291234126
7.58    0.260419568864
7.6    0.261695953681
7.62    0.262949612557
7.64    0.264192911781
7.66    0.265418438146
7.68    0.266610194907
7.7    0.267768922804
7.72    0.268883727951
7.74    0.26995444966
7.76    0.27098832688
7.78    0.271970259667
7.8    0.272920574424
7.82    0.273817264329
7.84    0.274680064988
7.86    0.275490757994
7.88    0.276266475215
7.9    0.27699130451
7.92    0.277680854021
7.94    0.278324816255
7.96    0.278929230832
7.98    0.279502426223
8.0    0.280043598516
8.02    0.280556288252
8.04    0.281040348497
8.06    0.281496864564
8.08    0.281932876778
8.1    0.282347346255
8.12    0.282748998219
8.14    0.283138773774
8.16    0.283513585272
8.18    0.283865881613
8.2    0.284195928998
8.22    0.284502673046
8.24    0.284783987805
8.26    0.285037037532
8.28    0.285257849716
8.3    0.285441447249
8.32    0.285598746411
8.34    0.285714664871
8.36    0.285798574919
8.38    0.285842874886
8.4    0.285855124688
8.42    0.285826471603
8.44    0.285768837344
8.46    0.285670941905
8.48    0.285545240916
8.5    0.285385579707
8.52    0.285193664494
8.54    0.284978850645
8.56    0.284732732005
8.58    0.284455809148
8.6    0.284158268825
8.62    0.283830624103
8.64    0.283474294097
8.66    0.283096889034
8.68    0.282694320583
8.7    0.282266225822
8.72    0.281814829266
8.74    0.281343277824
8.76    0.280853050262
8.78    0.280342064349
8.8    0.279809353429
8.82    0.279254720867
8.84    0.278679234053
8.86    0.278087743948
8.88    0.277476254995
8.9    0.276845603118
8.92    0.276197290787
8.94    0.275532403723
8.96    0.274850774986
8.98    0.274152733666
9.0    0.273440611762
9.02    0.272715957892
9.04    0.271993087563
9.06    0.271311510299
9.08    0.270632715651
9.1    0.269940887302
9.12    0.269297395075
9.14    0.268898264883
9.16    0.268489279849
9.18    0.268072591469
9.2    0.267657050035
9.22    0.267372068049
9.24    0.267111494545
9.26    0.266865957937
9.28    0.266711308231
9.3    0.266599452417
9.32    0.266497525743
9.34    0.266379323182
9.36    0.266240972823
9.38    0.266085858235
9.4    0.265911123726
9.42    0.265715116905
9.44    0.265499657946
9.46    0.265270113326
9.48    0.265021594515
9.5    0.264754248733
9.52    0.26446898011
9.54    0.264170053481
9.56    0.263851423696
9.58    0.263513188721
9.6    0.263163193231
9.62    0.26279656499
9.64    0.262417305441
9.66    0.262031412636
9.68    0.261713431183
9.7    0.261421472318
9.72    0.26111914045
9.74    0.26080294827
9.76    0.260469421865
9.78    0.260119539896
9.8    0.259755597253
9.82    0.259370398433
9.84    0.258972132255
9.86    0.258553004247
9.88    0.258116942512
9.9    0.257665243685
9.92    0.257190414535
9.94    0.256707363506
9.96    0.256202090469
9.98    0.255680402356
10.0    0.255145966205
