0.05    8.48725161326e-05
0.07    0.00019985983228
0.09    0.000361960674891
0.1    0.000465907983505
0.12    0.000792829409864
0.14    0.00149552458428
0.16    0.00179828212411
0.18    0.00302901922586
0.2    0.00370257937453
0.22    0.00450464669283
0.24    0.00558541588224
0.26    0.00689099201425
0.28    0.00859884165883
0.3    0.0110689684243
0.32    0.0112232836303
0.34    0.0118787785155
0.36    0.0139688834507
0.38    0.0147913449659
0.4    0.0147591646737
0.42    0.012839748461
0.44    0.0134352643229
0.46    0.0152430159842
0.48    0.0183554619473
0.5    0.0219093341938
0.52    0.0245059013577
0.54    0.0257832957896
0.56    0.0237296179622
0.58    0.0276346286926
0.6    0.0283814946695
0.62    0.0280417052413
0.64    0.0254958418569
0.66    0.0249298525771
0.68    0.0283887316223
0.7    0.0346984681259
0.72    0.0411856526489
0.74    0.046061802984
0.76    0.0518505104953
0.78    0.0535156681745
0.8    0.0535588992871
0.82    0.0558701254125
0.84    0.0584805560185
0.86    0.0574203131559
0.88    0.0506095066602
0.9    0.0474740698299
0.92    0.0437748830622
0.94    0.039319053515
0.96    0.0382948895689
0.98    0.0366118683766
1.0    0.0403164561574
1.02    0.0413027172969
1.04    0.0397695567054
1.06    0.0371999397438
1.08    0.038731186618
1.1    0.0411386453003
1.12    0.0452057454337
1.14    0.0490764762896
1.16    0.0513968865979
1.18    0.0535295493645
1.2    0.053493967181
1.22    0.0522752810922
1.24    0.0545502730942
1.26    0.0587359100245
1.28    0.0641592544388
1.3    0.0692186026298
1.32    0.072039843598
1.34    0.0726971080812
1.36    0.0723636300741
1.38    0.0700328925526
1.4    0.0661469978267
1.42    0.0611143803728
1.44    0.0572867387299
1.46    0.0555229246056
1.48    0.0526940365225
1.5    0.0502875732485
1.52    0.0493288300492
1.54    0.0488379880135
1.56    0.0508521819438
1.58    0.0534950236379
1.6    0.0557928456544
1.62    0.0580242886027
1.64    0.0616813959347
1.66    0.0644948252133
1.68    0.0664092892896
1.7    0.0674315378207
1.72    0.0686967906273
1.74    0.0744243138364
1.76    0.0797833640851
1.78    0.0841290176279
1.8    0.0871086773928
1.82    0.0887071366627
1.84    0.0891425321558
1.86    0.0886954765748
1.88    0.0875544789594
1.9    0.0857623420424
1.92    0.0832541099991
1.94    0.0799660313889
1.96    0.0780421004458
1.98    0.0800804652243
2.0    0.0811312590905
2.02    0.081183806623
2.04    0.080396471902
2.06    0.0790248956189
2.08    0.0779681800333
2.1    0.0777185360498
2.12    0.0808097786974
2.14    0.0866134521472
2.16    0.0927043006907
2.18    0.0990556340276
2.2    0.105585750674
2.22    0.112209447913
2.24    0.118808501259
2.26    0.125302775028
2.28    0.1316654014
2.3    0.137948406659
2.32    0.144236249988
2.34    0.150602142173
2.36    0.157061144583
2.38    0.163543641149
2.4    0.169879963166
2.42    0.175792304079
2.44    0.180944521127
2.46    0.185054610506
2.48    0.187784123976
2.5    0.188981651421
2.52    0.188620897767
2.54    0.186768257263
2.56    0.18360374209
2.58    0.187570248789
2.6    0.195580346423
2.62    0.203221882442
2.64    0.210448417763
2.66    0.217296388245
2.68    0.223805870373
2.7    0.230026797001
2.72    0.23601446374
2.74    0.241826200354
2.76    0.247521018432
2.78    0.253080613673
2.8    0.258519128554
2.82    0.263868602546
2.84    0.269069639701
2.86    0.274144701627
2.88    0.279008678764
2.9    0.283629843261
2.92    0.288007792703
2.94    0.292105824787
2.96    0.295899871183
2.98    0.299387380528
3.0    0.302575942002
3.02    0.305488986798
3.04    0.308165302664
3.06    0.310612473208
3.08    0.312867355065
3.1    0.324694669978
3.12    0.337809276009
3.14    0.350161564667
3.16    0.361773218432
3.18    0.375693522856
3.2    0.390028113655
3.22    0.403533358857
3.24    0.416126512932
3.26    0.42774650495
3.28    0.438351475678
3.3    0.447922846736
3.32    0.45646332465
3.34    0.464078049032
3.36    0.47079808175
3.38    0.476593787885
3.4    0.481465902446
3.42    0.485360814095
3.44    0.488214010467
3.46    0.489956503388
3.48    0.490512230076
3.5    0.489791668725
3.52    0.487754885143
3.54    0.484431532343
3.56    0.479883195188
3.58    0.474187147989
3.6    0.470340170298
3.62    0.468740043521
3.64    0.466218408926
3.66    0.462786905595
3.68    0.458403343865
3.7    0.453012930201
3.72    0.446557693911
3.74    0.439182741659
3.76    0.430952042111
3.78    0.42204741328
3.8    0.412654355998
3.82    0.402866665113
3.84    0.392689658591
3.86    0.382162819791
3.88    0.371283423984
3.9    0.36013720725
3.92    0.348806875446
3.94    0.33734462947
3.96    0.327870661572
3.98    0.319350823038
4.0    0.310744187364
4.02    0.304650918329
4.04    0.299685440121
4.06    0.294495729248
4.08    0.28915603911
4.1    0.283656187978
4.12    0.278050206234
4.14    0.272390602815
4.16    0.266674986754
4.18    0.260981040299
4.2    0.255299699888
4.22    0.249677016984
4.24    0.244151147925
4.26    0.238718179663
4.28    0.233412710938
4.3    0.228277429844
4.32    0.223300548116
4.34    0.218499113426
4.36    0.213886840619
4.38    0.209474278158
4.4    0.205269247518
4.42    0.201285434429
4.44    0.197513187523
4.46    0.193952838661
4.48    0.190602617483
4.5    0.187458887669
4.52    0.184516381627
4.54    0.181768430666
4.56    0.179207188087
4.58    0.176823843092
4.6    0.174608823694
4.62    0.172551987268
4.64    0.170642797607
4.66    0.168872566746
4.68    0.167230159325
4.7    0.165702714176
4.72    0.164279529123
4.74    0.16295019138
4.76    0.161704664976
4.78    0.160533364282
4.8    0.159427214241
4.82    0.158377698103
4.84    0.157376893408
4.86    0.156417497133
4.88    0.155492840878
4.9    0.154596897008
4.92    0.153724276684
4.94    0.152870220689
4.96    0.152030583947
4.98    0.151201814615
5.0    0.150380928563
5.02    0.149565480046
5.04    0.148753529322
5.06    0.147943607896
5.08    0.147134682052
5.1    0.146326115261
5.12    0.145518173504
5.14    0.144712262103
5.16    0.143906718049
5.18    0.143102088143
5.2    0.142299131553
5.22    0.141498784952
5.24    0.140702129178
5.26    0.139910357603
5.28    0.139124746377
5.3    0.138346626665
5.32    0.137577358966
5.34    0.13681830957
5.36    0.13607082918
5.38    0.135336233704
5.4    0.134615787196
5.42    0.13391068691
5.44    0.133222050408
5.46    0.132550904648
5.48    0.131898176982
5.5    0.131264687956
5.52    0.130651145824
5.54    0.130058142661
5.56    0.129486151971
5.58    0.128935527667
5.6    0.128406504322
5.62    0.127899198563
5.64    0.127413611494
5.66    0.126949632049
5.68    0.126507041153
5.7    0.126085516584
5.72    0.125684638445
5.74    0.125303895137
5.76    0.124942689748
5.78    0.124600346766
5.8    0.124276119037
5.82    0.123969194889
5.84    0.123678705357
5.86    0.123403731432
5.88    0.123143311294
5.9    0.122896447451
5.92    0.122662113763
5.94    0.122439262277
5.96    0.12222682987
5.98    0.122023744632
6.0    0.121828931992
6.02    0.121641320536
6.04    0.12145984752
6.06    0.121283464051
6.08    0.12111113992
6.1    0.120941868086
6.12    0.120774668814
6.14    0.120608593435
6.16    0.120442727765
6.18    0.120276195158
6.2    0.12010815921
6.22    0.119937826121
6.24    0.119764446713
6.26    0.119587318131
6.28    0.119405785222
6.3    0.119219241609
6.32    0.119027130483
6.34    0.118828945109
6.36    0.118624229075
6.38    0.118412576295
6.4    0.118193630776
6.42    0.117967086171
6.44    0.11773268513
6.46    0.117490218467
6.48    0.117239524153
6.5    0.116980486158
6.52    0.11671303315
6.54    0.11643713707
6.56    0.116152811591
6.58    0.11586011049
6.6    0.115559125917
6.62    0.115249986612
6.64    0.114932856047
6.66    0.11460793053
6.68    0.114275437261
6.7    0.113935632376
6.72    0.113588798957
6.74    0.113235245053
6.76    0.112875301681
6.78    0.112509320853
6.8    0.112137673616
6.82    0.111760748105
6.84    0.111378947637
6.86    0.110992688839
6.88    0.110602399812
6.9    0.110208518339
6.92    0.109954779751
6.94    0.109947154143
6.96    0.109934281175
6.98    0.10991589546
7.0    0.109891753188
7.02    0.109861631962
7.04    0.109825330581
7.06    0.109782668776
7.08    0.109733486902
7.1    0.109677645588
7.12    0.109615025354
7.14    0.109545526181
7.16    0.109469067066
7.18    0.109385585535
7.2    0.109295037139
7.22    0.109197394923
7.24    0.109092648874
7.26    0.108980805358
7.28    0.108861886536
7.3    0.108735929767
7.32    0.108603637455
7.34    0.108466838959
7.36    0.108323169938
7.38    0.108172720028
7.4    0.108015591076
7.42    0.107851896519
7.44    0.107681760761
7.46    0.107505318552
7.48    0.10732271437
7.5    0.107134101816
7.52    0.106939643
7.54    0.106739507953
7.56    0.106533874033
7.58    0.106322925347
7.6    0.106106852186
7.62    0.105885850461
7.64    0.105660121165
7.66    0.105429869837
7.68    0.105195306042
7.7    0.104956642869
7.72    0.104714096435
7.74    0.104467885413
7.76    0.104218230569
7.78    0.10396535431
7.8    0.103709480263
7.82    0.103450832849
7.84    0.103189636889
7.86    0.102926117221
7.88    0.102660498324
7.9    0.102393003971
7.92    0.102123856891
7.94    0.101853278449
7.96    0.101581488334
7.98    0.101308704274
8.0    0.10103514176
8.02    0.100761013778
8.04    0.100486530578
8.06    0.100211899425
8.08    0.0999373243969
8.1    0.0996630061717
8.12    0.0993892854138
8.14    0.0991170522253
8.16    0.0988456004779
8.18    0.0985751162934
8.2    0.0983057816179
8.22    0.098037774096
8.24    0.0977712669516
8.26    0.0975064288874
8.28    0.0972434239853
8.3    0.0969824116303
8.32    0.0967235464319
8.34    0.0964669781645
8.36    0.0962128517163
8.38    0.0959613070386
8.4    0.0957124791207
8.42    0.0954664979529
8.44    0.0952234885195
8.46    0.0949835707791
8.48    0.0947468596677
8.5    0.0945134651024
8.52    0.0942834919899
8.54    0.0940570402474
8.56    0.0940624114772
8.58    0.0941330552959
8.6    0.0942063909614
8.62    0.0942822268843
8.64    0.0943603734154
8.66    0.094440643014
8.68    0.0945228504075
8.7    0.0946068127419
8.72    0.0946923497249
8.74    0.0947792837586
8.76    0.0948674400647
8.78    0.0949566468009
8.8    0.0950467351697
8.82    0.0951375395197
8.84    0.095228897437
8.86    0.0953206498324
8.88    0.0954126410184
8.9    0.0955047187794
8.92    0.0955967344368
8.94    0.0956885429068
8.96    0.0957800027499
8.98    0.0958709762144
9.0    0.0959613292776
9.02    0.0960509316756
9.04    0.0961396569301
9.06    0.0962273823722
9.08    0.0963139891538
9.1    0.096399362263
9.12    0.0964833905265
9.14    0.0965659666133
9.16    0.0966469870294
9.18    0.0967263521115
9.2    0.0968039660153
9.22    0.0968797366985
9.24    0.0969535759029
9.26    0.0970253991316
9.28    0.097095125621
9.3    0.097162678314
9.32    0.0972279838246
9.34    0.097290972404
9.36    0.0973515779034
9.38    0.0974097377314
9.4    0.0974653928126
9.42    0.0975184875418
9.44    0.097568969736
9.46    0.0976167905871
9.48    0.0976619046085
9.5    0.0977042695843
9.52    0.0977438465135
9.54    0.0977805995561
9.56    0.0978144959744
9.58    0.0978455060759
9.6    0.0978736031545
9.62    0.097898763429
9.64    0.097920965984
9.66    0.0979401927068
9.68    0.097956428226
9.7    0.0979696598481
9.72    0.0979798774951
9.74    0.0979870736396
9.76    0.0979912432425
9.78    0.0979923836879
9.8    0.0979904947194
9.82    0.0979855783756
9.84    0.0979776389262
9.86    0.0979666828081
9.88    0.097952718561
9.9    0.0979357567641
9.92    0.097916547089
9.94    0.0978944257432
9.96    0.0978693492959
9.98    0.0978413353512
10.0    0.0978104032524
