0.05    0.000141346931886
0.07    0.000298948251655
0.09    0.000600985848185
0.1    0.000804503863324
0.12    0.00126187146082
0.14    0.00180335679022
0.16    0.00292233019011
0.18    0.00432350936412
0.2    0.00541261555521
0.22    0.00558119079695
0.24    0.00718332508276
0.26    0.0103602611818
0.28    0.0142118292467
0.3    0.0202762125955
0.32    0.0213939185499
0.34    0.0222989546761
0.36    0.0265694852645
0.38    0.0291058289286
0.4    0.0317979055429
0.42    0.0275485043746
0.44    0.0289747960455
0.46    0.0325560774152
0.48    0.0433473761225
0.5    0.0500289663031
0.52    0.0524597974916
0.54    0.0460452725067
0.56    0.0418738942586
0.58    0.040554975868
0.6    0.0376809499063
0.62    0.0362769054497
0.64    0.0399309070001
0.66    0.0427779014414
0.68    0.0432727277812
0.7    0.0433107789036
0.72    0.0448033469292
0.74    0.0502500371004
0.76    0.0573823296255
0.78    0.0579863496813
0.8    0.0570669097735
0.82    0.0550485110399
0.84    0.0535646558022
0.86    0.0534570013439
0.88    0.0543813971713
0.9    0.0567411156639
0.92    0.0612269795685
0.94    0.0636283541223
0.96    0.0624727256442
0.98    0.0613878756135
1.0    0.0632485970419
1.02    0.061661795269
1.04    0.0629816437857
1.06    0.0679413895237
1.08    0.0722419889585
1.1    0.0758768740433
1.12    0.0783673680053
1.14    0.0797616175085
1.16    0.081729973896
1.18    0.0943963030617
1.2    0.104866440272
1.22    0.111340799965
1.24    0.112611481961
1.26    0.108746171853
1.28    0.103096012841
1.3    0.104990300407
1.32    0.105088167622
1.34    0.103505951105
1.36    0.104038147317
1.38    0.103454470807
1.4    0.101756989807
1.42    0.0992656088372
1.44    0.108903434463
1.46    0.116687454213
1.48    0.121881655362
1.5    0.124652097393
1.52    0.125689800316
1.54    0.125992229533
1.56    0.126470064472
1.58    0.127638981349
1.6    0.129310491718
1.62    0.130894810422
1.64    0.131711181383
1.66    0.131227695467
1.68    0.129315931868
1.7    0.126239358169
1.72    0.122606651834
1.74    0.121460437126
1.76    0.125825625787
1.78    0.130727519899
1.8    0.135065875808
1.82    0.13876383786
1.84    0.141549318741
1.86    0.143067942291
1.88    0.143156192422
1.9    0.145809397456
1.92    0.150008589148
1.94    0.153476267934
1.96    0.156029878134
1.98    0.157725759262
2.0    0.158957857365
2.02    0.160346419347
2.04    0.162589994131
2.06    0.166272645443
2.08    0.171726517205
2.1    0.178959652911
2.12    0.187670792863
2.14    0.19737334179
2.16    0.207519861987
2.18    0.217629807351
2.2    0.227306972835
2.22    0.236264308352
2.24    0.244388669324
2.26    0.251579526251
2.28    0.257877235164
2.3    0.263628932013
2.32    0.275847833885
2.34    0.287565942643
2.36    0.298749324286
2.38    0.309427795816
2.4    0.319627712452
2.42    0.329389665532
2.44    0.338769641126
2.46    0.347878695161
2.48    0.356783447105
2.5    0.367240997741
2.52    0.379690760831
2.54    0.392037568201
2.56    0.404471764114
2.58    0.417158097753
2.6    0.430331594433
2.62    0.444235813047
2.64    0.459104778395
2.66    0.47514475656
2.68    0.492518061934
2.7    0.511344942647
2.72    0.531680318878
2.74    0.553500156683
2.76    0.576727428618
2.78    0.601357090193
2.8    0.627223754335
2.82    0.654259618298
2.84    0.682371101479
2.86    0.711428047062
2.88    0.741284083428
2.9    0.771803188583
2.92    0.802887925604
2.94    0.834553832418
2.96    0.87040527444
2.98    0.90955394302
3.0    0.949142660032
3.02    0.98928137459
3.04    1.02972409264
3.06    1.07047975394
3.08    1.11119042893
3.1    1.15187600656
3.12    1.19228994598
3.14    1.23248649135
3.16    1.2722306309
3.18    1.31126082543
3.2    1.34922689108
3.22    1.38583677581
3.24    1.42080651436
3.26    1.45382011338
3.28    1.48465017184
3.3    1.51628616636
3.32    1.54613669692
3.34    1.57256020268
3.36    1.59544142543
3.38    1.61426924614
3.4    1.62874749384
3.42    1.63881976151
3.44    1.64416760575
3.46    1.64484314291
3.48    1.64091753843
3.5    1.63246987596
3.52    1.61992714844
3.54    1.60355580676
3.56    1.58373771459
3.58    1.56490775113
3.6    1.54283649291
3.62    1.51742234574
3.64    1.48884982055
3.66    1.45733630879
3.68    1.4256530101
3.7    1.39727077783
3.72    1.36685265414
3.74    1.33434188147
3.76    1.30003667565
3.78    1.26405044036
3.8    1.22662913865
3.82    1.18800004813
3.84    1.14839538315
3.86    1.10822210236
3.88    1.0738055773
3.9    1.0466582141
3.92    1.01893402253
3.94    0.990722223722
3.96    0.962156575773
3.98    0.933436152632
4.0    0.907926080559
4.02    0.886326873571
4.04    0.864391150713
4.06    0.842167126059
4.08    0.819770872392
4.1    0.797314912347
4.12    0.778750550822
4.14    0.762711775401
4.16    0.746553772427
4.18    0.730307918087
4.2    0.71404690368
4.22    0.697857773632
4.24    0.681807084429
4.26    0.665910973334
4.28    0.650210774391
4.3    0.634741364367
4.32    0.619533066864
4.34    0.604612378903
4.36    0.590001639816
4.38    0.57577812345
4.4    0.561915844808
4.42    0.551560750026
4.44    0.551721898207
4.46    0.551961170967
4.48    0.552171189867
4.5    0.552259151681
4.52    0.552146692548
4.54    0.551795375716
4.56    0.551162827639
4.58    0.550181231477
4.6    0.548823241909
4.62    0.547138622446
4.64    0.545061768687
4.66    0.54258832513
4.68    0.539802082096
4.7    0.536643318802
4.72    0.533151110258
4.74    0.529384894353
4.76    0.525318039734
4.78    0.521016788287
4.8    0.516508025336
4.82    0.511793641691
4.84    0.506947334358
4.86    0.501978901701
4.88    0.496903541473
4.9    0.491779618069
4.92    0.486629466539
4.94    0.481461261602
4.96    0.476302208034
4.98    0.471202886343
5.0    0.466163605293
5.02    0.461197491483
5.04    0.456322161799
5.06    0.451552691719
5.08    0.446907279842
5.1    0.442400729539
5.12    0.439269924174
5.14    0.436154337604
5.16    0.433052815136
5.18    0.429977340521
5.2    0.426954986603
5.22    0.423985894006
5.24    0.421069474079
5.26    0.418212747796
5.28    0.415421518398
5.3    0.412702249751
5.32    0.410071790452
5.34    0.407516336365
5.36    0.40503748547
5.38    0.402635927058
5.4    0.400311520353
5.42    0.398063375363
5.44    0.395889934667
5.46    0.394047394272
5.48    0.392287538871
5.5    0.390573295062
5.52    0.388906426633
5.54    0.387288173825
5.56    0.385721357176
5.58    0.384210771358
5.6    0.382749324355
5.62    0.381336535531
5.64    0.379971565788
5.66    0.378653253453
5.68    0.37738015006
5.7    0.376150555716
5.72    0.374962553718
5.74    0.373814044209
5.76    0.372702776604
5.78    0.371626380652
5.8    0.370582395924
5.82    0.369568299665
5.84    0.368581532869
5.86    0.367619524539
5.88    0.366679714071
5.9    0.36575957175
5.92    0.364856617347
5.94    0.363972857944
5.96    0.363104799729
5.98    0.362247005764
6.0    0.361397339062
6.02    0.360553776005
6.04    0.359714414499
6.06    0.35887748059
6.08    0.358041333588
6.1    0.357204469829
6.12    0.35636552514
6.14    0.35552327609
6.16    0.354676640142
6.18    0.353824674778
6.2    0.352966575695
6.22    0.352101674157
6.24    0.35122943361
6.26    0.350349445605
6.28    0.349468788247
6.3    0.348580406508
6.32    0.347683657107
6.34    0.346778581808
6.36    0.345865323418
6.38    0.344944119364
6.4    0.344015295131
6.42    0.343079257546
6.44    0.342136488022
6.46    0.341187535768
6.48    0.340233011033
6.5    0.339273578405
6.52    0.338309950239
6.54    0.337342880184
6.56    0.336373156893
6.58    0.33540159793
6.6    0.334429043861
6.62    0.333456352604
6.64    0.332484394003
6.66    0.331517172659
6.68    0.330553949085
6.7    0.329593873074
6.72    0.328637814799
6.74    0.327686633903
6.76    0.326741175689
6.78    0.325802267646
6.8    0.324870716233
6.82    0.323947303943
6.84    0.323032786669
6.86    0.322127891329
6.88    0.321233313756
6.9    0.320349716841
6.92    0.319477728961
6.94    0.3186179426
6.96    0.317770913246
6.98    0.31693715849
7.0    0.316117157327
7.02    0.315311349702
7.04    0.314520136191
7.06    0.313743877901
7.08    0.312982896526
7.1    0.31223747457
7.12    0.311507855697
7.14    0.310794245238
7.16    0.310096810819
7.18    0.309415683092
7.2    0.308750956587
7.22    0.308102690645
7.24    0.307470910451
7.26    0.306855608126
7.28    0.306256743893
7.3    0.305674247311
7.32    0.305108018536
7.34    0.304557929644
7.36    0.304023825978
7.38    0.303505527522
7.4    0.303002830299
7.42    0.302515507776
7.44    0.302043312287
7.46    0.30158597644
7.48    0.301143214539
7.5    0.300714723992
7.52    0.300300186695
7.54    0.299899270415
7.56    0.299511630138
7.58    0.299136909405
7.6    0.298774741615
7.62    0.29842475129
7.64    0.298086555316
7.66    0.297759764155
7.68    0.297443982998
7.7    0.297138812902
7.72    0.296843851872
7.74    0.296558695908
7.76    0.296282940009
7.78    0.296016179128
7.8    0.295758009089
7.82    0.295508027461
7.84    0.295265834375
7.86    0.29503103332
7.88    0.294803231862
7.9    0.294582042352
7.92    0.294367082566
7.94    0.294157976313
7.96    0.293954353995
7.98    0.29375585313
8.0    0.293562118832
8.02    0.293372804241
8.04    0.293187570935
8.06    0.293006089277
8.08    0.292828038748
8.1    0.292653108229
8.12    0.292480996252
8.14    0.292311411217
8.16    0.29214407158
8.18    0.291978706005
8.2    0.291815053482
8.22    0.291652863428
8.24    0.291491895748
8.26    0.291331920876
8.28    0.29117271979
8.3    0.291014084002
8.32    0.290855815526
8.34    0.290697726824
8.36    0.290539640733
8.38    0.290381390373
8.4    0.290222819033
8.42    0.290063780048
8.44    0.289904136658
8.46    0.289743761841
8.48    0.289582538157
8.5    0.289420357556
8.52    0.28925712119
8.54    0.289092739204
8.56    0.288927130528
8.58    0.288760222657
8.6    0.288591951417
8.62    0.288422260738
8.64    0.288251102407
8.66    0.288079578692
8.68    0.287906893817
8.7    0.287732641191
8.72    0.287556800446
8.74    0.287379357845
8.76    0.287200306023
8.78    0.287019643731
8.8    0.286837375577
8.82    0.286653511766
8.84    0.286468067847
8.86    0.286281064451
8.88    0.286092527041
8.9    0.285902485663
8.92    0.285710974688
8.94    0.285518032573
8.96    0.285323701614
8.98    0.285128027708
9.0    0.284931060116
9.02    0.284732851231
9.04    0.284533456355
9.06    0.284332933467
9.08    0.284131343019
9.1    0.283928747708
9.12    0.28372521228
9.14    0.28352080332
9.16    0.283315589063
9.18    0.283109639191
9.2    0.282903024659
9.22    0.282695817507
9.24    0.28248809069
9.26    0.282279917904
9.28    0.28207137343
9.3    0.281862531971
9.32    0.281653468505
9.34    0.281444258135
9.36    0.281234975953
9.38    0.281025696907
9.4    0.280816495668
9.42    0.280607446511
9.44    0.280398623201
9.46    0.280190098873
9.48    0.279981945935
9.5    0.279774235965
9.52    0.279567039612
9.54    0.279360426512
9.56    0.279154465201
9.58    0.278949223037
9.6    0.278744766118
9.62    0.278541159227
9.64    0.278338465752
9.66    0.278136747637
9.68    0.277936065317
9.7    0.277736477676
9.72    0.277538041995
9.74    0.277340813905
9.76    0.27714484736
9.78    0.27695019459
9.8    0.27675690608
9.82    0.276565030534
9.84    0.276374614857
9.86    0.276185704139
9.88    0.275998341624
9.9    0.27581256871
9.92    0.275628424938
9.94    0.275445947972
9.96    0.275265173609
9.98    0.275086135769
10.0    0.274908866499
