0.05    0.00015167822255
0.07    0.000350516715423
0.09    0.000565194914616
0.1    0.000712887891157
0.12    0.00154338129349
0.14    0.00237187034133
0.16    0.00332145889302
0.18    0.00401295584236
0.2    0.0049055284332
0.22    0.00795582180847
0.24    0.0118447501401
0.26    0.0136593322072
0.28    0.0154882085925
0.3    0.0177404703398
0.32    0.0174808566311
0.34    0.015563514062
0.36    0.0134830113376
0.38    0.0128375188021
0.4    0.0138616322921
0.42    0.0126900958977
0.44    0.0100753356935
0.46    0.01061813756
0.48    0.0124235788385
0.5    0.0135015200772
0.52    0.0159408715962
0.54    0.0191371801799
0.56    0.0212089754233
0.58    0.019429445585
0.6    0.0180085303976
0.62    0.017394505087
0.64    0.0176543287328
0.66    0.0206495226096
0.68    0.0247060774185
0.7    0.0276069953679
0.72    0.0302477768286
0.74    0.0301575962941
0.76    0.026859310987
0.78    0.0261067233954
0.8    0.0290748827994
0.82    0.0306317892593
0.84    0.0309402919373
0.86    0.030717202337
0.88    0.0304870916023
0.9    0.0300433344595
0.92    0.0292258053844
0.94    0.0284671193585
0.96    0.0279874545299
0.98    0.0274996289791
1.0    0.0268486441696
1.02    0.0261415393843
1.04    0.0257163224432
1.06    0.0271065755025
1.08    0.028202707137
1.1    0.0291239246222
1.12    0.0300189618778
1.14    0.0314319452915
1.16    0.0324056273452
1.18    0.033345258224
1.2    0.0348299848395
1.22    0.0372197703367
1.24    0.0404892622047
1.26    0.0443979147766
1.28    0.0486979785113
1.3    0.0531406766179
1.32    0.0574892270123
1.34    0.0614821646046
1.36    0.0649059876175
1.38    0.067767020265
1.4    0.0701157509058
1.42    0.072155619775
1.44    0.0740179260056
1.46    0.0757403455331
1.48    0.0774159503545
1.5    0.0791139561082
1.52    0.0808482523129
1.54    0.0827315109177
1.56    0.0852334255749
1.58    0.0879398011521
1.6    0.0906142854965
1.62    0.0932224866298
1.64    0.0957339579697
1.66    0.0981213398339
1.68    0.100370639346
1.7    0.102497254035
1.72    0.104556362461
1.74    0.106642025048
1.76    0.108901122511
1.78    0.111595396291
1.8    0.114853538336
1.82    0.118529542063
1.84    0.122571663058
1.86    0.126927271182
1.88    0.131516967285
1.9    0.136281033439
1.92    0.141076304022
1.94    0.145871672601
1.96    0.150556484089
1.98    0.154934999513
2.0    0.158775322829
2.02    0.162029372062
2.04    0.16461089967
2.06    0.166947611792
2.08    0.16925521335
2.1    0.171025953442
2.12    0.17201112765
2.14    0.172169727404
2.16    0.171563329085
2.18    0.170272848595
2.2    0.168360693436
2.22    0.165815623327
2.24    0.162693169332
2.26    0.159048815052
2.28    0.155014727754
2.3    0.152370647131
2.32    0.150050675455
2.34    0.147484316853
2.36    0.14462377581
2.38    0.141500392743
2.4    0.138153924424
2.42    0.134634028741
2.44    0.130937548593
2.46    0.127081877433
2.48    0.123101952796
2.5    0.11903196404
2.52    0.11485543554
2.54    0.115990279443
2.56    0.119147517081
2.58    0.121433801042
2.6    0.123174527505
2.62    0.124490999641
2.64    0.125317359633
2.66    0.125826025557
2.68    0.126445409496
2.7    0.126858658807
2.72    0.126964411524
2.74    0.126809652241
2.76    0.126476341505
2.78    0.12645748888
2.8    0.127082252883
2.82    0.127629934229
2.84    0.128081844542
2.86    0.12845611573
2.88    0.128781396343
2.9    0.129026332153
2.92    0.129096958659
2.94    0.128904911837
2.96    0.128448495623
2.98    0.127729744286
3.0    0.126776688399
3.02    0.12556538707
3.04    0.12410722499
3.06    0.12242739813
3.08    0.120549034111
3.1    0.118534985488
3.12    0.116481338001
3.14    0.114471545466
3.16    0.112471999175
3.18    0.110473317605
3.2    0.108501749509
3.22    0.106590839919
3.24    0.104769231565
3.26    0.103077664546
3.28    0.101539811483
3.3    0.100168970747
3.32    0.0989791792229
3.34    0.0979895769218
3.36    0.0971785034121
3.38    0.0965454505587
3.4    0.0960781645508
3.42    0.0957452841402
3.44    0.0955323841803
3.46    0.095413633491
3.48    0.0953557297582
3.5    0.0953321339279
3.52    0.0953154743212
3.54    0.0952793644371
3.56    0.0951994030442
3.58    0.0950530053683
3.6    0.0948307979594
3.62    0.0945114329914
3.64    0.0940972445386
3.66    0.0944985129723
3.68    0.0950280550605
3.7    0.0954883592796
3.72    0.0958828851869
3.74    0.0961883283074
3.76    0.0963766279164
3.78    0.0964306958428
3.8    0.0963512386432
3.82    0.0961246784193
3.84    0.0957514235283
3.86    0.0952447921214
3.88    0.0946133809238
3.9    0.0938644010185
3.92    0.0930703555906
3.94    0.0923621380592
3.96    0.0915799330935
3.98    0.0907151842691
4.0    0.0897712673671
4.02    0.0887591522801
4.04    0.0877180486069
4.06    0.0874145950756
4.08    0.0870760655892
4.1    0.0867025218462
4.12    0.0862962340263
4.14    0.0858558046165
4.16    0.0853794038939
4.18    0.0848686801716
4.2    0.0843223733094
4.22    0.0837404914998
4.24    0.0831232990802
4.26    0.0824754247492
4.28    0.081797486621
4.3    0.0810856106201
4.32    0.0803416019142
4.34    0.0795706025597
4.36    0.0788109738314
4.38    0.0781522783872
4.4    0.0774589354502
4.42    0.0767383031605
4.44    0.0759722845147
4.46    0.0751787184158
4.48    0.0743407619687
4.5    0.0734743212863
4.52    0.0734108168895
4.54    0.0733888168013
4.56    0.0733319660919
4.58    0.0732421998641
4.6    0.0731244656906
4.62    0.072975083488
4.64    0.0727931784658
4.66    0.0725782686637
4.68    0.0723359884793
4.7    0.0720574439377
4.72    0.0717526897403
4.74    0.0714125060886
4.76    0.0710500785873
4.78    0.0706550283622
4.8    0.070238093255
4.82    0.0697976173135
4.84    0.0693319914468
4.86    0.0688525394857
4.88    0.0683558403205
4.9    0.0678422326737
4.92    0.067316725757
4.94    0.0667871818781
4.96    0.0662490404953
4.98    0.0657051613892
5.0    0.0651583128014
5.02    0.0646149104619
5.04    0.0640763447007
5.06    0.0635418744651
5.08    0.0630137381161
5.1    0.0624940036463
5.12    0.061984559682
5.14    0.0614871088896
5.16    0.0610047110869
5.18    0.0605391512809
5.2    0.060089221049
5.22    0.0596558846643
5.24    0.0592399196017
5.26    0.0588419216271
5.28    0.0584623113208
5.3    0.0581013418456
5.32    0.0577591077903
5.34    0.0574355548971
5.36    0.0571304905094
5.38    0.0568435945647
5.4    0.0565744309795
5.42    0.0563224592725
5.44    0.0560870462859
5.46    0.055867477881
5.48    0.055662970487
5.5    0.0554726824011
5.52    0.0552963619137
5.54    0.0551331174251
5.56    0.0549813481025
5.58    0.0548400924014
5.6    0.054708379377
5.62    0.0545852370237
5.64    0.0544696999692
5.66    0.0543608165053
5.68    0.0542576549452
5.7    0.0541593093087
5.72    0.0540649043387
5.74    0.053973599863
5.76    0.0538845945179
5.78    0.0537971288562
5.8    0.0537104878651
5.82    0.053624002924
5.84    0.0535370532341
5.86    0.0534490667533
5.88    0.0533595206725
5.9    0.0532679414701
5.92    0.053174935049
5.94    0.0530802310541
5.96    0.0529823801714
5.98    0.0528810949505
6.0    0.0527761324474
6.02    0.0526672925459
6.04    0.0525544161018
6.06    0.0524373829415
6.08    0.0523161097407
6.1    0.052190547816
6.12    0.0520606808509
6.14    0.05192652258
6.16    0.0517881144587
6.18    0.0516455233298
6.2    0.0514988391114
6.22    0.0513484121962
6.24    0.0511959173547
6.26    0.0510396758042
6.28    0.0508798453663
6.3    0.0507165963858
6.32    0.0505501098053
6.34    0.0503805753358
6.36    0.0502081897263
6.38    0.0500331551327
6.4    0.0498556775973
6.42    0.0496759656297
6.44    0.0494942288988
6.46    0.0493106770278
6.48    0.0491255184969
6.5    0.0489389596474
6.52    0.0487512037892
6.54    0.0485624504031
6.56    0.048394446401
6.58    0.0483465964596
6.6    0.0482985691697
6.62    0.048250418884
6.64    0.0482021967221
6.66    0.0481539506429
6.68    0.0481057255217
6.7    0.0480575632327
6.72    0.0480095027331
6.74    0.0479615801527
6.76    0.0479138288841
6.78    0.0478662796764
6.8    0.04781896073
6.82    0.047772501548
6.84    0.0477264995223
6.86    0.0476807815245
6.88    0.0476353670411
6.9    0.0475902734835
6.92    0.047545516286
6.94    0.0475011090001
6.96    0.0474570633898
6.98    0.0474133895258
7.0    0.0473700958762
7.02    0.0473271893988
7.04    0.0472846756289
7.06    0.0472425587665
7.08    0.0472008417612
7.1    0.0471595263955
7.12    0.0471186133643
7.14    0.0470781023543
7.16    0.0470379921192
7.18    0.0469982805529
7.2    0.0469589647606
7.22    0.0469200411273
7.24    0.0468815053831
7.26    0.0468433526665
7.28    0.0468055775849
7.3    0.0467681742733
7.32    0.0467311364483
7.34    0.0466944574619
7.36    0.046658130352
7.38    0.0466221478893
7.4    0.0465865026234
7.42    0.0465511869252
7.44    0.046516193028
7.46    0.0464815130651
7.48    0.0464471391057
7.5    0.0464130631892
7.52    0.0463792773558
7.54    0.0463457736767
7.56    0.0463125442806
7.58    0.0462795813799
7.6    0.0462468772933
7.62    0.0462144244681
7.64    0.0461822154989
7.66    0.0461502431466
7.68    0.0461185003546
7.7    0.0460869802628
7.72    0.0460556762216
7.74    0.0460245818032
7.76    0.0459936908123
7.78    0.0459629972946
7.8    0.045932495545
7.82    0.0459021801139
7.84    0.0458720458122
7.86    0.0458420877165
7.88    0.0458123011713
7.9    0.0457826817917
7.92    0.0457532254649
7.94    0.0457239283503
7.96    0.0456947868797
7.98    0.0456657977552
8.0    0.0456369579487
8.02    0.045608264698
8.04    0.0455797155052
8.06    0.0455513081319
8.08    0.0455230405953
8.1    0.0454949111639
8.12    0.0454669183521
8.14    0.0454390609146
8.16    0.0454113378409
8.18    0.0453837483485
8.2    0.0453562918773
8.22    0.0453289680819
8.24    0.0453017768252
8.26    0.0452747181713
8.28    0.0452477923773
8.3    0.0452209998872
8.32    0.0451943413229
8.34    0.0451678174774
8.36    0.045141429307
8.38    0.0451151779224
8.4    0.0450890645826
8.42    0.0450630906854
8.44    0.0450372577606
8.46    0.0450115674618
8.48    0.0449860215583
8.5    0.0449606219282
8.52    0.0449353705501
8.54    0.0449102694954
8.56    0.0448853209214
8.58    0.0448605270636
8.6    0.0448358902283
8.62    0.0448114127859
8.64    0.0447870971636
8.66    0.0447629458385
8.68    0.0447389613308
8.7    0.0447151461981
8.72    0.0446915030278
8.74    0.0446680344315
8.76    0.044644743039
8.78    0.0446216314923
8.8    0.0445987024398
8.82    0.044575958531
8.84    0.0445534024108
8.86    0.0445310367147
8.88    0.0445088640635
8.9    0.0444868870588
8.92    0.0444651082783
8.94    0.044443530271
8.96    0.0444221555534
8.98    0.0444009866054
9.0    0.0443800258662
9.02    0.0443592757306
9.04    0.0443387385457
9.06    0.0443184166072
9.08    0.0442983121569
9.1    0.0442784273788
9.12    0.0442587643968
9.14    0.044239325272
9.16    0.0442201120002
9.18    0.0442011265093
9.2    0.0441823706576
9.22    0.0441638462314
9.24    0.0441455549433
9.26    0.04412749843
9.28    0.0441096782519
9.3    0.0440920958902
9.32    0.0440747527469
9.34    0.0440576501427
9.36    0.0440407893163
9.38    0.0440241714239
9.4    0.0440077975378
9.42    0.043991668646
9.44    0.0439757856519
9.46    0.0439601493733
9.48    0.0439447605428
9.5    0.0439296198071
9.52    0.0439147277269
9.54    0.0439000847771
9.56    0.0438856913469
9.58    0.0438715477399
9.6    0.0438576541739
9.62    0.0438440107824
9.64    0.0438306176137
9.66    0.0438174746323
9.68    0.0438045817192
9.7    0.0437919386726
9.72    0.0437795452083
9.74    0.0437674009611
9.76    0.0437555054851
9.78    0.0437438582547
9.8    0.0437324586658
9.82    0.0437213060366
9.84    0.0437103996087
9.86    0.043699738548
9.88    0.0436893219463
9.9    0.043679148822
9.92    0.0436692181218
9.94    0.0436595287213
9.96    0.043650079427
9.98    0.0436408689772
10.0    0.0436318960432
