0.05    0.00015167822255
0.07    0.000350516715423
0.09    0.000565194914616
0.1    0.000735204231518
0.12    0.00103384454405
0.14    0.00240765802647
0.16    0.00316081773196
0.18    0.00383456942532
0.2    0.00423865878066
0.22    0.00528966968804
0.24    0.005058574269
0.26    0.00619810206673
0.28    0.00547495987154
0.3    0.00631239948197
0.32    0.00686287031652
0.34    0.00775249974035
0.36    0.00847578348961
0.38    0.00820124092076
0.4    0.0099582285021
0.42    0.0114166634842
0.44    0.0138438615621
0.46    0.0146162339553
0.48    0.0130902581101
0.5    0.014769838724
0.52    0.0143269928984
0.54    0.013787501462
0.56    0.0149677590232
0.58    0.0165899413585
0.6    0.0188686155575
0.62    0.0182684209329
0.64    0.0170867299055
0.66    0.0172627306071
0.68    0.0170342091984
0.7    0.017073731905
0.72    0.0170432858282
0.74    0.0169381848818
0.76    0.0175616560542
0.78    0.0185017711803
0.8    0.0188140826053
0.82    0.0193366668021
0.84    0.0200957851767
0.86    0.0212871709986
0.88    0.0237937176451
0.9    0.0258308355648
0.92    0.0259826829296
0.94    0.0270612219065
0.96    0.0274922047372
0.98    0.0281229059489
1.0    0.0290702255566
1.02    0.0306930045432
1.04    0.0323059386047
1.06    0.0335729690917
1.08    0.0347965868652
1.1    0.0381795079472
1.12    0.0420323405889
1.14    0.0453759196247
1.16    0.0481939304323
1.18    0.0504721373459
1.2    0.0519397743994
1.22    0.0525023830783
1.24    0.052993530387
1.26    0.0531987859649
1.28    0.0528132328822
1.3    0.0518104088017
1.32    0.0502553551991
1.34    0.0482800381174
1.36    0.0461483689619
1.38    0.0463220847204
1.4    0.0473994904562
1.42    0.0487123693316
1.44    0.0502779575093
1.46    0.0520730715543
1.48    0.054027244333
1.5    0.0559991202413
1.52    0.057866465339
1.54    0.0595309034105
1.56    0.0609337922487
1.58    0.0620563053389
1.6    0.0629066700903
1.62    0.0635031808209
1.64    0.0638621143201
1.66    0.0663041352726
1.68    0.0714498256285
1.7    0.0762832446637
1.72    0.0813568367948
1.74    0.0865835562349
1.76    0.0913299559007
1.78    0.0953530637127
1.8    0.0986410103095
1.82    0.101258982543
1.84    0.103803708994
1.86    0.106351764331
1.88    0.108639469663
1.9    0.111106651229
1.92    0.11354385516
1.94    0.115390724936
1.96    0.1164294686
1.98    0.116709059246
2.0    0.116172493522
2.02    0.114883796467
2.04    0.112984069004
2.06    0.11079088577
2.08    0.108343618068
2.1    0.106267937486
2.12    0.104483377972
2.14    0.102329586704
2.16    0.0998347722461
2.18    0.0970137167114
2.2    0.0942764826082
2.22    0.0921593670547
2.24    0.0898723965414
2.26    0.087458062349
2.28    0.0865960981211
2.3    0.0860233167164
2.32    0.0853581227477
2.34    0.0846131099706
2.36    0.0838152789747
2.38    0.0829560081849
2.4    0.0820657519877
2.42    0.0811719486318
2.44    0.0802649356308
2.46    0.0793977818345
2.48    0.0785540997223
2.5    0.0777566837979
2.52    0.0770261286006
2.54    0.0763551347513
2.56    0.0757493739073
2.58    0.0752131768489
2.6    0.0747439388761
2.62    0.0743283739509
2.64    0.0755377740854
2.66    0.0768255360903
2.68    0.0782284238072
2.7    0.0794516454842
2.72    0.0804837293906
2.74    0.0813339861566
2.76    0.0820401012201
2.78    0.0826190254642
2.8    0.0831007798398
2.82    0.083512393563
2.84    0.083913243161
2.86    0.0843359276185
2.88    0.0848376589355
2.9    0.0854807054695
2.92    0.0862872566668
2.94    0.0872874880523
2.96    0.088497568436
2.98    0.0918401754933
3.0    0.0966523544172
3.02    0.10072995614
3.04    0.104005434703
3.06    0.10650174909
3.08    0.108233601942
3.1    0.109278330283
3.12    0.109796272627
3.14    0.1121800305
3.16    0.116310012383
3.18    0.120314611769
3.2    0.12421987006
3.22    0.128220121539
3.24    0.132267547605
3.26    0.136100253098
3.28    0.139625292449
3.3    0.142866551953
3.32    0.145846265158
3.34    0.148484946691
3.36    0.150710384255
3.38    0.152546446609
3.4    0.155077403421
3.42    0.157532042901
3.44    0.158959165381
3.46    0.160087795792
3.48    0.159865747009
3.5    0.158196514401
3.52    0.158220102528
3.54    0.158425571149
3.56    0.159036832592
3.58    0.159312010012
3.6    0.159624082792
3.62    0.160068565634
3.64    0.160232634235
3.66    0.160070068715
3.68    0.159554541412
3.7    0.158679774308
3.72    0.157482586893
3.74    0.156021624465
3.76    0.154327766842
3.78    0.152427299532
3.8    0.150354061976
3.82    0.148106028686
3.84    0.145695510104
3.86    0.143133536543
3.88    0.140448203874
3.9    0.137686070526
3.92    0.139076567971
3.94    0.141321788642
3.96    0.142802270216
3.98    0.143500241077
4.0    0.143425524363
4.02    0.142602784965
4.04    0.141075918962
4.06    0.141139470219
4.08    0.14106635819
4.1    0.140377181661
4.12    0.139091931939
4.14    0.137255599198
4.16    0.134938135478
4.18    0.132220548638
4.2    0.129194237887
4.22    0.125945099841
4.24    0.122546410371
4.26    0.119066862734
4.28    0.11556207565
4.3    0.112075137165
4.32    0.108634391378
4.34    0.105283906394
4.36    0.102045766156
4.38    0.0989444182708
4.4    0.0960011700769
4.42    0.0932267837365
4.44    0.0918710080066
4.46    0.0907552466849
4.48    0.0896572968607
4.5    0.0885677806604
4.52    0.0874879275111
4.54    0.0864217933583
4.56    0.0853764571324
4.58    0.0843427248053
4.6    0.0833213091225
4.62    0.0823128467479
4.64    0.0813222653728
4.66    0.0803504234818
4.68    0.0793925563674
4.7    0.0784491837035
4.72    0.0775208119098
4.74    0.0766079386098
4.76    0.0757133420551
4.78    0.0748389451421
4.8    0.0739810343436
4.82    0.0731400979846
4.84    0.0723166094337
4.86    0.0715110225052
4.88    0.0707237662945
4.9    0.0699552396999
4.92    0.0692058058388
4.94    0.0684757865599
4.96    0.0677663456498
4.98    0.0670784454859
5.0    0.0664103653796
5.02    0.0657622340464
5.04    0.0651341176293
5.06    0.0645260174074
5.08    0.0639378682838
5.1    0.0633695380449
5.12    0.0628208274024
5.14    0.0622914707912
5.16    0.0617811378954
5.18    0.0612894358548
5.2    0.0608515357775
5.22    0.0604646428116
5.24    0.0600882363158
5.26    0.0597225684439
5.28    0.0593678449151
5.3    0.059024224149
5.32    0.0586918168391
5.34    0.0583706859367
5.36    0.0580608470396
5.38    0.0577622691538
5.4    0.0574748758098
5.42    0.0571985465039
5.44    0.0569331184319
5.46    0.0566783884909
5.48    0.0564341155125
5.5    0.0562000226975
5.52    0.055975800223
5.54    0.0557611079845
5.56    0.0555555784503
5.58    0.0553588195913
5.6    0.0551704178647
5.62    0.0549901366376
5.64    0.0548184376997
5.66    0.054653756725
5.68    0.0544956278917
5.7    0.054343578184
5.72    0.0541971301873
5.74    0.0540558047891
5.76    0.0539191237655
5.78    0.0537866122468
5.8    0.0536578010477
5.82    0.0535322288551
5.84    0.0534094442681
5.86    0.0532890076814
5.88    0.0531704930115
5.9    0.0530534892632
5.92    0.0529376019328
5.94    0.052822454252
5.96    0.0527076882713
5.98    0.0525929657868
6.0    0.0524779691133
6.02    0.0523624017077
6.04    0.0522459886489
6.06    0.0521284769788
6.08    0.0520096359097
6.1    0.0518892569079
6.12    0.0517671536569
6.14    0.0516431619084
6.16    0.0515171392323
6.18    0.0513889646662
6.2    0.0512585382786
6.22    0.0511257806502
6.24    0.0509920958608
6.26    0.0508560856414
6.28    0.0507176039008
6.3    0.0505766445899
6.32    0.0504332186994
6.34    0.0502873534203
6.36    0.0501390912719
6.38    0.0499884892019
6.4    0.0498356176717
6.42    0.0496805597247
6.44    0.0495234100479
6.46    0.0493642740295
6.48    0.0492032668195
6.5    0.0490405123932
6.52    0.0488761426304
6.54    0.048710296402
6.56    0.048543118678
6.58    0.0483747596554
6.6    0.0482053739061
6.62    0.0480351195555
6.64    0.0478641574841
6.66    0.0476926505615
6.68    0.0475207629101
6.7    0.0473486592034
6.72    0.0471765039944
6.74    0.0470044610845
6.76    0.0468326929197
6.78    0.04666136003
6.8    0.0464906205009
6.82    0.0463206294801
6.84    0.0461515387229
6.86    0.0459834961719
6.88    0.0458166455716
6.9    0.0456511261172
6.92    0.0454870721404
6.94    0.0453246128241
6.96    0.0451638719539
6.98    0.0450049902683
7.0    0.0448483085444
7.02    0.044693650402
7.04    0.0445411172535
7.06    0.0443908043402
7.08    0.0442428006505
7.1    0.0440971888654
7.12    0.0439540453242
7.14    0.0438134400166
7.16    0.0436754365948
7.18    0.0435400924027
7.2    0.0434074585294
7.22    0.0432775798753
7.24    0.0431504952376
7.26    0.0430262374093
7.28    0.0429048332928
7.3    0.0427863040269
7.32    0.0426706651234
7.34    0.0425579266161
7.36    0.04244809322
7.38    0.0423411644951
7.4    0.0422371350227
7.42    0.0421359945841
7.44    0.0420377283473
7.46    0.0419423170566
7.48    0.0418497414855
7.5    0.0417601407722
7.52    0.0416733167327
7.54    0.0415892335317
7.56    0.0415078519361
7.58    0.0414291295188
7.6    0.0413530208591
7.62    0.0412794777448
7.64    0.0412084493703
7.66    0.0411398825346
7.68    0.0410737218356
7.7    0.0410099098613
7.72    0.0409483873788
7.74    0.0408890935179
7.76    0.0408319659527
7.78    0.0407769410767
7.8    0.0407239541752
7.82    0.0406729395921
7.84    0.0406238308914
7.86    0.040576561015
7.88    0.0405310624329
7.9    0.0404872672904
7.92    0.040445107548
7.94    0.0404045151169
7.96    0.0403654219886
7.98    0.0403277603576
8.0    0.0402914627409
8.02    0.0402564620889
8.04    0.0402226918936
8.06    0.0401900862883
8.08    0.040158580144
8.1    0.0401281091586
8.12    0.0400986099422
8.14    0.0400700200948
8.16    0.0400422782813
8.18    0.0400153242992
8.2    0.0399890991423
8.22    0.0399635450587
8.24    0.0399386056045
8.26    0.0399142256923
8.28    0.0398903516354
8.3    0.0398669311871
8.32    0.0398439135761
8.34    0.039821249537
8.36    0.0397988913376
8.38    0.0397767928011
8.4    0.039754909326
8.42    0.0397331979003
8.44    0.0397116171146
8.46    0.0396901271696
8.48    0.0396686898816
8.5    0.0396472686851
8.52    0.0396258286312
8.54    0.039604336385
8.56    0.0395827602179
8.58    0.039561070001
8.6    0.0395392371913
8.62    0.0395172348207
8.64    0.0394950374791
8.66    0.0394726212972
8.68    0.0394499639271
8.7    0.0394270445216
8.72    0.039403843711
8.74    0.0393803435793
8.76    0.039356527638
8.78    0.0393323808
8.8    0.0393078893512
8.82    0.0392830409214
8.84    0.0392578244542
8.86    0.0392322301763
8.88    0.0392062495657
8.9    0.0391798753197
8.92    0.0391531013216
8.94    0.0391259226069
8.96    0.0390983353304
8.98    0.0390703367317
9.0    0.0390419251001
9.02    0.0390130997404
9.04    0.0389838609386
9.06    0.0389542099256
9.08    0.0389241488443
9.1    0.0388936807127
9.12    0.0388629386025
9.14    0.0388318152774
9.16    0.0388002975453
9.18    0.0387683914351
9.2    0.0387361036855
9.22    0.0387034417111
9.24    0.0386704135695
9.26    0.0386370279279
9.28    0.038603294032
9.3    0.0385692216728
9.32    0.0385348211561
9.34    0.0385001032713
9.36    0.0384650792606
9.38    0.0384297607903
9.4    0.0383941599204
9.42    0.0383582890765
9.44    0.0383221610223
9.46    0.0382857888308
9.48    0.0382491858586
9.5    0.0382123657199
9.52    0.0381753422601
9.54    0.0381381295318
9.56    0.0381007417701
9.58    0.0380631933699
9.6    0.0380254988617
9.62    0.0379876728912
9.64    0.0379497301963
9.66    0.0379116855875
9.68    0.0378735539271
9.7    0.0378353501096
9.72    0.0377970890442
9.74    0.0377587856351
9.76    0.0377204547656
9.78    0.0376821112796
9.8    0.0376437699674
9.82    0.037605445549
9.84    0.0375671526598
9.86    0.0375289058359
9.88    0.0374907195014
9.9    0.0374526079543
9.92    0.0374145853558
9.94    0.0373766657164
9.96    0.0373388628867
9.98    0.0373011905459
10.0    0.0372636621915
