0.05    6.74844881696e-05
0.07    0.000178751294076
0.09    0.000364837698236
0.1    0.000554822749042
0.12    0.00078073992179
0.14    0.00152728899093
0.16    0.00185281080386
0.18    0.00255300670012
0.2    0.00251263272242
0.22    0.00336151474208
0.24    0.00325941581246
0.26    0.00448806250812
0.28    0.00626252285626
0.3    0.00640394892583
0.32    0.00813749380097
0.34    0.00781296512065
0.36    0.00745378902978
0.38    0.00862431810592
0.4    0.00937906262032
0.42    0.0102808724351
0.44    0.0108237498862
0.46    0.0105260630908
0.48    0.0106884123048
0.5    0.0118921501646
0.52    0.012529120186
0.54    0.0112288440097
0.56    0.0107859403228
0.58    0.0128054737793
0.6    0.0160749782471
0.62    0.0194740523988
0.64    0.0210309392663
0.66    0.0211263181671
0.68    0.0241279843856
0.7    0.026545761937
0.72    0.0303097628704
0.74    0.0290027584436
0.76    0.0273551214349
0.78    0.0250407132776
0.8    0.0254217720932
0.82    0.0249922268998
0.84    0.0224376206449
0.86    0.0195002105336
0.88    0.0204289197027
0.9    0.0209081942569
0.92    0.0232491735989
0.94    0.0259912884593
0.96    0.0287879880808
0.98    0.0304287809881
1.0    0.030233380154
1.02    0.0291772477665
1.04    0.0317896560064
1.06    0.0350332915234
1.08    0.0382621096271
1.1    0.0413004275116
1.12    0.0444655186945
1.14    0.0477330645932
1.16    0.0506157405979
1.18    0.0530675736348
1.2    0.0556279108277
1.22    0.058806923539
1.24    0.0621059664922
1.26    0.0642619799507
1.28    0.0639388846199
1.3    0.0637694917505
1.32    0.0615685590726
1.34    0.0579848944276
1.36    0.0547594334102
1.38    0.0532632759368
1.4    0.0537173286954
1.42    0.0552343242144
1.44    0.0565338350052
1.46    0.0576268851291
1.48    0.0606053931557
1.5    0.0616598166155
1.52    0.0614318171777
1.54    0.0604977401264
1.56    0.0591649838958
1.58    0.0575396122248
1.6    0.0556336125183
1.62    0.0534876213829
1.64    0.0512106511578
1.66    0.0489310430889
1.68    0.046791235115
1.7    0.0482046615122
1.72    0.0500062431896
1.74    0.0521422983862
1.76    0.054416029106
1.78    0.0565940932677
1.8    0.0584201177822
1.82    0.0596776736126
1.84    0.0602878560982
1.86    0.0602197472649
1.88    0.0595930769339
1.9    0.0585300273573
1.92    0.057137251544
1.94    0.0578390460264
1.96    0.0597339529785
1.98    0.0608486465257
2.0    0.0612104049457
2.02    0.0608613967027
2.04    0.0598203957861
2.06    0.0583085331011
2.08    0.0579651290162
2.1    0.0571641191764
2.12    0.0561318360546
2.14    0.0568310855334
2.16    0.056996477799
2.18    0.056680353284
2.2    0.0560491634999
2.22    0.0567063318823
2.24    0.0581193397924
2.26    0.0598117663071
2.28    0.0616185457789
2.3    0.0633737274216
2.32    0.064915839012
2.34    0.0661640452873
2.36    0.0670613435115
2.38    0.0675642963908
2.4    0.0676696127636
2.42    0.0677426990412
2.44    0.0677583754213
2.46    0.0674463401843
2.48    0.0668799721593
2.5    0.0661314907591
2.52    0.0653006277307
2.54    0.0645259634673
2.56    0.0639364355446
2.58    0.0636263627343
2.6    0.0636499530671
2.62    0.0639709086045
2.64    0.0645170859208
2.66    0.0651819904806
2.68    0.0658473777575
2.7    0.0664098458603
2.72    0.0668142797285
2.74    0.0670299019126
2.76    0.0670646518567
2.78    0.0669998547945
2.8    0.0676536398009
2.82    0.0683097539432
2.84    0.0699249112289
2.86    0.0711940342789
2.88    0.0721543228249
2.9    0.0728309222572
2.92    0.073141788881
2.94    0.0729691074461
2.96    0.0722619545316
2.98    0.071073706649
3.0    0.0695336778544
3.02    0.0676159187534
3.04    0.065301753116
3.06    0.0625893535928
3.08    0.0606683753569
3.1    0.0586028706205
3.12    0.0563212929834
3.14    0.0548036795168
3.16    0.055033591487
3.18    0.0556154838461
3.2    0.0561275944269
3.22    0.0566143894138
3.24    0.0570842681553
3.26    0.0581835522544
3.28    0.0600669532412
3.3    0.0621285584452
3.32    0.0643415591515
3.34    0.0666319067242
3.36    0.0689370258725
3.38    0.0712183431719
3.4    0.0734931597053
3.42    0.0756494841733
3.44    0.0775752760638
3.46    0.0791738861814
3.48    0.080389503905
3.5    0.0811631209537
3.52    0.0814816340373
3.54    0.0813369539713
3.56    0.0807409083707
3.58    0.0797341796657
3.6    0.0783782092306
3.62    0.076770775538
3.64    0.0749931760593
3.66    0.0731263749959
3.68    0.0712421154893
3.7    0.0694125079108
3.72    0.0677166116396
3.74    0.0662446952832
3.76    0.0651731127048
3.78    0.0643690561447
3.8    0.0638772459915
3.82    0.0637278252583
3.84    0.0639402443921
3.86    0.0645053548536
3.88    0.0653965952973
3.9    0.0665748964692
3.92    0.067994459671
3.94    0.0695834923105
3.96    0.071278266991
3.98    0.073015686791
4.0    0.074736562906
4.02    0.0766999391954
4.04    0.07874038435
4.06    0.081559949555
4.08    0.0847935818633
4.1    0.0880645756186
4.12    0.0912611115767
4.14    0.0943262886497
4.16    0.0971935124737
4.18    0.0998159374136
4.2    0.102166572549
4.22    0.104204237184
4.24    0.105904434032
4.26    0.107278726764
4.28    0.108323262524
4.3    0.109041217053
4.32    0.109404593658
4.34    0.109420693941
4.36    0.109078476156
4.38    0.108411500272
4.4    0.107424502383
4.42    0.106153568342
4.44    0.104619216693
4.46    0.102848218024
4.48    0.100854034183
4.5    0.0987898733594
4.52    0.0976446047122
4.54    0.096247743069
4.56    0.0946781211714
4.58    0.0930419787342
4.6    0.0913090635092
4.62    0.0894543315201
4.64    0.0874641372004
4.66    0.0853561065923
4.68    0.0831485079462
4.7    0.0808773854118
4.72    0.0785722679179
4.74    0.0762528767598
4.76    0.0739358355039
4.78    0.0716391443158
4.8    0.0699120551776
4.82    0.0693370160668
4.84    0.0686831251416
4.86    0.0679827490396
4.88    0.0672255387442
4.9    0.0664205117222
4.92    0.0655871830074
4.94    0.0647317652217
4.96    0.0638543229783
4.98    0.0629625827207
5.0    0.0620730445494
5.02    0.061185127344
5.04    0.06030081822
5.06    0.0594251479097
5.08    0.0585691205908
5.1    0.0577315315009
5.12    0.056913060719
5.14    0.0561163789849
5.16    0.0553481657372
5.18    0.0546065807726
5.2    0.0538912380534
5.22    0.0532030059108
5.24    0.0525434367858
5.26    0.0519143331131
5.28    0.0513125196324
5.3    0.0507376671878
5.32    0.0501892256625
5.34    0.0496664579203
5.36    0.0491684718078
5.38    0.0486945231598
5.4    0.0482449972287
5.42    0.0478167955802
5.44    0.0474087042852
5.46    0.0470194786456
5.48    0.0466478619089
5.5    0.0462926017807
5.52    0.045952464803
5.54    0.0456262486854
5.56    0.0453127926994
5.58    0.0450109862426
5.6    0.0447197757033
5.62    0.0444381697445
5.64    0.0441652431449
5.66    0.0439008401407
5.68    0.043644120147
5.7    0.0433937034033
5.72    0.0431489431815
5.74    0.0429092605115
5.76    0.0426741421552
5.78    0.0424431379973
5.8    0.0422158579473
5.82    0.0419919684552
5.84    0.0417711887293
5.86    0.0415532867349
5.88    0.0413380750533
5.9    0.0411254066655
5.92    0.040915170721
5.94    0.0407072883456
5.96    0.0405017085352
5.98    0.0402984041716
6.0    0.0400973682007
6.02    0.0398987903793
6.04    0.0397032786457
6.06    0.0395100662438
6.08    0.0393191924591
6.1    0.0391307008704
6.12    0.0389446368783
6.14    0.0387610454862
6.16    0.0385799693357
6.18    0.0384014469889
6.2    0.0382255114531
6.22    0.0380521889414
6.24    0.0378814978582
6.26    0.0377134479975
6.28    0.0375480399434
6.3    0.0373852646608
6.32    0.0372251032582
6.34    0.0370675269145
6.36    0.0369124969518
6.38    0.0367599650384
6.4    0.0366098735136
6.42    0.0364621558134
6.44    0.0363167369894
6.46    0.0361735343023
6.48    0.0360324578817
6.5    0.0358934114368
6.52    0.0357562930103
6.54    0.0356209957593
6.56    0.0354874087571
6.58    0.035355417808
6.6    0.0352249062587
6.62    0.0350957558096
6.64    0.0349678473084
6.66    0.0348410615268
6.68    0.0347152799103
6.7    0.0345903852999
6.72    0.0344665106778
6.74    0.0343434691656
6.76    0.0342209749605
6.78    0.0340989227863
6.8    0.0339772117163
6.82    0.0338557456474
6.84    0.0337344337301
6.86    0.0336131907475
6.88    0.0334919374473
6.9    0.0333706008249
6.92    0.0332491143614
6.94    0.0331274182121
6.96    0.0330054593527
6.98    0.0328870880085
7.0    0.0327734070707
7.02    0.0326591743376
7.04    0.0325443552689
7.06    0.032428922144
7.08    0.0323128540433
7.1    0.0321961367959
7.12    0.0320787628926
7.14    0.0319607313695
7.16    0.0318420476633
7.18    0.0317227234377
7.2    0.0316027763894
7.22    0.031482230029
7.24    0.0313611134442
7.26    0.0312394610453
7.28    0.0311173122939
7.3    0.0309947114217
7.32    0.030871707134
7.34    0.030748352307
7.36    0.0306247036785
7.38    0.0305008215295
7.4    0.0303767693663
7.42    0.0302526135983
7.44    0.0301284232164
7.46    0.030004269471
7.48    0.0298802255541
7.5    0.029756366286
7.52    0.0296327678027
7.54    0.0295095072543
7.56    0.029386662507
7.58    0.0292643118557
7.6    0.0291425337425
7.62    0.0290214064871
7.64    0.028901008025
7.66    0.0288193680952
7.68    0.0287744914297
7.7    0.028725858945
7.72    0.0286735960606
7.74    0.0286178373059
7.76    0.0285587256124
7.78    0.0284964115876
7.8    0.0284310527775
7.82    0.0283628129199
7.84    0.0282918611926
7.86    0.0282183714635
7.88    0.0281425215411
7.9    0.0280644924343
7.92    0.0279844676216
7.94    0.027902632334
7.96    0.0278191728537
7.98    0.0277342758317
8.0    0.0276481276284
8.02    0.0275609136744
8.04    0.0274728178622
8.06    0.0273840219587
8.08    0.0272947050523
8.1    0.027205328325
8.12    0.0271160835473
8.14    0.0270268026917
8.16    0.026937649723
8.18    0.026848783676
8.2    0.026760358289
8.22    0.0266725216702
8.24    0.0265854159975
8.26    0.0264991772524
8.28    0.0264139349841
8.3    0.0263298121102
8.32    0.026246924745
8.34    0.0261653820613
8.36    0.0260852861827
8.38    0.0260067321023
8.4    0.0259298076346
8.42    0.025854593389
8.44    0.0257811627751
8.46    0.0257095820286
8.48    0.025639910263
8.5    0.025572199544
8.52    0.0255064949836
8.54    0.0254428348557
8.56    0.0253812507286
8.58    0.0253217676173
8.6    0.0252644041473
8.62    0.0252091727387
8.64    0.0251560797976
8.66    0.0251051259237
8.68    0.0250563061263
8.7    0.025009610051
8.72    0.0249650222129
8.74    0.0249225222383
8.76    0.0248820851108
8.78    0.0248436814235
8.8    0.0248209984167
8.82    0.0248055034345
8.84    0.0247911275286
8.86    0.0247778243492
8.88    0.0247655476429
8.9    0.0247542513199
8.92    0.0247438895181
8.94    0.0247344166654
8.96    0.0247257875387
8.98    0.0247179573205
9.0    0.0247108816524
9.02    0.0247045166866
9.04    0.0246988191343
9.06    0.0246937463114
9.08    0.024689256182
9.1    0.0246853073985
9.12    0.0246818593399
9.14    0.0246788721473
9.16    0.0246763067568
9.18    0.0246741249297
9.2    0.0246722892811
9.22    0.024670763305
9.24    0.0246695113981
9.26    0.0246684988807
9.28    0.0246676920155
9.3    0.0246670580244
9.32    0.0246665651031
9.34    0.0246662634014
9.36    0.0246660829485
9.38    0.0246659477746
9.4    0.0246658302267
9.42    0.0246657036721
9.44    0.0246655425018
9.46    0.0246653221319
9.48    0.0246650190029
9.5    0.0246646105787
9.52    0.0246640753424
9.54    0.0246633927926
9.56    0.0246625434373
9.58    0.0246615087862
9.6    0.0246602713433
9.62    0.0246588145962
9.64    0.0246571230068
9.66    0.0246551819986
9.68    0.0246529779451
9.7    0.0246504981559
9.72    0.0246477308623
9.74    0.0246446652027
9.76    0.0246412912065
9.78    0.0246375997781
9.8    0.0246335826792
9.82    0.024629232512
9.84    0.0246245427003
9.86    0.0246195074713
9.88    0.024614121837
9.9    0.0246083815736
9.92    0.0246022832034
9.94    0.0245958239732
9.96    0.0245890018353
9.98    0.0245818154262
10.0    0.0245742640464
