0.05    5.75425147745e-05
0.07    0.000169139910369
0.09    0.000284877984183
0.1    0.000352639314466
0.12    0.000461596608212
0.14    0.000815877438261
0.16    0.00133060058672
0.18    0.001900796454
0.2    0.00286578362812
0.22    0.00312171473319
0.24    0.00345901167757
0.26    0.00372692739597
0.28    0.00433707114657
0.3    0.00501137513936
0.32    0.00553636537448
0.34    0.00580894022565
0.36    0.00514171133076
0.38    0.00616386792257
0.4    0.00868956581461
0.42    0.0114959530143
0.44    0.0127444515687
0.46    0.0118756692364
0.48    0.011713941244
0.5    0.0111557823248
0.52    0.0120635064099
0.54    0.012503274644
0.56    0.0131865272657
0.58    0.0155648663774
0.6    0.0164644087548
0.62    0.0174016187069
0.64    0.0202015447091
0.66    0.0227358110538
0.68    0.0217331461913
0.7    0.0214802475011
0.72    0.0199659204811
0.74    0.0201820450909
0.76    0.0205144703049
0.78    0.0210855163478
0.8    0.0221670589842
0.82    0.0225736935763
0.84    0.0229669485279
0.86    0.0243286953506
0.88    0.0281285503973
0.9    0.0304661810368
0.92    0.0306663124337
0.94    0.029292967862
0.96    0.0282292605009
0.98    0.028527498487
1.0    0.0299467001915
1.02    0.0320452033971
1.04    0.0346200373345
1.06    0.0372499342726
1.08    0.0425119812547
1.1    0.0475541006306
1.12    0.0515467931346
1.14    0.0542246812003
1.16    0.0555271954838
1.18    0.0565963549594
1.2    0.0574299776218
1.22    0.0572925197907
1.24    0.05668547125
1.26    0.0561659551031
1.28    0.056489197087
1.3    0.0580630002295
1.32    0.0604342943934
1.34    0.0668397618929
1.36    0.0744326796407
1.38    0.0834474651995
1.4    0.0908441727405
1.42    0.0965848301027
1.44    0.101281764977
1.46    0.107929209687
1.48    0.112975694073
1.5    0.116615384596
1.52    0.118296026019
1.54    0.117509926004
1.56    0.114311365878
1.58    0.109305810083
1.6    0.103309524084
1.62    0.104251923567
1.64    0.108662503471
1.66    0.116691596856
1.68    0.128305903441
1.7    0.142373403747
1.72    0.157311411126
1.74    0.171631621471
1.76    0.183778619167
1.78    0.19245720667
1.8    0.197120774143
1.82    0.197651952886
1.84    0.194510001712
1.86    0.19155433155
1.88    0.185452070073
1.9    0.176779090866
1.92    0.166251359291
1.94    0.154604179978
1.96    0.14258267765
1.98    0.137813180356
2.0    0.13340119151
2.02    0.128942216244
2.04    0.124628667938
2.06    0.120522841635
2.08    0.116611000176
2.1    0.112906692546
2.12    0.109341836122
2.14    0.105897055781
2.16    0.102512215173
2.18    0.0991829126454
2.2    0.0958554939947
2.22    0.0925139603787
2.24    0.0891561619346
2.26    0.0880417671711
2.28    0.0890797347681
2.3    0.0902300877053
2.32    0.0914574651977
2.34    0.0927032382373
2.36    0.0939223476717
2.38    0.0950688852041
2.4    0.0960985448345
2.42    0.096969837373
2.44    0.0976445495835
2.46    0.0980898627213
2.48    0.0982830785316
2.5    0.0982157687051
2.52    0.09789399994
2.54    0.0973355519445
2.56    0.0965679117014
2.58    0.0993180333407
2.6    0.103876102146
2.62    0.108285354799
2.64    0.112485387332
2.66    0.116458686914
2.68    0.120158903093
2.7    0.123593541757
2.72    0.126727371475
2.74    0.12958571105
2.76    0.132186378564
2.78    0.13457811906
2.8    0.136792845045
2.82    0.138850939821
2.84    0.140739558974
2.86    0.142415948237
2.88    0.144480608419
2.9    0.149861092149
2.92    0.154957497959
2.94    0.159705909492
2.96    0.165127520099
2.98    0.172606254712
3.0    0.179772482077
3.02    0.186573796176
3.04    0.192962021191
3.06    0.198895053983
3.08    0.204338853371
3.1    0.209284639484
3.12    0.213716940143
3.14    0.217608499802
3.16    0.220983245607
3.18    0.223877217615
3.2    0.226333048269
3.22    0.228398896822
3.24    0.23011182655
3.26    0.231475171413
3.28    0.232467910933
3.3    0.233105968008
3.32    0.233356572937
3.34    0.233280357901
3.36    0.232853406448
3.38    0.232098329672
3.4    0.231046485019
3.42    0.229732938133
3.44    0.228166198391
3.46    0.226380283936
3.48    0.224428427892
3.5    0.222292675264
3.52    0.22002981811
3.54    0.217620029168
3.56    0.21511610872
3.58    0.212493700384
3.6    0.209791580519
3.62    0.206991958983
3.64    0.204110977929
3.66    0.201177235361
3.68    0.199403538973
3.7    0.199770915449
3.72    0.199843184577
3.74    0.199602617219
3.76    0.199054560391
3.78    0.198212487073
3.8    0.197093035083
3.82    0.195739702761
3.84    0.194123332932
3.86    0.192292266951
3.88    0.190229529377
3.9    0.187955913334
3.92    0.185501714684
3.94    0.182878177988
3.96    0.18009818679
3.98    0.177180610344
4.0    0.17414220761
4.02    0.170998945792
4.04    0.167769758041
4.06    0.164452623572
4.08    0.162874939471
4.1    0.162179557121
4.12    0.161485571861
4.14    0.16076856213
4.16    0.160045733408
4.18    0.159308797993
4.2    0.158554729864
4.22    0.157796208617
4.24    0.157014188577
4.26    0.15622878943
4.28    0.155425687133
4.3    0.154604124463
4.32    0.153777670058
4.34    0.152925642427
4.36    0.152062591546
4.38    0.151174547541
4.4    0.150271679232
4.42    0.149340591051
4.44    0.148398737556
4.46    0.147424180447
4.48    0.146442229834
4.5    0.145433274321
4.52    0.144404359619
4.54    0.143365158963
4.56    0.142300834364
4.58    0.1412250796
4.6    0.140139468288
4.62    0.139034921728
4.64    0.137918858083
4.66    0.136803531816
4.68    0.13567596125
4.7    0.134538707471
4.72    0.133400560699
4.74    0.13226775953
4.76    0.131131861972
4.78    0.129995241595
4.8    0.128860184579
4.82    0.127735968991
4.84    0.126623027729
4.86    0.125517132483
4.88    0.124420149411
4.9    0.123333817219
4.92    0.122259743603
4.94    0.121199403095
4.96    0.120162245969
4.98    0.119141481113
5.0    0.118137519957
5.02    0.117151335878
5.04    0.116183775232
5.06    0.11523556117
5.08    0.114307298089
5.1    0.113399476588
5.12    0.11251247884
5.14    0.11164658429
5.16    0.11080197559
5.18    0.109980518711
5.2    0.109182551023
5.22    0.108405621318
5.24    0.107649607188
5.26    0.1069143192
5.28    0.106199506885
5.3    0.105504864555
5.32    0.104830036965
5.34    0.104174624758
5.36    0.103538189706
5.38    0.102920259709
5.4    0.10232033356
5.42    0.101737885458
5.44    0.101172369266
5.46    0.100623222522
5.48    0.100089870194
5.5    0.0995717281903
5.52    0.0990682066228
5.54    0.0985787128355
5.56    0.0981026542029
5.58    0.0976394407022
5.6    0.0971884872763
5.62    0.0967492159875
5.64    0.0963210579733
5.66    0.0959034552187
5.68    0.0954958621433
5.7    0.095097747024
5.72    0.0947085932492
5.74    0.0943279004262
5.76    0.0939551853367
5.78    0.0935899827614
5.8    0.0932318461681
5.82    0.0928803482815
5.84    0.0925350815366
5.86    0.0921956584215
5.88    0.0918617117197
5.9    0.0915328946558
5.92    0.0912088809505
5.94    0.0908893647908
5.96    0.0905740607241
5.98    0.0902627034742
6.0    0.0899553573684
6.02    0.0896521363052
6.04    0.0893521680859
6.06    0.0890552641542
6.08    0.0887612542631
6.1    0.0884699859695
6.12    0.0881813240881
6.14    0.0878951501048
6.16    0.0876113615643
6.18    0.0873298714223
6.2    0.0870506073752
6.22    0.0867735111693
6.24    0.0864985378932
6.26    0.0862256552537
6.28    0.0859548428423
6.3    0.085686091397
6.32    0.0854194020539
6.34    0.0851547856045
6.36    0.0848922617511
6.38    0.0846318583645
6.4    0.0843736107545
6.42    0.084117560944
6.44    0.0838637569591
6.46    0.08361225213
6.48    0.0833631044093
6.5    0.0831163757057
6.52    0.082872131242
6.54    0.082630438927
6.56    0.0823913687535
6.58    0.082154992221
6.6    0.0819213817762
6.62    0.0816906102873
6.64    0.0814627505369
6.66    0.0812378747461
6.68    0.0810160541217
6.7    0.0807973584361
6.72    0.0805818556277
6.74    0.0803696114374
6.76    0.0801606890638
6.78    0.0799551488528
6.8    0.079753048013
6.82    0.0795544403537
6.84    0.0793593760562
6.86    0.0791679014671
6.88    0.0789800589177
6.9    0.078795886568
6.92    0.0786154182772
6.94    0.0784386834937
6.96    0.0782657071718
6.98    0.0780965097081
7.0    0.0779311068966
7.02    0.0777695099103
7.04    0.0776117252944
7.06    0.0774577549813
7.08    0.0773075963229
7.1    0.0771612421385
7.12    0.0770186807761
7.14    0.0768798961899
7.16    0.076744868031
7.18    0.0766135717467
7.2    0.076485978696
7.22    0.0763620562706
7.24    0.0762417680283
7.26    0.0761250738327
7.28    0.0760119300002
7.3    0.0759022894558
7.32    0.0757961018907
7.34    0.0756933139268
7.36    0.0755938692867
7.38    0.0754977089621
7.4    0.0754047713894
7.42    0.0753149926248
7.44    0.0752283065201
7.46    0.0751446448992
7.48    0.0750639377352
7.5    0.0749861133256
7.52    0.0749110984668
7.54    0.0748388186262
7.56    0.0747691981124
7.58    0.0747021602429
7.6    0.074637627508
7.62    0.0745755217315
7.64    0.0745157642275
7.66    0.0744582759534
7.68    0.0744029776582
7.7    0.0743497900254
7.72    0.0742986338132
7.74    0.0742494299865
7.76    0.0742020998472
7.78    0.0741565651557
7.8    0.0741127482498
7.82    0.0740705721566
7.84    0.0740299606986
7.86    0.0739908385957
7.88    0.0739531315589
7.9    0.0739167663818
7.92    0.0738816710232
7.94    0.0738477746862
7.96    0.0738150078907
7.98    0.0737833025408
8.0    0.0737525919867
8.02    0.0737228110812
8.04    0.0736938962312
8.06    0.0736657854436
8.08    0.0736384183664
8.1    0.0736117363255
8.12    0.0735856823553
8.14    0.0735602012262
8.16    0.073535239467
8.18    0.0735107453827
8.2    0.0734866690682
8.22    0.0734629624186
8.24    0.0734395791352
8.26    0.0734164747276
8.28    0.0733936065119
8.3    0.0733709336075
8.32    0.073348416928
8.34    0.0733260191711
8.36    0.0733037048046
8.38    0.0732814400495
8.4    0.0732591928624
8.42    0.073236932912
8.44    0.0732146315577
8.46    0.0731922618222
8.48    0.0731697983644
8.5    0.0731472174503
8.52    0.0731244969213
8.54    0.073101616162
8.56    0.0730785560659
8.58    0.0730552990008
8.6    0.0730318287714
8.62    0.0730081305831
8.64    0.0729841910037
8.66    0.0729599979237
8.68    0.0729355405177
8.7    0.0729108092037
8.72    0.0728857956034
8.74    0.0728604925006
8.76    0.0728348938008
8.78    0.0728089944897
8.8    0.0727827905926
8.82    0.0727562791325
8.84    0.0727294580897
8.86    0.0727023263607
8.88    0.0726748837175
8.9    0.072647130768
8.92    0.0726190689153
8.94    0.0725907003184
8.96    0.0725620278541
8.98    0.0725330550775
9.0    0.0725037861848
9.02    0.0724742259761
9.04    0.0724443798186
9.06    0.0724142536109
9.08    0.0723838537483
9.1    0.0723531870876
9.12    0.0723222609146
9.14    0.0722910829105
9.16    0.0722596611207
9.18    0.0722280039228
9.2    0.0721961199978
9.22    0.0721640182997
9.24    0.0721317080274
9.26    0.0720991985971
9.28    0.072066499616
9.3    0.072033620856
9.32    0.0720005722295
9.34    0.0719673637653
9.36    0.0719340055848
9.38    0.0719005078811
9.4    0.0718668808973
9.42    0.0718331349057
9.44    0.0717992801892
9.46    0.0717653270215
9.48    0.0717312856507
9.5    0.0716971662819
9.52    0.0716629790607
9.54    0.0716287340586
9.56    0.0715944412583
9.58    0.0715601105405
9.6    0.0715257516701
9.62    0.0714913742851
9.64    0.0714569878853
9.66    0.0714226018209
9.68    0.0713882252833
9.7    0.0713538672958
9.72    0.0713195367048
9.74    0.0712852421725
9.76    0.0712509921692
9.78    0.0712167949671
9.8    0.0711826586341
9.82    0.0711485910285
9.84    0.0711145997939
9.86    0.0710806923558
9.88    0.0710468759167
9.9    0.0710131574536
9.92    0.0709795437155
9.94    0.0709460412199
9.96    0.0709126562525
9.98    0.0708793948649
10.0    0.0708462628735
