0.05    5.59398788353e-05
0.07    0.000110284899738
0.09    0.000206046336076
0.1    0.000263973867892
0.12    0.000356668266699
0.14    0.000669853886
0.16    0.000760987936709
0.18    0.000992025470092
0.2    0.00135855839854
0.22    0.00192285478276
0.24    0.00283163020937
0.26    0.00484526906057
0.28    0.00481425539982
0.3    0.0037668352866
0.32    0.00465495512715
0.34    0.00619059730722
0.36    0.00824556688671
0.38    0.0104094551572
0.4    0.0114269973556
0.42    0.0112244778342
0.44    0.0134988340895
0.46    0.0155553524111
0.48    0.0170345208496
0.5    0.0178219960021
0.52    0.0181936013645
0.54    0.0187178927578
0.56    0.0176438637453
0.58    0.016847409081
0.6    0.0171159498933
0.62    0.0179343323612
0.64    0.02027525023
0.66    0.0227382814093
0.68    0.0245762550355
0.7    0.0261979708048
0.72    0.0289066800962
0.74    0.0321394048825
0.76    0.0344643228379
0.78    0.0343911367007
0.8    0.0317093854314
0.82    0.0276003530976
0.84    0.023998755803
0.86    0.0247777890232
0.88    0.0253067671423
0.9    0.025368247413
0.92    0.0255897522388
0.94    0.0265808799828
0.96    0.0285739166019
0.98    0.030287063646
1.0    0.0316315418997
1.02    0.0343149098307
1.04    0.0369229200912
1.06    0.0389255425615
1.08    0.0401588408382
1.1    0.0404797092995
1.12    0.0447228249595
1.14    0.0466400803193
1.16    0.0467276711603
1.18    0.0462004505517
1.2    0.0463214036918
1.22    0.047468392981
1.24    0.0503055178057
1.26    0.0538902626009
1.28    0.0566555327882
1.3    0.0581426373399
1.32    0.0581984428192
1.34    0.0569104979004
1.36    0.054793364283
1.38    0.0528262043061
1.4    0.0529301888183
1.42    0.0542461600011
1.44    0.0569339851558
1.46    0.0603477712865
1.48    0.0641939280094
1.5    0.0670822501897
1.52    0.0687411518259
1.54    0.0693266927759
1.56    0.0692586720464
1.58    0.0689903876572
1.6    0.0688609477934
1.62    0.0690083952151
1.64    0.0694697374377
1.66    0.0708963299099
1.68    0.0723637675246
1.7    0.0735175854688
1.72    0.0741900779129
1.74    0.074272273002
1.76    0.0737287148394
1.78    0.0725822567983
1.8    0.0708545140506
1.82    0.0685754388132
1.84    0.0665153371925
1.86    0.0655040980443
1.88    0.0641709227757
1.9    0.0625961280891
1.92    0.0608548311018
1.94    0.0590750160818
1.96    0.0573929040842
1.98    0.0558813322659
2.0    0.0546278171011
2.02    0.0536355763756
2.04    0.05311827789
2.06    0.0566348535426
2.08    0.0612856603455
2.1    0.066472985248
2.12    0.0720632275768
2.14    0.0778036870334
2.16    0.0834133059662
2.18    0.0886104465482
2.2    0.0931531149353
2.22    0.0968829804774
2.24    0.0997127076796
2.26    0.10164492378
2.28    0.102749318862
2.3    0.103151737387
2.32    0.103025129481
2.34    0.10256895523
2.36    0.101942655411
2.38    0.101316357191
2.4    0.10094263964
2.42    0.101140405354
2.44    0.101316671773
2.46    0.101295471867
2.48    0.100923776959
2.5    0.100017039315
2.52    0.0984773779899
2.54    0.0962799812138
2.56    0.0934741695409
2.58    0.0901694627461
2.6    0.0865470971231
2.62    0.0827645842132
2.64    0.0789952960416
2.66    0.075367616406
2.68    0.0749826843413
2.7    0.0758401471221
2.72    0.076709168125
2.74    0.0776318297648
2.76    0.0786181337523
2.78    0.0796548353867
2.8    0.0807144325579
2.82    0.0817355341859
2.84    0.0826777769552
2.86    0.0835210928325
2.88    0.0842398057813
2.9    0.0848560131418
2.92    0.0854154675822
2.94    0.085969545628
2.96    0.0866043397628
2.98    0.0873998844882
3.0    0.0884266262507
3.02    0.0897475683381
3.04    0.0914053691734
3.06    0.0934119506374
3.08    0.0957420841793
3.1    0.0983482257646
3.12    0.101180607077
3.14    0.104145386523
3.16    0.107178919419
3.18    0.110186528977
3.2    0.113099450049
3.22    0.115858628908
3.24    0.12172669809
3.26    0.127691799498
3.28    0.133564479447
3.3    0.139274227775
3.32    0.144750264316
3.34    0.149966765705
3.36    0.154901634165
3.38    0.159538389112
3.4    0.163875992671
3.42    0.167920221087
3.44    0.171676800665
3.46    0.175155404744
3.48    0.178367021523
3.5    0.181319493809
3.52    0.184014472417
3.54    0.186449375377
3.56    0.188616118219
3.58    0.190502042081
3.6    0.19210527531
3.62    0.193386659042
3.64    0.19432435224
3.66    0.194900950261
3.68    0.195072479884
3.7    0.194851815972
3.72    0.194196007689
3.74    0.193124735301
3.76    0.191626029493
3.78    0.189708942767
3.8    0.187394581671
3.82    0.184712724056
3.84    0.183540278602
3.86    0.184565752771
3.88    0.185214075999
3.9    0.185465530774
3.92    0.185316910671
3.94    0.184777272272
3.96    0.183862912152
3.98    0.182592759118
4.0    0.180984381473
4.02    0.179050876494
4.04    0.176840631348
4.06    0.174348819531
4.08    0.171636186738
4.1    0.168707305047
4.12    0.165606056284
4.14    0.16236489574
4.16    0.159002138419
4.18    0.155546996504
4.2    0.152026337518
4.22    0.148462461922
4.24    0.144873161576
4.26    0.14127561581
4.28    0.137686525306
4.3    0.134120126944
4.32    0.130609727199
4.34    0.127150086566
4.36    0.123768070461
4.38    0.120464162898
4.4    0.11726696238
4.42    0.114170053204
4.44    0.111185214158
4.46    0.10833177767
4.48    0.105606741425
4.5    0.103014964502
4.52    0.100561004467
4.54    0.0982477675899
4.56    0.0960766020098
4.58    0.094086048454
4.6    0.092386860051
4.62    0.0907238221492
4.64    0.0890886413814
4.66    0.0874854842388
4.68    0.0859380977354
4.7    0.0846903148012
4.72    0.0835523035296
4.74    0.0825205406829
4.76    0.0815838790505
4.78    0.0807332855624
4.8    0.0799605671759
4.82    0.0792576055381
4.84    0.0786164686926
4.86    0.0780295116527
4.88    0.0774894645433
4.9    0.0769895073712
4.92    0.0765233308264
4.94    0.0760851828792
4.96    0.0756699012708
4.98    0.0752729323171
5.0    0.0748903367196
5.02    0.0745187833252
5.04    0.0741555319821
5.06    0.0737984067743
5.08    0.0734457610524
5.1    0.0730964357149
5.12    0.0727497122358
5.14    0.0724052619067
5.16    0.0720630927136
5.18    0.0717234951851
5.2    0.0713869884501
5.22    0.0710542676068
5.24    0.0707261533858
5.26    0.070403544921
5.28    0.070087376312
5.3    0.069778577496
5.32    0.0694780398142
5.34    0.069186586499
5.36    0.0689049482027
5.38    0.0686337435432
5.4    0.068373464559
5.42    0.0681244668589
5.44    0.0678869641793
5.46    0.0676610270039
5.48    0.0674465848418
5.5    0.0672434317375
5.52    0.0670512345552
5.54    0.0668695435733
5.56    0.0666978049302
5.58    0.0665353744648
5.6    0.0663815325237
5.62    0.0662354993226
5.64    0.0660964504898
5.66    0.0659635324493
5.68    0.0658358773392
5.7    0.065712617208
5.72    0.0655928972612
5.74    0.0654758879835
5.76    0.0653607959919
5.78    0.0652468735215
5.8    0.0651334264751
5.82    0.0650198210062
5.84    0.064905488635
5.86    0.0647899299214
5.88    0.0646727167461
5.9    0.0645534932721
5.92    0.0644319756708
5.94    0.0643079507198
5.96    0.0641812733805
5.98    0.0640518634762
6.0    0.0639197015983
6.02    0.0637848243629
6.04    0.0636473191471
6.06    0.0635073184279
6.08    0.0633649938427
6.1    0.0632205500847
6.12    0.0630742187427
6.14    0.0629262521778
6.16    0.0627769175332
6.18    0.0626264909511
6.2    0.0624752520692
6.22    0.0623234788572
6.24    0.0621716980902
6.26    0.0620206869989
6.28    0.0618698914127
6.3    0.0617195401193
6.32    0.061569841196
6.34    0.0614209795587
6.36    0.0612731150071
6.38    0.0611263807544
6.4    0.0609808824354
6.42    0.0608366975631
6.44    0.0606938754196
6.46    0.060552437346
6.48    0.0604123774059
6.5    0.0602736633848
6.52    0.0601362380963
6.54    0.0600000209523
6.56    0.0598649097659
6.58    0.0597307827489
6.6    0.0595975006646
6.62    0.0594649091074
6.64    0.0593328408657
6.66    0.0592011183446
6.68    0.0590695560098
6.7    0.0589379628291
6.72    0.0588061446799
6.74    0.0586739067041
6.76    0.0585410555794
6.78    0.0584074016973
6.8    0.0582727612225
6.82    0.0581369580205
6.84    0.0579998254452
6.86    0.0578612079704
6.88    0.0577209626605
6.9    0.0575789604727
6.92    0.0574350873913
6.94    0.0572892453841
6.96    0.0571413531911
6.98    0.0569913469386
7.0    0.0568391805842
7.02    0.0566848262038
7.04    0.056528274113
7.06    0.056369532843
7.08    0.0562086289703
7.1    0.0560456068135
7.12    0.0558805280014
7.14    0.0557134709274
7.16    0.0555445300974
7.18    0.0553738153781
7.2    0.055201451166
7.22    0.0550275754752
7.24    0.0548523389647
7.26    0.0546760131603
7.28    0.0544989032845
7.3    0.0543209139763
7.32    0.0541422350726
7.34    0.0539630636879
7.36    0.0537836030612
7.38    0.0536040613985
7.4    0.0534246507283
7.42    0.0532455857688
7.44    0.0530670828178
7.46    0.0528893586684
7.48    0.0527126295599
7.5    0.0525371101679
7.52    0.0523630126314
7.54    0.0521905456326
7.56    0.0520199135221
7.58    0.0518513155
7.6    0.0516849448482
7.62    0.0515209882225
7.64    0.0513596249995
7.66    0.051201026686
7.68    0.0510456444049
7.7    0.0508934505329
7.72    0.0507445106998
7.74    0.0505989588091
7.76    0.0504569187781
7.78    0.0503185042998
7.8    0.0501838186644
7.82    0.0500529546315
7.84    0.0499259943533
7.86    0.0498030093499
7.88    0.0496840605263
7.9    0.0495691982398
7.92    0.0494584624054
7.94    0.0493518826425
7.96    0.0492494784584
7.98    0.0491512594646
8.0    0.0490572256276
8.02    0.0489673675446
8.04    0.0488816667509
8.06    0.0488000960439
8.08    0.0487226198348
8.1    0.0486491945138
8.12    0.048579768834
8.14    0.0485142843068
8.16    0.0484526756102
8.18    0.0483948710045
8.2    0.048340792755
8.22    0.0482903575589
8.24    0.0482434769755
8.26    0.0482000578564
8.28    0.0481600027741
8.3    0.048123210449
8.32    0.0480895761706
8.34    0.0480589922141
8.36    0.0480313482486
8.38    0.0480065317375
8.4    0.0479844283298
8.42    0.0479649222395
8.44    0.0479478966152
8.46    0.0479332338953
8.48    0.0479208161525
8.5    0.0479105254226
8.52    0.0479022440207
8.54    0.0478958548416
8.56    0.047891241646
8.58    0.0478882893312
8.6    0.0478868841861
8.62    0.0478869141315
8.64    0.0478882689437
8.66    0.0478908404631
8.68    0.0478945227874
8.7    0.0478992124492
8.72    0.0479048085781
8.74    0.0479112130481
8.76    0.0479183306106
8.78    0.047926069012
8.8    0.0479343390984
8.82    0.0479430549056
8.84    0.0479521337363
8.86    0.0479614962246
8.88    0.0479710663875
8.9    0.0479807716647
8.92    0.0479905429472
8.94    0.0480003145947
8.96    0.0480100244429
8.98    0.0480196137994
9.0    0.0480290274325
9.02    0.0480382135492
9.04    0.0480471237658
9.06    0.0480557130702
9.08    0.0480639397768
9.1    0.0480717654754
9.12    0.0480791549722
9.14    0.0480860762266
9.16    0.0480925002818
9.18    0.0480984011908
9.2    0.0481037559375
9.22    0.0481085443549
9.24    0.0481127490386
9.26    0.0481163552581
9.28    0.0481193508653
9.3    0.0481217262003
9.32    0.0481234739957
9.34    0.0481245892794
9.36    0.0481250692759
9.38    0.0481249133074
9.4    0.0481241226934
9.42    0.0481227006515
9.44    0.0481206521964
9.46    0.0481179840414
9.48    0.0481147044982
9.5    0.0481108233801
9.52    0.0481063519035
9.54    0.0481013025924
9.56    0.0480956891848
9.58    0.0480895265386
9.6    0.0480828305412
9.62    0.0480756180204
9.64    0.0480679066568
9.66    0.0480597148994
9.68    0.0480510618826
9.7    0.0480419673463
9.72    0.0480324515576
9.74    0.0480225352357
9.76    0.0480122394795
9.78    0.0480015856967
9.8    0.0479905955376
9.82    0.0479792908291
9.84    0.0479676935137
9.86    0.0479558255896
9.88    0.0479437090548
9.9    0.0479313658528
9.92    0.047918817822
9.94    0.0479060866467
9.96    0.0478931938128
9.98    0.0478801605633
10.0    0.0478670078584
