0.05    8.60102483413e-05
0.07    0.0001691031593
0.09    0.000281068394453
0.1    0.000341492449904
0.12    0.000557155921871
0.14    0.000764716795386
0.16    0.000928118363315
0.18    0.00126317588086
0.2    0.00175907297995
0.22    0.00236312793542
0.24    0.00304638277587
0.26    0.00392816898291
0.28    0.00513078784549
0.3    0.00598663755575
0.32    0.00719155412313
0.34    0.00782651819299
0.36    0.00940392138161
0.38    0.0117605587877
0.4    0.0124999888031
0.42    0.0129865456221
0.44    0.0126570549156
0.46    0.0127373960292
0.48    0.0132334541812
0.5    0.0161449073057
0.52    0.0202788046712
0.54    0.0244805274342
0.56    0.0288751635495
0.58    0.0352192628348
0.6    0.0370168627135
0.62    0.0377129439603
0.64    0.043400710548
0.66    0.0516470035135
0.68    0.0583223349045
0.7    0.0648268146391
0.72    0.0697862302783
0.74    0.0730217219394
0.76    0.0776165630127
0.78    0.077797842534
0.8    0.0746204812263
0.82    0.0703265139235
0.84    0.0668850635315
0.86    0.0656892110541
0.88    0.0665180308536
0.9    0.0678834219849
0.92    0.068057758746
0.94    0.0666254500298
0.96    0.0648652688474
0.98    0.0639590799596
1.0    0.0609791239157
1.02    0.0561312537857
1.04    0.0507290141349
1.06    0.0567889407393
1.08    0.0623639994239
1.1    0.067047967311
1.12    0.0708821661436
1.14    0.074415414832
1.16    0.0780954825947
1.18    0.0819593335164
1.2    0.085655417311
1.22    0.0885622812408
1.24    0.0975408078695
1.26    0.106203971385
1.28    0.11223848878
1.3    0.11559642035
1.32    0.117493352778
1.34    0.122522493164
1.36    0.125719335502
1.38    0.127297975049
1.4    0.12768745148
1.42    0.127377282551
1.44    0.126894700321
1.46    0.126639496088
1.48    0.126803821219
1.5    0.127373050901
1.52    0.128138355794
1.54    0.12902317489
1.56    0.130012881276
1.58    0.131130429489
1.6    0.13263474039
1.62    0.134535470378
1.64    0.137043623018
1.66    0.140016755551
1.68    0.143445707171
1.7    0.147125254314
1.72    0.150864006124
1.74    0.154486708133
1.76    0.157822089826
1.78    0.160712401284
1.8    0.163039390981
1.82    0.164751405917
1.84    0.165722146324
1.86    0.165982386296
1.88    0.165567258186
1.9    0.164520411538
1.92    0.163002211788
1.94    0.161167817845
1.96    0.159147380218
1.98    0.157090509087
2.0    0.155111854142
2.02    0.153278024968
2.04    0.151630479534
2.06    0.153700038785
2.08    0.154886344895
2.1    0.155867454923
2.12    0.157994008025
2.14    0.159176967125
2.16    0.159406929062
2.18    0.159624152027
2.2    0.161661680439
2.22    0.163213466092
2.24    0.16420245363
2.26    0.164584307525
2.28    0.164348766985
2.3    0.163517137298
2.32    0.162136764
2.34    0.160274792847
2.36    0.158012102047
2.38    0.15543647152
2.4    0.152685183009
2.42    0.149828109892
2.44    0.146930000133
2.46    0.14410849767
2.48    0.141360706324
2.5    0.138747046482
2.52    0.136276211865
2.54    0.133902827411
2.56    0.13166405176
2.58    0.130062152496
2.6    0.131415129181
2.62    0.133803269659
2.64    0.136986584782
2.66    0.140642497638
2.68    0.144436948804
2.7    0.149667589065
2.72    0.154644114802
2.74    0.159112010181
2.76    0.162880753765
2.78    0.165846304925
2.8    0.167976956632
2.82    0.169299430524
2.84    0.169887002571
2.86    0.169840230132
2.88    0.169279686815
2.9    0.168322108321
2.92    0.167033705843
2.94    0.165515298779
2.96    0.163770307931
2.98    0.16181570123
3.0    0.159662722732
3.02    0.157282115559
3.04    0.154662318123
3.06    0.151803122655
3.08    0.148720730553
3.1    0.145450119095
3.12    0.142052140618
3.14    0.138605053861
3.16    0.135182996346
3.18    0.131889692725
3.2    0.128816724308
3.22    0.12604040153
3.24    0.123634788597
3.26    0.12164115258
3.28    0.120073261856
3.3    0.118948246175
3.32    0.118222006854
3.34    0.117872048229
3.36    0.117830543654
3.38    0.118054876373
3.4    0.118471896533
3.42    0.119033292757
3.44    0.119690212593
3.46    0.120393993598
3.48    0.121109423944
3.5    0.12180787726
3.52    0.122467159476
3.54    0.123071292416
3.56    0.123561078816
3.58    0.123924487321
3.6    0.124163788982
3.62    0.124289496217
3.64    0.124320195438
3.66    0.124282100527
3.68    0.124208218666
3.7    0.124137052288
3.72    0.124110809264
3.74    0.124173149947
3.76    0.124366556459
3.78    0.124729459228
3.8    0.125293292891
3.82    0.126079674401
3.84    0.127097899127
3.86    0.12834293629
3.88    0.12979407541
3.9    0.131741560913
3.92    0.135246627902
3.94    0.13916799323
3.96    0.143482478655
3.98    0.148159337712
4.0    0.153149814558
4.02    0.158409228153
4.04    0.16387204942
4.06    0.169479632939
4.08    0.175164452506
4.1    0.180855364167
4.12    0.186493384876
4.14    0.192006732173
4.16    0.197325734236
4.18    0.202385372426
4.2    0.20713121687
4.22    0.211510206251
4.24    0.21546933531
4.26    0.218959813613
4.28    0.221941871517
4.3    0.224387456022
4.32    0.226276378117
4.34    0.227596064436
4.36    0.2283372738
4.38    0.228500887944
4.4    0.228096655851
4.42    0.22714528141
4.44    0.225663856849
4.46    0.22368037973
4.48    0.221226592908
4.5    0.218336708927
4.52    0.215046578426
4.54    0.211393958811
4.56    0.208652540042
4.58    0.207283330638
4.6    0.205607729388
4.62    0.203643646494
4.64    0.20142756267
4.66    0.198965335194
4.68    0.196290279204
4.7    0.193417315988
4.72    0.19039181764
4.74    0.18722542452
4.76    0.183948366718
4.78    0.180589159696
4.8    0.177173639506
4.82    0.173724682191
4.84    0.170262477032
4.86    0.166805067113
4.88    0.16337950434
4.9    0.159998446199
4.92    0.156668851483
4.94    0.153421967377
4.96    0.150250195348
4.98    0.14717848253
5.0    0.144198002678
5.02    0.141333668599
5.04    0.138573073788
5.06    0.135921410137
5.08    0.133389897991
5.1    0.13096769937
5.12    0.128654424952
5.14    0.126448480369
5.16    0.124352650879
5.18    0.122358288844
5.2    0.120460403601
5.22    0.118654569645
5.24    0.116935998936
5.26    0.115299665258
5.28    0.113960797807
5.3    0.112945559491
5.32    0.111977748075
5.34    0.111053664243
5.36    0.110168155368
5.38    0.109320328406
5.4    0.108517864171
5.42    0.107750923903
5.44    0.107017280283
5.46    0.106315379966
5.48    0.105646909282
5.5    0.105011489545
5.52    0.104402531722
5.54    0.103818351908
5.56    0.103257272615
5.58    0.102718448665
5.6    0.102205685263
5.62    0.101710992733
5.64    0.101232830653
5.66    0.100769698679
5.68    0.100320138269
5.7    0.0998852026707
5.72    0.099465117666
5.74    0.0990544092246
5.76    0.0986517947558
5.78    0.0982560314212
5.8    0.0978659156858
5.82    0.0974843975555
5.84    0.0971084157751
5.86    0.0967346571578
5.88    0.0963620774646
5.9    0.0959896729976
5.92    0.0956176189033
5.94    0.0952488866246
5.96    0.0948775275779
5.98    0.0945027158024
6.0    0.0941236753126
6.02    0.0937396826487
6.04    0.0933559528735
6.06    0.0929660272209
6.08    0.0925692474911
6.1    0.0921651202791
6.12    0.0917532461504
6.14    0.0913389009891
6.16    0.0909160247993
6.18    0.0904843839025
6.2    0.0900438137942
6.22    0.0895954016346
6.24    0.0891420223578
6.26    0.0886795117187
6.28    0.0882079756554
6.3    0.0877275872002
6.32    0.087241132296
6.34    0.0867484922994
6.36    0.0862477479507
6.38    0.0857393147387
6.4    0.0852236632443
6.42    0.084704384711
6.44    0.0841798633719
6.46    0.0836496538934
6.48    0.0831144068348
6.5    0.0825748084651
6.52    0.0820337137098
6.54    0.0814907346935
6.56    0.0809454460314
6.58    0.0803986306298
6.6    0.0798510844941
6.62    0.0793036121039
6.64    0.0787588389278
6.66    0.0782160603099
6.68    0.0776755935096
6.7    0.0771382351647
6.72    0.0766047693782
6.74    0.0761773316112
6.76    0.0759773889584
6.78    0.0757779338723
6.8    0.0755789991626
6.82    0.0753806202294
6.84    0.075182834804
6.86    0.0749856826957
6.88    0.0747892055452
6.9    0.0745934465873
6.92    0.0743984504246
6.94    0.0742042628053
6.96    0.0740109304143
6.98    0.0738185006718
7.0    0.0736270215379
7.02    0.0734365413333
7.04    0.0732471085613
7.06    0.0730587717441
7.08    0.0728715792646
7.1    0.0726855792218
7.12    0.072500819288
7.14    0.0723173465809
7.16    0.072135207542
7.18    0.0719544478201
7.2    0.0717751121688
7.22    0.0715972443463
7.24    0.0714208870267
7.26    0.0712460817171
7.28    0.0710728686807
7.3    0.0709012868713
7.32    0.0707313738683
7.34    0.0705631658225
7.36    0.0703966974088
7.38    0.0702320017806
7.4    0.0700691105342
7.42    0.0699080536768
7.44    0.0697488596005
7.46    0.0695915550596
7.48    0.0694361651551
7.5    0.0692827133235
7.52    0.0691312213272
7.54    0.0689817092524
7.56    0.0688341955085
7.58    0.0686886968334
7.6    0.0685452282995
7.62    0.0684038033256
7.64    0.0682644336888
7.66    0.068127129543
7.68    0.0679918994373
7.7    0.0678587503368
7.72    0.0677276876472
7.74    0.0675987152406
7.76    0.0674718354839
7.78    0.0673470492664
7.8    0.0672243560332
7.82    0.0671037538169
7.84    0.0669852392705
7.86    0.0668688077048
7.88    0.0667544531214
7.9    0.0666421682521
7.92    0.0665319445955
7.94    0.0664237724556
7.96    0.0663176409807
7.98    0.0662135892368
8.0    0.0661119772671
8.02    0.066012368376
8.04    0.0659147471348
8.06    0.0658190971664
8.08    0.065725401187
8.1    0.0656336410457
8.12    0.0655437977648
8.14    0.0654558515784
8.16    0.0653697819732
8.18    0.0652855677268
8.2    0.0652031869457
8.22    0.0651226171049
8.24    0.065043835084
8.26    0.0649668172058
8.28    0.0648915392712
8.3    0.0648179765971
8.32    0.0647461040498
8.34    0.0646758960809
8.36    0.0646073267611
8.38    0.0645403698122
8.4    0.0644749986419
8.42    0.0644111863725
8.44    0.064348905875
8.46    0.0642881297969
8.48    0.0642288305926
8.5    0.0641709805523
8.52    0.0641145518288
8.54    0.0640595164654
8.56    0.064005846421
8.58    0.0639535135973
8.6    0.0639024898604
8.62    0.0638527470679
8.64    0.0638042570889
8.66    0.0637569918277
8.68    0.0637109232445
8.7    0.0636660233761
8.72    0.0636222643554
8.74    0.0635796184304
8.76    0.0635380579821
8.78    0.0634975555424
8.8    0.06345808381
8.82    0.0634196156669
8.84    0.0633821241932
8.86    0.0633455826812
8.88    0.0633099646496
8.9    0.0632752438568
8.92    0.0632413943124
8.94    0.063208390289
8.96    0.0631762063338
8.98    0.0631448172788
9.0    0.0631141982497
9.02    0.0630843246761
9.04    0.0630551722997
9.06    0.063026717182
9.08    0.062998935712
9.1    0.0629718046128
9.12    0.0629453009481
9.14    0.062919402128
9.16    0.062894085914
9.18    0.0628693304242
9.2    0.0628451141372
9.22    0.0628214158966
9.24    0.0627982149137
9.26    0.0627754907706
9.28    0.0627532234235
9.3    0.0627313932038
9.32    0.0627099808208
9.34    0.0626889673627
9.36    0.0626683342973
9.38    0.0626480634735
9.4    0.062628137121
9.42    0.0626085378507
9.44    0.0625892486544
9.46    0.0625702529038
9.48    0.0625515343505
9.5    0.0625330771242
9.52    0.0625148657316
9.54    0.0624968850548
9.56    0.0624791203493
9.58    0.0624615572423
9.6    0.0624441817298
9.62    0.0624269801749
9.64    0.0624099393042
9.66    0.062393046206
9.68    0.0623762883262
9.7    0.0623596534659
9.72    0.0623431297778
9.74    0.0623267057625
9.76    0.0623103702652
9.78    0.0622941124718
9.8    0.0622779219049
9.82    0.0622617884199
9.84    0.0622457022012
9.86    0.0622296537576
9.88    0.0622136339182
9.9    0.0621976338281
9.92    0.0621816449442
9.94    0.0621656590297
9.96    0.0621496681512
9.98    0.0621336646726
10.0    0.0621176412511
