0.05    0.000105608851225
0.07    0.000273175887509
0.09    0.00064874164647
0.1    0.00104244569079
0.12    0.00198774324727
0.14    0.00209111733221
0.16    0.00354461019253
0.18    0.0034945107959
0.2    0.00400157540602
0.22    0.00429905063221
0.24    0.00601439351054
0.26    0.00716270258532
0.28    0.00672595217793
0.3    0.0087544682391
0.32    0.0104203266755
0.34    0.00949016401839
0.36    0.0104241500465
0.38    0.009964018381
0.4    0.011619921442
0.42    0.0159121971984
0.44    0.0206054530599
0.46    0.019495928302
0.48    0.0201227619646
0.5    0.0213778965839
0.52    0.028142628708
0.54    0.0297244145881
0.56    0.0274818944695
0.58    0.0260780608144
0.6    0.025831674034
0.62    0.0255839214604
0.64    0.0250427497469
0.66    0.0279443589034
0.68    0.0362189317954
0.7    0.0432652430385
0.72    0.0475027710771
0.74    0.0479217453744
0.76    0.0459150811393
0.78    0.0458528853163
0.8    0.04989685463
0.82    0.0556569531632
0.84    0.0615537987111
0.86    0.0681505992555
0.88    0.0752152870024
0.9    0.0805665642261
0.92    0.0814336162632
0.94    0.0776293486944
0.96    0.0703596641995
0.98    0.0614737393627
1.0    0.0520521400507
1.02    0.0460515556661
1.04    0.0434000894374
1.06    0.0433245218584
1.08    0.044022954046
1.1    0.0472995662433
1.12    0.0536126695983
1.14    0.0577903715111
1.16    0.0591571991139
1.18    0.0583169030893
1.2    0.0566347444673
1.22    0.0561226229785
1.24    0.0577561242212
1.26    0.061072192357
1.28    0.0643240662596
1.3    0.0661709633132
1.32    0.0662111893751
1.34    0.0652384346538
1.36    0.0645590271392
1.38    0.0651717447722
1.4    0.0664840564938
1.42    0.0675590356529
1.44    0.0687103152418
1.46    0.0709036084412
1.48    0.0741204915937
1.5    0.0798005529338
1.52    0.0872530676229
1.54    0.0945971547859
1.56    0.0998084380644
1.58    0.101668773309
1.6    0.100335204242
1.62    0.0969531153391
1.64    0.0928249728212
1.66    0.0892160718839
1.68    0.0864769146327
1.7    0.0844242023792
1.72    0.0844705075278
1.74    0.0891115589524
1.76    0.0944333515575
1.78    0.0970376882929
1.8    0.097479503165
1.82    0.0969994269998
1.84    0.0968642266392
1.86    0.0979244494562
1.88    0.100252228735
1.9    0.103372337266
1.92    0.106470682528
1.94    0.109052896484
1.96    0.11096090619
1.98    0.112319907588
2.0    0.113389995431
2.02    0.114398981644
2.04    0.115431810201
2.06    0.116413449718
2.08    0.117167123022
2.1    0.117504278802
2.12    0.118541042173
2.14    0.119838188558
2.16    0.12278315578
2.18    0.125526850923
2.2    0.128216789254
2.22    0.130988007144
2.24    0.134048292431
2.26    0.137345107736
2.28    0.140684632177
2.3    0.143841564058
2.32    0.146715862243
2.34    0.149174726861
2.36    0.152418778986
2.38    0.156934234664
2.4    0.163453734271
2.42    0.169970129159
2.44    0.17672350869
2.46    0.183861020912
2.48    0.191174271541
2.5    0.198539530601
2.52    0.205437805994
2.54    0.211443873766
2.56    0.216098384415
2.58    0.21900347657
2.6    0.21986946295
2.62    0.218556301623
2.64    0.215124797067
2.66    0.209789091471
2.68    0.202798344704
2.7    0.194488962936
2.72    0.186141476131
2.74    0.179737473352
2.76    0.17503359525
2.78    0.173403495855
2.8    0.171313737063
2.82    0.168971367309
2.84    0.166563594231
2.86    0.164300225616
2.88    0.162300951725
2.9    0.160565808274
2.92    0.159154893562
2.94    0.158101031534
2.96    0.157264881277
2.98    0.156645612602
3.0    0.156181123454
3.02    0.155722360347
3.04    0.155246836129
3.06    0.156924133137
3.08    0.159169129008
3.1    0.161453217078
3.12    0.163695042708
3.14    0.165914982096
3.16    0.168030666143
3.18    0.169967070152
3.2    0.171676235226
3.22    0.173096614382
3.24    0.174153922437
3.26    0.174769652312
3.28    0.174870770496
3.3    0.174388422986
3.32    0.173247669308
3.34    0.174637222699
3.36    0.178448252986
3.38    0.182208386897
3.4    0.185949991703
3.42    0.189828484581
3.44    0.193758387331
3.46    0.197608871254
3.48    0.201330400167
3.5    0.204997670405
3.52    0.208533939213
3.54    0.211944821964
3.56    0.215247096269
3.58    0.218486879014
3.6    0.221672517368
3.62    0.224816621413
3.64    0.227885428681
3.66    0.230865356531
3.68    0.233732735363
3.7    0.236554022653
3.72    0.239432556369
3.74    0.242408268059
3.76    0.24746669077
3.78    0.253144825803
3.8    0.258736849553
3.82    0.264218702616
3.84    0.269651912951
3.86    0.275153829231
3.88    0.280689201329
3.9    0.286192060002
3.92    0.291631863623
3.94    0.297241274882
3.96    0.303042899794
3.98    0.308755164676
4.0    0.31448646681
4.02    0.320274669705
4.04    0.325996138057
4.06    0.331554298894
4.08    0.336901392454
4.1    0.342043816191
4.12    0.346983169149
4.14    0.35165340843
4.16    0.356052416805
4.18    0.360237906991
4.2    0.364199579495
4.22    0.367872395498
4.24    0.371257568564
4.26    0.374454222072
4.28    0.377353239374
4.3    0.379986127224
4.32    0.382436047953
4.34    0.384652323718
4.36    0.386563485986
4.38    0.388294772936
4.4    0.389746485155
4.42    0.390945901787
4.44    0.391995171261
4.46    0.392817057369
4.48    0.393448203683
4.5    0.393973973893
4.52    0.394352986713
4.54    0.394577327688
4.56    0.39465809332
4.58    0.394669637253
4.6    0.394585480823
4.62    0.394411302074
4.64    0.394157859316
4.66    0.393817833618
4.68    0.393452626102
4.7    0.393624108008
4.72    0.394946364769
4.74    0.395779162989
4.76    0.396128556678
4.78    0.396047764208
4.8    0.395558296155
4.82    0.394663549891
4.84    0.393385799387
4.86    0.393923123309
4.88    0.396424478311
4.9    0.398990688531
4.92    0.401570433821
4.94    0.404149958653
4.96    0.40659870719
4.98    0.408934655139
5.0    0.411194891859
5.02    0.413325997445
5.04    0.415322606901
5.06    0.417184228512
5.08    0.418954660477
5.1    0.420665148278
5.12    0.422308111393
5.14    0.424006623527
5.16    0.425647768614
5.18    0.42719028317
5.2    0.428591686479
5.22    0.429831469435
5.24    0.430914704819
5.26    0.431856651035
5.28    0.432660787406
5.3    0.433311737277
5.32    0.433787108648
5.34    0.434065667785
5.36    0.434166025009
5.38    0.434112714522
5.4    0.433857151845
5.42    0.433414370398
5.44    0.432788043087
5.46    0.432025056406
5.48    0.431093500505
5.5    0.42995849008
5.52    0.428607634283
5.54    0.427151042837
5.56    0.425467488997
5.58    0.423559278445
5.6    0.421542250948
5.62    0.41929671824
5.64    0.416868008799
5.66    0.414822517591
5.68    0.415765769767
5.7    0.416571461427
5.72    0.417283214673
5.74    0.417884507167
5.76    0.418372589485
5.78    0.41874703637
5.8    0.419020052864
5.82    0.419138203527
5.84    0.419205452439
5.86    0.419090080015
5.88    0.418906094401
5.9    0.418601850427
5.92    0.41812683079
5.94    0.417631417821
5.96    0.416985359417
5.98    0.416199883395
6.0    0.415393593912
6.02    0.414436189776
6.04    0.413409547599
6.06    0.41231001816
6.08    0.411119671807
6.1    0.409888506488
6.12    0.408601963064
6.14    0.407249293862
6.16    0.405903188998
6.18    0.404505149469
6.2    0.403078606708
6.22    0.401660434084
6.24    0.400292314213
6.26    0.399015130082
6.28    0.397801667637
6.3    0.396619035968
6.32    0.395465880125
6.34    0.3943370515
6.36    0.393209144246
6.38    0.392045461655
6.4    0.390888326057
6.42    0.389681677165
6.44    0.388439553155
6.46    0.387188896652
6.48    0.385884691779
6.5    0.384582957423
6.52    0.383254018639
6.54    0.381877676928
6.56    0.38052006656
6.58    0.379096808936
6.6    0.377670267523
6.62    0.376190795137
6.64    0.374696224186
6.66    0.37316078265
6.68    0.371600388638
6.7    0.370022985463
6.72    0.368402884328
6.74    0.366798038715
6.76    0.365150386842
6.78    0.363482134701
6.8    0.361773317205
6.82    0.360042484334
6.84    0.358247232373
6.86    0.356454374593
6.88    0.354583294777
6.9    0.35272379686
6.92    0.350792183502
6.94    0.350262094717
6.96    0.350088430453
6.98    0.349882180613
7.0    0.349647367552
7.02    0.349438295783
7.04    0.349195825345
7.06    0.348919847829
7.08    0.348641680748
7.1    0.348359277526
7.12    0.348042447878
7.14    0.347691060661
7.16    0.34735993961
7.18    0.346998463575
7.2    0.346601516097
7.22    0.346194019072
7.24    0.345784229545
7.26    0.345338121763
7.28    0.344855611248
7.3    0.344391661678
7.32    0.343893087748
7.34    0.343357417892
7.36    0.342784631425
7.38    0.342229690301
7.4    0.341638097521
7.42    0.3410089065
7.44    0.340342178377
7.46    0.339640439005
7.48    0.338952748083
7.5    0.33822728837
7.52    0.337464213959
7.54    0.336663704673
7.56    0.335825966316
7.58    0.334965902055
7.6    0.334105458519
7.62    0.333207969129
7.64    0.332273738038
7.66    0.331303095224
7.68    0.330296396199
7.7    0.329254034528
7.72    0.328224447812
7.74    0.32715939899
7.76    0.326059335879
7.78    0.324924729507
7.8    0.323756073437
7.82    0.322553883052
7.84    0.321326378772
7.86    0.320815117952
7.88    0.321092412836
7.9    0.321364311548
7.92    0.321620431728
7.94    0.32186064867
7.96    0.322084853613
7.98    0.322292953587
8.0    0.322491305065
8.02    0.322694444769
8.04    0.322881166685
8.06    0.323051434246
8.08    0.323205225621
8.1    0.323342533429
8.12    0.323463364444
8.14    0.323567739277
8.16    0.323655692044
8.18    0.323735327832
8.2    0.32381706806
8.22    0.323882400297
8.24    0.323931404994
8.26    0.323964174375
8.28    0.32398081204
8.3    0.32398143257
8.32    0.32396616112
8.34    0.323935133006
8.36    0.323888493297
8.38    0.323826396395
8.4    0.323749005619
8.42    0.323656492784
8.44    0.323562169737
8.46    0.323464326196
8.48    0.323351714383
8.5    0.323224533454
8.52    0.323082989134
8.54    0.322927293304
8.56    0.322757663603
8.58    0.322574323027
8.6    0.322377499544
8.62    0.322167425699
8.64    0.321944338243
8.66    0.321708477752
8.68    0.321460088267
8.7    0.32119941693
8.72    0.320926713637
8.74    0.320642230691
8.76    0.320359390001
8.78    0.320073257818
8.8    0.319775882714
8.82    0.319467522997
8.84    0.31914843792
8.86    0.318818887384
8.88    0.318479131655
8.9    0.318129431092
8.92    0.317770045878
8.94    0.317401235768
8.96    0.317023259837
8.98    0.316636376247
9.0    0.316240842016
9.02    0.3158369128
9.04    0.315424842686
9.06    0.31500488399
9.08    0.314577287062
9.1    0.314155622569
9.12    0.313731052763
9.14    0.313299358516
9.16    0.312860781862
9.18    0.312415562129
9.2    0.311963935791
9.22    0.311506136335
9.24    0.31104239414
9.26    0.310572936355
9.28    0.310097986797
9.3    0.30961776584
9.32    0.309132490333
9.34    0.308642373502
9.36    0.308147624881
9.38    0.307648450234
9.4    0.307145051488
9.42    0.306643113851
9.44    0.30614632865
9.46    0.305645703909
9.48    0.305141427748
9.5    0.304633684254
9.52    0.304122653444
9.54    0.303608511246
9.56    0.303091429475
9.58    0.302571575818
9.6    0.302049113829
9.62    0.301524202917
9.64    0.300996998352
9.66    0.300467651266
9.68    0.299936308659
9.7    0.299403113418
9.72    0.298868204327
9.74    0.298331716091
9.76    0.297803390968
9.78    0.297275812762
9.8    0.29674687339
9.82    0.296216693741
9.84    0.295685390767
9.86    0.295153077525
9.88    0.294619863209
9.9    0.294085853202
9.92    0.293551149114
9.94    0.29301584883
9.96    0.292480046558
9.98    0.291943832886
10.0    0.291407294826
