0.05    0.000125253588847
0.07    0.000328700626227
0.09    0.000828665915323
0.1    0.00109401804479
0.12    0.00155849529116
0.14    0.00231552707397
0.16    0.00325464751343
0.18    0.00385832185007
0.2    0.00567514887365
0.22    0.00577981920415
0.24    0.00707391332655
0.26    0.00863881814875
0.28    0.00985052275454
0.3    0.0121486326013
0.32    0.0147290207169
0.34    0.0156353957132
0.36    0.0148166943183
0.38    0.0127376621053
0.4    0.012183961015
0.42    0.0124765681914
0.44    0.0154875936108
0.46    0.0185033560523
0.48    0.0221821753952
0.5    0.0276485763581
0.52    0.0300344949743
0.54    0.0297652901074
0.56    0.0279852050397
0.58    0.0248411354623
0.6    0.0233889809336
0.62    0.0225335152367
0.64    0.0235526478341
0.66    0.0272687269607
0.68    0.0294565650181
0.7    0.0312719804546
0.72    0.0340453185107
0.74    0.0340682053944
0.76    0.0294044666124
0.78    0.0287490818296
0.8    0.0303484219905
0.82    0.0347370388132
0.84    0.0427307294278
0.86    0.050317366837
0.88    0.0551737534571
0.9    0.0599178003806
0.92    0.0631843752189
0.94    0.0633131578117
0.96    0.0606218539987
0.98    0.0580911436381
1.0    0.0578910825823
1.02    0.0595277072004
1.04    0.0602668164948
1.06    0.0599293483893
1.08    0.0601025807578
1.1    0.0623415692393
1.12    0.0661792211762
1.14    0.0697866669448
1.16    0.0712362651161
1.18    0.070177842053
1.2    0.074742315701
1.22    0.0764627605645
1.24    0.0769969779367
1.26    0.0776405951644
1.28    0.0789990217443
1.3    0.0833584318582
1.32    0.0869916918383
1.34    0.0905564936428
1.36    0.0929635805291
1.38    0.0930882560856
1.4    0.0907458358976
1.42    0.087635437866
1.44    0.0992150430947
1.46    0.107010022619
1.48    0.111210842457
1.5    0.111985417058
1.52    0.121797624171
1.54    0.133952749644
1.56    0.14505623665
1.58    0.153403023695
1.6    0.157708409745
1.62    0.160289493749
1.64    0.164093090183
1.66    0.165947654493
1.68    0.16838378533
1.7    0.16905228033
1.72    0.166576282544
1.74    0.160981305734
1.76    0.153828632061
1.78    0.154750901361
1.8    0.155782494653
1.82    0.156120573425
1.84    0.155349948442
1.86    0.153714251003
1.88    0.151154730078
1.9    0.148113442552
1.92    0.144339263005
1.94    0.139981752823
1.96    0.13527849284
1.98    0.130574273152
2.0    0.125999125352
2.02    0.121766159715
2.04    0.119918058124
2.06    0.117278958465
2.08    0.118667746125
2.1    0.119410836616
2.12    0.119434805116
2.14    0.118653732673
2.16    0.11712557691
2.18    0.115017357561
2.2    0.112356367272
2.22    0.11550181056
2.24    0.120850303292
2.26    0.126248433116
2.28    0.131816444254
2.3    0.137544496104
2.32    0.143388080134
2.34    0.149460218764
2.36    0.155633562453
2.38    0.161980435014
2.4    0.168334215853
2.42    0.17472118428
2.44    0.181030560284
2.46    0.187118237324
2.48    0.193076160428
2.5    0.198726275371
2.52    0.204025696836
2.54    0.209092898722
2.56    0.213850095254
2.58    0.218241907174
2.6    0.222345174554
2.62    0.226145589579
2.64    0.229561958056
2.66    0.232818936488
2.68    0.235804961888
2.7    0.23875110951
2.72    0.241774640048
2.74    0.244824726388
2.76    0.247754055721
2.78    0.250439698905
2.8    0.252845651441
2.82    0.255145897616
2.84    0.257152599537
2.86    0.25886493457
2.88    0.260331306906
2.9    0.264809379348
2.92    0.278143664123
2.94    0.291399343055
2.96    0.304196001075
2.98    0.315926114195
3.0    0.32631134995
3.02    0.33490515113
3.04    0.341602183519
3.06    0.346282614104
3.08    0.348875755538
3.1    0.349331018382
3.12    0.347684423332
3.14    0.344176699288
3.16    0.339771148775
3.18    0.335647548302
3.2    0.329888073087
3.22    0.322923083876
3.24    0.31508489593
3.26    0.319714700873
3.28    0.324592334284
3.3    0.329216861926
3.32    0.333514088953
3.34    0.337709147261
3.36    0.341613844122
3.38    0.345288351815
3.4    0.348850354775
3.42    0.352147602664
3.44    0.355323237961
3.46    0.358396428636
3.48    0.361328146509
3.5    0.364140103664
3.52    0.366868554305
3.54    0.369531054833
3.56    0.372009290527
3.58    0.374331847482
3.6    0.378355708744
3.62    0.383917215076
3.64    0.389339776678
3.66    0.394655725512
3.68    0.399902704756
3.7    0.405079953885
3.72    0.410299648584
3.74    0.415462353548
3.76    0.420592309672
3.78    0.425787175916
3.8    0.43098948025
3.82    0.436231656343
3.84    0.441621597343
3.86    0.447223792414
3.88    0.452912930798
3.9    0.458612380959
3.92    0.464242913234
3.94    0.469772149541
3.96    0.475064682772
3.98    0.480130687208
4.0    0.484952179644
4.02    0.489382016907
4.04    0.495399636643
4.06    0.507882491555
4.08    0.519662151181
4.1    0.530662180337
4.12    0.54074363372
4.14    0.549925785599
4.16    0.558347609683
4.18    0.565806522624
4.2    0.572270507547
4.22    0.577729623098
4.24    0.582346717776
4.26    0.585993676364
4.28    0.588678997181
4.3    0.590421644214
4.32    0.591391030683
4.34    0.591560170979
4.36    0.590931883833
4.38    0.589728398043
4.4    0.5877843623
4.42    0.585110145871
4.44    0.581873038076
4.46    0.578032934873
4.48    0.57360620014
4.5    0.568787752857
4.52    0.563479391357
4.54    0.557707972583
4.56    0.551674042985
4.58    0.545269726867
4.6    0.538584182934
4.62    0.531666411401
4.64    0.525702530299
4.66    0.523426698521
4.68    0.520997316367
4.7    0.518379455379
4.72    0.515597963996
4.74    0.512666978797
4.76    0.509593630228
4.78    0.506383945873
4.8    0.503042354956
4.82    0.499576880289
4.84    0.496002248859
4.86    0.492336811922
4.88    0.488614974081
4.9    0.484891412816
4.92    0.48121050594
4.94    0.477593393859
4.96    0.474050856349
4.98    0.470576598189
5.0    0.467147724808
5.02    0.463745269452
5.04    0.460445305796
5.06    0.457185459164
5.08    0.453936561497
5.1    0.450834959771
5.12    0.447710237834
5.14    0.444766896685
5.16    0.441824414988
5.18    0.439042773767
5.2    0.436329909733
5.22    0.433723188309
5.24    0.431274743491
5.26    0.42889063861
5.28    0.426707125268
5.3    0.424623007815
5.32    0.422660176903
5.34    0.420883025101
5.36    0.419191171959
5.38    0.417656233155
5.4    0.416266325389
5.42    0.414957246616
5.44    0.413787633226
5.46    0.412754464522
5.48    0.411786095555
5.5    0.41089582841
5.52    0.410159584685
5.54    0.409462539245
5.56    0.408794351637
5.58    0.408232831731
5.6    0.407716017572
5.62    0.407192787871
5.64    0.406678660336
5.66    0.406235173742
5.68    0.405745591711
5.7    0.405195653702
5.72    0.404680960157
5.74    0.404106178425
5.76    0.403428922399
5.78    0.402705436847
5.8    0.401924997547
5.82    0.401000734336
5.84    0.399969055214
5.86    0.398866492008
5.88    0.397581471681
5.9    0.396150422138
5.92    0.394618332438
5.94    0.392869572082
5.96    0.390958512334
5.98    0.391076292119
6.0    0.393411318446
6.02    0.395705541384
6.04    0.397901745306
6.06    0.400054605918
6.08    0.402142030877
6.1    0.404098742478
6.12    0.405995577186
6.14    0.407788638923
6.16    0.40942110607
6.18    0.41101011975
6.2    0.412429495191
6.22    0.413720750467
6.24    0.4148989002
6.26    0.415878680233
6.28    0.416790250629
6.3    0.417486988746
6.32    0.418072569692
6.34    0.418469032642
6.36    0.418718651976
6.38    0.418797334517
6.4    0.418701154015
6.42    0.418447705524
6.44    0.418002501661
6.46    0.417405733882
6.48    0.416614922094
6.5    0.415666779427
6.52    0.414540981869
6.54    0.413236477231
6.56    0.412852301687
6.58    0.414040777285
6.6    0.415082599859
6.62    0.416054435529
6.64    0.416861172722
6.66    0.417546031421
6.68    0.418126863965
6.7    0.418538145912
6.72    0.418877200143
6.74    0.419057257541
6.76    0.419158568417
6.78    0.419139946567
6.8    0.419047803161
6.82    0.418917920573
6.84    0.418820531489
6.86    0.418815029406
6.88    0.418759356399
6.9    0.41861542426
6.92    0.418397342957
6.94    0.41813263197
6.96    0.417820269153
6.98    0.417433330703
7.0    0.416962803921
7.02    0.416416030967
7.04    0.41575427023
7.06    0.415007660327
7.08    0.414195576724
7.1    0.413319957863
7.12    0.412424925027
7.14    0.411510491627
7.16    0.410561168205
7.18    0.409557018437
7.2    0.408463263536
7.22    0.407321218312
7.24    0.406083701498
7.26    0.404773783348
7.28    0.403407835232
7.3    0.401986550438
7.32    0.401489583493
7.34    0.402867581667
7.36    0.404156156111
7.38    0.405407412839
7.4    0.406560293474
7.42    0.407615391328
7.44    0.408573398818
7.46    0.409435103075
7.48    0.410223291196
7.5    0.410965455558
7.52    0.411613842272
7.54    0.41216953021
7.56    0.41263367293
7.58    0.413007494425
7.6    0.413302564327
7.62    0.413567673997
7.64    0.413745941159
7.66    0.41383879633
7.68    0.41384772178
7.7    0.413774247654
7.72    0.413619948181
7.74    0.413441807536
7.76    0.413194601449
7.78    0.412870759429
7.8    0.412471972417
7.82    0.411999959283
7.84    0.411456463551
7.86    0.410888381022
7.88    0.410266821294
7.9    0.409578259614
7.92    0.408824491898
7.94    0.408007325141
7.96    0.407128574707
7.98    0.406228971307
8.0    0.405287368217
8.02    0.404288722166
8.04    0.403234848452
8.06    0.402127559845
8.08    0.400968664447
8.1    0.399796242663
8.12    0.398589391279
8.14    0.397335351635
8.16    0.396035891033
8.18    0.394692763781
8.2    0.393313634611
8.22    0.391934146285
8.24    0.390515203102
8.26    0.389058493502
8.28    0.387565686561
8.3    0.386038430791
8.32    0.384496147327
8.34    0.382945630907
8.36    0.381364540091
8.38    0.379754435712
8.4    0.378116853761
8.42    0.37645330461
8.44    0.37476527229
8.46    0.373056546574
8.48    0.371358958398
8.5    0.369640285356
8.52    0.367901908692
8.54    0.366145181102
8.56    0.364371426364
8.58    0.362581939019
8.6    0.360777984105
8.62    0.358960796929
8.64    0.357131582912
8.66    0.355291517455
8.68    0.353454615804
8.7    0.351622749182
8.72    0.349782595522
8.74    0.347935221244
8.76    0.346081662938
8.78    0.344222927436
8.8    0.342359991954
8.82    0.34049380424
8.84    0.338625282762
8.86    0.336755316917
8.88    0.334884767283
8.9    0.33301446587
8.92    0.331145216415
8.94    0.329277794694
8.96    0.327412948844
8.98    0.325551399716
9.0    0.323702227326
9.02    0.321865385968
9.04    0.320033252793
9.06    0.318206455584
9.08    0.316385596764
9.1    0.314571253817
9.12    0.312763979721
9.14    0.310964303392
9.16    0.309172730131
9.18    0.307389742088
9.2    0.305615798723
9.22    0.303851337275
9.24    0.302096773234
9.26    0.300352500825
9.28    0.298618893489
9.3    0.296896304353
9.32    0.295185066729
9.34    0.293485494593
9.36    0.291797883074
9.38    0.290122508925
9.4    0.288459631023
9.42    0.28680949084
9.44    0.285172312925
9.46    0.28354830538
9.48    0.281937660336
9.5    0.280340554412
9.52    0.278757149198
9.54    0.277187591698
9.56    0.275632014798
9.58    0.27409053771
9.6    0.272563266421
9.62    0.271050294135
9.64    0.269551701697
9.66    0.268067558036
9.68    0.266597920569
9.7    0.265142835632
9.72    0.263702338875
9.74    0.262276455667
9.76    0.26086520149
9.78    0.259468582332
9.8    0.258086595049
9.82    0.256719227758
9.84    0.255366460179
9.86    0.254028264014
9.88    0.252704603275
9.9    0.25139543464
9.92    0.250100911365
9.94    0.248820799075
9.96    0.247554847568
9.98    0.246302993289
10.0    0.245065166782
