0.05    9.34871591709e-05
0.07    0.000181443746105
0.09    0.000316524276884
0.1    0.000400824369889
0.12    0.000653326012261
0.14    0.00104521988354
0.16    0.00142213019315
0.18    0.00194577211943
0.2    0.00308865854481
0.22    0.00391464186262
0.24    0.00421239402115
0.26    0.00558828350191
0.28    0.00530497425285
0.3    0.00671571890603
0.32    0.00891571510981
0.34    0.00830472577629
0.36    0.00909227537033
0.38    0.010013297103
0.4    0.0104642493946
0.42    0.0118270612766
0.44    0.0131045631674
0.46    0.0145453895207
0.48    0.0162877142555
0.5    0.0161098392459
0.52    0.0153224721432
0.54    0.0200738979467
0.56    0.0226740335917
0.58    0.0223112107629
0.6    0.0217215965404
0.62    0.023305132734
0.64    0.0258664670509
0.66    0.0285998861991
0.68    0.0292582231589
0.7    0.0298246798433
0.72    0.0313487313957
0.74    0.0336111638084
0.76    0.0388761194028
0.78    0.044187879856
0.8    0.0473235194648
0.82    0.0471391801848
0.84    0.0450068522042
0.86    0.0461967432429
0.88    0.0476052809841
0.9    0.049913326607
0.92    0.0530790425098
0.94    0.0567465215238
0.96    0.0609668435991
0.98    0.0657090747749
1.0    0.0707339446123
1.02    0.0757939041661
1.04    0.0806269191351
1.06    0.0850506157421
1.08    0.0889741779429
1.1    0.0923226845187
1.12    0.0950152470779
1.14    0.0970102210754
1.16    0.0983416483641
1.18    0.104480363557
1.2    0.111614821168
1.22    0.115549795703
1.24    0.11548950794
1.26    0.111403703769
1.28    0.103882305153
1.3    0.100766941218
1.32    0.0975052927795
1.34    0.0960713554098
1.36    0.0953076027927
1.38    0.0944860100787
1.4    0.0936405955566
1.42    0.0928027657376
1.44    0.0919926558085
1.46    0.0912013383164
1.48    0.0904347231526
1.5    0.089694735315
1.52    0.0889804108172
1.54    0.0882876898934
1.56    0.0876319943201
1.58    0.0869858547751
1.6    0.0863354161038
1.62    0.0856667941871
1.64    0.0849687956527
1.66    0.0852401237578
1.68    0.0857713603854
1.7    0.0863446719943
1.72    0.0869404651978
1.74    0.0875219429107
1.76    0.0881199000543
1.78    0.0887128339996
1.8    0.0892667395243
1.82    0.0898247813077
1.84    0.0903487587039
1.86    0.0908187109851
1.88    0.0912931652084
1.9    0.0917032571028
1.92    0.0920819491277
1.94    0.0924228129014
1.96    0.0927083732919
1.98    0.0929729134488
2.0    0.0931724703452
2.02    0.0933581695358
2.04    0.093479505774
2.06    0.0949349799942
2.08    0.0975091048746
2.1    0.0988776691679
2.12    0.0991598010262
2.14    0.0984419088008
2.16    0.0968689797278
2.18    0.0947215275253
2.2    0.093372236372
2.22    0.0932265653242
2.24    0.0930618473208
2.26    0.0928657165765
2.28    0.0926440768382
2.3    0.0924004372565
2.32    0.0921169962437
2.34    0.091827858938
2.36    0.0914928608005
2.38    0.0911459645252
2.4    0.0907686676573
2.42    0.0903551285372
2.44    0.0899369963534
2.46    0.0894781394643
2.48    0.0890004332377
2.5    0.0911532922751
2.52    0.0954328599484
2.54    0.0997286935925
2.56    0.103906827284
2.58    0.10786091438
2.6    0.111476818428
2.62    0.114642553121
2.64    0.117310101192
2.66    0.119386387769
2.68    0.120816841795
2.7    0.121609115859
2.72    0.121707480607
2.74    0.121115948544
2.76    0.119884462532
2.78    0.118029804822
2.8    0.115590049248
2.82    0.114279289967
2.84    0.114107804067
2.86    0.113568743352
2.88    0.112692442647
2.9    0.111510912251
2.92    0.110057174752
2.94    0.10836469182
2.96    0.10646686591
2.98    0.104396874949
3.0    0.102233425071
3.02    0.100476125638
3.04    0.0985605091876
3.06    0.0965277779975
3.08    0.0944160195201
3.1    0.0922600571742
3.12    0.0900914029473
3.14    0.0879442396239
3.16    0.0858696467509
3.18    0.0838773971845
3.2    0.0820103720367
3.22    0.0802949117551
3.24    0.078745189908
3.26    0.0773825565922
3.28    0.0762231726082
3.3    0.0752782332336
3.32    0.074554247077
3.34    0.0740533566627
3.36    0.0737736889807
3.38    0.0737097257909
3.4    0.0738526849811
3.42    0.0741912216527
3.44    0.0747130989288
3.46    0.0754015494166
3.48    0.076238880534
3.5    0.0772059392536
3.52    0.0782824460935
3.54    0.0794473108732
3.56    0.0806789287274
3.58    0.0819739229578
3.6    0.0832965065723
3.62    0.084625177367
3.64    0.0861178291507
3.66    0.0881263247714
3.68    0.0901722298525
3.7    0.0922397193609
3.72    0.0943150529158
3.74    0.0963865578237
3.76    0.0984568664243
3.78    0.100499362173
3.8    0.102519396032
3.82    0.104497534193
3.84    0.106442952698
3.86    0.108338993975
3.88    0.110186891042
3.9    0.111987896234
3.92    0.113742474231
3.94    0.115460226507
3.96    0.117146933686
3.98    0.118815909636
4.0    0.120461389273
4.02    0.122060236083
4.04    0.123606462506
4.06    0.125088956215
4.08    0.126499015508
4.1    0.127831099438
4.12    0.129080008399
4.14    0.130241984253
4.16    0.131317390357
4.18    0.132306323496
4.2    0.133206109798
4.22    0.134020124245
4.24    0.134761927917
4.26    0.135430951208
4.28    0.136050502344
4.3    0.136630603813
4.32    0.137177789162
4.34    0.137675263153
4.36    0.138100619493
4.38    0.138445381446
4.4    0.138710459818
4.42    0.139202721629
4.44    0.14008865628
4.46    0.140893225356
4.48    0.141617000273
4.5    0.142263680019
4.52    0.142852336023
4.54    0.143371715894
4.56    0.143833482437
4.58    0.144219913051
4.6    0.144533265984
4.62    0.144775171535
4.64    0.144938898929
4.66    0.145025687931
4.68    0.145048318605
4.7    0.144999450284
4.72    0.144882307091
4.74    0.144707743123
4.76    0.14447371013
4.78    0.144184425467
4.8    0.143848492774
4.82    0.144131144513
4.84    0.145426469737
4.86    0.146653490918
4.88    0.147834531386
4.9    0.148943398258
4.92    0.150009300265
4.94    0.151004233453
4.96    0.151954581713
4.98    0.152841040832
5.0    0.153675843585
5.02    0.154460026756
5.04    0.155189486822
5.06    0.155870545425
5.08    0.156509106936
5.1    0.157109957455
5.12    0.15767620249
5.14    0.158209698384
5.16    0.158714071971
5.18    0.159197901447
5.2    0.159658744979
5.22    0.160102718952
5.24    0.160541955807
5.26    0.160980394253
5.28    0.161408663939
5.3    0.16182207108
5.32    0.162209137506
5.34    0.162573554745
5.36    0.162905977166
5.38    0.163205028925
5.4    0.163469619221
5.42    0.163699193441
5.44    0.163893776533
5.46    0.164053533402
5.48    0.164178104681
5.5    0.164265649185
5.52    0.16431183566
5.54    0.164312760562
5.56    0.164277389346
5.58    0.164184118372
5.6    0.164058542187
5.62    0.16387307827
5.64    0.163648808886
5.66    0.16337497519
5.68    0.163044440374
5.7    0.162682878542
5.72    0.162269383769
5.74    0.161802517906
5.76    0.161298637912
5.78    0.160754398985
5.8    0.160160217144
5.82    0.159517407719
5.84    0.158845092321
5.86    0.158132773104
5.88    0.157375328242
5.9    0.156574092867
5.92    0.15573783268
5.94    0.154875007868
5.96    0.153971905005
5.98    0.153029857331
6.0    0.152050195229
6.02    0.151040183477
6.04    0.150008921705
6.06    0.148943500588
6.08    0.147845226844
6.1    0.146715399099
6.12    0.145555306927
6.14    0.144373913639
6.16    0.143173950261
6.18    0.141947027323
6.2    0.140694391796
6.22    0.139417278029
6.24    0.138116907116
6.26    0.136794486294
6.28    0.135456594442
6.3    0.134107220776
6.32    0.13273884955
6.34    0.131352631356
6.36    0.129949700839
6.38    0.128531176304
6.4    0.127098159415
6.42    0.125651734862
6.44    0.124192970105
6.46    0.122724226116
6.48    0.121253526046
6.5    0.119773142434
6.52    0.11828407704
6.54    0.116787313542
6.56    0.115283817393
6.58    0.114473908281
6.6    0.113972552937
6.62    0.113462531196
6.64    0.112942109908
6.66    0.112407449107
6.68    0.111858887714
6.7    0.111296762946
6.72    0.110729948114
6.74    0.110150953274
6.76    0.109559214426
6.78    0.108955062019
6.8    0.108341320829
6.82    0.107721954291
6.84    0.107090975108
6.86    0.106448706604
6.88    0.105795470081
6.9    0.105137246928
6.92    0.10448771204
6.94    0.104441747071
6.96    0.104375927118
6.98    0.104299292419
7.0    0.104206359756
7.02    0.104094340893
7.04    0.103967563548
7.06    0.103829613075
7.08    0.103673352118
7.1    0.103499087115
7.12    0.1033137122
7.14    0.103115178107
7.16    0.10289942271
7.18    0.1026667551
7.2    0.10242237808
7.22    0.102167111798
7.24    0.101895719523
7.26    0.101608511545
7.28    0.101306222608
7.3    0.100998087426
7.32    0.100674922815
7.34    0.100337038869
7.36    0.0999847454888
7.38    0.0996228174871
7.4    0.099670716268
7.42    0.0998135410406
7.44    0.0999491102487
7.46    0.100077467978
7.48    0.100198659107
7.5    0.100312729298
7.52    0.10041972499
7.54    0.100524783434
7.56    0.100623688213
7.58    0.100715622573
7.6    0.10080063565
7.62    0.100878777322
7.64    0.100950098194
7.66    0.101014649588
7.68    0.101072483527
7.7    0.101123652725
7.72    0.101168210573
7.74    0.101206211122
7.76    0.101237709069
7.78    0.101262759744
7.8    0.101281419093
7.82    0.10129374366
7.84    0.10130103582
7.86    0.101306181053
7.88    0.10130512121
7.9    0.101297914892
7.92    0.101284621221
7.94    0.101265299827
7.96    0.101240010826
7.98    0.101208814803
8.0    0.101171772794
8.02    0.101128946264
8.04    0.101080397091
8.06    0.101026187546
8.08    0.100966380273
8.1    0.10090103827
8.12    0.100830224871
8.14    0.100754003721
8.16    0.100672438766
8.18    0.100585594225
8.2    0.100494724298
8.22    0.100618408027
8.24    0.100757005261
8.26    0.100894126585
8.28    0.101029765709
8.3    0.101163916662
8.32    0.101296573793
8.34    0.10142773177
8.36    0.101557385574
8.38    0.101685530504
8.4    0.101812162166
8.42    0.10193727648
8.44    0.102060869671
8.46    0.102182938268
8.48    0.102303479103
8.5    0.102422489307
8.52    0.102539966309
8.54    0.10265590783
8.56    0.102770311881
8.58    0.102883176762
8.6    0.102994501056
8.62    0.103104283628
8.64    0.103212523618
8.66    0.103319220444
8.68    0.103424373792
8.7    0.103527983614
8.72    0.103630050127
8.74    0.103730573809
8.76    0.103829555391
8.78    0.103926995857
8.8    0.10402289644
8.82    0.104117258618
8.84    0.104210084107
8.86    0.104301374862
8.88    0.104391133069
8.9    0.104479361145
8.92    0.104566061728
8.94    0.10465123768
8.96    0.104734892078
8.98    0.104817028211
9.0    0.104897649578
9.02    0.104976759882
9.04    0.105056027656
9.06    0.105133945042
9.08    0.10521035659
9.1    0.105285266722
9.12    0.105358680042
9.14    0.105430601337
9.16    0.105501035572
9.18    0.105569987884
9.2    0.105637463582
9.22    0.105703468137
9.24    0.105768007185
9.26    0.105831086518
9.28    0.10589271208
9.3    0.105952889969
9.32    0.106011626425
9.34    0.106068927831
9.36    0.106124800709
9.38    0.106179251716
9.4    0.106232287638
9.42    0.10628391539
9.44    0.106334142007
9.46    0.106382974646
9.48    0.106430420582
9.5    0.106476487197
9.52    0.106521181987
9.54    0.106564512549
9.56    0.106606486587
9.58    0.106647111897
9.6    0.106686396376
9.62    0.106724348009
9.64    0.106760974871
9.66    0.106796285121
9.68    0.106830287
9.7    0.106862988828
9.72    0.106894399001
9.74    0.106924525987
9.76    0.106953378322
9.78    0.10698096461
9.8    0.107007293518
9.82    0.107032373774
9.84    0.10705621416
9.86    0.107078823518
9.88    0.107100210738
9.9    0.107120384761
9.92    0.107139354572
9.94    0.107157129204
9.96    0.107173717727
9.98    0.107189129251
10.0    0.107203372923
