0.05    0.00011419736815
0.07    0.000236944194264
0.09    0.000427445475373
0.1    0.000522413809315
0.12    0.000866060356972
0.14    0.0011616880474
0.16    0.00156790205662
0.18    0.00205383079626
0.2    0.00326187662802
0.22    0.00472963236848
0.24    0.00556169078265
0.26    0.00694032488366
0.28    0.0108789269428
0.3    0.0137903143396
0.32    0.018447064889
0.34    0.0289203031921
0.36    0.0335074176244
0.38    0.0323766531555
0.4    0.0309936490811
0.42    0.0273809967247
0.44    0.0219227081705
0.46    0.0204683415584
0.48    0.0231724187418
0.5    0.0287488229031
0.52    0.0357527718394
0.54    0.0429720410259
0.56    0.0439801732123
0.58    0.0402086383316
0.6    0.0361792517487
0.62    0.0320233639443
0.64    0.0305329555952
0.66    0.0309819833487
0.68    0.0317329506543
0.7    0.033295047153
0.72    0.0331974360284
0.74    0.0294897271268
0.76    0.0266115856045
0.78    0.026960769864
0.8    0.0272969658981
0.82    0.0258568649275
0.84    0.0235294823362
0.86    0.0233993982774
0.88    0.0227310241907
0.9    0.0222668881626
0.92    0.0219310299301
0.94    0.0214664574415
0.96    0.0206333205854
0.98    0.0207681235474
1.0    0.0231979665281
1.02    0.0261211133037
1.04    0.0292111591606
1.06    0.0322027104652
1.08    0.034980264541
1.1    0.0374109172829
1.12    0.039396494455
1.14    0.0409513402394
1.16    0.0431518885701
1.18    0.0462690779058
1.2    0.0478720937175
1.22    0.0475666472611
1.24    0.0453417262245
1.26    0.0436777758203
1.28    0.0428375132741
1.3    0.0415481841104
1.32    0.0407154777869
1.34    0.0409168674124
1.36    0.0403895727996
1.38    0.0408565035407
1.4    0.0409263581776
1.42    0.0406005304826
1.44    0.0399046396604
1.46    0.038884534735
1.48    0.0375997255906
1.5    0.0407994934843
1.52    0.0433608101687
1.54    0.0450439135729
1.56    0.0458618299344
1.58    0.045922067063
1.6    0.0453512865424
1.62    0.0443516052957
1.64    0.0438262970418
1.66    0.044703864957
1.68    0.0454010296367
1.7    0.0460249816797
1.72    0.046673582334
1.74    0.0473558238398
1.76    0.0480746626409
1.78    0.0487981680347
1.8    0.0494719779101
1.82    0.0500349797197
1.84    0.0504327353215
1.86    0.0506499502638
1.88    0.0506418110807
1.9    0.0503853435244
1.92    0.0498777429671
1.94    0.0491278504511
1.96    0.0481544776064
1.98    0.0469841233328
2.0    0.0456515877606
2.02    0.0442332025675
2.04    0.0427485184646
2.06    0.0412768839548
2.08    0.0398800997956
2.1    0.0386135805588
2.12    0.0375387290747
2.14    0.0367080856009
2.16    0.0361796774276
2.18    0.0359719589348
2.2    0.0360952712771
2.22    0.0366640425073
2.24    0.0379075541251
2.26    0.039076685014
2.28    0.0401921732197
2.3    0.041218321512
2.32    0.042844264549
2.34    0.0445412711028
2.36    0.0462497746375
2.38    0.0479213079123
2.4    0.0495249326754
2.42    0.0510023975376
2.44    0.0523489166623
2.46    0.0535274527816
2.48    0.0545221257931
2.5    0.0553387214625
2.52    0.0559707056491
2.54    0.0564255532369
2.56    0.0567287391528
2.58    0.0569861974241
2.6    0.0572676892828
2.62    0.0574295528031
2.64    0.0574398364484
2.66    0.0573016004906
2.68    0.0575629008238
2.7    0.059020562224
2.72    0.0602981795691
2.74    0.0613940751672
2.76    0.0623105397639
2.78    0.0630623502231
2.8    0.0636521978642
2.82    0.0640895498008
2.84    0.0644021115092
2.86    0.0646275274896
2.88    0.065754537002
2.9    0.0686130624847
2.92    0.071361834424
2.94    0.0739890680519
2.96    0.076480772293
2.98    0.0788298731514
3.0    0.0810551962626
3.02    0.0831664582839
3.04    0.0855147975609
3.06    0.0880373694079
3.08    0.0905090223042
3.1    0.0929163686488
3.12    0.0952676663491
3.14    0.0975944225914
3.16    0.0999117589731
3.18    0.102203946736
3.2    0.10445541089
3.22    0.106652411503
3.24    0.108800518478
3.26    0.11088174641
3.28    0.112897810183
3.3    0.114851709127
3.32    0.116728329535
3.34    0.118521991392
3.36    0.120228775007
3.38    0.121849982561
3.4    0.123376977673
3.42    0.124820232696
3.44    0.126189007194
3.46    0.127487088834
3.48    0.128688945339
3.5    0.129782647766
3.52    0.130746749809
3.54    0.131572967206
3.56    0.132254555436
3.58    0.132786413346
3.6    0.133164536842
3.62    0.133385414192
3.64    0.133446097123
3.66    0.133344728556
3.68    0.133081242366
3.7    0.132679670084
3.72    0.132127051199
3.74    0.131427577331
3.76    0.130609799007
3.78    0.130242360384
3.8    0.130253479229
3.82    0.13015010837
3.84    0.129952928773
3.86    0.129682372298
3.88    0.129356789332
3.9    0.128987377621
3.92    0.128587183062
3.94    0.12818398421
3.96    0.127755353929
3.98    0.127290965297
4.0    0.126789080306
4.02    0.126266126199
4.04    0.125727594412
4.06    0.125188759119
4.08    0.12466492517
4.1    0.124171258452
4.12    0.123722719578
4.14    0.123337987261
4.16    0.12303093518
4.18    0.122813939597
4.2    0.122706478156
4.22    0.122725152152
4.24    0.122869327184
4.26    0.123131558025
4.28    0.123501540994
4.3    0.123977322424
4.32    0.124556224236
4.34    0.12524586673
4.36    0.126033592245
4.38    0.126916695579
4.4    0.127901237292
4.42    0.128966478836
4.44    0.130124034355
4.46    0.131350818343
4.48    0.13265131851
4.5    0.134010575546
4.52    0.135420915083
4.54    0.13688057989
4.56    0.138369019317
4.58    0.139889848103
4.6    0.141431339094
4.62    0.142984246902
4.64    0.144546536714
4.66    0.146116588194
4.68    0.147706343193
4.7    0.149321524554
4.72    0.150961852175
4.74    0.152734883426
4.76    0.155053684841
4.78    0.157373259307
4.8    0.159682265655
4.82    0.161994560678
4.84    0.164281522123
4.86    0.166562730512
4.88    0.168813754155
4.9    0.171046274968
4.92    0.173253701434
4.94    0.175434277451
4.96    0.177591135512
4.98    0.179726203699
5.0    0.181840878465
5.02    0.183932924307
5.04    0.185989885007
5.06    0.188007928725
5.08    0.189984763884
5.1    0.191910595915
5.12    0.193779759438
5.14    0.195597046203
5.16    0.197360316672
5.18    0.199059020062
5.2    0.200696629915
5.22    0.202281545837
5.24    0.203803146118
5.26    0.205265951472
5.28    0.206676277421
5.3    0.208041497006
5.32    0.209403210816
5.34    0.211119453399
5.36    0.212993525001
5.38    0.214878061974
5.4    0.216734149996
5.42    0.218544374038
5.44    0.220299300954
5.46    0.221993732155
5.48    0.223633579382
5.5    0.22520649681
5.52    0.226708777523
5.54    0.228140651984
5.56    0.229514555174
5.58    0.230814541577
5.6    0.232040651056
5.62    0.233203886357
5.64    0.234300089569
5.66    0.235323016933
5.68    0.236273520419
5.7    0.237166646425
5.72    0.237990143909
5.74    0.238744895871
5.76    0.239433683805
5.78    0.240059882165
5.8    0.240630829436
5.82    0.241144290985
5.84    0.24161255244
5.86    0.24204758475
5.88    0.242906248015
5.9    0.243812810095
5.92    0.24469450135
5.94    0.245535614453
5.96    0.24633231181
5.98    0.247084089226
6.0    0.247793385791
6.02    0.248454631012
6.04    0.24906752587
6.06    0.24963177412
6.08    0.250147014427
6.1    0.250612544967
6.12    0.251027052368
6.14    0.251388736682
6.16    0.251695850624
6.18    0.25195527285
6.2    0.252161005383
6.22    0.252312285035
6.24    0.252410517835
6.26    0.252457616664
6.28    0.252455568564
6.3    0.252411019524
6.32    0.252320907477
6.34    0.252186010892
6.36    0.252007005084
6.38    0.251783397454
6.4    0.25151393382
6.42    0.251197803742
6.44    0.250845372579
6.46    0.250445456327
6.48    0.249997493395
6.5    0.249506106017
6.52    0.248978127612
6.54    0.248405309426
6.56    0.247792352542
6.58    0.24714657755
6.6    0.246476666805
6.62    0.245816055473
6.64    0.245363515759
6.66    0.245676024107
6.68    0.246227237968
6.7    0.24682624959
6.72    0.247603577605
6.74    0.248356085669
6.76    0.249099083973
6.78    0.249814798876
6.8    0.250517569642
6.82    0.251200413744
6.84    0.251857274568
6.86    0.252502180396
6.88    0.253128320838
6.9    0.253729716086
6.92    0.254310099692
6.94    0.254882791249
6.96    0.255431907987
6.98    0.2559578746
7.0    0.256464411771
7.02    0.256964227275
7.04    0.257441968819
7.06    0.257898029601
7.08    0.258332794979
7.1    0.2587597509
7.12    0.259171263513
7.14    0.259562438983
7.16    0.259933631608
7.18    0.260285188124
7.2    0.260632261945
7.22    0.260963088512
7.24    0.261275126118
7.26    0.261568692672
7.28    0.261844099155
7.3    0.262112542602
7.32    0.262369401795
7.34    0.262608848287
7.36    0.262831167393
7.38    0.263036638298
7.4    0.263230787291
7.42    0.263419597412
7.44    0.263592220033
7.46    0.263748912087
7.48    0.263889925189
7.5    0.264019003704
7.52    0.264144991602
7.54    0.264255887473
7.56    0.26435192389
7.58    0.264433328836
7.6    0.264510984208
7.62    0.264578790056
7.64    0.264632488998
7.66    0.264672292715
7.68    0.264712151226
7.7    0.264739332956
7.72    0.264753101493
7.74    0.264765907207
7.76    0.264767679665
7.78    0.264760865941
7.8    0.264750976106
7.82    0.264730831424
7.84    0.264709596399
7.86    0.264680829788
7.88    0.26464855092
7.9    0.264615128016
7.92    0.264579568277
7.94    0.264545716018
7.96    0.264519805979
7.98    0.264510747904
8.0    0.264516969318
8.02    0.264525522201
8.04    0.264531910595
8.06    0.264538591086
8.08    0.264538289353
8.1    0.264535447059
8.12    0.2645273779
8.14    0.26451414585
8.16    0.264497623256
8.18    0.264474220086
8.2    0.26444946615
8.22    0.264416097465
8.24    0.264383587298
8.26    0.264342329794
8.28    0.264300740379
8.3    0.264252827094
8.32    0.264201661079
8.34    0.264147446337
8.36    0.264086865233
8.38    0.264026682309
8.4    0.263959979124
8.42    0.263891703558
8.44    0.263822130377
8.46    0.263750846821
8.48    0.26368091421
8.5    0.26361953979
8.52    0.26358445639
8.54    0.263554444487
8.56    0.263521019695
8.58    0.263485967892
8.6    0.263443108281
8.62    0.263393155711
8.64    0.263340947357
8.66    0.263278135474
8.68    0.26320544185
8.7    0.263133443841
8.72    0.263051016299
8.74    0.262958241563
8.76    0.262856805898
8.78    0.262755050045
8.8    0.262643096563
8.82    0.262521019102
8.84    0.262388889098
8.86    0.262255159176
8.88    0.262114252677
8.9    0.261963414366
8.92    0.261802707741
8.94    0.261633472199
8.96    0.261464073626
8.98    0.261284906812
9.0    0.261096028022
9.02    0.260897491717
9.04    0.260694241074
9.06    0.260487078686
9.08    0.260270335647
9.1    0.260044060182
9.12    0.25980829899
9.14    0.259572697217
9.16    0.259328312847
9.18    0.259074500121
9.2    0.258811300592
9.22    0.258544790964
9.24    0.258272915567
9.26    0.257991698236
9.28    0.257701176286
9.3    0.257406072
9.32    0.257106796231
9.34    0.256798250774
9.36    0.256480469615
9.38    0.256159075848
9.4    0.255832443962
9.42    0.255496603952
9.44    0.255151587403
9.46    0.254806600262
9.48    0.25445262339
9.5    0.254089492751
9.52    0.253724054231
9.54    0.253351856252
9.56    0.252970525459
9.58    0.252588434356
9.6    0.252197928499
9.62    0.251802871926
9.64    0.251403093406
9.66    0.25099791558
9.68    0.250588768393
9.7    0.25017509439
9.72    0.249756484688
9.74    0.249334509594
9.76    0.248906346228
9.78    0.248474765969
9.8    0.248036960997
9.82    0.247593228876
9.84    0.247145698055
9.86    0.246689022619
9.88    0.246229465588
9.9    0.245762985218
9.92    0.245287395713
9.94    0.244809345365
9.96    0.244323882695
9.98    0.243829352078
10.0    0.243331311271
