0.05    0.000103284608452
0.07    0.000207985468195
0.09    0.000395325243628
0.1    0.000451769618349
0.12    0.00071351574493
0.14    0.00116565285908
0.16    0.00189766073542
0.18    0.00250943646318
0.2    0.00432250341249
0.22    0.00505576222844
0.24    0.00740424995958
0.26    0.00884652479896
0.28    0.00974637445553
0.3    0.0108421321354
0.32    0.0166134996658
0.34    0.0245428053566
0.36    0.0277168683395
0.38    0.0198941883955
0.4    0.016428185207
0.42    0.0151537760185
0.44    0.0181754691417
0.46    0.0220286876667
0.48    0.0231707714469
0.5    0.0260396740919
0.52    0.0314443012005
0.54    0.0357495812421
0.56    0.0372160572963
0.58    0.0358338640029
0.6    0.0337341885421
0.62    0.0297661974093
0.64    0.0267642513509
0.66    0.0278830216428
0.68    0.0303624206768
0.7    0.0298685860109
0.72    0.0262265377567
0.74    0.0220077862179
0.76    0.0191801151346
0.78    0.0190191567524
0.8    0.0193057261743
0.82    0.0198235471716
0.84    0.0196927385285
0.86    0.0190495728095
0.88    0.020910904074
0.9    0.0238484005185
0.92    0.02693345382
0.94    0.0293092780559
0.96    0.0305644587202
0.98    0.0329022379015
1.0    0.0339576481847
1.02    0.0340819265491
1.04    0.0346320791013
1.06    0.0346623861177
1.08    0.0376271899858
1.1    0.0410115774591
1.12    0.0443609077608
1.14    0.0474904990833
1.16    0.0499418011286
1.18    0.0516708613217
1.2    0.0529181406909
1.22    0.0538465524533
1.24    0.0543971849555
1.26    0.0543834540997
1.28    0.0535599561844
1.3    0.0517027914617
1.32    0.050286296821
1.34    0.0520094943833
1.36    0.0531798641256
1.38    0.0529437362976
1.4    0.0511892753113
1.42    0.0478868441477
1.44    0.0459146900438
1.46    0.0435136381819
1.48    0.0399737295973
1.5    0.0380357648847
1.52    0.035248193692
1.54    0.0325101860656
1.56    0.0322634828303
1.58    0.0314188806853
1.6    0.0300819567549
1.62    0.0294424031091
1.64    0.0289759531991
1.66    0.0284394795763
1.68    0.0280838462126
1.7    0.0280485121601
1.72    0.0283295362563
1.74    0.0288219098733
1.76    0.0293838718492
1.78    0.0298817847566
1.8    0.030199761272
1.82    0.0302661692318
1.84    0.0300633668993
1.86    0.0296179889355
1.88    0.0290151922557
1.9    0.028368692703
1.92    0.0278078529475
1.94    0.0274507311785
1.96    0.0273749151408
1.98    0.0275973586861
2.0    0.0280783734501
2.02    0.0287329239699
2.04    0.0294521629507
2.06    0.030143001031
2.08    0.0307218482583
2.1    0.0311484340584
2.12    0.0314272180284
2.14    0.0316257834574
2.16    0.0317463739696
2.18    0.0317956081753
2.2    0.031831289889
2.22    0.0319327919853
2.24    0.0321526352326
2.26    0.0325431591904
2.28    0.0331343783641
2.3    0.0339357691215
2.32    0.0349296418353
2.34    0.0360858898633
2.36    0.0373669128559
2.38    0.0387391338097
2.4    0.0401509173566
2.42    0.0415675733583
2.44    0.0429609998853
2.46    0.0442940081428
2.48    0.0455432177575
2.5    0.0466895826859
2.52    0.0477179413065
2.54    0.0486165490789
2.56    0.0493768614539
2.58    0.049993455728
2.6    0.0504638375558
2.62    0.0507963231287
2.64    0.0509957145666
2.66    0.0510769015922
2.68    0.0510680569951
2.7    0.0510660109436
2.72    0.0517828057297
2.74    0.0526215866677
2.76    0.0533543960724
2.78    0.0539527360965
2.8    0.0544032270383
2.82    0.0546944864704
2.84    0.0548181956584
2.86    0.054776534245
2.88    0.0545724945513
2.9    0.0542022357035
2.92    0.0536815457655
2.94    0.0530314048533
2.96    0.0522567401576
2.98    0.05139759692
3.0    0.0505964523744
3.02    0.0499949666486
3.04    0.0493609317111
3.06    0.0487170291722
3.08    0.0480868381348
3.1    0.0475085181866
3.12    0.0469922254931
3.14    0.046559519434
3.16    0.0462291295088
3.18    0.0459993155701
3.2    0.0458722413911
3.22    0.0458485569608
3.24    0.0459193804318
3.26    0.0460663618036
3.28    0.0462724634843
3.3    0.0465249736024
3.32    0.0468020260506
3.34    0.0470774779142
3.36    0.0473424379856
3.38    0.0475705922225
3.4    0.0477519753321
3.42    0.0478698997351
3.44    0.0479207033888
3.46    0.0478901561107
3.48    0.0477855517709
3.5    0.047599852456
3.52    0.0473373849134
3.54    0.0470112507042
3.56    0.047006589206
3.58    0.0480787765945
3.6    0.0492158264385
3.62    0.0504077499664
3.64    0.0516439862715
3.66    0.0529135940032
3.68    0.054205439162
3.7    0.0555083759329
3.72    0.0568114178349
3.74    0.0581038968139
3.76    0.0593756082871
3.78    0.0606179293458
3.8    0.0618352646305
3.82    0.0630064537237
3.84    0.0641241510114
3.86    0.0651819374652
3.88    0.0661743632462
3.9    0.0671149543478
3.92    0.0679851006726
3.94    0.0687800036255
3.96    0.0694980420159
3.98    0.0701436035595
4.0    0.0707287200012
4.02    0.0712375482306
4.04    0.0716717993935
4.06    0.072033893477
4.08    0.0723363270084
4.1    0.0725847847026
4.12    0.072771347511
4.14    0.0729004022175
4.16    0.0729766438451
4.18    0.0730084773685
4.2    0.0730122583542
4.22    0.0729776730099
4.24    0.0740121169074
4.26    0.0756023320371
4.28    0.0771472014318
4.3    0.0786479835206
4.32    0.080105979712
4.34    0.0815283191523
4.36    0.0829273227003
4.38    0.0843295564371
4.4    0.0857510675286
4.42    0.0871496844517
4.44    0.0885046770845
4.46    0.0898107000361
4.48    0.0910662202742
4.5    0.0922709755318
4.52    0.0934264012655
4.54    0.0945798248546
4.56    0.0963939600972
4.58    0.0981880955627
4.6    0.0999592068582
4.62    0.101714981385
4.64    0.103460439371
4.66    0.105187778597
4.68    0.106899999247
4.7    0.108611495339
4.72    0.110308602447
4.74    0.111992019733
4.76    0.113676773472
4.78    0.115351886898
4.8    0.117014240026
4.82    0.118675099281
4.84    0.120329664533
4.86    0.121969982555
4.88    0.123605845571
4.9    0.125234269506
4.92    0.126844696884
4.94    0.128449584944
4.96    0.130039979668
4.98    0.131607821242
5.0    0.133171296882
5.02    0.134706899122
5.04    0.136228793907
5.06    0.137724935906
5.08    0.139202451952
5.1    0.140650417189
5.12    0.142082134837
5.14    0.143485522505
5.16    0.144865030977
5.18    0.146224968535
5.2    0.147569119736
5.22    0.148911498347
5.24    0.150256991714
5.26    0.151602306362
5.28    0.152937507032
5.3    0.15425653154
5.32    0.155548879589
5.34    0.156809655702
5.36    0.158034212743
5.38    0.159218175822
5.4    0.160366257141
5.42    0.161470534529
5.44    0.162525701662
5.46    0.163536686213
5.48    0.164502822417
5.5    0.165414620076
5.52    0.166283034653
5.54    0.167101838367
5.56    0.167866328743
5.58    0.168589814575
5.6    0.169264180342
5.62    0.169890853084
5.64    0.170475927587
5.66    0.171027076218
5.68    0.171563608607
5.7    0.172179699069
5.72    0.172808195823
5.74    0.173408915942
5.76    0.173978122527
5.78    0.174513666001
5.8    0.175015018252
5.82    0.175483791307
5.84    0.175921154797
5.86    0.176328822755
5.88    0.176708717715
5.9    0.177062774507
5.92    0.177395163672
5.94    0.177711249875
5.96    0.178011041634
5.98    0.178304806805
6.0    0.178625694074
6.02    0.179047193962
6.04    0.179458198421
6.06    0.179844203143
6.08    0.180200311261
6.1    0.180522689674
6.12    0.18080879772
6.14    0.181069484753
6.16    0.18129398771
6.18    0.181483752599
6.2    0.181645054862
6.22    0.181782271188
6.24    0.181900712261
6.26    0.182158809892
6.28    0.182688971142
6.3    0.183211547939
6.32    0.183714291973
6.34    0.184194284283
6.36    0.184648921458
6.38    0.185077623796
6.4    0.185483309292
6.42    0.185858837359
6.44    0.186202023166
6.46    0.186523321469
6.48    0.186813389829
6.5    0.187070899575
6.52    0.187308508547
6.54    0.187513235088
6.56    0.18769179174
6.58    0.187849451017
6.6    0.187981717227
6.62    0.188093857064
6.64    0.188190790516
6.66    0.188276059772
6.68    0.18835146388
6.7    0.188418687887
6.72    0.188469322932
6.74    0.188505036078
6.76    0.188518792902
6.78    0.188505534889
6.8    0.188474522396
6.82    0.188416329497
6.84    0.188334535431
6.86    0.188229710217
6.88    0.188098476028
6.9    0.187947000861
6.92    0.187767592797
6.94    0.187571024077
6.96    0.187344637207
6.98    0.187106114092
7.0    0.186841919083
7.02    0.186557962897
7.04    0.186261587839
7.06    0.185950340973
7.08    0.185634095159
7.1    0.185323154603
7.12    0.185038721689
7.14    0.184782282224
7.16    0.184534037795
7.18    0.184279619291
7.2    0.184015165999
7.22    0.183736558318
7.24    0.183440043744
7.26    0.183123784253
7.28    0.182795209664
7.3    0.18244434788
7.32    0.182073960371
7.34    0.181689176171
7.36    0.181282568062
7.38    0.180859151462
7.4    0.180730347202
7.42    0.180765657107
7.44    0.180810318369
7.46    0.180861711557
7.48    0.180915500724
7.5    0.181310466157
7.52    0.182033816421
7.54    0.182757296533
7.56    0.183471418684
7.58    0.184184720848
7.6    0.184891191539
7.62    0.185588469524
7.64    0.18628722972
7.66    0.186976599527
7.68    0.187656568003
7.7    0.188337230079
7.72    0.189009312777
7.74    0.189671923449
7.76    0.190330144135
7.78    0.190984662362
7.8    0.191629607094
7.82    0.192264942699
7.84    0.192897647859
7.86    0.193524533454
7.88    0.194141669961
7.9    0.19474900928
7.92    0.195351835922
7.94    0.19595027423
7.96    0.196538740798
7.98    0.197117176569
8.0    0.1976863602
8.02    0.198255360819
8.04    0.198814126049
8.06    0.19936258759
8.08    0.199900675155
8.1    0.200433815233
8.12    0.200961702946
8.14    0.2014789818
8.16    0.201985574679
8.18    0.202481403145
8.2    0.20297663472
8.22    0.203461412756
8.24    0.203935170172
8.26    0.204397824299
8.28    0.204855844565
8.3    0.205306723853
8.32    0.205746233251
8.34    0.206174287992
8.36    0.206598167944
8.38    0.207013701633
8.4    0.207417509693
8.42    0.20781349223
8.44    0.208204211901
8.46    0.20858293534
8.48    0.208957920868
8.5    0.209322990006
8.52    0.209685778778
8.54    0.210044622649
8.56    0.210411783819
8.58    0.210794327938
8.6    0.211179596636
8.62    0.211561925946
8.64    0.211936899226
8.66    0.212307380847
8.68    0.212669395551
8.7    0.213024292627
8.72    0.21337165424
8.74    0.213710612271
8.76    0.214043199409
8.78    0.214365873717
8.8    0.214684448653
8.82    0.214992869446
8.84    0.215295811476
8.86    0.215591252583
8.88    0.215877088161
8.9    0.216159200179
8.92    0.216431327672
8.94    0.216696231847
8.96    0.21695538168
8.98    0.21720589355
9.0    0.217449198621
9.02    0.217687531298
9.04    0.217917087734
9.06    0.218138171987
9.08    0.218354920302
9.1    0.218564048004
9.12    0.218767884941
9.14    0.218969991093
9.16    0.219177725129
9.18    0.219389633932
9.2    0.219599542272
9.22    0.219805078591
9.24    0.220003952841
9.26    0.220194400368
9.28    0.22037815649
9.3    0.220554281432
9.32    0.220720169793
9.34    0.220879221948
9.36    0.22103012487
9.38    0.221171174871
9.4    0.221305181471
9.42    0.221431537937
9.44    0.22154782118
9.46    0.22165649847
9.48    0.221757035874
9.5    0.221846462461
9.52    0.221929584757
9.54    0.222002935271
9.56    0.222065627464
9.58    0.222123027
9.6    0.222169324045
9.62    0.222206145282
9.64    0.222234421377
9.66    0.22225067403
9.68    0.222258790944
9.7    0.222254503794
9.72    0.222240200154
9.74    0.222215420751
9.76    0.222176343271
9.78    0.222131137594
9.8    0.222070872076
9.82    0.22199944286
9.84    0.221918923547
9.86    0.221823509662
9.88    0.22171774039
9.9    0.221602287943
9.92    0.221472130079
9.94    0.221330442816
9.96    0.221180502555
9.98    0.221016068807
10.0    0.220837417577
