0.05    2.34432793672e-05
0.07    4.76114603321e-05
0.09    8.74664949706e-05
0.1    0.000105879632968
0.12    0.000241076885244
0.14    0.000264289539064
0.16    0.000430777354964
0.18    0.000475450867259
0.2    0.000775433367991
0.22    0.000863930705914
0.24    0.000779920166358
0.26    0.000988352666835
0.28    0.00141916112778
0.3    0.00225150536988
0.32    0.00287083546522
0.34    0.0032088804569
0.36    0.00324927399283
0.38    0.00306559553142
0.4    0.00321963016956
0.42    0.00398316212125
0.44    0.00416004184279
0.46    0.00398407638412
0.48    0.00435095262682
0.5    0.00435157741337
0.52    0.00420420992594
0.54    0.00405721350653
0.56    0.00425447883626
0.58    0.00539057483854
0.6    0.00680269332424
0.62    0.00811786025261
0.64    0.00952129163882
0.66    0.0112479250698
0.68    0.0130178014121
0.7    0.0145748374286
0.72    0.0157341929657
0.74    0.0163005226074
0.76    0.0162154108306
0.78    0.0155497891309
0.8    0.0144478458214
0.82    0.0132064445236
0.84    0.0125787403325
0.86    0.0127631983152
0.88    0.0131220920008
0.9    0.0135111477487
0.92    0.0136830812901
0.94    0.0134986690227
0.96    0.0130357960279
0.98    0.012283083415
1.0    0.0113187679051
1.02    0.0104374129643
1.04    0.00982941900824
1.06    0.00936302465046
1.08    0.00962437946163
1.1    0.0105625268445
1.12    0.0113845476111
1.14    0.0122588820955
1.16    0.0131095513935
1.18    0.0137981776875
1.2    0.0142666037135
1.22    0.0145054079907
1.24    0.0146142831938
1.26    0.0151503464706
1.28    0.0160901721851
1.3    0.0169930709416
1.32    0.0178391002239
1.34    0.0185487291277
1.36    0.0191287807976
1.38    0.0196462912375
1.4    0.0201350888236
1.42    0.0205539029428
1.44    0.0208420110773
1.46    0.020960807507
1.48    0.0208579795865
1.5    0.0205167867422
1.52    0.0199542445222
1.54    0.0192016823751
1.56    0.0184939712042
1.58    0.0183405171062
1.6    0.0180322484438
1.62    0.0176243005048
1.64    0.0171908876664
1.66    0.0168296408166
1.68    0.0165201452025
1.7    0.0161558861527
1.72    0.0156810465768
1.74    0.0150817092319
1.76    0.0146429860115
1.78    0.0144195811157
1.8    0.0145828500699
1.82    0.0147093470518
1.84    0.0148056412589
1.86    0.0148739725745
1.88    0.0149052163324
1.9    0.0148803382615
1.92    0.0147797677417
1.94    0.0145949485933
1.96    0.0143350938855
1.98    0.0140251845621
2.0    0.0136961578365
2.02    0.01371287155
2.04    0.0141157878168
2.06    0.0145436243255
2.08    0.0149984079448
2.1    0.0155346882765
2.12    0.0162144953774
2.14    0.0167914324289
2.16    0.0172094021416
2.18    0.0174371312579
2.2    0.0174618386302
2.22    0.017294846564
2.24    0.0173780730955
2.26    0.018012903477
2.28    0.0185336275764
2.3    0.0189501821182
2.32    0.019273316915
2.34    0.0195167849913
2.36    0.019688000049
2.38    0.0197881062765
2.4    0.0198136006112
2.42    0.0197584189437
2.44    0.019623630775
2.46    0.0194018773909
2.48    0.0191037610608
2.5    0.018751454866
2.52    0.018346207232
2.54    0.0178781299479
2.56    0.0174067857049
2.58    0.0173115226113
2.6    0.0178576627297
2.62    0.0183661858504
2.64    0.0188262893752
2.66    0.0192299418914
2.68    0.0195711383139
2.7    0.0198485101305
2.72    0.0200623619061
2.74    0.0202147476459
2.76    0.020309372437
2.78    0.0203524286023
2.8    0.0203546913022
2.82    0.020317010299
2.84    0.0202463426485
2.86    0.0201530316574
2.88    0.0200405954938
2.9    0.0199139423507
2.92    0.0197898099635
2.94    0.0197709561851
2.96    0.0197469297848
2.98    0.0197158340239
3.0    0.0196750849162
3.02    0.0196234681905
3.04    0.0195605164694
3.06    0.0194846041864
3.08    0.0193942146984
3.1    0.0192889800826
3.12    0.0191677975973
3.14    0.0190273495117
3.16    0.018867260818
3.18    0.0186853539206
3.2    0.018480163276
3.22    0.0182543203423
3.24    0.0180098915326
3.26    0.0177464839238
3.28    0.0174717427139
3.3    0.0174443885443
3.32    0.018037411301
3.34    0.0185899838153
3.36    0.0191079851637
3.38    0.0195834960707
3.4    0.0200199793054
3.42    0.0204213381916
3.44    0.0207840325085
3.46    0.0211188820009
3.48    0.0214197593291
3.5    0.0216973766249
3.52    0.0219477735346
3.54    0.022177814752
3.56    0.0223881339419
3.58    0.0225804947228
3.6    0.0227576465056
3.62    0.0229227447669
3.64    0.0230830335556
3.66    0.0232388948138
3.68    0.0233837434123
3.7    0.0235175515719
3.72    0.0236455354155
3.74    0.0238221002507
3.76    0.0239900401784
3.78    0.0241452078299
3.8    0.0242855190079
3.82    0.0244123188941
3.84    0.0245249834946
3.86    0.0246267013823
3.88    0.024719994656
3.9    0.0248063502018
3.92    0.0249842629988
3.94    0.0254131363044
3.96    0.0258279044357
3.98    0.0263181127048
4.0    0.0268574774963
4.02    0.0273848103772
4.04    0.0279008004133
4.06    0.028406859185
4.08    0.0289048094297
4.1    0.0293971328893
4.12    0.0298882171308
4.14    0.0303789816914
4.16    0.0308721651401
4.18    0.0313723716806
4.2    0.0318805491752
4.22    0.0323989906359
4.24    0.0329593609664
4.26    0.0335699534583
4.28    0.0341956996375
4.3    0.0348363416662
4.32    0.0354916243556
4.34    0.0361621957958
4.36    0.0368449974162
4.38    0.0375403309805
4.4    0.0382459120799
4.42    0.0389588055862
4.44    0.0396797537159
4.46    0.0404038183635
4.48    0.0411293412658
4.5    0.0418561406966
4.52    0.0425808284615
4.54    0.0433016948716
4.56    0.0440174431539
4.58    0.0447270233613
4.6    0.0454299891404
4.62    0.0461265058407
4.64    0.0468146519747
4.66    0.0474964682364
4.68    0.0481763340286
4.7    0.0488584764504
4.72    0.0495334817608
4.74    0.0501978414886
4.76    0.0508502600693
4.78    0.0514899584257
4.8    0.0521181327063
4.82    0.0527369049923
4.84    0.0533442994283
4.86    0.0539448156469
4.88    0.0545382537502
4.9    0.0551258930388
4.92    0.0557118119357
4.94    0.056294004924
4.96    0.0568794089297
4.98    0.0574639852355
5.0    0.0580556172447
5.02    0.0586502991674
5.04    0.0592541671408
5.06    0.0598653702231
5.08    0.0604871407615
5.1    0.0611203515161
5.12    0.0617644049773
5.14    0.0624239517252
5.16    0.0630959623424
5.18    0.063782062862
5.2    0.0644846680116
5.22    0.0652016951037
5.24    0.0659336392875
5.26    0.0666808451612
5.28    0.0674436443866
5.3    0.0682219808666
5.32    0.0690149205531
5.34    0.0698219984352
5.36    0.0706425721214
5.38    0.0714757763154
5.4    0.0723204742261
5.42    0.0731753153886
5.44    0.074038892705
5.46    0.0749099046123
5.48    0.075787239776
5.5    0.0766706218933
5.52    0.0775597660524
5.54    0.0784536761599
5.56    0.0793529357099
5.58    0.0802585202924
5.6    0.0811685242664
5.62    0.0820814807059
5.64    0.0829960983857
5.66    0.0839112059473
5.68    0.0848251913057
5.7    0.0857383060801
5.72    0.0866485943103
5.74    0.0875551936855
5.76    0.0884535423755
5.78    0.0893414659223
5.8    0.0902169933277
5.82    0.0910786683807
5.84    0.0919256903993
5.86    0.0927578399612
5.88    0.0935769456813
5.9    0.0943840538879
5.92    0.0951805943505
5.94    0.0959723616638
5.96    0.0967709203164
5.98    0.0975840171352
6.0    0.0983920018479
6.02    0.0991897741079
6.04    0.0999710802425
6.06    0.100735287584
6.08    0.101483125197
6.1    0.102217196773
6.12    0.102935704995
6.14    0.103644596745
6.16    0.104342716938
6.18    0.105030104585
6.2    0.105703201053
6.22    0.106362795608
6.24    0.107005922017
6.26    0.107632861829
6.28    0.108246410578
6.3    0.108845160993
6.32    0.109428008296
6.34    0.109995020351
6.36    0.110547692661
6.38    0.111087363605
6.4    0.11161289857
6.42    0.112124717221
6.44    0.112625243421
6.46    0.113113851941
6.48    0.113590219781
6.5    0.114057595429
6.52    0.114516002216
6.54    0.114965061949
6.56    0.115408269236
6.58    0.115844889
6.6    0.116280249605
6.62    0.116902882155
6.64    0.117667341395
6.66    0.118417130427
6.68    0.119150731594
6.7    0.119867675695
6.72    0.120567604181
6.74    0.1212484602
6.76    0.121911319995
6.78    0.122549805134
6.8    0.123167230089
6.82    0.123767888034
6.84    0.124358542803
6.86    0.12494668261
6.88    0.125525884073
6.9    0.12608696739
6.92    0.126630305564
6.94    0.127147555492
6.96    0.127644025378
6.98    0.128115085628
7.0    0.12856308482
7.02    0.12898954239
7.04    0.129395599076
7.06    0.129817629853
7.08    0.130340843893
7.1    0.130853957592
7.12    0.131356673166
7.14    0.131848852652
7.16    0.132330617217
7.18    0.132802298893
7.2    0.133264360508
7.22    0.133717339093
7.24    0.134161762863
7.26    0.13459976687
7.28    0.13503033557
7.3    0.135452577463
7.32    0.135866035005
7.34    0.136270181042
7.36    0.136664585895
7.38    0.137049066399
7.4    0.137423760187
7.42    0.137790630752
7.44    0.138149682933
7.46    0.138500669628
7.48    0.138843627485
7.5    0.139180918937
7.52    0.139510944469
7.54    0.139977683069
7.56    0.140454178769
7.58    0.140911588758
7.6    0.141351082681
7.62    0.141772052871
7.64    0.142170929028
7.66    0.142552457023
7.68    0.142912032547
7.7    0.143253944836
7.72    0.143579613598
7.74    0.143885652269
7.76    0.144172766893
7.78    0.144435497219
7.8    0.144678568051
7.82    0.144896987468
7.84    0.14509376012
7.86    0.145270229692
7.88    0.145426546676
7.9    0.145564915489
7.92    0.145685103285
7.94    0.145785959283
7.96    0.145866458667
7.98    0.145928025117
8.0    0.145967646299
8.02    0.145990189633
8.04    0.145992781881
8.06    0.145978277427
8.08    0.14594734097
8.1    0.145904041305
8.12    0.145848153611
8.14    0.145781419026
8.16    0.14570485057
8.18    0.145645290466
8.2    0.145694301253
8.22    0.145737253447
8.24    0.145774736651
8.26    0.14580728294
8.28    0.145834220877
8.3    0.145855798427
8.32    0.145872476977
8.34    0.145884857672
8.36    0.145893544801
8.38    0.145899066568
8.4    0.145903037023
8.42    0.145905967189
8.44    0.145907071508
8.46    0.145907184637
8.48    0.145907693833
8.5    0.145907397922
8.52    0.14591086287
8.54    0.14592319782
8.56    0.145956297424
8.58    0.146008269196
8.6    0.146069371795
8.62    0.146135352516
8.64    0.146205596955
8.66    0.146283380613
8.68    0.146373351803
8.7    0.146498567802
8.72    0.146662834745
8.74    0.146831248311
8.76    0.146998951363
8.78    0.147164925659
8.8    0.147328280792
8.82    0.14748827194
8.84    0.147644309303
8.86    0.147798104026
8.88    0.147948487513
8.9    0.148094266407
8.92    0.148235687701
8.94    0.148375802387
8.96    0.148510883195
8.98    0.148641453473
9.0    0.148770882346
9.02    0.14889499308
9.04    0.149015988685
9.06    0.149134658315
9.08    0.149248000688
9.1    0.149360448904
9.12    0.149468647673
9.14    0.149573023912
9.16    0.149676334809
9.18    0.149774634432
9.2    0.149871671563
9.22    0.14996556856
9.24    0.150055187261
9.26    0.150145015724
9.28    0.150230753418
9.3    0.150313573278
9.32    0.150396254468
9.34    0.150476002499
9.36    0.150553259867
9.38    0.15062966074
9.4    0.150705006667
9.42    0.150778208265
9.44    0.15084940891
9.46    0.150918869157
9.48    0.150988366953
9.5    0.151056178323
9.52    0.151122425286
9.54    0.151187088733
9.56    0.151249961052
9.58    0.151311087921
9.6    0.151371378994
9.62    0.151428821527
9.64    0.151482879479
9.66    0.151534149872
9.68    0.151583658079
9.7    0.151629059121
9.72    0.151670167916
9.74    0.151709963811
9.76    0.151745258003
9.78    0.151775365419
9.8    0.15180347762
9.82    0.151826193355
9.84    0.151843405917
9.86    0.151857758945
9.88    0.151865048944
9.9    0.151868828086
9.92    0.151866755296
9.94    0.151858461413
9.96    0.151846831038
9.98    0.151828364302
10.0    0.151804821061
