0.05    1.53381968539e-05
0.07    3.22808731136e-05
0.09    5.78143996949e-05
0.1    7.22600799732e-05
0.12    0.000150504118242
0.14    0.00025096737898
0.16    0.000269627625453
0.18    0.000395002170482
0.2    0.000585775170663
0.22    0.000772792917488
0.24    0.000900839336505
0.26    0.000827572857973
0.28    0.000919704652425
0.3    0.00119970211123
0.32    0.00112232302872
0.34    0.00135278087628
0.36    0.00152152603083
0.38    0.0017928765321
0.4    0.0027065202286
0.42    0.00327072776635
0.44    0.00370327049947
0.46    0.004704554075
0.48    0.00597710864192
0.5    0.00577826345219
0.52    0.00458028461722
0.54    0.00419472887412
0.56    0.0044385850882
0.58    0.00424332571737
0.6    0.00412253427592
0.62    0.00414955137467
0.64    0.00419223729541
0.66    0.00451629201652
0.68    0.00546417574562
0.7    0.00644874159944
0.72    0.00707063082289
0.74    0.00730321164208
0.76    0.00705773764492
0.78    0.00636950268714
0.8    0.00557911552899
0.82    0.00511930729807
0.84    0.00550225489455
0.86    0.00671168265652
0.88    0.0081101797325
0.9    0.00898813697366
0.92    0.00906228132876
0.94    0.00874212922517
0.96    0.00873126660742
0.98    0.00936457305085
1.0    0.0102805557752
1.02    0.0110262948658
1.04    0.0115095092667
1.06    0.0119729041903
1.08    0.0126362103232
1.1    0.0133466652841
1.12    0.0138630900414
1.14    0.0140690422665
1.16    0.0140453770182
1.18    0.0137727538605
1.2    0.0130876657179
1.22    0.0120548775321
1.24    0.011791351101
1.26    0.0117727108855
1.28    0.0119217039406
1.3    0.0119161817837
1.32    0.011752608299
1.34    0.0113696759774
1.36    0.0107691321933
1.38    0.0111723147588
1.4    0.0123524044641
1.42    0.0136014171297
1.44    0.0147840418848
1.46    0.0158239562912
1.48    0.0169905989116
1.5    0.017969578695
1.52    0.0187238938062
1.54    0.0192290213032
1.56    0.0194756382514
1.58    0.0194797268349
1.6    0.0192764102984
1.62    0.018947317879
1.64    0.0185740928472
1.66    0.0182217865706
1.68    0.0179244756314
1.7    0.0177191605011
1.72    0.017634388052
1.74    0.0177089965764
1.76    0.0179752406838
1.78    0.0184488037949
1.8    0.0191207327743
1.82    0.019955063213
1.84    0.0208962452452
1.86    0.0219014641035
1.88    0.0229291967008
1.9    0.0239720650148
1.92    0.025030586987
1.94    0.0260937788286
1.96    0.0271288298091
1.98    0.0280826347171
2.0    0.0288853118005
2.02    0.0294814349274
2.04    0.0298586479151
2.06    0.0300179362497
2.08    0.0299982242516
2.1    0.0298418840935
2.12    0.0295742164797
2.14    0.0291987236066
2.16    0.0287070242526
2.18    0.0281041193676
2.2    0.0273956042658
2.22    0.0266108947036
2.24    0.0257791787027
2.26    0.0249404303675
2.28    0.0241413193781
2.3    0.0234366972321
2.32    0.0228579414031
2.34    0.0224199089761
2.36    0.0220992216769
2.38    0.0218731942668
2.4    0.0217009611669
2.42    0.0215620416247
2.44    0.0214364867566
2.46    0.0213204005337
2.48    0.0212220444518
2.5    0.021142570693
2.52    0.0210866537378
2.54    0.0210853217078
2.56    0.021222314295
2.58    0.0213847838205
2.6    0.0215569228093
2.62    0.0217195922767
2.64    0.0218492071633
2.66    0.021928480384
2.68    0.0219472694275
2.7    0.0218951858578
2.72    0.0217714057656
2.74    0.0215796026013
2.76    0.0213313106747
2.78    0.0210338189859
2.8    0.020700835864
2.82    0.0203473808092
2.84    0.0199881831548
2.86    0.0196344763913
2.88    0.0192991527738
2.9    0.0189930051659
2.92    0.0187246800814
2.94    0.0185007604524
2.96    0.0183259124077
2.98    0.0182030525213
3.0    0.0181335134644
3.02    0.0181198428418
3.04    0.018158982614
3.06    0.0182473249207
3.08    0.0183813093651
3.1    0.0185582067196
3.12    0.0187720804746
3.14    0.0190164892227
3.16    0.0192858570768
3.18    0.0195745246013
3.2    0.0198768562841
3.22    0.0201873189443
3.24    0.0205005344394
3.26    0.0208122332461
3.28    0.021119113276
3.3    0.0214144822843
3.32    0.0216938222337
3.34    0.0219575814036
3.36    0.0221983453173
3.38    0.022413044237
3.4    0.0226032525773
3.42    0.0227614794431
3.44    0.022890209646
3.46    0.0229874015835
3.48    0.0230506184952
3.5    0.0230869810404
3.52    0.0230916745434
3.54    0.0230700155646
3.56    0.0230261825756
3.58    0.0229605812035
3.6    0.0228809986895
3.62    0.0227908063985
3.64    0.0226930779423
3.66    0.0225943482262
3.68    0.022499788171
3.7    0.0224113838032
3.72    0.0223328291921
3.74    0.0222676114114
3.76    0.0222188143715
3.78    0.0221856970231
3.8    0.0225669330424
3.82    0.0233609252376
3.84    0.0241239712346
3.86    0.0248516039053
3.88    0.0255347451161
3.9    0.0261595879396
3.92    0.0267164377457
3.94    0.0271970007356
3.96    0.0275987386939
3.98    0.0279187569798
4.0    0.0284401807988
4.02    0.0289968606549
4.04    0.0294621817566
4.06    0.0298361135012
4.08    0.0301188069509
4.1    0.030312565397
4.12    0.030417510011
4.14    0.0304450699484
4.16    0.0304048748549
4.18    0.0303060780447
4.2    0.030155775279
4.22    0.029956718689
4.24    0.0297165540679
4.26    0.0294448961419
4.28    0.02915454484
4.3    0.0288570411863
4.32    0.02856132645
4.34    0.0282753045088
4.36    0.028006249459
4.38    0.027756189125
4.4    0.0275292054517
4.42    0.0273261718082
4.44    0.0271453689012
4.46    0.0269875653202
4.48    0.0268470698522
4.5    0.0267208802491
4.52    0.0266052260976
4.54    0.0264948688699
4.56    0.0263875914727
4.58    0.0265412543909
4.6    0.0268329454669
4.62    0.0271341404939
4.64    0.0274406208137
4.66    0.0277478629267
4.68    0.0280532123119
4.7    0.0283569312371
4.72    0.028660153712
4.74    0.0289640275001
4.76    0.0292690657948
4.78    0.029574539647
4.8    0.0298832774508
4.82    0.0301970617692
4.84    0.0305190653023
4.86    0.0308545052556
4.88    0.0312063685534
4.9    0.0315782798118
4.92    0.0319762885018
4.94    0.0324026926158
4.96    0.0328611584326
4.98    0.0333548122909
5.0    0.0338846437278
5.02    0.0344529659842
5.04    0.0350583998294
5.06    0.0357024769477
5.08    0.036380609252
5.1    0.0370946681623
5.12    0.03783849946
5.14    0.0386090044536
5.16    0.039402820476
5.18    0.0402160611457
5.2    0.041044199943
5.22    0.0418825080544
5.24    0.0427258536178
5.26    0.0435689457849
5.28    0.0444095396864
5.3    0.0452406404565
5.32    0.0460590544118
5.34    0.0468563838644
5.36    0.0476297730915
5.38    0.0483714205513
5.4    0.0490807916478
5.42    0.0497512497717
5.44    0.050380522649
5.46    0.0509662523832
5.48    0.051500355359
5.5    0.0523765281592
5.52    0.0533887429017
5.54    0.0543787973492
5.56    0.0553449295816
5.58    0.0562867890132
5.6    0.0572051152077
5.62    0.0581012760822
5.64    0.0589722040433
5.66    0.059816043836
5.68    0.0606327089065
5.7    0.0614193229967
5.72    0.0621712641788
5.74    0.0628849890145
5.76    0.0635605138254
5.78    0.064201409916
5.8    0.0648115025567
5.82    0.0653955328877
5.84    0.0659484299945
5.86    0.0664682940887
5.88    0.0669565825886
5.9    0.0674128864625
5.92    0.0678477946634
5.94    0.0682672985462
5.96    0.0686705037174
5.98    0.0690550859974
6.0    0.069414714806
6.02    0.0697438012295
6.04    0.070389895297
6.06    0.0710310898388
6.08    0.0716526315363
6.1    0.072255620308
6.12    0.0728418007761
6.14    0.0734147756961
6.16    0.0739725944912
6.18    0.0745129298513
6.2    0.0750333004019
6.22    0.0755325809225
6.24    0.0760112813323
6.26    0.076470690608
6.28    0.0769091804836
6.3    0.0773261846176
6.32    0.077723188768
6.34    0.078101714869
6.36    0.0784620756892
6.38    0.0788069822507
6.4    0.0791342442632
6.42    0.0794434944329
6.44    0.079737460171
6.46    0.0800105149621
6.48    0.0802577960462
6.5    0.0804764873452
6.52    0.0806668706131
6.54    0.0808259916006
6.56    0.0809536816765
6.58    0.0810533001886
6.6    0.0811230357433
6.62    0.0811643174142
6.64    0.0811777474791
6.66    0.0811643287638
6.68    0.0811248723489
6.7    0.0810591249899
6.72    0.0809645245499
6.74    0.0808375733441
6.76    0.0806798727799
6.78    0.0804867433098
6.8    0.0802884285204
6.82    0.0803983794787
6.84    0.0805103439217
6.86    0.0806458388108
6.88    0.0807797490949
6.9    0.0809025374362
6.92    0.0810160299441
6.94    0.0811277828618
6.96    0.0812437810277
6.98    0.0813546056158
7.0    0.081454920093
7.02    0.0815436562409
7.04    0.0816212614782
7.06    0.0816872919989
7.08    0.0817402078997
7.1    0.081780331441
7.12    0.0818046344401
7.14    0.0818162061616
7.16    0.0818152355549
7.18    0.081803394616
7.2    0.0817824840151
7.22    0.0817535132787
7.24    0.0817159974912
7.26    0.0816687592975
7.28    0.0816081975016
7.3    0.0815347232725
7.32    0.0814486505604
7.34    0.0813488132863
7.36    0.0812355529432
7.38    0.0811092132742
7.4    0.0809701382987
7.42    0.0808186776562
7.44    0.0806552118338
7.46    0.0804801873971
7.48    0.0802941710369
7.5    0.0800979126236
7.52    0.0798924058327
7.54    0.0796800323902
7.56    0.0794625756471
7.58    0.0792419838057
7.6    0.0790204750444
7.62    0.0788001668998
7.64    0.0785815041107
7.66    0.0783658479515
7.68    0.0781530548359
7.7    0.0779436158564
7.72    0.0777452121646
7.74    0.0775802437974
7.76    0.0774343010516
7.78    0.0772949789199
7.8    0.0771566276166
7.82    0.077017640096
7.84    0.0768760446559
7.86    0.0767314293416
7.88    0.0765834161021
7.9    0.0765090519811
7.92    0.0764936329811
7.94    0.0764817213077
7.96    0.0764726977963
7.98    0.0764668785509
8.0    0.0764645886105
8.02    0.0764661820707
8.04    0.0764720245196
8.06    0.076482443195
8.08    0.0764976632777
8.1    0.0765177502175
8.12    0.0765425921983
8.14    0.0765719515593
8.16    0.0766055657702
8.18    0.0766432516262
8.2    0.0766849526056
8.22    0.0767306861082
8.24    0.0767804339945
8.26    0.0768340694058
8.28    0.0768913647828
8.3    0.0769520360954
8.32    0.0770157554885
8.34    0.0770830222912
8.36    0.0771530524788
8.38    0.0772251427359
8.4    0.0772988343149
8.42    0.0773756813529
8.44    0.0774534230689
8.46    0.0775320986467
8.48    0.0776128802346
8.5    0.0776932239938
8.52    0.0777752075559
8.54    0.0778564478305
8.56    0.0779382398007
8.58    0.0780189911793
8.6    0.078099716447
8.62    0.078178676183
8.64    0.0782574294094
8.66    0.078333485179
8.68    0.0784093423973
8.7    0.0784815951916
8.72    0.0785536248609
8.74    0.0786213095769
8.76    0.0786885830118
8.78    0.0787510157332
8.8    0.0788125714679
8.82    0.0788689064393
8.84    0.0789239406866
8.86    0.0789734548576
8.88    0.0790210574953
8.9    0.0790630678118
8.92    0.0791024112358
8.94    0.0791364330184
8.96    0.0791667333247
8.98    0.0791925703388
9.0    0.0792133029012
9.02    0.0792308516137
9.04    0.0792441224347
9.06    0.0792536749106
9.08    0.0792601577601
9.1    0.079265262802
9.12    0.0792693551889
9.14    0.0792738258261
9.16    0.0792782947835
9.18    0.079282130245
9.2    0.079283224743
9.22    0.0792818610576
9.24    0.0792768974518
9.26    0.0792680714122
9.28    0.0792554053381
9.3    0.0792389889186
9.32    0.0792193600272
9.34    0.0791956968455
9.36    0.079167002755
9.38    0.0791328493961
9.4    0.0790933450826
9.42    0.0790469117514
9.44    0.0789936653087
9.46    0.0789346791194
9.48    0.078867715663
9.5    0.0787952369933
9.52    0.0787153177286
9.54    0.0786285836949
9.56    0.0785358934964
9.58    0.0784356569004
9.6    0.0783298910453
9.62    0.0782176563298
9.64    0.0780988722394
9.66    0.0779744119576
9.68    0.0778451334472
9.7    0.077712080877
9.72    0.0775781482732
9.74    0.0774469905468
9.76    0.0773138801296
9.78    0.0771768017807
9.8    0.0770351175426
9.82    0.0768882423798
9.84    0.0767356004822
9.86    0.0765782860698
9.88    0.0764151279077
9.9    0.0762455198475
9.92    0.0760716678452
9.94    0.0758909539139
9.96    0.0757056819936
9.98    0.0755143135361
10.0    0.0753178783544
