0.05    6.33925156327e-05
0.07    0.000167268049606
0.09    0.000373833426485
0.1    0.00043442709252
0.12    0.00070299039727
0.14    0.00102000261741
0.16    0.0012373382462
0.18    0.00158215631804
0.2    0.00217537391056
0.22    0.00259982428598
0.24    0.0024099764827
0.26    0.0029765693255
0.28    0.00267654708201
0.3    0.00235441255969
0.32    0.00215781843496
0.34    0.00229521901895
0.36    0.00285879769555
0.38    0.00382137080432
0.4    0.00379360991099
0.42    0.0034850261703
0.44    0.00321830828765
0.46    0.0030228339911
0.48    0.00313677719133
0.5    0.0033411147953
0.52    0.00392971108128
0.54    0.00441553153415
0.56    0.00405879253759
0.58    0.00333915078389
0.6    0.00374614458672
0.62    0.00441930096953
0.64    0.00507703640702
0.66    0.00532888065181
0.68    0.00502336418382
0.7    0.0044319631824
0.72    0.0045329426269
0.74    0.00472881610935
0.76    0.00540991327347
0.78    0.00595760522247
0.8    0.00669248527202
0.82    0.0071324432804
0.84    0.00705350618884
0.86    0.00700197950626
0.88    0.00644552902868
0.9    0.00567177751691
0.92    0.0050943276296
0.94    0.00527238426265
0.96    0.00580774246958
0.98    0.00609930964014
1.0    0.00607252260732
1.02    0.00609753107953
1.04    0.00617993366676
1.06    0.00660681849911
1.08    0.00743765965055
1.1    0.00800443570759
1.12    0.00844337648361
1.14    0.00889701098449
1.16    0.00941553364191
1.18    0.00963990699956
1.2    0.00927755777224
1.22    0.00846438372635
1.24    0.00752758199257
1.26    0.00668626189552
1.28    0.00602803962468
1.3    0.0060332940504
1.32    0.00620245898392
1.34    0.00657798082334
1.36    0.00707964182977
1.38    0.00739177337248
1.4    0.0075864996973
1.42    0.00774067856043
1.44    0.0078842934159
1.46    0.00816678921123
1.48    0.00839521142624
1.5    0.00861724878325
1.52    0.00886441017149
1.54    0.0090447112875
1.56    0.00917587940769
1.58    0.00940759371406
1.6    0.0096573539063
1.62    0.00986625688388
1.64    0.0101356100585
1.66    0.0113967621022
1.68    0.0123037301354
1.7    0.0128273711543
1.72    0.0131208510429
1.74    0.0133980705141
1.76    0.0137325712305
1.78    0.0140580936675
1.8    0.0144399543324
1.82    0.0148141043178
1.84    0.0147527822924
1.86    0.0144206378888
1.88    0.0145060196701
1.9    0.0144597626027
1.92    0.0143397330122
1.94    0.0142483723071
1.96    0.0141578750153
1.98    0.0146160977564
2.0    0.0151937268172
2.02    0.0154511153836
2.04    0.0154284469018
2.06    0.015205638538
2.08    0.0148101243859
2.1    0.014276140184
2.12    0.014034399645
2.14    0.013680383532
2.16    0.0139177720121
2.18    0.0139661664491
2.2    0.0138388100714
2.22    0.0135422920071
2.24    0.013199560005
2.26    0.0129112249746
2.28    0.0126675130852
2.3    0.0127362239937
2.32    0.0132741523693
2.34    0.0141366144108
2.36    0.0150309167723
2.38    0.0159128248269
2.4    0.0167329587616
2.42    0.0175183165541
2.44    0.0186902605768
2.46    0.01979793475
2.48    0.0207995918418
2.5    0.0215796396699
2.52    0.0221336813968
2.54    0.0228745974011
2.56    0.0237869409923
2.58    0.0245959481492
2.6    0.0253097869719
2.62    0.0259421389779
2.64    0.0265121573437
2.66    0.0270554991674
2.68    0.0276189693773
2.7    0.0282500115696
2.72    0.0289894434095
2.74    0.0298549392665
2.76    0.030860814211
2.78    0.0320067346832
2.8    0.0332777702923
2.82    0.0346457203102
2.84    0.0360714971189
2.86    0.0375384694979
2.88    0.0389857294752
2.9    0.0403702910267
2.92    0.0416701299051
2.94    0.0428337639283
2.96    0.0438403200222
2.98    0.0446697461036
3.0    0.0453019507805
3.02    0.0457579923585
3.04    0.0460318483825
3.06    0.0461305807795
3.08    0.0461429316877
3.1    0.0460503441191
3.12    0.0458222643508
3.14    0.0455143720835
3.16    0.0451052540475
3.18    0.0446615538803
3.2    0.0442078014256
3.22    0.0437642738165
3.24    0.0433714881485
3.26    0.043073522847
3.28    0.0428732669842
3.3    0.0427903216372
3.32    0.0428876201345
3.34    0.0431412967597
3.36    0.0435267792873
3.38    0.044043728819
3.4    0.0446856459385
3.42    0.0454405324117
3.44    0.0462917108447
3.46    0.0472285507474
3.48    0.0482350980205
3.5    0.0492740648154
3.52    0.0503198666745
3.54    0.0513754075204
3.56    0.0524041499146
3.58    0.0534041837257
3.6    0.0543405819945
3.62    0.0552335677915
3.64    0.0560383225657
3.66    0.0567690179252
3.68    0.0578541887351
3.7    0.0590171635863
3.72    0.0600787849128
3.74    0.0610355015008
3.76    0.0618967080076
3.78    0.0626686771934
3.8    0.0634958552808
3.82    0.0643095932856
3.84    0.0649870917625
3.86    0.0655547524456
3.88    0.0659884796971
3.9    0.0663311190843
3.92    0.066607775509
3.94    0.066813834079
3.96    0.067028746363
3.98    0.0672105309689
4.0    0.0673322213477
4.02    0.0673905280441
4.04    0.0673594148393
4.06    0.0672528817934
4.08    0.0670784891225
4.1    0.0668120547648
4.12    0.0664635734611
4.14    0.0660869697752
4.16    0.0656595604498
4.18    0.065172434731
4.2    0.0646319746955
4.22    0.0644790626822
4.24    0.0645109512681
4.26    0.0644954868523
4.28    0.0644506687389
4.3    0.0643936849892
4.32    0.0643112489111
4.34    0.0641952358797
4.36    0.0642156520593
4.38    0.0642841806793
4.4    0.064297897913
4.42    0.0642569401751
4.44    0.0641336064462
4.46    0.0639505642279
4.48    0.0636985497039
4.5    0.0634143952725
4.52    0.0630905955683
4.54    0.0627180488428
4.56    0.062297945995
4.58    0.06184586986
4.6    0.0614805824858
4.62    0.0610859240765
4.64    0.0606310263702
4.66    0.0601360327835
4.68    0.0595689415183
4.7    0.0589484505924
4.72    0.058259301592
4.74    0.0575261750681
4.76    0.0567627198477
4.78    0.0560468611441
4.8    0.0553311994968
4.82    0.0545984686676
4.84    0.0538302989023
4.86    0.0530156739812
4.88    0.0522718101835
4.9    0.0515468068945
4.92    0.0508100112361
4.94    0.050048977488
4.96    0.0492631836496
4.98    0.0484576238215
5.0    0.0476420668691
5.02    0.0468298409023
5.04    0.0460244669819
5.06    0.0452603261338
5.08    0.0445009264161
5.1    0.0437544805165
5.12    0.0430107559438
5.14    0.0422739228764
5.16    0.0415479161666
5.18    0.0408364158454
5.2    0.0410117575189
5.22    0.0424870291404
5.24    0.0439269892818
5.26    0.0453376756841
5.28    0.0467044246444
5.3    0.0480322245525
5.32    0.0493189653836
5.34    0.0505713137655
5.36    0.0517874050688
5.38    0.0529653642579
5.4    0.0541137158462
5.42    0.0552245831849
5.44    0.0563068255306
5.46    0.0573684971064
5.48    0.0584101107591
5.5    0.0594387204038
5.52    0.0604556686243
5.54    0.0614586451787
5.56    0.0624491663398
5.58    0.0634229978924
5.6    0.0643877909379
5.62    0.0653410313004
5.64    0.0662820800779
5.66    0.0672058705619
5.68    0.068128376355
5.7    0.0690303658119
5.72    0.0699340683586
5.74    0.0708260188755
5.76    0.0717182859839
5.78    0.0726164483919
5.8    0.0735275238377
5.82    0.0744513364157
5.84    0.0753985568371
5.86    0.0763434517197
5.88    0.0772739898293
5.9    0.078195467375
5.92    0.0790876828482
5.94    0.0799686414506
5.96    0.0808260948485
5.98    0.0816470678754
6.0    0.0824608450263
6.02    0.0832340429858
6.04    0.0839919195046
6.06    0.0847098134368
6.08    0.0854129977266
6.1    0.0860651038058
6.12    0.0866996699476
6.14    0.0872789566508
6.16    0.0878326760575
6.18    0.0883404579169
6.2    0.0888297462912
6.22    0.0893337725506
6.24    0.0898154543647
6.26    0.0902656853544
6.28    0.090686048144
6.3    0.0910691197869
6.32    0.0914216965696
6.34    0.0917358456137
6.36    0.092035258649
6.38    0.0923301288724
6.4    0.0926311823849
6.42    0.0929067044702
6.44    0.0931369221808
6.46    0.0933107414501
6.48    0.0934500444264
6.5    0.093531375718
6.52    0.0935660450688
6.54    0.0935689807811
6.56    0.0935434642087
6.58    0.0934959777486
6.6    0.093420733209
6.62    0.0933034298185
6.64    0.0931442438236
6.66    0.0929469006341
6.68    0.0927208962409
6.7    0.0924764496865
6.72    0.0922547071059
6.74    0.0920877286526
6.76    0.0919159962127
6.78    0.0918382517151
6.8    0.0922026009936
6.82    0.0925503162375
6.84    0.0928879696538
6.86    0.0932121494628
6.88    0.0935066919712
6.9    0.0937627427442
6.92    0.0939934240833
6.94    0.0941824134548
6.96    0.0943452889424
6.98    0.0944685880394
7.0    0.0945752500247
7.02    0.0947130981039
7.04    0.0948173523042
7.06    0.0949003402974
7.08    0.0949380720595
7.1    0.0949313578076
7.12    0.094905620558
7.14    0.094840210832
7.16    0.0947327512594
7.18    0.0945936324561
7.2    0.0944316440673
7.22    0.0942303456613
7.24    0.0940106983127
7.26    0.0937595410142
7.28    0.093491914502
7.3    0.0931939949217
7.32    0.0928838399942
7.34    0.0925478653007
7.36    0.0921976659351
7.38    0.0918331837971
7.4    0.0914445048472
7.42    0.0910484671916
7.44    0.0906239453015
7.46    0.0901914041392
7.48    0.089735101674
7.5    0.0892743854353
7.52    0.0888025641978
7.54    0.0883169959336
7.56    0.0878268314147
7.58    0.0873201518223
7.6    0.0868078236439
7.62    0.0862817686196
7.64    0.0857507612405
7.66    0.0852070688755
7.68    0.0846608009014
7.7    0.0840998629133
7.72    0.0835411541821
7.74    0.0829703161246
7.76    0.0823880871241
7.78    0.0818103457243
7.8    0.0812232697773
7.82    0.0806278826116
7.84    0.0800314368791
7.86    0.079435870596
7.88    0.0788348304881
7.9    0.0782331275486
7.92    0.0776361249852
7.94    0.0770362081681
7.96    0.0764424414341
7.98    0.0758502750747
8.0    0.0752647628449
8.02    0.07468259831
8.04    0.0741107535504
8.06    0.0735430570145
8.08    0.0729832181083
8.1    0.0724263991895
8.12    0.0718799991348
8.14    0.0713363637239
8.16    0.0707960396337
8.18    0.0702645138894
8.2    0.0697402271002
8.22    0.069220333493
8.24    0.0687052121959
8.26    0.0682012662806
8.28    0.0677037209996
8.3    0.06721901533
8.32    0.0667462409587
8.34    0.066281693025
8.36    0.0658265175441
8.38    0.0653768026036
8.4    0.0649389631073
8.42    0.0645085650975
8.44    0.064088056312
8.46    0.0636787337984
8.48    0.0632749412429
8.5    0.0628779102473
8.52    0.0624902097083
8.54    0.0621073002775
8.56    0.0617298534979
8.58    0.0613618855017
8.6    0.060999776865
8.62    0.0606495231623
8.64    0.0603050037705
8.66    0.0599639219483
8.68    0.059630817806
8.7    0.0593014877634
8.72    0.05897476047
8.74    0.0586503539809
8.76    0.0583279729804
8.78    0.0580784372243
8.8    0.0580560124888
8.82    0.0580378167284
8.84    0.058023778575
8.86    0.0580138075902
8.88    0.0580077950043
8.9    0.0580056144746
8.92    0.0580071228649
8.94    0.0580121610398
8.96    0.0580209758833
8.98    0.0580372070697
9.0    0.0580564044303
9.02    0.0580783572392
9.04    0.0581028426769
9.06    0.0581296266717
9.08    0.0581584647433
9.1    0.0581891028453
9.12    0.0582212782048
9.14    0.0582547201576
9.16    0.0582891509772
9.18    0.0583242866956
9.2    0.0583600633564
9.22    0.0584006860109
9.24    0.0584411684798
9.26    0.0584812112419
9.28    0.0585205122382
9.3    0.0585587676181
9.32    0.058595672468
9.34    0.0586309215225
9.36    0.0586642098561
9.38    0.0586952335552
9.4    0.0587236903699
9.42    0.0587508349164
9.44    0.0587786841815
9.46    0.0588031163018
9.48    0.0588238409682
9.5    0.0588405722886
9.52    0.0588530293101
9.54    0.0588609365169
9.56    0.0588640243057
9.58    0.0588620294352
9.6    0.0588546954525
9.62    0.0588471877747
9.64    0.0588342438109
9.66    0.0588152620845
9.68    0.0587900148671
9.7    0.0587582828769
9.72    0.0587198555667
9.74    0.0586745313882
9.76    0.0586221180339
9.78    0.0585624326548
9.8    0.0584966243875
9.82    0.0584278847235
9.84    0.0583513869958
9.86    0.0582669850152
9.88    0.0581745427626
9.9    0.0580739344845
9.92    0.0579650447685
9.94    0.0578477685985
9.96    0.0577220113915
9.98    0.0575876890167
10.0    0.0574491820485
