0.05    7.49987894857e-05
0.07    0.000181113857314
0.09    0.000304510898244
0.1    0.00037350404558
0.12    0.000806117192466
0.14    0.000968974673102
0.16    0.001449180996
0.18    0.00156470579974
0.2    0.00229916567205
0.22    0.00267149555655
0.24    0.00400605371841
0.26    0.00418013571664
0.28    0.00539611179637
0.3    0.00676302891868
0.32    0.00708806769452
0.34    0.0066295140447
0.36    0.00782544399292
0.38    0.00972795885126
0.4    0.00999942811159
0.42    0.00937624258667
0.44    0.00926140475915
0.46    0.0101757229832
0.48    0.0123606019966
0.5    0.0145502937204
0.52    0.014162220444
0.54    0.0129764170602
0.56    0.0116217368491
0.58    0.0130188063311
0.6    0.0167253400523
0.62    0.019320046995
0.64    0.0205747453515
0.66    0.0217921214505
0.68    0.0228215613894
0.7    0.0226032107956
0.72    0.0208606378412
0.74    0.0187518750417
0.76    0.017144710227
0.78    0.0159077963747
0.8    0.0148982332487
0.82    0.0149035372559
0.84    0.0163250105932
0.86    0.0183993092406
0.88    0.0197243551916
0.9    0.0200098670145
0.92    0.0192825142615
0.94    0.0192966735709
0.96    0.0194119088116
0.98    0.0186186300717
1.0    0.0184821667226
1.02    0.0177346146357
1.04    0.0163554052568
1.06    0.0145648809719
1.08    0.0139008922216
1.1    0.0137967572765
1.12    0.0138366264365
1.14    0.0150321564015
1.16    0.0160375184044
1.18    0.0166889899066
1.2    0.0170913273748
1.22    0.0171335777293
1.24    0.0166702572634
1.26    0.0163302078743
1.28    0.0162785212352
1.3    0.0168440380464
1.32    0.0182878966752
1.34    0.0197015685432
1.36    0.020949582859
1.38    0.022016590107
1.4    0.0230845044584
1.42    0.0243755907428
1.44    0.0259357632946
1.46    0.0275164710968
1.48    0.0287822734376
1.5    0.0293360884911
1.52    0.0290868689676
1.54    0.0297204329235
1.56    0.031234353157
1.58    0.0319493902274
1.6    0.0322857901226
1.62    0.0324655633016
1.64    0.0329754759127
1.66    0.0336368674458
1.68    0.033766185769
1.7    0.0335612817727
1.72    0.0332101437915
1.74    0.032846665544
1.76    0.032479810009
1.78    0.0319615618032
1.8    0.0312047172332
1.82    0.0315719442102
1.84    0.032097161165
1.86    0.032451169047
1.88    0.0325446865014
1.9    0.0322024741556
1.92    0.0325834050305
1.94    0.0326663837923
1.96    0.0318562107491
1.98    0.0315435195391
2.0    0.0311433551311
2.02    0.0304107362514
2.04    0.0293547596506
2.06    0.0282525087127
2.08    0.0274031732668
2.1    0.0269363911109
2.12    0.0269000382604
2.14    0.0272406439599
2.16    0.0278377112948
2.18    0.0285514054525
2.2    0.029277099342
2.22    0.0298772847466
2.24    0.0302897972894
2.26    0.0304816105555
2.28    0.0304245227315
2.3    0.0301441385684
2.32    0.0302946060985
2.34    0.0305935523463
2.36    0.0307037824365
2.38    0.030699645874
2.4    0.0306508923803
2.42    0.0306132445551
2.44    0.0306425976725
2.46    0.0307474937482
2.48    0.0309007894839
2.5    0.0310997549402
2.52    0.0312647923849
2.54    0.0314030016996
2.56    0.0314667524652
2.58    0.0314653570611
2.6    0.0314302374226
2.62    0.031367000642
2.64    0.0313320566508
2.66    0.0313621641311
2.68    0.0314727915151
2.7    0.0316847063709
2.72    0.0320066705932
2.74    0.0324515722386
2.76    0.0330044888611
2.78    0.0336512066047
2.8    0.0343821930429
2.82    0.0351967908759
2.84    0.0361039166997
2.86    0.0370722738794
2.88    0.0381060497273
2.9    0.0391965609881
2.92    0.0403044990192
2.94    0.0414211066028
2.96    0.0424911511356
2.98    0.0434682652613
3.0    0.0443298370471
3.02    0.0450017603849
3.04    0.0454694814991
3.06    0.045734222886
3.08    0.0459564825697
3.1    0.0466986665896
3.12    0.0482308877858
3.14    0.0495243827424
3.16    0.0505435524515
3.18    0.0512940049968
3.2    0.0517389790239
3.22    0.0518783444962
3.24    0.0517265376067
3.26    0.0513375554407
3.28    0.0507903521784
3.3    0.050138196249
3.32    0.0493635853396
3.34    0.0484874755704
3.36    0.0475346441468
3.38    0.0465589923352
3.4    0.0455559638826
3.42    0.0445638887284
3.44    0.0435844569822
3.46    0.0426540287094
3.48    0.04174129294
3.5    0.0408679674998
3.52    0.0400269757694
3.54    0.0391911045292
3.56    0.03836154457
3.58    0.0375442288033
3.6    0.0367097090688
3.62    0.0358565008125
3.64    0.0350059547995
3.66    0.0342605107711
3.68    0.0339276790571
3.7    0.0335264175761
3.72    0.0330618174216
3.74    0.0336277264908
3.76    0.0344240215929
3.78    0.0352081495957
3.8    0.0359720234465
3.82    0.0367199818606
3.84    0.0374143810674
3.86    0.0380612892829
3.88    0.0386477180493
3.9    0.0391658091007
3.92    0.0396062214577
3.94    0.0399663471041
3.96    0.0402322000551
3.98    0.0403849743803
4.0    0.0404584982538
4.02    0.0404106689219
4.04    0.040536331515
4.06    0.0407811302751
4.08    0.0409400664879
4.1    0.0409725508128
4.12    0.0409053187865
4.14    0.0407350152214
4.16    0.0410205090788
4.18    0.0418920421593
4.2    0.0432108135801
4.22    0.0449040653743
4.24    0.0465661873471
4.26    0.0481780187745
4.28    0.0497425145722
4.3    0.0512177570527
4.32    0.0526081094354
4.34    0.0538972926013
4.36    0.0550678538795
4.38    0.0561337446396
4.4    0.0570563389717
4.42    0.057874973264
4.44    0.0585494087512
4.46    0.0591103104244
4.48    0.059541984563
4.5    0.0598690102909
4.52    0.060077963207
4.54    0.0602004318844
4.56    0.0602189046047
4.58    0.0601661582254
4.6    0.060035657439
4.62    0.0598368900811
4.64    0.059605014501
4.66    0.0593269276434
4.68    0.0590182466067
4.7    0.0587013732967
4.72    0.058397674823
4.74    0.0581057338044
4.76    0.0578394230491
4.78    0.0576116581185
4.8    0.0574342351995
4.82    0.0573176971626
4.84    0.057271228011
4.86    0.0573025753768
4.88    0.0574180002336
4.9    0.0576222525759
4.92    0.05791857145
4.94    0.0583087074321
4.96    0.0587929654193
4.98    0.0593702654323
5.0    0.0600382190235
5.02    0.060793218831
5.04    0.0616339154744
5.06    0.0625542611891
5.08    0.0635461950442
5.1    0.0646024975273
5.12    0.0657152667627
5.14    0.066876037633
5.16    0.0680758993366
5.18    0.0693056098346
5.2    0.0705557058438
5.22    0.0718214429311
5.24    0.073108978798
5.26    0.0743906512752
5.28    0.0756570669854
5.3    0.0769104151567
5.32    0.0781536730994
5.34    0.0793573047845
5.36    0.0805508477473
5.38    0.0817026264339
5.4    0.0828249334878
5.42    0.0839219922865
5.44    0.0850240748425
5.46    0.0862061802287
5.48    0.0873949140719
5.5    0.0885648570509
5.52    0.0896907415257
5.54    0.0907541747805
5.56    0.0917971228911
5.58    0.0934991093513
5.6    0.0951818456917
5.62    0.0968295804657
5.64    0.0984296414414
5.66    0.0999787144597
5.68    0.101476709811
5.7    0.102953230701
5.72    0.104371506477
5.74    0.105729106896
5.76    0.107036471241
5.78    0.108308597701
5.8    0.109514927046
5.82    0.110683377335
5.84    0.111797985565
5.86    0.112887668106
5.88    0.113939503485
5.9    0.11495333049
5.92    0.115928222176
5.94    0.116871165062
5.96    0.117781669622
5.98    0.118653491834
6.0    0.119491468514
6.02    0.120308301356
6.04    0.121107496521
6.06    0.121877672581
6.08    0.122613120149
6.1    0.123317800719
6.12    0.123988676632
6.14    0.124621318727
6.16    0.125209545702
6.18    0.125739275557
6.2    0.126210673889
6.22    0.126637008556
6.24    0.126986913057
6.26    0.127287540962
6.28    0.127534064675
6.3    0.127704576643
6.32    0.127821264527
6.34    0.127889462953
6.36    0.127882785965
6.38    0.127814079872
6.4    0.127707259773
6.42    0.127527432803
6.44    0.12729599416
6.46    0.127019336392
6.48    0.126708264242
6.5    0.12645367032
6.52    0.126182274246
6.54    0.125884627585
6.56    0.125636376887
6.58    0.125797352195
6.6    0.126096426003
6.62    0.126366845865
6.64    0.126599062857
6.66    0.12679738983
6.68    0.126964848108
6.7    0.127109490257
6.72    0.127241033483
6.74    0.127361014932
6.76    0.127453463979
6.78    0.12751079614
6.8    0.127511659619
6.82    0.127488801522
6.84    0.127402183053
6.86    0.127285579515
6.88    0.127116023348
6.9    0.126900755005
6.92    0.126653204164
6.94    0.126348653869
6.96    0.126024327266
6.98    0.12565050324
7.0    0.125244656756
7.02    0.12480731402
7.04    0.124333201384
7.06    0.123838312397
7.08    0.123315705488
7.1    0.122773300601
7.12    0.122229722418
7.14    0.12169854309
7.16    0.121167678741
7.18    0.120600746448
7.2    0.12003060085
7.22    0.119428151895
7.24    0.118797854668
7.26    0.118166140054
7.28    0.117507946283
7.3    0.116829207648
7.32    0.116151653336
7.34    0.115453634224
7.36    0.114759449265
7.38    0.114079296003
7.4    0.113417323851
7.42    0.112752308522
7.44    0.112082082737
7.46    0.111415505194
7.48    0.110739122485
7.5    0.110054863311
7.52    0.109375170414
7.54    0.108700415459
7.56    0.108022449439
7.58    0.107667021433
7.6    0.107402002724
7.62    0.107131541681
7.64    0.106856969538
7.66    0.106579589429
7.68    0.106300674155
7.7    0.106021464079
7.72    0.105743165159
7.74    0.105466947114
7.76    0.105195166619
7.78    0.104936287262
7.8    0.104682326008
7.82    0.104434305488
7.84    0.104193205434
7.86    0.103959961617
7.88    0.103735464908
7.9    0.103520560467
7.92    0.103320224155
7.94    0.103133739096
7.96    0.102958778131
7.98    0.102816101396
8.0    0.102691545158
8.02    0.102579247992
8.04    0.102479803432
8.06    0.102393757528
8.08    0.102321608886
8.1    0.102263808813
8.12    0.102220761568
8.14    0.102196511121
8.16    0.1021888053
8.18    0.102196619531
8.2    0.102220189848
8.22    0.102259707634
8.24    0.102315320336
8.26    0.102387132255
8.28    0.102475205399
8.3    0.102579560399
8.32    0.102700177479
8.34    0.102836997481
8.36    0.102989922938
8.38    0.103158819192
8.4    0.10334351555
8.42    0.103543806478
8.44    0.10375945283
8.46    0.103990183096
8.48    0.10423569469
8.5    0.104495655244
8.52    0.104769703928
8.54    0.105059726265
8.56    0.105364968762
8.58    0.105683150581
8.6    0.106013819617
8.62    0.106356501599
8.64    0.106710701438
8.66    0.107075904584
8.68    0.107451578365
8.7    0.107837173333
8.72    0.108232124584
8.74    0.108635853076
8.76    0.109047766929
8.78    0.109467262709
8.8    0.109893726693
8.82    0.110326536117
8.84    0.110765060392
8.86    0.111208662316
8.88    0.111659709942
8.9    0.112118229353
8.92    0.112580071672
8.94    0.113044586525
8.96    0.113511122131
8.98    0.113979026345
9.0    0.114447647673
9.02    0.114916336248
9.04    0.115384444786
9.06    0.115852042819
9.08    0.116325454346
9.1    0.11679655675
9.12    0.117264720628
9.14    0.117729323108
9.16    0.118189748609
9.18    0.118654470302
9.2    0.119114221593
9.22    0.119568177071
9.24    0.120017471784
9.26    0.120468115795
9.28    0.120911417356
9.3    0.121346823301
9.32    0.121773792213
9.34    0.122191849922
9.36    0.122611199762
9.38    0.123020714254
9.4    0.123419899084
9.42    0.123808273652
9.44    0.124185371404
9.46    0.124550740157
9.48    0.124903942378
9.5    0.125250083013
9.52    0.125589619988
9.54    0.125915881043
9.56    0.126228484054
9.58    0.126527062477
9.6    0.126811265484
9.62    0.12708075807
9.64    0.127335221147
9.66    0.127574351602
9.68    0.127799485148
9.7    0.128019873942
9.72    0.128224180098
9.74    0.128412158623
9.76    0.12858358049
9.78    0.128738232583
9.8    0.128875917635
9.82    0.128996454134
9.84    0.12909967623
9.86    0.129185433608
9.88    0.129259697316
9.9    0.129323324514
9.92    0.12936913342
9.94    0.129397028508
9.96    0.129406929031
9.98    0.129398768826
10.0    0.129372496112
