0.05    9.47196954893e-05
0.07    0.000214881368311
0.09    0.00045454633192
0.1    0.000562898131923
0.12    0.000825103719416
0.14    0.00128395116863
0.16    0.00198811569182
0.18    0.00232341212027
0.2    0.00253204150815
0.22    0.00325080106728
0.24    0.00433252556679
0.26    0.00552069298534
0.28    0.00641201046139
0.3    0.00733382109459
0.32    0.00966098027274
0.34    0.0104625444653
0.36    0.00936598951229
0.38    0.0103615360992
0.4    0.0112343053311
0.42    0.0121207619425
0.44    0.0132660783157
0.46    0.0144941824446
0.48    0.0153420647333
0.5    0.0179479613372
0.52    0.0178118626125
0.54    0.0218227835298
0.56    0.0249245280336
0.58    0.0258888019113
0.6    0.0296537734193
0.62    0.0357319481843
0.64    0.0423261342043
0.66    0.0488546229619
0.68    0.0485285234093
0.7    0.0447726902597
0.72    0.0411645088039
0.74    0.0387596713567
0.76    0.037330946343
0.78    0.0367080852467
0.8    0.0354505315194
0.82    0.0335016611887
0.84    0.0305464984772
0.86    0.026909690827
0.88    0.0236892153743
0.9    0.0215524386462
0.92    0.0203132258102
0.94    0.020459112792
0.96    0.0229067495241
0.98    0.0249007432527
1.0    0.024899666706
1.02    0.0234364004401
1.04    0.0216555313656
1.06    0.021994727265
1.08    0.0219300800319
1.1    0.0219963375826
1.12    0.0231697274688
1.14    0.0250641423365
1.16    0.0272913950185
1.18    0.0290362350312
1.2    0.0295361250137
1.22    0.0286895412424
1.24    0.0268936737165
1.26    0.0257810057993
1.28    0.0254517815337
1.3    0.0243179093255
1.32    0.0236390192973
1.34    0.023166556998
1.36    0.0224838197032
1.38    0.0243026932424
1.4    0.0269212368944
1.42    0.0296239260361
1.44    0.0321753601514
1.46    0.0342832435056
1.48    0.035683694697
1.5    0.0365737228108
1.52    0.0386024505419
1.54    0.0399599905294
1.56    0.0406700351884
1.58    0.040795400191
1.6    0.0404017589756
1.62    0.0394110626092
1.64    0.0380522589764
1.66    0.036232682179
1.68    0.0350372865545
1.7    0.0376327830158
1.72    0.0390443037832
1.74    0.039292810013
1.76    0.0398764766122
1.78    0.0419923072194
1.8    0.0434186032407
1.82    0.0442451405557
1.84    0.0446206162831
1.86    0.0447317267151
1.88    0.0448624001705
1.9    0.0452770742873
1.92    0.0448155828888
1.94    0.0451086711934
1.96    0.0457336473775
1.98    0.0465499753742
2.0    0.0471677541241
2.02    0.0474795173571
2.04    0.0473739855873
2.06    0.0467720786534
2.08    0.0456628766671
2.1    0.0441138345899
2.12    0.0422401201243
2.14    0.0401644075055
2.16    0.0380427991205
2.18    0.0361021323718
2.2    0.0344022426304
2.22    0.0330071884305
2.24    0.0331229072045
2.26    0.0341255025488
2.28    0.0348816560636
2.3    0.0353721826655
2.32    0.0356502949769
2.34    0.0363490332461
2.36    0.0367370013347
2.38    0.0368047311787
2.4    0.0366028987911
2.42    0.0370092758017
2.44    0.0379842336086
2.46    0.0385215404315
2.48    0.0386264200871
2.5    0.0383324403395
2.52    0.0377496736445
2.54    0.0375397523632
2.56    0.0371764276528
2.58    0.0364939800014
2.6    0.0355412212201
2.62    0.0349685031792
2.64    0.0358199969062
2.66    0.036438615185
2.68    0.0368443057105
2.7    0.0370454468779
2.72    0.0371236899394
2.74    0.0371274976585
2.76    0.0370613888235
2.78    0.0369666429176
2.8    0.0368793906972
2.82    0.0368462513316
2.84    0.0368930349972
2.86    0.0370173377457
2.88    0.0372334187474
2.9    0.0375499754522
2.92    0.0379702424661
2.94    0.038492096163
2.96    0.0391081931027
2.98    0.0398061827827
3.0    0.0405721760838
3.02    0.0414199564685
3.04    0.0422920858171
3.06    0.0433523631009
3.08    0.0447034625892
3.1    0.0460970139604
3.12    0.0475342163223
3.14    0.0489685617251
3.16    0.0503739031183
3.18    0.0517246423221
3.2    0.0529965905337
3.22    0.0542082357447
3.24    0.0553203345039
3.26    0.0563033523025
3.28    0.0572060985274
3.3    0.0579925676555
3.32    0.0587201937505
3.34    0.059409788365
3.36    0.059977622638
3.38    0.0604557861297
3.4    0.060799919592
3.42    0.0610366385168
3.44    0.0611900546012
3.46    0.0612327868553
3.48    0.0612320700946
3.5    0.0611586597269
3.52    0.0610458916339
3.54    0.0609097327954
3.56    0.0607593272188
3.58    0.0606100506383
3.6    0.0604917765786
3.62    0.0603859904907
3.64    0.060311321609
3.66    0.0602450504477
3.68    0.0602077890461
3.7    0.0602105080943
3.72    0.0602275434481
3.74    0.0602566940485
3.76    0.0603072101415
3.78    0.0603882767007
3.8    0.0604641498048
3.82    0.0605306706515
3.84    0.0606148068519
3.86    0.0606717817126
3.88    0.060753976504
3.9    0.0610166027906
3.92    0.0612311077775
3.94    0.0614244013741
3.96    0.061540194075
3.98    0.0616151427867
4.0    0.0616092311266
4.02    0.0616282066394
4.04    0.061718615646
4.06    0.0617390202749
4.08    0.061659263705
4.1    0.0626073474197
4.12    0.0636750274612
4.14    0.0645845888849
4.16    0.0653356735349
4.18    0.0659646706138
4.2    0.0664056435301
4.22    0.0667240230381
4.24    0.0668655023682
4.26    0.0668853268395
4.28    0.0667552734738
4.3    0.0665183292787
4.32    0.0662372538739
4.34    0.0658966188582
4.36    0.0654478090847
4.38    0.0648778736613
4.4    0.0642078617026
4.42    0.0634034075437
4.44    0.0625237544294
4.46    0.0621510728197
4.48    0.0622127754189
4.5    0.0621947555719
4.52    0.0621403120003
4.54    0.0620088984935
4.56    0.0618186828987
4.58    0.0617519215284
4.6    0.0616454638161
4.62    0.0615032746457
4.64    0.0613293771495
4.66    0.0611453187626
4.68    0.0609467897347
4.7    0.0607274043324
4.72    0.0604910330911
4.74    0.0602414302529
4.76    0.0599822051769
4.78    0.0597167968996
4.8    0.0594484518582
4.82    0.0591802047555
4.84    0.0589148625153
4.86    0.0586549912476
4.88    0.0584029061211
4.9    0.0581606640207
4.92    0.0579300588478
4.94    0.0577126193129
4.96    0.0575096090529
4.98    0.057322028905
5.0    0.05715342555
5.02    0.0570119443675
5.04    0.0568871162998
5.06    0.056779017056
5.08    0.0566874947957
5.1    0.0566121811879
5.12    0.0565525034315
5.14    0.0565076970763
5.16    0.0564768194872
5.18    0.0564587638064
5.2    0.0564522732717
5.22    0.0564559557628
5.24    0.0564682984516
5.26    0.0564876824468
5.28    0.0566117106922
5.3    0.0571929068713
5.32    0.0577880325335
5.34    0.0583947440727
5.36    0.0590121247579
5.38    0.0596391093925
5.4    0.0602744957417
5.42    0.0609292336795
5.44    0.0615949212006
5.46    0.0622651732985
5.48    0.062938382116
5.5    0.0636128589829
5.52    0.0642868462052
5.54    0.064958528674
5.56    0.0656260452283
5.58    0.0662960150805
5.6    0.0669712166707
5.62    0.0676370798547
5.64    0.0682916649945
5.66    0.0689330349288
5.68    0.0695592640614
5.7    0.0701684469593
5.72    0.0707587064438
5.74    0.0713282011628
5.76    0.0718798998944
5.78    0.0724291083228
5.8    0.0730761734113
5.82    0.0739363958867
5.84    0.0747956704976
5.86    0.0756527266016
5.88    0.0765063136052
5.9    0.0773552037862
5.92    0.0781981948955
5.94    0.0790341125426
5.96    0.0798618123702
5.98    0.0806801820207
6.0    0.0814881429046
6.02    0.0822846517724
6.04    0.083068702099
6.06    0.0838393252865
6.08    0.0845955916951
6.1    0.0853366115035
6.12    0.0860615354126
6.14    0.0867695551973
6.16    0.0874599041121
6.18    0.0881318571612
6.2    0.0887860415955
6.22    0.0894383708697
6.24    0.0900706533199
6.26    0.0906823130458
6.28    0.0912728154043
6.3    0.0918416666563
6.32    0.0923884135268
6.34    0.0929126426841
6.36    0.0934139801424
6.38    0.0938920905972
6.4    0.0943466766983
6.42    0.0947774782648
6.44    0.0951842714505
6.46    0.0955668678641
6.48    0.0959251136477
6.5    0.0962588885217
6.52    0.0965681047984
6.54    0.0968527063696
6.56    0.097114835393
6.58    0.0978551976555
6.6    0.098629892719
6.62    0.0993819073444
6.64    0.100110925973
6.66    0.100816666015
6.68    0.101498877151
6.7    0.102157340614
6.72    0.102791868419
6.74    0.103402302581
6.76    0.103988514298
6.78    0.104559721734
6.8    0.105119545118
6.82    0.105654968878
6.84    0.106165958464
6.86    0.106652504514
6.88    0.107114621966
6.9    0.107552349171
6.92    0.107965746996
6.94    0.108354897935
6.96    0.108719905216
6.98    0.109060891913
7.0    0.109379084986
7.02    0.109694627583
7.04    0.109986544036
7.06    0.110255017796
7.08    0.110500248202
7.1    0.110722449647
7.12    0.110921850761
7.14    0.111098693606
7.16    0.111253232881
7.18    0.11138573515
7.2    0.111496478085
7.22    0.111603151867
7.24    0.111692092485
7.26    0.111759993359
7.28    0.111807162816
7.3    0.111833917094
7.32    0.111840579689
7.34    0.111827480721
7.36    0.111794956318
7.38    0.111743348017
7.4    0.111673002189
7.42    0.111584269479
7.44    0.11147750427
7.46    0.111353064163
7.48    0.111217409957
7.5    0.111077063343
7.52    0.110919899002
7.54    0.110746279759
7.56    0.110556569596
7.58    0.11035113324
7.6    0.110130335768
7.62    0.109894542228
7.64    0.109644117279
7.66    0.109379424847
7.68    0.109100827798
7.7    0.108808687629
7.72    0.10850336417
7.74    0.108185215306
7.76    0.107854596717
7.78    0.107511861623
7.8    0.107157360552
7.82    0.106791441122
7.84    0.10641444783
7.86    0.10602672186
7.88    0.105628600903
7.9    0.105220530957
7.92    0.104816064115
7.94    0.104401947614
7.96    0.103978504523
7.98    0.10354605381
8.0    0.103104910222
8.02    0.102655384178
8.04    0.102197781674
8.06    0.101732404189
8.08    0.101259548612
8.1    0.100779507169
8.12    0.100304929258
8.14    0.100555645579
8.16    0.100774968322
8.18    0.100967996341
8.2    0.101149221889
8.22    0.101300255957
8.24    0.101421568538
8.26    0.101513637678
8.28    0.101576948702
8.3    0.101611993465
8.32    0.101619269627
8.34    0.101610316749
8.36    0.101585339424
8.38    0.101533884724
8.4    0.101694386421
8.42    0.101938143844
8.44    0.10214203985
8.46    0.102323207186
8.48    0.102643322152
8.5    0.103332740971
8.52    0.103993239064
8.54    0.104625045755
8.56    0.105231289196
8.58    0.105827211203
8.6    0.106395158953
8.62    0.106935399515
8.64    0.107448210273
8.66    0.107933878299
8.68    0.108392699745
8.7    0.10882497925
8.72    0.109241033167
8.74    0.109641346856
8.76    0.110015976844
8.78    0.110365249487
8.8    0.110689497182
8.82    0.110989057871
8.84    0.111264274558
8.86    0.111515494846
8.88    0.111743070479
8.9    0.11196262697
8.92    0.112163069057
8.94    0.112340795642
8.96    0.112496166381
8.98    0.112629543283
9.0    0.112741290338
9.02    0.112831773171
9.04    0.112910740147
9.06    0.112977831416
9.08    0.113024592085
9.1    0.113051387966
9.12    0.113058585145
9.14    0.113046549703
9.16    0.11301564745
9.18    0.112981936445
9.2    0.112931265678
9.22    0.112862636769
9.24    0.112776410062
9.26    0.112672944643
9.28    0.112552598129
9.3    0.112415726478
9.32    0.112270766722
9.34    0.112117543715
9.36    0.111948658807
9.38    0.111764458555
9.4    0.111565287175
9.42    0.111351486391
9.44    0.111123395307
9.46    0.110894032402
9.48    0.110652746185
9.5    0.110397974193
9.52    0.110130043575
9.54    0.109849278412
9.56    0.109566070999
9.58    0.109274108277
9.6    0.108970069047
9.62    0.108654264374
9.64    0.108327001943
9.66    0.107988586001
9.68    0.107639317289
9.7    0.107290349883
9.72    0.106932536584
9.74    0.10679373034
9.76    0.106689505998
9.78    0.106573021134
9.8    0.106456146834
9.82    0.10632637121
9.84    0.106183969353
9.86    0.106029214161
9.88    0.105862376263
9.9    0.105683723951
9.92    0.105493523108
9.94    0.105292037147
9.96    0.105079526954
9.98    0.104856250832
10.0    0.104622464454
