0.05    0.000105235458507
0.07    0.000232071250023
0.09    0.000414651098927
0.1    0.000508471226074
0.12    0.000862689967415
0.14    0.00112673919026
0.16    0.00163746503082
0.18    0.00214462720783
0.2    0.00259612799931
0.22    0.00239983104965
0.24    0.00311579744583
0.26    0.00421427497902
0.28    0.00490456742482
0.3    0.0062551128278
0.32    0.00742374292879
0.34    0.00647792764715
0.36    0.00717390325227
0.38    0.00795672957687
0.4    0.00813790273812
0.42    0.0105928826746
0.44    0.0098511022192
0.46    0.00829430731109
0.48    0.00991877489674
0.5    0.0111754259644
0.52    0.0107504157724
0.54    0.010417964878
0.56    0.0118973500019
0.58    0.0110527686115
0.6    0.0123660338843
0.62    0.0129858656523
0.64    0.0127967017871
0.66    0.0147247988728
0.68    0.0157181009281
0.7    0.0157023385549
0.72    0.0155244638379
0.74    0.0161932611938
0.76    0.0166628743436
0.78    0.0161266088965
0.8    0.01514844011
0.82    0.0141903727979
0.84    0.0144637166168
0.86    0.0152459486202
0.88    0.0168558454837
0.9    0.0176800463503
0.92    0.017123714674
0.94    0.0162188391415
0.96    0.0157212556753
0.98    0.0150159381779
1.0    0.0148366298381
1.02    0.0151467153297
1.04    0.015394996453
1.06    0.0157280762915
1.08    0.0153392755715
1.1    0.0146728920539
1.12    0.0150986168725
1.14    0.015070854256
1.16    0.0152969069797
1.18    0.015111792108
1.2    0.0149619490057
1.22    0.0151807448271
1.24    0.0155436382601
1.26    0.0159986105842
1.28    0.0163129681015
1.3    0.0163157049179
1.32    0.0157968621857
1.34    0.0161028366761
1.36    0.0171619217268
1.38    0.0179776878186
1.4    0.0185278959331
1.42    0.0189530146011
1.44    0.0192556904787
1.46    0.0194206677931
1.48    0.0195071753927
1.5    0.0193835368342
1.52    0.0190334390868
1.54    0.0185809458865
1.56    0.0180659014506
1.58    0.0176504058975
1.6    0.0174663893558
1.62    0.0175573666893
1.64    0.0178551710325
1.66    0.0182088475192
1.68    0.0184910865626
1.7    0.0184939245604
1.72    0.0181838382387
1.74    0.0175683210879
1.76    0.0167568594992
1.78    0.0165463127607
1.8    0.0164265717286
1.82    0.0165207054511
1.84    0.0168850819588
1.86    0.0173337667857
1.88    0.0177633824454
1.9    0.0179027549938
1.92    0.018480978782
1.94    0.0191564875843
1.96    0.0195362609184
1.98    0.019631200134
2.0    0.0194703847474
2.02    0.0191200759623
2.04    0.0186678924581
2.06    0.0182031250315
2.08    0.0177517666976
2.1    0.0173643948092
2.12    0.016996150881
2.14    0.0166419541549
2.16    0.0162641326004
2.18    0.0158891080311
2.2    0.0154832744613
2.22    0.0159343073139
2.24    0.0161792213836
2.26    0.016164259449
2.28    0.0159554838163
2.3    0.0156342219404
2.32    0.0152195429739
2.34    0.0147372971737
2.36    0.0141831279232
2.38    0.0135308924214
2.4    0.0128269450076
2.42    0.0134856759059
2.44    0.0141289835301
2.46    0.0147437502473
2.48    0.0152994622248
2.5    0.0157814819294
2.52    0.0161815719121
2.54    0.0164989440487
2.56    0.016740267177
2.58    0.0169186705038
2.6    0.0170519278957
2.62    0.017160109961
2.64    0.0172682493435
2.66    0.017400818637
2.68    0.018054007148
2.7    0.0189388506996
2.72    0.0198393258865
2.74    0.0207494769859
2.76    0.0216686941687
2.78    0.0226005559435
2.8    0.0235049545871
2.82    0.0243778346717
2.84    0.0251844873308
2.86    0.0259068888123
2.88    0.0266155046267
2.9    0.0275662466291
2.92    0.0284657447389
2.94    0.0293883428203
2.96    0.0302768586841
2.98    0.0310170290657
3.0    0.0316061419131
3.02    0.0320634058664
3.04    0.0323923892494
3.06    0.0326145035775
3.08    0.0327772811994
3.1    0.0329215466808
3.12    0.033076676583
3.14    0.0332639820253
3.16    0.0334975617201
3.18    0.0337767803086
3.2    0.0341199907097
3.22    0.0345052951118
3.24    0.0349408353437
3.26    0.0354032073462
3.28    0.0358792160923
3.3    0.0363635396582
3.32    0.0368420424641
3.34    0.0373097812424
3.36    0.0377590190911
3.38    0.0381815257467
3.4    0.0385660617311
3.42    0.038905688906
3.44    0.0392050541886
3.46    0.0394700168259
3.48    0.0396879397127
3.5    0.039871328547
3.52    0.0400249090515
3.54    0.0401703708888
3.56    0.0402996731807
3.58    0.0404522511945
3.6    0.04060420253
3.62    0.0407800768021
3.64    0.0409763635188
3.66    0.0411796324313
3.68    0.0414138002863
3.7    0.0416517402508
3.72    0.041892075647
3.74    0.0421414015879
3.76    0.0423750011779
3.78    0.0426099952043
3.8    0.0428180521953
3.82    0.0430194621649
3.84    0.0431891783771
3.86    0.043350485897
3.88    0.0434974555595
3.9    0.0436598968267
3.92    0.0438438783852
3.94    0.0440347137705
3.96    0.0442367420396
3.98    0.0444554280732
4.0    0.0446931780698
4.02    0.0449648994432
4.04    0.0452732100475
4.06    0.0456302943655
4.08    0.0460378913699
4.1    0.0465135991464
4.12    0.0470540007736
4.14    0.0476602983124
4.16    0.048331901039
4.18    0.0490732485698
4.2    0.0498701396387
4.22    0.0507070329314
4.24    0.0515970877138
4.26    0.0525517133731
4.28    0.0536164702115
4.3    0.0547145433455
4.32    0.0558348602297
4.34    0.0569742656632
4.36    0.0581953941812
4.38    0.0594543650263
4.4    0.0607054504205
4.42    0.0619262390044
4.44    0.0630807515644
4.46    0.0641579722698
4.48    0.0651695691825
4.5    0.0663430528729
4.52    0.0676841522008
4.54    0.0689778074044
4.56    0.0702206672177
4.58    0.0714209162116
4.6    0.072579796937
4.62    0.0736804834548
4.64    0.0747067136154
4.66    0.0756446863002
4.68    0.076499982816
4.7    0.0772718622713
4.72    0.0779455130992
4.74    0.0785339774547
4.76    0.0790561241886
4.78    0.0795012758282
4.8    0.079869348803
4.82    0.0801675435653
4.84    0.0804126544483
4.86    0.0806404413184
4.88    0.0808313662393
4.9    0.0809600577791
4.92    0.0810258876969
4.94    0.0810447989712
4.96    0.0810293446313
4.98    0.0809747355709
5.0    0.0808705679929
5.02    0.0807172064793
5.04    0.0805296926861
5.06    0.0804384348119
5.08    0.0811094807024
5.1    0.0817436546009
5.12    0.0823479330029
5.14    0.0829143032662
5.16    0.0834518735561
5.18    0.0839534762118
5.2    0.0844252253599
5.22    0.0848636464472
5.24    0.0852664879913
5.26    0.0856419330115
5.28    0.0859934234639
5.3    0.086341001675
5.32    0.0867141855209
5.34    0.0870908551469
5.36    0.0874902357235
5.38    0.0879214529142
5.4    0.0883655535737
5.42    0.0887999605566
5.44    0.0891968642497
5.46    0.0895589594696
5.48    0.0898646351562
5.5    0.0901475013422
5.52    0.0903654243982
5.54    0.0905341301376
5.56    0.0906676557287
5.58    0.0907340987107
5.6    0.090765450125
5.62    0.090743785088
5.64    0.090672111166
5.66    0.0905608212757
5.68    0.0903873532361
5.7    0.0901858596992
5.72    0.0899165356735
5.74    0.0896100807608
5.76    0.0892520140608
5.78    0.0888355064933
5.8    0.088390738224
5.82    0.0880907557933
5.84    0.0883037559981
5.86    0.0885694663617
5.88    0.0888635330044
5.9    0.0891454224882
5.92    0.089398477047
5.94    0.0896273604406
5.96    0.0898308022943
5.98    0.0900080202945
6.0    0.0901753498164
6.02    0.0903266687794
6.04    0.0904551090995
6.06    0.0905653030554
6.08    0.0906591779377
6.1    0.0907245257817
6.12    0.0907830987302
6.14    0.0908069019849
6.16    0.0908161197979
6.18    0.0908021368663
6.2    0.0907611090383
6.22    0.0907133378554
6.24    0.0906459844523
6.26    0.0905686175184
6.28    0.0904874739568
6.3    0.0903848206397
6.32    0.0902783781566
6.34    0.0901547901129
6.36    0.0900124332512
6.38    0.0898722342497
6.4    0.0897139643792
6.42    0.0895438697953
6.44    0.0893757232056
6.46    0.0891934951927
6.48    0.0889986341981
6.5    0.0888089105421
6.52    0.0886127049127
6.54    0.0884074210668
6.56    0.0881943194777
6.58    0.0879746019589
6.6    0.0877637500964
6.62    0.0875517238154
6.64    0.087335864625
6.66    0.0871171291262
6.68    0.0868964044622
6.7    0.086674507159
6.72    0.0864536026095
6.74    0.0862469320506
6.76    0.0860407725565
6.78    0.0858356727279
6.8    0.0856321102803
6.82    0.0854304928586
6.84    0.085231159137
6.86    0.0850392037448
6.88    0.0848588356405
6.9    0.0846811582343
6.92    0.0845062676492
6.94    0.0843341996564
6.96    0.0841695672503
6.98    0.0840159798443
7.0    0.083864853635
7.02    0.0837172523772
7.04    0.0835832874911
7.06    0.0835227878132
7.08    0.0835266641973
7.1    0.0835441404891
7.12    0.0835625669977
7.14    0.0835807643757
7.16    0.083598416393
7.18    0.0836250189562
7.2    0.0836545008768
7.22    0.0836822646672
7.24    0.0837091303507
7.26    0.0837462126011
7.28    0.0837802015186
7.3    0.0838151421843
7.32    0.0838556541994
7.34    0.083891553483
7.36    0.0839297202039
7.38    0.0839691612471
7.4    0.0840023814774
7.42    0.0840369144381
7.44    0.0840706008034
7.46    0.0840964212043
7.48    0.0841204302685
7.5    0.0841436306727
7.52    0.0841573297364
7.54    0.0841609798754
7.56    0.0841587149244
7.58    0.0841556865658
7.6    0.0841410523147
7.62    0.0841143046992
7.64    0.0840749507623
7.66    0.0840237906098
7.68    0.0839730524598
7.7    0.0839083395378
7.72    0.0838292247887
7.74    0.0837353015241
7.76    0.0836261843819
7.78    0.0835148588567
7.8    0.0833896195647
7.82    0.0832481409339
7.84    0.0830901233879
7.86    0.0829152918464
7.88    0.0827328139289
7.9    0.0825388959621
7.92    0.0823274299381
7.94    0.0820982343158
7.96    0.0818511532705
7.98    0.081592897985
8.0    0.081324719099
8.02    0.0815001868066
8.04    0.0818200951952
8.06    0.0821327516616
8.08    0.0824378179354
8.1    0.0827429522513
8.12    0.0830415258231
8.14    0.083331653165
8.16    0.0836130417983
8.18    0.0838854122344
8.2    0.0841484981345
8.22    0.0844020464394
8.24    0.0846458174688
8.26    0.0848795849921
8.28    0.0851031362722
8.3    0.0853210439145
8.32    0.0855338998797
8.34    0.0857360212593
8.36    0.0859272441895
8.38    0.0861074181359
8.4    0.0862764058048
8.42    0.0864340830328
8.44    0.0865803386595
8.46    0.0867150743807
8.48    0.0868382045866
8.5    0.0869496561829
8.52    0.0870493683973
8.54    0.0871372925737
8.56    0.0872133919525
8.58    0.0872776414392
8.6    0.0873300273631
8.62    0.0873807165538
8.64    0.0874197939377
8.66    0.0874469965419
8.68    0.0874623494462
8.7    0.0874658879013
8.72    0.087457657044
8.74    0.0874377116075
8.76    0.0874061156268
8.78    0.0873629421401
8.8    0.0873082728879
8.82    0.087242198009
8.84    0.0871648157343
8.86    0.0870762320802
8.88    0.0869765605411
8.9    0.086865921781
8.92    0.0867444433262
8.94    0.0866122592588
8.96    0.0864695099109
8.98    0.0863185593781
9.0    0.0861643974748
9.02    0.0860998254192
9.04    0.0861991829562
9.06    0.0862864990868
9.08    0.0863618642444
9.1    0.0864253760477
9.12    0.0864862985054
9.14    0.0865370598871
9.16    0.0865762310527
9.18    0.086603932591
9.2    0.0866225045915
9.22    0.0866380449241
9.24    0.0866424320022
9.26    0.0866358058319
9.28    0.0866183113817
9.3    0.0865950962977
9.32    0.0865663479824
9.34    0.0865271028421
9.36    0.0864927076156
9.38    0.0864625821276
9.4    0.0864221690706
9.42    0.0863716331257
9.44    0.0863112247682
9.46    0.0862505702496
9.48    0.0861802074323
9.5    0.0861003113635
9.52    0.0860110596353
9.54    0.0859126321638
9.56    0.0858052109753
9.58    0.0856889799949
9.6    0.0855687884767
9.62    0.0854443564185
9.64    0.0853115670414
9.66    0.0851706088473
9.68    0.0850216713422
9.7    0.0848649448548
9.72    0.0847006203586
9.74    0.0845288892984
9.76    0.0843499434242
9.78    0.0841639746284
9.8    0.0839749484485
9.82    0.0837833262301
9.84    0.0835851415907
9.86    0.0833805852027
9.88    0.0831698472131
9.9    0.0829531171113
9.92    0.0827305835998
9.94    0.0825024344696
9.96    0.0822688564813
9.98    0.0820300352516
10.0    0.0817861551427
