0.05    8.76432164625e-05
0.07    0.000239673146906
0.09    0.000397757865673
0.1    0.000466924232043
0.12    0.000689402867982
0.14    0.00126147221497
0.16    0.0017002163974
0.18    0.00231373466067
0.2    0.00233207637888
0.22    0.00231330926789
0.24    0.00374310109147
0.26    0.00441470734494
0.28    0.00378829463208
0.3    0.00390633497437
0.32    0.00579425054831
0.34    0.00707335541087
0.36    0.00782167257402
0.38    0.0108321445161
0.4    0.0131519975606
0.42    0.0131216796384
0.44    0.011620149408
0.46    0.0112457193851
0.48    0.0113902268361
0.5    0.0130275726298
0.52    0.0160790928921
0.54    0.0188697604879
0.56    0.0197616892302
0.58    0.0192128929774
0.6    0.0186285134441
0.62    0.0202347152545
0.64    0.0218699000441
0.66    0.0239859720677
0.68    0.0266829348133
0.7    0.0293690121183
0.72    0.0312180017223
0.74    0.0324668691765
0.76    0.0352494363384
0.78    0.0408652303583
0.8    0.0473116185883
0.82    0.0531337941113
0.84    0.0579257552057
0.86    0.0638904185608
0.88    0.070434540902
0.9    0.0742961388701
0.92    0.074186728952
0.94    0.0699031290169
0.96    0.0650614869522
0.98    0.0604908863696
1.0    0.0558015203553
1.02    0.0516757049125
1.04    0.0475145284754
1.06    0.0446045456083
1.08    0.0456960440758
1.1    0.0459164688155
1.12    0.0452299865056
1.14    0.0440399813466
1.16    0.0427887505743
1.18    0.0416881799778
1.2    0.0408492574027
1.22    0.0402475927049
1.24    0.0401280379379
1.26    0.0404278250342
1.28    0.0405506107008
1.3    0.0426645658021
1.32    0.0458104614609
1.34    0.0481512246232
1.36    0.0496248103309
1.38    0.0502176171561
1.4    0.0514152535345
1.42    0.0530006865241
1.44    0.0539963446281
1.46    0.0545439356874
1.48    0.0551606661944
1.5    0.0559907872535
1.52    0.0571637664324
1.54    0.058665652957
1.56    0.0604371693758
1.58    0.062235740428
1.6    0.0637173908527
1.62    0.0648831736951
1.64    0.0654133098575
1.66    0.0654451324408
1.68    0.0648948471244
1.7    0.0638777708956
1.72    0.0623859369116
1.74    0.0606441166411
1.76    0.0586135070337
1.78    0.0565683808837
1.8    0.0546861338495
1.82    0.0530843114729
1.84    0.0518997826362
1.86    0.0512056191921
1.88    0.0510064958214
1.9    0.0512431286325
1.92    0.0518047989322
1.94    0.0525477402724
1.96    0.0533162988156
1.98    0.0539722125115
2.0    0.0544884122515
2.02    0.0546895709183
2.04    0.0545257297655
2.06    0.054064900169
2.08    0.0533002116965
2.1    0.0522226406325
2.12    0.050892906345
2.14    0.0494056447985
2.16    0.0478409895749
2.18    0.046196457122
2.2    0.0445205441829
2.22    0.0428521089208
2.24    0.0412219367119
2.26    0.0396553420754
2.28    0.038174946924
2.3    0.0368029318445
2.32    0.0355623062898
2.34    0.0356854631199
2.36    0.0362863353563
2.38    0.0368131299887
2.4    0.0372531643903
2.42    0.0375644786385
2.44    0.0377369309378
2.46    0.0377647489398
2.48    0.0376473287058
2.5    0.0373974312658
2.52    0.0370652376101
2.54    0.0366132458126
2.56    0.0366037946178
2.58    0.0376821123627
2.6    0.0387546117011
2.62    0.0397891493235
2.64    0.0407596270567
2.66    0.041646876584
2.68    0.0424389612055
2.7    0.0431332187831
2.72    0.0437536224069
2.74    0.0442825043574
2.76    0.0447294994949
2.78    0.0451070012479
2.8    0.0454287782247
2.82    0.0457086863226
2.84    0.0459595576662
2.86    0.0461923233165
2.88    0.0464154017231
2.9    0.0466343613843
2.92    0.0468518456552
2.94    0.0470677311374
2.96    0.0472794790799
2.98    0.0474826318378
3.0    0.0476714033691
3.02    0.0478393135103
3.04    0.0479921790327
3.06    0.0481213474831
3.08    0.0482121501157
3.1    0.0482607866167
3.12    0.0482651735561
3.14    0.048225143679
3.16    0.0481425252133
3.18    0.0480211073362
3.2    0.0481374513619
3.22    0.0488799022543
3.24    0.0495308746007
3.26    0.0501024320401
3.28    0.0506290484199
3.3    0.0510752579178
3.32    0.0514494169722
3.34    0.0518034855245
3.36    0.0521094470755
3.38    0.0523751067399
3.4    0.0526261743348
3.42    0.0528866816752
3.44    0.0531422821398
3.46    0.0534044285481
3.48    0.0536884645968
3.5    0.0540226892786
3.52    0.0543879520501
3.54    0.0547894815298
3.56    0.055230454939
3.58    0.0557350769728
3.6    0.0562840114445
3.62    0.0568703447398
3.64    0.0574922540747
3.66    0.0581695060098
3.68    0.0588682367742
3.7    0.0595803306274
3.72    0.0603073700165
3.74    0.061055983147
3.76    0.0617915836697
3.78    0.0625043361278
3.8    0.063190420356
3.82    0.0638736856899
3.84    0.0645084175187
3.86    0.0650867575031
3.88    0.0656065545582
3.9    0.066241289539
3.92    0.0672297056317
3.94    0.0681848000907
3.96    0.0691016769877
3.98    0.0699825247418
4.0    0.0708369848906
4.02    0.071644303601
4.04    0.0724028952964
4.06    0.0731120582396
4.08    0.0737719473116
4.1    0.0743988265114
4.12    0.0749896157179
4.14    0.0755357368661
4.16    0.0760401085126
4.18    0.0765062256345
4.2    0.0769380818429
4.22    0.0773400886757
4.24    0.0778700276695
4.26    0.0791517318201
4.28    0.0803944440364
4.3    0.0816083072718
4.32    0.0827925289599
4.34    0.0839550000329
4.36    0.0850874158781
4.38    0.0862169374824
4.4    0.0873195095607
4.42    0.0884026751872
4.44    0.0895021498435
4.46    0.0905906686724
4.48    0.0916734746608
4.5    0.092755516796
4.52    0.093868463954
4.54    0.0949929579959
4.56    0.0961287594218
4.58    0.0972791453161
4.6    0.0984545836895
4.62    0.0996713045381
4.64    0.10090921214
4.66    0.102169452042
4.68    0.103452590654
4.7    0.104787127484
4.72    0.106146215367
4.74    0.107527204335
4.76    0.10892859226
4.78    0.110359737341
4.8    0.111829113084
4.82    0.11343154366
4.84    0.115345917767
4.86    0.117698091905
4.88    0.120196011573
4.9    0.122728454812
4.92    0.125280235057
4.94    0.127866020044
4.96    0.130451089701
4.98    0.133061828964
5.0    0.135663045047
5.02    0.138275489286
5.04    0.140861583955
5.06    0.143457432212
5.08    0.146008134696
5.1    0.148567856004
5.12    0.151082210994
5.14    0.15358563046
5.16    0.156060815549
5.18    0.158493875653
5.2    0.160914683288
5.22    0.163296545757
5.24    0.165633870083
5.26    0.167933661708
5.28    0.170212615908
5.3    0.172450420158
5.32    0.174635165766
5.34    0.176749389448
5.36    0.178831707411
5.38    0.180825139523
5.4    0.18274392573
5.42    0.184606560538
5.44    0.18638312909
5.46    0.188082186701
5.48    0.189718170458
5.5    0.191228639922
5.52    0.192689389843
5.54    0.194012455496
5.56    0.195273262149
5.58    0.196431799062
5.6    0.197516255956
5.62    0.198543722287
5.64    0.199515614848
5.66    0.200428225642
5.68    0.201273706699
5.7    0.20206547141
5.72    0.202788748138
5.74    0.203458103979
5.76    0.20413038812
5.78    0.204842627441
5.8    0.205580263443
5.82    0.206320961063
5.84    0.207095840059
5.86    0.207825007979
5.88    0.208481326864
5.9    0.209070517907
5.92    0.209594881892
5.94    0.210021938313
5.96    0.210371044677
5.98    0.210628293228
6.0    0.210791095134
6.02    0.210866529952
6.04    0.210849707876
6.06    0.210760221456
6.08    0.210576114346
6.1    0.210350355822
6.12    0.210067243853
6.14    0.209741526549
6.16    0.209389672351
6.18    0.209069900131
6.2    0.20880453081
6.22    0.208555066691
6.24    0.208318900746
6.26    0.20809748887
6.28    0.207880469712
6.3    0.207635087455
6.32    0.207360323706
6.34    0.207061781594
6.36    0.207192712585
6.38    0.207780699771
6.4    0.20833817318
6.42    0.208833976236
6.44    0.209269565419
6.46    0.20966450686
6.48    0.210040625086
6.5    0.210360276123
6.52    0.210624912281
6.54    0.210852571302
6.56    0.211065667817
6.58    0.211227378605
6.6    0.211339114767
6.62    0.211436540423
6.64    0.211504178124
6.66    0.211525277872
6.68    0.211512390672
6.7    0.211494312513
6.72    0.211432955672
6.74    0.211329602461
6.76    0.211208138039
6.78    0.211071953026
6.8    0.210896773168
6.82    0.21068379178
6.84    0.21044055044
6.86    0.210200407282
6.88    0.209925194696
6.9    0.209616012864
6.92    0.209273938219
6.94    0.208908339343
6.96    0.208545494162
6.98    0.208152151914
7.0    0.20772929661
7.02    0.207277888873
7.04    0.206798866084
7.06    0.206327014668
7.08    0.205833750937
7.1    0.205314886976
7.12    0.204771274509
7.14    0.204214774315
7.16    0.203660265884
7.18    0.203082800369
7.2    0.202505638728
7.22    0.201928276394
7.24    0.201355152648
7.26    0.200785734742
7.28    0.20020472225
7.3    0.199626261588
7.32    0.199038204447
7.34    0.19844726263
7.36    0.197852936279
7.38    0.197255919603
7.4    0.196656036622
7.42    0.196193592081
7.44    0.195783347068
7.46    0.195380863774
7.48    0.194962311034
7.5    0.194523623603
7.52    0.194094073602
7.54    0.193648386839
7.56    0.193195768221
7.58    0.1927436714
7.6    0.192295810054
7.62    0.191850250202
7.64    0.191420011985
7.66    0.191016326237
7.68    0.19062453841
7.7    0.190215602256
7.72    0.189813779535
7.74    0.189399269283
7.76    0.188967637171
7.78    0.18853443369
7.8    0.188098168199
7.82    0.187645727933
7.84    0.187177559147
7.86    0.186717336522
7.88    0.186245842673
7.9    0.185759491932
7.92    0.185281946362
7.94    0.184793033223
7.96    0.184316287539
7.98    0.183862783196
8.0    0.183421423442
8.02    0.182982821848
8.04    0.182551908462
8.06    0.182109553429
8.08    0.181675924494
8.1    0.181228633373
8.12    0.1807680498
8.14    0.180318146958
8.16    0.17985585346
8.18    0.179380977306
8.2    0.178907344505
8.22    0.178431341614
8.24    0.177943430733
8.26    0.177454943277
8.28    0.176966447356
8.3    0.176466685017
8.32    0.175963173116
8.34    0.175463328919
8.36    0.174952828571
8.38    0.174433952163
8.4    0.173923837182
8.42    0.17340364662
8.44    0.172884332912
8.46    0.172411700653
8.48    0.171943721415
8.5    0.171473838678
8.52    0.171005998454
8.54    0.170528247455
8.56    0.170040863936
8.58    0.169551701724
8.6    0.169065117635
8.62    0.168569414991
8.64    0.168064856181
8.66    0.167551699082
8.68    0.167042271323
8.7    0.166530730595
8.72    0.166011059372
8.74    0.165483500593
8.76    0.164959205844
8.78    0.164433781419
8.8    0.163900904156
8.82    0.163367342948
8.84    0.162836879053
8.86    0.16229937538
8.88    0.161755051065
8.9    0.161209329543
8.92    0.160667847441
8.94    0.16011992781
8.96    0.15956577675
8.98    0.159005596576
9.0    0.158440623287
9.02    0.157883818261
9.04    0.157321330453
9.06    0.156753349993
9.08    0.156210747441
9.1    0.155705126362
9.12    0.155193413872
9.14    0.154689626223
9.16    0.154180798311
9.18    0.153666209255
9.2    0.153157698647
9.22    0.152646169955
9.24    0.152129193734
9.26    0.151614073785
9.28    0.151100316683
9.3    0.150581409828
9.32    0.150057518757
9.34    0.149528805984
9.36    0.149007956292
9.38    0.148482835993
9.4    0.147953163178
9.42    0.147419090792
9.44    0.146880768963
9.46    0.146338345046
9.48    0.145803558867
9.5    0.145265138048
9.52    0.144722852201
9.54    0.144176840021
9.56    0.14362723763
9.58    0.143294796008
9.6    0.143229465903
9.62    0.143161786071
9.64    0.143091794369
9.66    0.143019527944
9.68    0.142945023242
9.7    0.142868316024
9.72    0.142789441373
9.74    0.14270843371
9.76    0.142625326804
9.78    0.142540153784
9.8    0.142452947151
9.82    0.14236373879
9.84    0.142275291618
9.86    0.142189664484
9.88    0.142102059467
9.9    0.142012506737
9.92    0.141921035896
9.94    0.141827675996
9.96    0.141732455544
9.98    0.141635402521
10.0    0.141536544386
