0.05    0.000363648842427
0.07    0.00110290485688
0.09    0.00169163159539
0.1    0.00227673115317
0.12    0.00311630114694
0.14    0.00461290200368
0.16    0.00601388753132
0.18    0.00852178554929
0.2    0.0107865701995
0.22    0.0102642796196
0.24    0.0131363581167
0.26    0.021073964931
0.28    0.0266765709024
0.3    0.0265990705164
0.32    0.0395478032396
0.34    0.0361425094951
0.36    0.0295020063528
0.38    0.0250764616072
0.4    0.0281684094315
0.42    0.0284374781831
0.44    0.0290110463575
0.46    0.0303691136604
0.48    0.0266870119266
0.5    0.0221589876363
0.52    0.020799950719
0.54    0.0206623658775
0.56    0.0211527194859
0.58    0.0210017430687
0.6    0.0196214920809
0.62    0.0206237544481
0.64    0.0215442873566
0.66    0.01945822561
0.68    0.0185670851213
0.7    0.0202354351118
0.72    0.0228783228869
0.74    0.0284548571673
0.76    0.0326656305833
0.78    0.0347179403183
0.8    0.0344499302252
0.82    0.0323838576655
0.84    0.0293878032767
0.86    0.0263037361797
0.88    0.0250527649173
0.9    0.0243519548754
0.92    0.024886248503
0.94    0.0266828929818
0.96    0.0292105180634
0.98    0.0318274263343
1.0    0.0339691757413
1.02    0.0353489940477
1.04    0.0357832728161
1.06    0.0353507409046
1.08    0.0360593734547
1.1    0.0366685540361
1.12    0.0364852099096
1.14    0.0361466028245
1.16    0.0354868764633
1.18    0.0333999462223
1.2    0.0306956109338
1.22    0.0299602744709
1.24    0.0292755159911
1.26    0.0300554219636
1.28    0.0320160742912
1.3    0.0344482980039
1.32    0.0377132115621
1.34    0.0409667715866
1.36    0.0442744388506
1.38    0.0480423126105
1.4    0.0523328265434
1.42    0.0568790523967
1.44    0.0610957555794
1.46    0.0658222054713
1.48    0.0695058803742
1.5    0.0729806313204
1.52    0.0776493011725
1.54    0.0803648075312
1.56    0.08097060833
1.58    0.0798828831082
1.6    0.0787479667323
1.62    0.0759928770745
1.64    0.0772165828456
1.66    0.0781448043129
1.68    0.077922751815
1.7    0.0765414514512
1.72    0.0741790108682
1.74    0.0709791922763
1.76    0.0671423451634
1.78    0.0628394910703
1.8    0.058414337991
1.82    0.0539945551806
1.84    0.051817841994
1.86    0.0502864825408
1.88    0.0487553412641
1.9    0.0472357872226
1.92    0.0457842890126
1.94    0.0444020735686
1.96    0.0431314855008
1.98    0.0419713200459
2.0    0.0409444044036
2.02    0.0400195913477
2.04    0.0392037140816
2.06    0.038474606697
2.08    0.0378043177995
2.1    0.0371911396626
2.12    0.0366145233125
2.14    0.0360495410435
2.16    0.0354973266024
2.18    0.0349411125623
2.2    0.0343586925526
2.22    0.0337605234486
2.24    0.0331196482628
2.26    0.0324392372007
2.28    0.0317118458313
2.3    0.0309425078652
2.32    0.0301251719751
2.34    0.0295049084565
2.36    0.0305317247714
2.38    0.031571539194
2.4    0.0325986340847
2.42    0.0335901655828
2.44    0.0345270948003
2.46    0.0353945343686
2.48    0.0361815597771
2.5    0.0368806244572
2.52    0.0374867664188
2.54    0.0379967991492
2.56    0.0384086467008
2.58    0.0387209250248
2.6    0.038932803829
2.62    0.0390569265981
2.64    0.0390963958491
2.66    0.0390378166691
2.68    0.038884666456
2.7    0.0386422607086
2.72    0.0383177602054
2.74    0.037919959724
2.76    0.037458868364
2.78    0.0369451238766
2.8    0.0363893064771
2.82    0.035801229346
2.84    0.0351946303754
2.86    0.0345816363672
2.88    0.0339543996264
2.9    0.0333147332136
2.92    0.0337640993928
2.94    0.0343412154581
2.96    0.0349252597324
2.98    0.0355255704489
3.0    0.0361345751852
3.02    0.0367510626827
3.04    0.0373718609288
3.06    0.0379920512385
3.08    0.0386174417525
3.1    0.0392310447227
3.12    0.0398231075107
3.14    0.0404240387511
3.16    0.0410864646469
3.18    0.0414527518814
3.2    0.0418639097779
3.22    0.0422577757638
3.24    0.0425974953903
3.26    0.0436066663272
3.28    0.0447498684488
3.3    0.0458223298606
3.32    0.0468033388555
3.34    0.047680256222
3.36    0.0484475197677
3.38    0.0491295684858
3.4    0.0496952181525
3.42    0.0501403975186
3.44    0.0508478441698
3.46    0.0517566082638
3.48    0.052564790091
3.5    0.0532625146483
3.52    0.0538325432595
3.54    0.0542928225053
3.56    0.0546273676385
3.58    0.0548340374399
3.6    0.054919553381
3.62    0.0548634832086
3.64    0.0546896493051
3.66    0.0543682734569
3.68    0.0539138264465
3.7    0.0547959424378
3.72    0.0561145985962
3.74    0.0574529349528
3.76    0.0588080298061
3.78    0.060176688809
3.8    0.061555489043
3.82    0.062940826465
3.84    0.0643289654522
3.86    0.065716089232
3.88    0.0670983500691
3.9    0.0684719181811
3.92    0.0698330284771
3.94    0.0711780243397
3.96    0.0725033977888
3.98    0.0738058255238
4.0    0.0750822004415
4.02    0.0763296583697
4.04    0.0775455998707
4.06    0.0787277070695
4.08    0.0798739555699
4.1    0.0809826215955
4.12    0.082052284579
4.14    0.083096100803
4.16    0.0841027512517
4.18    0.0850681585753
4.2    0.0859920135861
4.22    0.0868742681198
4.24    0.0877151178715
4.26    0.0885584548163
4.28    0.0895783316041
4.3    0.0905595147971
4.32    0.0915024828105
4.34    0.0924078912735
4.36    0.0932765511527
4.38    0.0941155481049
4.4    0.0949321739961
4.42    0.095715146281
4.44    0.0964656562619
4.46    0.0971849450546
4.48    0.0978742838536
4.5    0.0985349553151
4.52    0.0991682362008
4.54    0.0997753813957
4.56    0.100368132985
4.58    0.101310311552
4.6    0.102277862914
4.62    0.103230221706
4.64    0.104159923001
4.66    0.105067828405
4.68    0.105954741405
4.7    0.106834112878
4.72    0.107698450216
4.74    0.108543755793
4.76    0.109370532618
4.78    0.110179198152
4.8    0.110970082464
4.82    0.111746242487
4.84    0.112519379221
4.86    0.113275197783
4.88    0.114013686158
4.9    0.1147347514
4.92    0.115438223395
4.94    0.116123859286
4.96    0.116791348443
4.98    0.117449482639
5.0    0.118096792444
5.02    0.118724697362
5.04    0.119332674113
5.06    0.119920161264
5.08    0.120486565792
5.1    0.12115773923
5.12    0.123967912615
5.14    0.126722433994
5.16    0.129422600349
5.18    0.132046245584
5.2    0.134603176154
5.22    0.137093687761
5.24    0.139499814648
5.26    0.141843240114
5.28    0.144091117367
5.3    0.146274260988
5.32    0.148353468161
5.34    0.150355143
5.36    0.152255337222
5.38    0.15405214254
5.4    0.155762798945
5.42    0.157354399612
5.44    0.158850465444
5.46    0.160238726527
5.48    0.161503064794
5.5    0.16268097482
5.52    0.163729857726
5.54    0.164674533481
5.56    0.165505224353
5.58    0.166219355484
5.6    0.166828837483
5.62    0.168089326497
5.64    0.169706923982
5.66    0.171213519159
5.68    0.172614095311
5.7    0.173882642249
5.72    0.175038564707
5.74    0.176085055826
5.76    0.176997790224
5.78    0.177776679537
5.8    0.17846383244
5.82    0.179020168185
5.84    0.179443864149
5.86    0.179878189312
5.88    0.181409677819
5.9    0.18284726502
5.92    0.18415306906
5.94    0.185327178469
5.96    0.186369942743
5.98    0.187313416077
6.0    0.188139148667
6.02    0.188839636158
6.04    0.189504827095
6.06    0.190828540422
6.08    0.192473667825
6.1    0.193991782267
6.12    0.19539241341
6.14    0.197336788255
6.16    0.199656271898
6.18    0.201847119132
6.2    0.203904504267
6.22    0.205827311035
6.24    0.207609227809
6.26    0.209242642658
6.28    0.21073545095
6.3    0.212062624356
6.32    0.213236186635
6.34    0.214254395917
6.36    0.215110574356
6.38    0.215824175348
6.4    0.21637233019
6.42    0.216793389359
6.44    0.217061889262
6.46    0.217187275868
6.48    0.217673185085
6.5    0.218646319155
6.52    0.219498732978
6.54    0.220222609054
6.56    0.220829734975
6.58    0.221301767219
6.6    0.221632181203
6.62    0.221849609425
6.64    0.222595284167
6.66    0.223478453253
6.68    0.224296952515
6.7    0.225023378561
6.72    0.225661543047
6.74    0.226245143144
6.76    0.226742464569
6.78    0.227155595055
6.8    0.227495445061
6.82    0.227780315753
6.84    0.227986936534
6.86    0.228117419459
6.88    0.228173873179
6.9    0.228189833164
6.92    0.228136269283
6.94    0.228014488962
6.96    0.227826536336
6.98    0.227585769496
7.0    0.22775343244
7.02    0.228395389438
7.04    0.228966164039
7.06    0.229467456275
7.08    0.229900956683
7.1    0.230268343098
7.12    0.230599427885
7.14    0.23086926816
7.16    0.231077574903
7.18    0.231225943328
7.2    0.231315944497
7.22    0.231349123583
7.24    0.231352634199
7.26    0.231304328404
7.28    0.231203299778
7.3    0.231050974908
7.32    0.230848749318
7.34    0.230597986858
7.36    0.230319948537
7.38    0.230001584457
7.4    0.229638212163
7.42    0.229231065974
7.44    0.228781347925
7.46    0.228290227933
7.48    0.227781922713
7.5    0.22723479265
7.52    0.226649219255
7.54    0.226026249065
7.56    0.225366898826
7.58    0.224690806838
7.6    0.223983364595
7.62    0.223242069609
7.64    0.222467828405
7.66    0.221671258385
7.68    0.220854201621
7.7    0.220006424483
7.72    0.219128736563
7.74    0.218235098479
7.76    0.217319160636
7.78    0.217216976887
7.8    0.217950413099
7.82    0.218607486706
7.84    0.219166219586
7.86    0.219617079992
7.88    0.219963377624
7.9    0.22024437257
7.92    0.220634313211
7.94    0.221115089352
7.96    0.22147957316
7.98    0.221716047397
8.0    0.221832738043
8.02    0.221826683827
8.04    0.222345752983
8.06    0.223303059859
8.08    0.224186291146
8.1    0.224993604569
8.12    0.225716863133
8.14    0.226356997578
8.16    0.226922137515
8.18    0.227408486862
8.2    0.22785400119
8.22    0.228340143087
8.24    0.228797748814
8.26    0.229240979741
8.28    0.229686577252
8.3    0.230153095374
8.32    0.23059210773
8.34    0.230970585543
8.36    0.231278876754
8.38    0.231513293785
8.4    0.231678138808
8.42    0.231780421008
8.44    0.231815206912
8.46    0.231787558689
8.48    0.23169333983
8.5    0.231537582239
8.52    0.231332092524
8.54    0.231090961655
8.56    0.23082384302
8.58    0.230542065948
8.6    0.230241897385
8.62    0.229909172082
8.64    0.229528470291
8.66    0.229092664298
8.68    0.228606619992
8.7    0.228068879765
8.72    0.227480656376
8.74    0.226835056134
8.76    0.226138685689
8.78    0.225479253203
8.8    0.224980039841
8.82    0.224442290587
8.84    0.223855634515
8.86    0.223213093974
8.88    0.22251449746
8.9    0.221760511971
8.92    0.220952394314
8.94    0.220091998111
8.96    0.219182774246
8.98    0.218248059328
9.0    0.217292435835
9.02    0.216298087637
9.04    0.215258175099
9.06    0.214173035962
9.08    0.213042751803
9.1    0.211868311029
9.12    0.210653116658
9.14    0.209406864753
9.16    0.208206259665
9.18    0.207012652561
9.2    0.205780826941
9.22    0.204507017069
9.24    0.203191174975
9.26    0.20183591247
9.28    0.200445002992
9.3    0.199022023922
9.32    0.197570698654
9.34    0.196100739606
9.36    0.194607588841
9.38    0.193087258836
9.4    0.191537130077
9.42    0.189958221941
9.44    0.188354671357
9.46    0.186729853397
9.48    0.185415352639
9.5    0.184993931716
9.52    0.184533050194
9.54    0.184045820683
9.56    0.183524827147
9.58    0.182971877344
9.6    0.182393916174
9.62    0.18178110942
9.64    0.181148974033
9.66    0.180484094611
9.68    0.179797694641
9.7    0.179083813022
9.72    0.178346078606
9.74    0.177586224749
9.76    0.176799616296
9.78    0.17599677426
9.8    0.175167041883
9.82    0.17432156979
9.84    0.173453452947
9.86    0.172568802107
9.88    0.17169507718
9.9    0.17095258726
9.92    0.170197047394
9.94    0.169423369108
9.96    0.168631419955
9.98    0.167826870664
10.0    0.167080391531
