0.05    0.000822321020471
0.07    0.00212590560907
0.09    0.00334384156016
0.1    0.00419629394487
0.12    0.00663531074963
0.14    0.00774849242966
0.16    0.0122731671703
0.18    0.0119130854852
0.2    0.0147581737064
0.22    0.024180347323
0.24    0.0347359153794
0.26    0.038318233442
0.28    0.0511195957765
0.3    0.0515994056415
0.32    0.0535582388747
0.34    0.0803472560131
0.36    0.0757991526667
0.38    0.0961896972568
0.4    0.128601721874
0.42    0.11827874003
0.44    0.0901126267665
0.46    0.0769579777806
0.48    0.0749377483333
0.5    0.0658670411751
0.52    0.0557025143969
0.54    0.0495664782313
0.56    0.0458999764807
0.58    0.0434494152862
0.6    0.0412695692651
0.62    0.0384186408053
0.64    0.0355489239582
0.66    0.0323140083646
0.68    0.030036802165
0.7    0.033435486195
0.72    0.038977336438
0.74    0.0403980894622
0.76    0.0406225273425
0.78    0.0436731580789
0.8    0.0463372999332
0.82    0.0470391436018
0.84    0.0443499054539
0.86    0.0400453314747
0.88    0.0362340691718
0.9    0.0348505074411
0.92    0.0331639601869
0.94    0.0307736120667
0.96    0.0285843988686
0.98    0.0292540579024
1.0    0.0324748066802
1.02    0.0347623352466
1.04    0.0356060819296
1.06    0.0354048354616
1.08    0.0344254406675
1.1    0.0324334446962
1.12    0.0327386392132
1.14    0.0332353276373
1.16    0.0347478216069
1.18    0.0371653938128
1.2    0.0395385896214
1.22    0.0408238102735
1.24    0.0407100084166
1.26    0.0390946181565
1.28    0.039094984778
1.3    0.040794722887
1.32    0.0412960282029
1.34    0.0407675270958
1.36    0.0394091680747
1.38    0.0373211100903
1.4    0.0346661725793
1.42    0.0331723548133
1.44    0.0337291163342
1.46    0.0351967521567
1.48    0.0362377731222
1.5    0.0364848013855
1.52    0.0395557818881
1.54    0.0423942572935
1.56    0.044377119639
1.58    0.0453499679658
1.6    0.0452697990676
1.62    0.0441811759381
1.64    0.0421834031169
1.66    0.0397265126113
1.68    0.0380832335332
1.7    0.037072904111
1.72    0.0359743577661
1.74    0.0358715579297
1.76    0.0363392973488
1.78    0.0366047011397
1.8    0.036683929817
1.82    0.0365998130274
1.84    0.0363793394967
1.86    0.0360502262498
1.88    0.0356722031219
1.9    0.0352350469256
1.92    0.0347467385076
1.94    0.0342191749562
1.96    0.0336622910677
1.98    0.034165559122
2.0    0.0352202052551
2.02    0.0362421791383
2.04    0.0372188529486
2.06    0.0381313741566
2.08    0.0389477327101
2.1    0.0396065182997
2.12    0.0400765081593
2.14    0.0403394108158
2.16    0.0403886045697
2.18    0.0402254837857
2.2    0.0398559015482
2.22    0.040881729034
2.24    0.0419340450738
2.26    0.0427792497314
2.28    0.0434012210048
2.3    0.0437922528445
2.32    0.0439551689345
2.34    0.0439036633575
2.36    0.0436606439002
2.38    0.0432551271673
2.4    0.0427388994993
2.42    0.0421317122856
2.44    0.0414500480592
2.46    0.0407218488057
2.48    0.0399747530633
2.5    0.0392377725947
2.52    0.038542536451
2.54    0.0379234039087
2.56    0.0374161126633
2.58    0.0370550618334
2.6    0.0368697050975
2.62    0.0371065287141
2.64    0.0377813913709
2.66    0.0384315268111
2.68    0.0390555684968
2.7    0.0396545318834
2.72    0.0402315505816
2.74    0.0407914674665
2.76    0.0414747329572
2.78    0.0422956712961
2.8    0.0436204985108
2.82    0.0449519038862
2.84    0.0462480135539
2.86    0.0475098507773
2.88    0.0487447434996
2.9    0.0499712238062
2.92    0.0511658143056
2.94    0.0523261036247
2.96    0.0534590975734
2.98    0.0545711849812
3.0    0.0556307934196
3.02    0.0566297061586
3.04    0.0575921864713
3.06    0.0584683801351
3.08    0.0614654538116
3.1    0.0645662964574
3.12    0.0676179701789
3.14    0.0705965903105
3.16    0.0734863886617
3.18    0.0762193228168
3.2    0.0787588333045
3.22    0.0810708784827
3.24    0.0831415706395
3.26    0.0849837841943
3.28    0.086523061167
3.3    0.0877422405172
3.32    0.0886498795574
3.34    0.0892787002176
3.36    0.0895669433974
3.38    0.0895162901614
3.4    0.0891930036973
3.42    0.0890276046419
3.44    0.0911399004024
3.46    0.0929454453303
3.48    0.0944407962856
3.5    0.095699791713
3.52    0.0966559815335
3.54    0.0973055567442
3.56    0.097652232614
3.58    0.098812029565
3.6    0.101830579801
3.62    0.104655524892
3.64    0.107222383083
3.66    0.109517016108
3.68    0.111532180125
3.7    0.113261169268
3.72    0.114704521566
3.74    0.115923274493
3.76    0.116839724554
3.78    0.117449595215
3.8    0.117749686153
3.82    0.117738078445
3.84    0.117414340796
3.86    0.116846967265
3.88    0.115980795344
3.9    0.114810015717
3.92    0.113341468444
3.94    0.112884496419
3.96    0.113297234549
3.98    0.113377600952
4.0    0.113159873719
4.02    0.112664245
4.04    0.112574682614
4.06    0.113160285179
4.08    0.113316139688
4.1    0.113052310276
4.12    0.112382777087
4.14    0.111325128437
4.16    0.109946160008
4.18    0.108249000767
4.2    0.106230556518
4.22    0.103918527149
4.24    0.101441972597
4.26    0.101267047724
4.28    0.100814015159
4.3    0.100089366378
4.32    0.0994759577183
4.34    0.0994253040196
4.36    0.0996731473721
4.38    0.0998374547797
4.4    0.0997601071255
4.42    0.0994532448748
4.44    0.0989272961494
4.46    0.0981934435991
4.48    0.0972857970617
4.5    0.0969048806933
4.52    0.0978187726404
4.54    0.0984278919215
4.56    0.098741777872
4.58    0.0988085546101
4.6    0.0986439965781
4.62    0.0982409988696
4.64    0.0976346785569
4.66    0.0968630102926
4.68    0.0969263634914
4.7    0.0969139907604
4.72    0.0967480954886
4.74    0.0968185042259
4.76    0.0969533783635
4.78    0.0969408269499
4.8    0.0967764504074
4.82    0.096484631498
4.84    0.0960688198632
4.86    0.0955264158382
4.88    0.094885243762
4.9    0.0941589857432
4.92    0.0933408359049
4.94    0.0924422645577
4.96    0.0927715559551
4.98    0.0937982981868
5.0    0.0947163362396
5.02    0.0955360602338
5.04    0.0962649325076
5.06    0.0969085780297
5.08    0.0974866403306
5.1    0.0979902518579
5.12    0.0984097931318
5.14    0.098744469323
5.16    0.0990015890991
5.18    0.0994049860073
5.2    0.0997552194398
5.22    0.100031642096
5.24    0.100246925229
5.26    0.100413117206
5.28    0.100534593989
5.3    0.100628658407
5.32    0.100701143354
5.34    0.100761865009
5.36    0.100829395874
5.38    0.100902217689
5.4    0.100999402315
5.42    0.101130039773
5.44    0.101296889176
5.46    0.101511204367
5.48    0.101789030628
5.5    0.102127754372
5.52    0.102534080231
5.54    0.103016428234
5.56    0.103583141046
5.58    0.10423093217
5.6    0.105058507928
5.62    0.106005452552
5.64    0.107038177282
5.66    0.108158012912
5.68    0.109372542828
5.7    0.110672356533
5.72    0.11205502659
5.74    0.113517039881
5.76    0.115063096375
5.78    0.116680712115
5.8    0.118361995607
5.82    0.120102068416
5.84    0.121902550544
5.86    0.12374384704
5.88    0.12562221246
5.9    0.127534477178
5.92    0.129465303023
5.94    0.13144306809
5.96    0.133549514096
5.98    0.13565821865
6.0    0.13776099023
6.02    0.139850429352
6.04    0.141910134248
6.06    0.143946028667
6.08    0.145945149115
6.1    0.147963026464
6.12    0.150157045739
6.14    0.152336143698
6.16    0.154450635165
6.18    0.156496638739
6.2    0.158449592576
6.22    0.160326301307
6.24    0.162093569249
6.26    0.163761732251
6.28    0.165316254278
6.3    0.166748145018
6.32    0.168070119197
6.34    0.169266349643
6.36    0.170345710032
6.38    0.17142850365
6.4    0.172580146416
6.42    0.173630363615
6.44    0.174571539677
6.46    0.175884630894
6.48    0.177214535105
6.5    0.178434168222
6.52    0.179544835631
6.54    0.180538388857
6.56    0.181411919066
6.58    0.182150099934
6.6    0.182753834448
6.62    0.183215093642
6.64    0.183530259169
6.66    0.18369764846
6.68    0.183727114589
6.7    0.183616512799
6.72    0.183365008607
6.74    0.183127856941
6.76    0.183371475541
6.78    0.183555104206
6.8    0.183635399455
6.82    0.183601907934
6.84    0.183466445012
6.86    0.183233129557
6.88    0.182891735893
6.9    0.182438439554
6.92    0.182056458424
6.94    0.18237156918
6.96    0.182980301558
6.98    0.183499630896
7.0    0.183923099961
7.02    0.184266352648
7.04    0.184512063768
7.06    0.184675957002
7.08    0.184752228471
7.1    0.184739172101
7.12    0.184654944617
7.14    0.184479248118
7.16    0.184238976825
7.18    0.183917377557
7.2    0.18352869733
7.22    0.183070971714
7.24    0.182549219787
7.26    0.181965203418
7.28    0.181322076828
7.3    0.180621541264
7.32    0.180419127414
7.34    0.180210768249
7.36    0.179928997145
7.38    0.179600745883
7.4    0.179205674224
7.42    0.178755022029
7.44    0.178255246379
7.46    0.177694054702
7.48    0.177087817113
7.5    0.176434730523
7.52    0.175727116951
7.54    0.174978932177
7.56    0.174191452115
7.58    0.173355907014
7.6    0.172478472074
7.62    0.171574164057
7.64    0.170627759955
7.66    0.169641290695
7.68    0.169125661935
7.7    0.168613807848
7.72    0.168060119168
7.74    0.167478483654
7.76    0.166853879129
7.78    0.166203477562
7.8    0.165517701873
7.82    0.164793803618
7.84    0.16405187138
7.86    0.16327433342
7.88    0.16246267118
7.9    0.161634119228
7.92    0.160775894373
7.94    0.159887311124
7.96    0.158976691877
7.98    0.158047617544
8.0    0.15709154552
8.02    0.156109633455
8.04    0.155113542891
8.06    0.154098304687
8.08    0.153060098284
8.1    0.152089762861
8.12    0.151599513681
8.14    0.151313646147
8.16    0.151012301222
8.18    0.15069592424
8.2    0.150364937624
8.22    0.150019741936
8.24    0.149660716923
8.26    0.149298325891
8.28    0.148923408218
8.3    0.148535522785
8.32    0.148134978821
8.34    0.14772206994
8.36    0.147297075166
8.38    0.146860259909
8.4    0.14641187697
8.42    0.145961518498
8.44    0.145500225328
8.46    0.145027909054
8.48    0.144544782945
8.5    0.144051052096
8.52    0.143546914243
8.54    0.143032560544
8.56    0.142508176331
8.58    0.141973941833
8.6    0.141433340717
8.62    0.140888227067
8.64    0.140333645093
8.66    0.139769762161
8.68    0.139196743545
8.7    0.138614752935
8.72    0.138023952913
8.74    0.137424505393
8.76    0.136816572035
8.78    0.136200314626
8.8    0.135575895421
8.82    0.134943477458
8.84    0.134303224842
8.86    0.133661221167
8.88    0.133012476217
8.9    0.132356274229
8.92    0.131847349766
8.94    0.131390913628
8.96    0.130923914244
8.98    0.130446542237
9.0    0.130114744101
9.02    0.129893160865
9.04    0.129667339807
9.06    0.12943726753
9.08    0.129202933086
9.1    0.128964328072
9.12    0.12872144673
9.14    0.128474286027
9.16    0.128222845732
9.18    0.128141625154
9.2    0.128064022491
9.22    0.127980426066
9.24    0.12789084394
9.26    0.127795286665
9.28    0.127693767352
9.3    0.127586301725
9.32    0.127472908172
9.34    0.127353607781
9.36    0.12722842437
9.38    0.127097384508
9.4    0.126960517527
9.42    0.126817855527
9.44    0.126669433374
9.46    0.126515288689
9.48    0.126355461834
9.5    0.12618999589
9.52    0.126018936624
9.54    0.125842332462
9.56    0.125660234444
9.58    0.125472696187
9.6    0.125279773829
9.62    0.125081525982
9.64    0.124878013674
9.66    0.12466930029
9.68    0.124455451508
9.7    0.12423653523
9.72    0.124012621521
9.74    0.123783782529
9.76    0.123550092419
9.78    0.123311627289
9.8    0.123068465104
9.82    0.122820685607
9.84    0.122568370246
9.86    0.122311602089
9.88    0.122050465748
9.9    0.121785047287
9.92    0.121515434154
9.94    0.12124171508
9.96    0.120963980012
9.98    0.120682320022
10.0    0.120396827222
