0.05    1.50583704644e-05
0.07    3.82032315005e-05
0.09    7.79818649601e-05
0.1    0.00010922462454
0.12    0.000148040406805
0.14    0.000245920893557
0.16    0.000358136886417
0.18    0.000381780857908
0.2    0.000478645462711
0.22    0.000633694706013
0.24    0.00073676937381
0.26    0.000881242004579
0.28    0.00133709742702
0.3    0.00201368654409
0.32    0.00235681187381
0.34    0.00274325007787
0.36    0.00305964978502
0.38    0.00372942948809
0.4    0.00390222239871
0.42    0.00370256352691
0.44    0.00318196107105
0.46    0.00263815932284
0.48    0.0023219363946
0.5    0.0021866308133
0.52    0.0023527348839
0.54    0.00280352751317
0.56    0.00329726757311
0.58    0.00363793053915
0.6    0.00371378336041
0.62    0.00354685120337
0.64    0.00324984250317
0.66    0.00325564217523
0.68    0.00324945123599
0.7    0.00303665885147
0.72    0.00273346802047
0.74    0.00247119293193
0.76    0.00229809491704
0.78    0.00219810919161
0.8    0.00229930173526
0.82    0.00229787341089
0.84    0.00211559419009
0.86    0.00210766142886
0.88    0.00224148497698
0.9    0.00226050961487
0.92    0.00226535472362
0.94    0.00216080632884
0.96    0.00226842451749
0.98    0.00244283091291
1.0    0.00267042907403
1.02    0.00292538061321
1.04    0.00318301809059
1.06    0.00342854104568
1.08    0.00352430804724
1.1    0.00364003274794
1.12    0.00378959709801
1.14    0.00391731025461
1.16    0.00403174573335
1.18    0.0041414248512
1.2    0.00424600818564
1.22    0.0043376839941
1.24    0.00442646371713
1.26    0.00454345551829
1.28    0.0046245949956
1.3    0.00467420468801
1.32    0.00484882445482
1.34    0.00516560408908
1.36    0.00545322285914
1.38    0.0057195677798
1.4    0.00597506526815
1.42    0.006227648313
1.44    0.00648050692417
1.46    0.00673243227879
1.48    0.00698072458629
1.5    0.0072219081221
1.52    0.00745174842247
1.54    0.00766640282806
1.56    0.00786225606063
1.58    0.00803674284945
1.6    0.00818885706399
1.62    0.00831927524422
1.64    0.00892050477658
1.66    0.0097078787648
1.68    0.0104914989933
1.7    0.0112861122105
1.72    0.0120698334184
1.74    0.0127772298834
1.76    0.0133880517851
1.78    0.0139002427666
1.8    0.0143345452073
1.82    0.0147978230338
1.84    0.0153484951765
1.86    0.0158833685419
1.88    0.0163406709954
1.9    0.0173360365085
1.92    0.0181372454888
1.94    0.0187201166855
1.96    0.0191105505117
1.98    0.0194273790204
2.0    0.0196830362199
2.02    0.0198108946402
2.04    0.0200108405881
2.06    0.0200583724123
2.08    0.0199294811599
2.1    0.0196400773838
2.12    0.0192188768082
2.14    0.0186980734436
2.16    0.0181117722356
2.18    0.0174856224013
2.2    0.0168405413059
2.22    0.016230498767
2.24    0.0157627848093
2.26    0.0152879891641
2.28    0.0148183430999
2.3    0.0143630325767
2.32    0.0139307187515
2.34    0.0135273260171
2.36    0.0131584055809
2.38    0.0128285723666
2.4    0.0125418282708
2.42    0.0124919070773
2.44    0.0125372416564
2.46    0.0125800048039
2.48    0.0126201912932
2.5    0.0126586826642
2.52    0.0126967011088
2.54    0.0127337832597
2.56    0.0127702710677
2.58    0.0128069889253
2.6    0.0128435969147
2.62    0.0128794029917
2.64    0.0129143404775
2.66    0.0130511044163
2.68    0.0133167622141
2.7    0.0135925666749
2.72    0.0138741875739
2.74    0.0141574340479
2.76    0.014438299796
2.78    0.014713558106
2.8    0.0149800212413
2.82    0.0152341405778
2.84    0.0154752602246
2.86    0.015700552821
2.88    0.0159098005039
2.9    0.0161069922784
2.92    0.0163162834523
2.94    0.0165456639837
2.96    0.0167727554238
2.98    0.0169876727797
3.0    0.0171862494695
3.02    0.0173609610075
3.04    0.0175034025277
3.06    0.0176077315057
3.08    0.0176707887293
3.1    0.0176900072963
3.12    0.0178825257924
3.14    0.0184506398743
3.16    0.0190044118907
3.18    0.019541772183
3.2    0.0200608078935
3.22    0.0205598489655
3.24    0.0210378240013
3.26    0.021494529022
3.28    0.021928540299
3.3    0.0223416669604
3.32    0.0227337870704
3.34    0.023106823063
3.36    0.0234667696614
3.38    0.023964659493
3.4    0.0244719989229
3.42    0.0249717633687
3.44    0.025455304897
3.46    0.0259192931686
3.48    0.0263620483343
3.5    0.0267827116169
3.52    0.0271802375896
3.54    0.027554629995
3.56    0.0279066069895
3.58    0.0282353237887
3.6    0.0285409199934
3.62    0.0288235779063
3.64    0.0290852662886
3.66    0.0293247511428
3.68    0.0295446461819
3.7    0.0297455437007
3.72    0.0299296953686
3.74    0.0301008196908
3.76    0.030260606314
3.78    0.0304088191406
3.8    0.0305442000993
3.82    0.0306673688654
3.84    0.0307781273375
3.86    0.030877211721
3.88    0.0309676176497
3.9    0.0310559221842
3.92    0.0311459669318
3.94    0.0312327712363
3.96    0.0313104729938
3.98    0.0313766463231
4.0    0.0314298549744
4.02    0.031468169726
4.04    0.0314897595407
4.06    0.0314936642376
4.08    0.031479660172
4.1    0.0314479136255
4.12    0.031398762993
4.14    0.0313328878042
4.16    0.0312530779924
4.18    0.0311707619401
4.2    0.0311031497442
4.22    0.0310231927685
4.24    0.0309262949127
4.26    0.0308118285764
4.28    0.0306799718274
4.3    0.0305302160611
4.32    0.0303644653115
4.34    0.0301823667722
4.36    0.0299853924709
4.38    0.0297751582825
4.4    0.029553201721
4.42    0.0293207493874
4.44    0.0290781649639
4.46    0.0288246252956
4.48    0.0285598902281
4.5    0.0282837588408
4.52    0.0279972391786
4.54    0.0277016399725
4.56    0.0273977008408
4.58    0.0270866521982
4.6    0.0267705989604
4.62    0.0264505609293
4.64    0.0261279550305
4.66    0.0258033103541
4.68    0.0254768513863
4.7    0.0251483725571
4.72    0.0248181730965
4.74    0.0244867089601
4.76    0.0241544127149
4.78    0.0238216936593
4.8    0.0235847091951
4.82    0.0233690747426
4.84    0.0231481119496
4.86    0.0229220681428
4.88    0.0226917020332
4.9    0.0224577715882
4.92    0.0222199518772
4.94    0.0219797674097
4.96    0.0217370566419
4.98    0.0214926969329
5.0    0.0212472574256
5.02    0.0210012429166
5.04    0.0210370401842
5.06    0.0212029474725
5.08    0.0214078922969
5.1    0.021709243477
5.12    0.0220005651339
5.14    0.0222803633945
5.16    0.0225473314033
5.18    0.0228011567347
5.2    0.0231649404058
5.22    0.0235275494849
5.24    0.0238752034893
5.26    0.0242082889664
5.28    0.0245263952717
5.3    0.0248305809253
5.32    0.0251208357507
5.34    0.0253976550923
5.36    0.0256616330597
5.38    0.0259137567424
5.4    0.0261544905552
5.42    0.0263842836775
5.44    0.0266046175432
5.46    0.0268158586772
5.48    0.0270191455163
5.5    0.0272154161643
5.52    0.0274061453902
5.54    0.0275946721093
5.56    0.0277968428812
5.58    0.0280072572812
5.6    0.0282123237421
5.62    0.0284117974502
5.64    0.0286061491884
5.66    0.028795396608
5.68    0.0289794695453
5.7    0.0291580038964
5.72    0.0293309564697
5.74    0.0294987866761
5.76    0.0296618988348
5.78    0.0298215967872
5.8    0.0299820935783
5.82    0.0301493145858
5.84    0.0303271513031
5.86    0.0307649082015
5.88    0.031170007675
5.9    0.0315399802016
5.92    0.0318746400733
5.94    0.0321763613004
5.96    0.0324485626569
5.98    0.0326962266512
6.0    0.0329882864465
6.02    0.0332868633157
6.04    0.0335966031463
6.06    0.033896547296
6.08    0.0341851261155
6.1    0.0344703187866
6.12    0.0347542401498
6.14    0.0350276400002
6.16    0.0352863152301
6.18    0.0355287948508
6.2    0.035755466545
6.22    0.0359734750795
6.24    0.036186680835
6.26    0.0363936083518
6.28    0.0366017990716
6.3    0.0368148317702
6.32    0.0370331282332
6.34    0.0372551754441
6.36    0.0374691986085
6.38    0.0376694426079
6.4    0.03785607481
6.42    0.0380314035172
6.44    0.03819818651
6.46    0.0383541400048
6.48    0.0384981850728
6.5    0.0386338720603
6.52    0.0387756136411
6.54    0.03892305196
6.56    0.0390614516907
6.58    0.0391879968515
6.6    0.0393056642046
6.62    0.0394199711265
6.64    0.0395288494187
6.66    0.0396285540987
6.68    0.0398139467913
6.7    0.0400465827327
6.72    0.0402719359877
6.74    0.0404893966448
6.76    0.0406990248009
6.78    0.040901141751
6.8    0.0411138838041
6.82    0.0413412843405
6.84    0.0415661630948
6.86    0.0417886083846
6.88    0.0420092627275
6.9    0.0422286311283
6.92    0.0424468131159
6.94    0.0426637841148
6.96    0.0428797524074
6.98    0.0430958470912
7.0    0.043314252226
7.02    0.043560532321
7.04    0.0438173277131
7.06    0.0440775982955
7.08    0.0443408975132
7.1    0.0446049521212
7.12    0.0448685094852
7.14    0.0451304718344
7.16    0.0453905532574
7.18    0.0456485983841
7.2    0.0459043692565
7.22    0.0461576243678
7.24    0.0464083286536
7.26    0.0466561435428
7.28    0.0469010446739
7.3    0.0471431699632
7.32    0.0473830695622
7.34    0.0476219973479
7.36    0.047862673086
7.38    0.0481065858964
7.4    0.0483537888961
7.42    0.0486019547663
7.44    0.0488491649323
7.46    0.0490961816925
7.48    0.0493793957554
7.5    0.0496712538694
7.52    0.0499654544043
7.54    0.0502597976032
7.56    0.0505531877006
7.58    0.0508445602355
7.6    0.0511327978117
7.62    0.051417344012
7.64    0.051697867842
7.66    0.0519743201777
7.68    0.0522473067139
7.7    0.0525175424685
7.72    0.0527853443028
7.74    0.0530495739462
7.76    0.0533102127504
7.78    0.0535675436915
7.8    0.0538237036775
7.82    0.0540858419082
7.84    0.0543540361184
7.86    0.0546241500862
7.88    0.0549033113303
7.9    0.0551922729613
7.92    0.0554831856568
7.94    0.0557713968335
7.96    0.0560543333853
7.98    0.0563306873941
8.0    0.0565998599467
8.02    0.0568614126903
8.04    0.0571151270319
8.06    0.0573602055626
8.08    0.0575961542629
8.1    0.0578225142329
8.12    0.0580394775746
8.14    0.0582462872284
8.16    0.0584436401183
8.18    0.0586311373486
8.2    0.0588099358681
8.22    0.0589813637895
8.24    0.0591477009348
8.26    0.0593126296398
8.28    0.0594758925661
8.3    0.0596338763008
8.32    0.0597866047443
8.34    0.0599356492594
8.36    0.060117805115
8.38    0.060308009108
8.4    0.0604903265747
8.42    0.0606631985
8.44    0.0608260397037
8.46    0.0609779426522
8.48    0.061118849151
8.5    0.0612480571424
8.52    0.0613661595085
8.54    0.0614727888701
8.56    0.0615682662903
8.58    0.0616528323721
8.6    0.0617267098232
8.62    0.0617893973164
8.64    0.0618415090821
8.66    0.0618821209231
8.68    0.0619122477956
8.7    0.0619314875998
8.72    0.0619406172169
8.74    0.0619406227688
8.76    0.0619953743293
8.78    0.0621004997601
8.8    0.0621955251605
8.82    0.0623606634277
8.84    0.0625777520319
8.86    0.0627905259389
8.88    0.0630079269587
8.9    0.0632418775525
8.92    0.0634759588369
8.94    0.063725273297
8.96    0.0639864104224
8.98    0.0642442498666
9.0    0.064497651339
9.02    0.0647463653258
9.04    0.0649900342596
9.06    0.0652289043452
9.08    0.0654627953013
9.1    0.0656922375801
9.12    0.065917187237
9.14    0.0661382246097
9.16    0.0663564884676
9.18    0.0665732438483
9.2    0.0667880379055
9.22    0.066999256993
9.24    0.0672065457973
9.26    0.0674099848025
9.28    0.0676097014703
9.3    0.0678055499208
9.32    0.0679972030235
9.34    0.0681843676698
9.36    0.0683670764433
9.38    0.0685452084998
9.4    0.0687184344129
9.42    0.0688868751355
9.44    0.0690501766906
9.46    0.0692081003552
9.48    0.0693605706219
9.5    0.0695075207599
9.52    0.0696489057777
9.54    0.0697847166973
9.56    0.0699149922046
9.58    0.0700398208263
9.6    0.0701593312868
9.62    0.0702738934923
9.64    0.0703836146092
9.66    0.0704885218401
9.68    0.0705887903819
9.7    0.0706848056155
9.72    0.070776268159
9.74    0.0708637901084
9.76    0.0709474746625
9.78    0.0710280538195
9.8    0.0711060596058
9.82    0.0711819322148
9.84    0.0712559517042
9.86    0.0713293506726
9.88    0.0714029333706
9.9    0.0714750541872
9.92    0.0715440449898
9.94    0.0716090270921
9.96    0.0716698525706
9.98    0.0717263809085
10.0    0.0717784921141
