0.05    2.86938650669e-05
0.07    8.72381187642e-05
0.09    0.00015286250886
0.1    0.000156008590091
0.12    0.000228065076261
0.14    0.000260444178468
0.16    0.000293171789378
0.18    0.000379891253971
0.2    0.000566256405741
0.22    0.000694997488154
0.24    0.000754180204227
0.26    0.00108598943602
0.28    0.000911506577991
0.3    0.000694285358329
0.32    0.000772292107182
0.34    0.000873275244173
0.36    0.000813129925122
0.38    0.000733583716992
0.4    0.000730909191804
0.42    0.000749014041958
0.44    0.00078001232935
0.46    0.000927453727431
0.48    0.0010921577538
0.5    0.00125817503527
0.52    0.00137855399722
0.54    0.00165561105304
0.56    0.00180891426132
0.58    0.00195392005074
0.6    0.00240438915144
0.62    0.00262899551996
0.64    0.00268207372392
0.66    0.00287870398869
0.68    0.00303265266841
0.7    0.00316470479405
0.72    0.00328268522075
0.74    0.0036873764069
0.76    0.00428024705477
0.78    0.00473814397443
0.8    0.00508265694593
0.82    0.00530742641322
0.84    0.0055191657469
0.86    0.00567976604031
0.88    0.00569400886212
0.9    0.00568474611876
0.92    0.00557310479928
0.94    0.00537496744021
0.96    0.00511368905166
0.98    0.00481181237532
1.0    0.0044706988911
1.02    0.00409514620002
1.04    0.00386747522475
1.06    0.0037522820449
1.08    0.00361885358995
1.1    0.00347204576929
1.12    0.00336293089199
1.14    0.00326227489559
1.16    0.00315886913333
1.18    0.00305501800057
1.2    0.00295560603977
1.22    0.0028617017392
1.24    0.00277431197258
1.26    0.00297719089127
1.28    0.0031376204053
1.3    0.00325489747534
1.32    0.00333176331875
1.34    0.00336785784212
1.36    0.00336614360055
1.38    0.003334304992
1.4    0.00328221553986
1.42    0.00321916862516
1.44    0.00315618800688
1.46    0.00317979139329
1.48    0.00331551488038
1.5    0.00341371830732
1.52    0.00353173009389
1.54    0.00360795531416
1.56    0.00364675597994
1.58    0.00365405888318
1.6    0.00363008345342
1.62    0.00366964621942
1.64    0.00386108627938
1.66    0.00406654237971
1.68    0.004281384355
1.7    0.00450134551071
1.72    0.00472307134701
1.74    0.00494326300847
1.76    0.00515978927492
1.78    0.00537141833302
1.8    0.00557815646162
1.82    0.00577859258854
1.84    0.00596972272821
1.86    0.00627209095644
1.88    0.00662012648837
1.9    0.00696535498607
1.92    0.00729945587824
1.94    0.00761784935864
1.96    0.00791868648308
1.98    0.00820333220287
2.0    0.00847390431808
2.02    0.00873096007
2.04    0.00897651463381
2.06    0.00920812992553
2.08    0.00942070917259
2.1    0.00961060670023
2.12    0.00977712077343
2.14    0.00992258612823
2.16    0.0100490323675
2.18    0.0101518349556
2.2    0.0102315117261
2.22    0.0103920338662
2.24    0.0106395203133
2.26    0.0109046537024
2.28    0.0111577860581
2.3    0.0113982722978
2.32    0.0116280337018
2.34    0.0118493570747
2.36    0.0120622089013
2.38    0.0122639631971
2.4    0.0124528781231
2.42    0.0126280575157
2.44    0.0127901696421
2.46    0.0129390612914
2.48    0.0130768959011
2.5    0.0132068660417
2.52    0.013329119869
2.54    0.0134425542499
2.56    0.0135458640494
2.58    0.0136379800752
2.6    0.0137198324136
2.62    0.0137944230314
2.64    0.0138611424342
2.66    0.0139186532488
2.68    0.0139638747311
2.7    0.0139962374099
2.72    0.0140150444763
2.74    0.0140207190066
2.76    0.0140143721503
2.78    0.0139978638518
2.8    0.0139745208752
2.82    0.0139503593531
2.84    0.0139264534759
2.86    0.0138986260173
2.88    0.0138658626618
2.9    0.0138278901856
2.92    0.013787385668
2.94    0.0137460527685
2.96    0.0137012969547
2.98    0.0136508239144
3.0    0.013595339541
3.02    0.0135369833857
3.04    0.0134750405886
3.06    0.0134069299283
3.08    0.0133323138964
3.1    0.0132507210071
3.12    0.0131641127255
3.14    0.0130743586126
3.16    0.0130020934008
3.18    0.0129298214749
3.2    0.0128510853122
3.22    0.0127653875827
3.24    0.0126730671078
3.26    0.0125745842388
3.28    0.012470448177
3.3    0.0123611568141
3.32    0.0122471462067
3.34    0.0121287599535
3.36    0.0120062557705
3.38    0.0118800892012
3.4    0.0117505811899
3.42    0.0116184858956
3.44    0.0115053820523
3.46    0.0113949240078
3.48    0.0113567025932
3.5    0.011332412126
3.52    0.0113061561872
3.54    0.0112781810267
3.56    0.011247927165
3.58    0.0112166241507
3.6    0.0113515854336
3.62    0.0115968091439
3.64    0.0118278427786
3.66    0.012037810614
3.68    0.0122257046894
3.7    0.0123920205049
3.72    0.0125380293631
3.74    0.0126637697308
3.76    0.0127696821665
3.78    0.0129678439461
3.8    0.0132463881419
3.82    0.0135071445642
3.84    0.0137510001213
3.86    0.0139759541426
3.88    0.0141847849144
3.9    0.0143845879817
3.92    0.0145870293393
3.94    0.0147861780335
3.96    0.0150043938762
3.98    0.0152139865717
4.0    0.0154235485794
4.02    0.0156233119852
4.04    0.0158014002001
4.06    0.0159612498528
4.08    0.0161027816802
4.1    0.0162342297486
4.12    0.0163585307195
4.14    0.0164623626804
4.16    0.0165460002237
4.18    0.0166125611757
4.2    0.0166658345057
4.22    0.0167115506103
4.24    0.0167438014403
4.26    0.0167569889051
4.28    0.0167520642058
4.3    0.0167365221313
4.32    0.0167118349698
4.34    0.0166808075218
4.36    0.016643110686
4.38    0.0165928696477
4.4    0.0165327324203
4.42    0.016475938465
4.44    0.0164152995221
4.46    0.0163463520258
4.48    0.0162802579765
4.5    0.0162226595149
4.52    0.016156113956
4.54    0.0160869095615
4.56    0.0160209070357
4.58    0.0159650743158
4.6    0.0159064323445
4.62    0.0158439830512
4.64    0.0157754519828
4.66    0.0156980153067
4.68    0.0156091366089
4.7    0.0155083664464
4.72    0.0153962252267
4.74    0.0152758072222
4.76    0.0152232033286
4.78    0.0151912644224
4.8    0.0151514865045
4.82    0.015104313276
4.84    0.0150509576826
4.86    0.0149946568034
4.88    0.0149413620031
4.9    0.0148844704361
4.92    0.0148227249052
4.94    0.0147555705804
4.96    0.0146836121707
4.98    0.0146072607891
5.0    0.0145280308763
5.02    0.0144467953096
5.04    0.0143627562964
5.06    0.0142755887022
5.08    0.0141856303933
5.1    0.0140945404569
5.12    0.0140032167807
5.14    0.0139094492859
5.16    0.0138125698802
5.18    0.0137124057845
5.2    0.0136090560216
5.22    0.0135026837325
5.24    0.0133935164518
5.26    0.0132818333741
5.28    0.0131679402441
5.3    0.0130521442762
5.32    0.0129347461905
5.34    0.0128161569292
5.36    0.0126972462993
5.38    0.0125783998802
5.4    0.0124593157684
5.42    0.012339625282
5.44    0.01221918848
5.46    0.0120982073421
5.48    0.0119766418045
5.5    0.0118546063296
5.52    0.0117322398698
5.54    0.0116097608947
5.56    0.0114875018483
5.58    0.0113658660088
5.6    0.0112450623917
5.62    0.0111248271422
5.64    0.0110047826781
5.66    0.0108848653442
5.68    0.0107650308308
5.7    0.0106452850706
5.72    0.0105259174266
5.74    0.0104067915781
5.76    0.0102879935151
5.78    0.0101696791121
5.8    0.0100520271198
5.82    0.00993503951004
5.84    0.00981883401781
5.86    0.00970348760327
5.88    0.00958903439372
5.9    0.00947547670771
5.92    0.00936280407615
5.94    0.00925101217774
5.96    0.00914014676015
5.98    0.00903032135501
6.0    0.00892143826177
6.02    0.00881354625629
6.04    0.00870782978897
6.06    0.00865885512247
6.08    0.00860983455472
6.1    0.00856071481314
6.12    0.00851171537459
6.14    0.00846257045146
6.16    0.00841363316259
6.18    0.00836455019869
6.2    0.00831571893254
6.22    0.00826679601442
6.24    0.00821803822097
6.26    0.00816935890704
6.28    0.00812066594116
6.3    0.00807222440598
6.32    0.00802389213458
6.34    0.00797561344783
6.36    0.00792744041103
6.38    0.00787962118443
6.4    0.00783191311879
6.42    0.00778433625939
6.44    0.00773690958342
6.46    0.00768981240674
6.48    0.0076429835937
6.5    0.00759634825242
6.52    0.00754992167015
6.54    0.00750371824563
6.56    0.00745785147755
6.58    0.00741234470267
6.6    0.00736709262287
6.62    0.00732210659875
6.64    0.00727739726048
6.66    0.0072329745353
6.68    0.00718898789917
6.7    0.00714534048667
6.72    0.00710199987445
6.74    0.00705897361567
6.76    0.00701626869084
6.78    0.00697389153249
6.8    0.00693544301206
6.82    0.00691930895073
6.84    0.00690331388703
6.86    0.00688745694558
6.88    0.00687173723724
6.9    0.00685615386071
6.92    0.00684070590296
6.94    0.00682539244049
6.96    0.00681021254023
6.98    0.00679516525978
7.0    0.00678024964897
7.02    0.0067654647503
7.04    0.00675080959962
7.06    0.00673628322694
7.08    0.00672188465704
7.1    0.00670761291033
7.12    0.00669346700309
7.14    0.00667944594843
7.16    0.00666554875654
7.18    0.00665177443545
7.2    0.00663812199162
7.22    0.00662459043009
7.24    0.0066111787553
7.26    0.00659788597142
7.28    0.00658471108251
7.3    0.00657165309347
7.32    0.00655871100997
7.34    0.00654588383892
7.36    0.00653317058925
7.38    0.00652057923274
7.4    0.00650812038031
7.42    0.0064957718792
7.44    0.00648353276116
7.46    0.00647140206119
7.48    0.00645937881733
7.5    0.00644746207091
7.52    0.00643565086667
7.54    0.00642394425383
7.56    0.00641234128515
7.58    0.00640084101766
7.6    0.00638944251313
7.62    0.00637814483771
7.64    0.00636694706265
7.66    0.00635584826387
7.68    0.00634484752247
7.7    0.00633394392485
7.72    0.00632313656294
7.74    0.00631242453407
7.76    0.00630180694102
7.78    0.00629128289258
7.8    0.00628085150322
7.82    0.00627051189357
7.84    0.00626026319003
7.86    0.0062501045251
7.88    0.00624003503756
7.9    0.00623005387255
7.92    0.00622016018123
7.94    0.00621035312123
7.96    0.00620063185665
7.98    0.00619099555814
8.0    0.00618144340243
8.02    0.00617197457336
8.04    0.00616258826084
8.06    0.00615328366167
8.08    0.00614405997908
8.1    0.0061349164229
8.12    0.00612585220994
8.14    0.00611686656325
8.16    0.00610795871264
8.18    0.00609912789493
8.2    0.00609037335311
8.22    0.00608169433712
8.24    0.00607309010366
8.26    0.00606455991578
8.28    0.00605610304338
8.3    0.00604771876305
8.32    0.00603940635794
8.34    0.00603116511768
8.36    0.00602299433867
8.38    0.00601489332376
8.4    0.00600686138237
8.42    0.0059988978305
8.44    0.00599100199077
8.46    0.00598317319173
8.48    0.00597541076907
8.5    0.00596771406463
8.52    0.0059600824262
8.54    0.00595251520872
8.56    0.00594501177262
8.58    0.00593757148537
8.6    0.00593019372008
8.62    0.00592287785634
8.64    0.00591562327986
8.66    0.00590842938261
8.68    0.00590129556225
8.7    0.00589422122293
8.72    0.00588720577466
8.74    0.00588024863326
8.76    0.00587334922071
8.78    0.00586650696473
8.8    0.0058597212988
8.82    0.0058529916624
8.84    0.00584631750053
8.86    0.00583969826421
8.88    0.00583313340968
8.9    0.00582662239916
8.92    0.00582016470025
8.94    0.00581375978613
8.96    0.00580740713551
8.98    0.00580110623222
9.0    0.005794856566
9.02    0.00578865763153
9.04    0.00578250892872
9.06    0.0057764099631
9.08    0.00577036024505
9.1    0.00576435929024
9.12    0.00575840661939
9.14    0.00575250175829
9.16    0.00574664423784
9.18    0.00574083359375
9.2    0.00573506936667
9.22    0.00572935110213
9.24    0.00572367835049
9.26    0.00571805066698
9.28    0.00571246761133
9.3    0.00570692874818
9.32    0.00570143364663
9.34    0.00569598188046
9.36    0.00569057302811
9.38    0.00568520667213
9.4    0.00567988239988
9.42    0.00567459980322
9.44    0.00566935847779
9.46    0.00566415802432
9.48    0.00565899804729
9.5    0.00565387815545
9.52    0.00564879796192
9.54    0.00564375708395
9.56    0.00563875514277
9.58    0.00563379176359
9.6    0.00562886657599
9.62    0.00562397921318
9.64    0.00561912931249
9.66    0.00561431651499
9.68    0.00560954046571
9.7    0.00560480081351
9.72    0.00560009721095
9.74    0.00559542931428
9.76    0.00559079678356
9.78    0.00558619928237
9.8    0.00558163647789
9.82    0.00557710804109
9.84    0.00557261364617
9.86    0.00556815297105
9.88    0.0055637256969
9.9    0.00555933150863
9.92    0.00555497009404
9.94    0.00555064114478
9.96    0.00554634435546
9.98    0.00554207942411
10.0    0.00553784605194
