0.05    8.45966000855e-05
0.07    0.000191660621657
0.09    0.000338120069446
0.1    0.000497092873422
0.12    0.000701824373178
0.14    0.0010459958254
0.16    0.00157806249819
0.18    0.00238683331352
0.2    0.00372045336959
0.22    0.00477908908159
0.24    0.00381589787278
0.26    0.00414161857598
0.28    0.00559501322134
0.3    0.00589835143963
0.32    0.00599100752492
0.34    0.00574937058352
0.36    0.00512068379404
0.38    0.00494836426563
0.4    0.00519090666128
0.42    0.00558550121663
0.44    0.00648468085201
0.46    0.00823253914027
0.48    0.00949746358345
0.5    0.0102982393813
0.52    0.0103241952278
0.54    0.0106057947819
0.56    0.0110537167799
0.58    0.0109620921918
0.6    0.0113213605059
0.62    0.0113573695179
0.64    0.0107358738863
0.66    0.0104797251914
0.68    0.0104090601922
0.7    0.0111459401171
0.72    0.0125375815795
0.74    0.0140818537369
0.76    0.0158797134016
0.78    0.0179566296657
0.8    0.0199377098763
0.82    0.0217441461598
0.84    0.0233713043324
0.86    0.024845130777
0.88    0.0261929759755
0.9    0.0274206999764
0.92    0.028527876715
0.94    0.0295048872342
0.96    0.0303415625004
0.98    0.0310340014529
1.0    0.0315887162105
1.02    0.0320308102484
1.04    0.0323619215688
1.06    0.0326028367813
1.08    0.0327763746342
1.1    0.0328877533292
1.12    0.0329573188832
1.14    0.0330193442948
1.16    0.0343054806206
1.18    0.0402323252491
1.2    0.0453849438313
1.22    0.0492384890837
1.24    0.0521860077466
1.26    0.0551671756894
1.28    0.0566918054416
1.3    0.0567798737199
1.32    0.0556071031353
1.34    0.05351528716
1.36    0.0509854277773
1.38    0.0485882778486
1.4    0.0468928857672
1.42    0.0463731618584
1.44    0.0472370015474
1.46    0.0493934362722
1.48    0.0524805498121
1.5    0.0560452054768
1.52    0.0596246548758
1.54    0.0628474147641
1.56    0.0654440840049
1.58    0.0672401949776
1.6    0.0681467875095
1.62    0.0681412976891
1.64    0.0672372417867
1.66    0.0654839955875
1.68    0.063612506428
1.7    0.0620885577278
1.72    0.0601735104571
1.74    0.0591579016056
1.76    0.0574577735475
1.78    0.0550907418876
1.8    0.0534809349657
1.82    0.0525156216722
1.84    0.0517504435491
1.86    0.0515466413939
1.88    0.0510359311025
1.9    0.0517738692654
1.92    0.0524830986518
1.94    0.0530000355577
1.96    0.0533291868638
1.98    0.0534610474665
2.0    0.0534015725637
2.02    0.0531509359484
2.04    0.052711125058
2.06    0.0520931569807
2.08    0.0513074341463
2.1    0.0503755228248
2.12    0.0493307231638
2.14    0.0482030195724
2.16    0.047870262429
2.18    0.0485962363709
2.2    0.0489217500906
2.22    0.0490277957452
2.24    0.0491962128294
2.26    0.0489488693746
2.28    0.0482936298512
2.3    0.0472546721111
2.32    0.0460956683815
2.34    0.0465491495033
2.36    0.0466839319044
2.38    0.0465133139917
2.4    0.0460535836032
2.42    0.0453247021736
2.44    0.0443474850981
2.46    0.0435308344252
2.48    0.0433810924914
2.5    0.0440149424731
2.52    0.0445734268102
2.54    0.0449291026555
2.56    0.0450871923635
2.58    0.045054948056
2.6    0.0448408025172
2.62    0.0444541706391
2.64    0.0439085986811
2.66    0.0432128938704
2.68    0.0423771269478
2.7    0.0415770254433
2.72    0.041404069236
2.74    0.0412288203422
2.76    0.041051423202
2.78    0.040873760827
2.8    0.0406967071241
2.82    0.0405177325542
2.84    0.0403369486111
2.86    0.0401544594596
2.88    0.0399741377867
2.9    0.0397921888007
2.92    0.039692788963
2.94    0.0397219439818
2.96    0.0397437976637
2.98    0.0397585932527
3.0    0.0397684797233
3.02    0.0397756025979
3.04    0.0397762062036
3.06    0.0397705028817
3.08    0.0397586977778
3.1    0.0397444016373
3.12    0.0397261283674
3.14    0.0397022076775
3.16    0.0396728229391
3.18    0.0396381522324
3.2    0.0395998517884
3.22    0.0395597314845
3.24    0.0395147205788
3.26    0.039464981059
3.28    0.0394106708014
3.3    0.0393519437542
3.32    0.039290046108
3.34    0.0392269589563
3.36    0.0391597978502
3.38    0.0390887045801
3.4    0.0390138176513
3.42    0.0389352723858
3.44    0.0388532010153
3.46    0.0387691486886
3.48    0.0386838394903
3.5    0.038595299128
3.52    0.0385036500076
3.54    0.0384090117659
3.56    0.0383115013267
3.58    0.0382112329519
3.6    0.038108318291
3.62    0.038004524823
3.64    0.0378994842527
3.66    0.0377920458315
3.68    0.037682312696
3.7    0.0375703855469
3.72    0.0374563626859
3.74    0.0373403400509
3.76    0.0372224112509
3.78    0.0371026675992
3.8    0.0369823941482
3.82    0.0368615711128
3.84    0.0367391346514
3.86    0.0366151685027
3.88    0.0364897542495
3.9    0.0363629713511
3.92    0.0362348971758
3.94    0.036105607033
3.96    0.0361587939655
3.98    0.0368317168648
4.0    0.03741911713
4.02    0.0379158081409
4.04    0.0383179113742
4.06    0.0386232067642
4.08    0.0388328274068
4.1    0.0389469596666
4.12    0.0389676385903
4.14    0.0388979576594
4.16    0.0387425271381
4.18    0.0385074276748
4.2    0.0381971392033
4.22    0.037815696502
4.24    0.0375460992023
4.26    0.0377577099627
4.28    0.0379411695462
4.3    0.0380968578002
4.32    0.0382242769327
4.34    0.0383254541917
4.36    0.0383982780726
4.38    0.03844664189
4.4    0.0384666003535
4.42    0.0384640408772
4.44    0.0384342193126
4.46    0.0383816745321
4.48    0.0383042914855
4.5    0.0382038986129
4.52    0.0380813039511
4.54    0.0379353367671
4.56    0.0377699769678
4.58    0.0375817971704
4.6    0.0373752097305
4.62    0.0371481426729
4.64    0.0369020296509
4.66    0.0366386399853
4.68    0.0363559246628
4.7    0.0360583997913
4.72    0.0357433099768
4.74    0.0354125482207
4.76    0.0350676198286
4.78    0.0347068520761
4.8    0.0343339072516
4.82    0.0339471281637
4.84    0.0335471392781
4.86    0.0331367545521
4.88    0.0327138643441
4.9    0.0325512471376
4.92    0.0323892595486
4.94    0.032202601702
4.96    0.0326274126458
4.98    0.0332622363408
5.0    0.0338816919281
5.02    0.034485541571
5.04    0.035073573407
5.06    0.0356455989575
5.08    0.0362014518167
5.1    0.0367409823524
5.12    0.0372640588041
5.14    0.0377705774024
5.16    0.0382604695029
5.18    0.0387337005044
5.2    0.0391902645084
5.22    0.0396301781813
5.24    0.0402557492848
5.26    0.0415114571741
5.28    0.0427723013945
5.3    0.0440340988735
5.32    0.0452927318069
5.34    0.0465441651199
5.36    0.0477844681185
5.38    0.0490102175328
5.4    0.0502185886187
5.42    0.0514059110209
5.44    0.052569727992
5.46    0.0537079788155
5.48    0.0548179301419
5.5    0.0558977258622
5.52    0.0569456344883
5.54    0.0579604470305
5.56    0.0589410313958
5.58    0.0598847973016
5.6    0.0607896823095
5.62    0.061654865923
5.64    0.06247923323
5.66    0.0632620970104
5.68    0.0640038572067
5.7    0.0647039735618
5.72    0.0653620088281
5.74    0.0659778487249
5.76    0.0665516257327
5.78    0.0670821257311
5.8    0.0675682167332
5.82    0.0680092593717
5.84    0.0684059520203
5.86    0.0687578981926
5.88    0.0690658438233
5.9    0.069330540047
5.92    0.0695527710828
5.94    0.0697329731857
5.96    0.0698713152877
5.98    0.0699670606798
6.0    0.0700197391636
6.02    0.0700297010017
6.04    0.0699964925306
6.06    0.0699203443775
6.08    0.0698022739408
6.1    0.0696409039076
6.12    0.0694365616488
6.14    0.0691887777186
6.16    0.0688997941527
6.18    0.0685696311748
6.2    0.0681987345216
6.22    0.0677885464761
6.24    0.0673386783877
6.26    0.0668499124637
6.28    0.066323443903
6.3    0.0668990890072
6.32    0.0674642922134
6.34    0.0679984981763
6.36    0.0685004323741
6.38    0.0689719543145
6.4    0.0694113407687
6.42    0.0698207017191
6.44    0.0701983306045
6.46    0.0705458677041
6.48    0.0708625598647
6.5    0.0711484994004
6.52    0.0714051017109
6.54    0.0716313080389
6.56    0.071827501012
6.58    0.0719947562714
6.6    0.0721333128794
6.62    0.0722431276002
6.64    0.0723247049483
6.66    0.0723785775471
6.68    0.0724059186009
6.7    0.0724069917176
6.72    0.0723820777307
6.74    0.0723317987324
6.76    0.0722567945765
6.78    0.0721582759896
6.8    0.0720367618884
6.82    0.0718924583016
6.84    0.071726010775
6.86    0.071538349684
6.88    0.0713306466012
6.9    0.0711027738506
6.92    0.07085538903
6.94    0.070589885581
6.96    0.0703065892037
6.98    0.0700057359841
7.0    0.0696887110206
7.02    0.0693559596615
7.04    0.0690078570776
7.06    0.0686462000985
7.08    0.0682711257196
7.1    0.0678836342974
7.12    0.067484825691
7.14    0.0670746661045
7.16    0.0666540573564
7.18    0.0662240083015
7.2    0.0657853669516
7.22    0.065338905486
7.24    0.0648855094705
7.26    0.064426315002
7.28    0.0639623964005
7.3    0.063494323794
7.32    0.0630224078937
7.34    0.0625484137746
7.36    0.0620741638749
7.38    0.0615989692465
7.4    0.0611229657754
7.42    0.0606466892618
7.44    0.0601693761614
7.46    0.0596907699192
7.48    0.059210974733
7.5    0.058730509572
7.52    0.0582504637237
7.54    0.0579667603675
7.56    0.0578498766546
7.58    0.0577257726982
7.6    0.0575938386874
7.62    0.0574558040807
7.64    0.0573104346554
7.66    0.0571586617779
7.68    0.0570006549153
7.7    0.0568361074291
7.72    0.0566662452096
7.74    0.0564898559451
7.76    0.0563089083519
7.78    0.0561216980455
7.8    0.05593030569
7.82    0.0557331322245
7.84    0.0555320514372
7.86    0.0553256482622
7.88    0.055115700707
7.9    0.0549007647673
7.92    0.0546827397927
7.94    0.0544600194257
7.96    0.0542345854097
7.98    0.0540049486451
8.0    0.0537725892633
8.02    0.0535367443701
8.04    0.053298041439
8.06    0.0530566650774
8.08    0.0528121721121
8.1    0.0525659097594
8.12    0.0523166577875
8.14    0.0520656209975
8.16    0.0518124274596
8.18    0.0515568903703
8.2    0.0513003242824
8.22    0.0510415809112
8.24    0.0507813639615
8.26    0.0505200783874
8.28    0.0502570625808
8.3    0.0499931857292
8.32    0.049728392186
8.34    0.0494622810126
8.36    0.0491956846258
8.38    0.0489284968908
8.4    0.0486603710165
8.42    0.048391919417
8.44    0.0481233576327
8.46    0.047854205499
8.48    0.0475846908194
8.5    0.0473156857592
8.52    0.0470464079211
8.54    0.0467769659136
8.56    0.0465079528999
8.58    0.0462393664594
8.6    0.0459708949881
8.62    0.0457026340924
8.64    0.045435249897
8.66    0.0451684604084
8.68    0.0449021249457
8.7    0.0446363270606
8.72    0.0443715520543
8.74    0.0441077558502
8.76    0.0438447077146
8.78    0.0435824800567
8.8    0.0433211589841
8.82    0.0430613847236
8.84    0.0428026111418
8.86    0.0425449004253
8.88    0.0422883122212
8.9    0.0420329037206
8.92    0.0417792158025
8.94    0.041526822043
8.96    0.0412757470194
8.98    0.0410260389915
9.0    0.0407777440421
9.02    0.0405309579386
9.04    0.0402860298324
9.06    0.0400426240033
9.08    0.0398007786307
9.1    0.039560529957
9.12    0.0393219123297
9.14    0.0390849582557
9.16    0.0388497289922
9.18    0.0386165012689
9.2    0.0383850101598
9.22    0.0381552816165
9.24    0.0379273399814
9.26    0.0377012080322
9.28    0.037476907014
9.3    0.0372544567076
9.32    0.0370338754421
9.34    0.036815180163
9.36    0.0365985180633
9.38    0.0363838289048
9.4    0.0361710578084
9.42    0.0359602168373
9.44    0.035751316829
9.46    0.0355443674888
9.48    0.0353393773743
9.5    0.0351363539537
9.52    0.0349353036448
9.54    0.0347362318481
9.56    0.0345391429671
9.58    0.0343440404533
9.6    0.0341509268447
9.62    0.0339598037806
9.64    0.0337706720446
9.66    0.0335835315865
9.68    0.0333983815638
9.7    0.0332152203592
9.72    0.0330340456135
9.74    0.0328548542517
9.76    0.0326776425128
9.78    0.0325024059723
9.8    0.0323291395676
9.82    0.0322253050002
9.84    0.0321706136948
9.86    0.0321154274899
9.88    0.032059770206
9.9    0.0320036651364
9.92    0.0319475121839
9.94    0.0318910456593
9.96    0.0318893377413
9.98    0.0318894625624
10.0    0.0318895723105
