0.05    0.000144506029736
0.07    0.000289081954707
0.09    0.00051136127729
0.1    0.000683071151444
0.12    0.00105126210708
0.14    0.00160876648122
0.16    0.00270972026309
0.18    0.00392553932481
0.2    0.00628014827411
0.22    0.00783955736523
0.24    0.00840286776212
0.26    0.00895361200469
0.28    0.00992644987486
0.3    0.0109300471201
0.32    0.0113142744734
0.34    0.0109827010835
0.36    0.0109810219468
0.38    0.0125579129886
0.4    0.0139241131796
0.42    0.0145635043609
0.44    0.0151259099355
0.46    0.0160114667733
0.48    0.0167251663365
0.5    0.0181092251463
0.52    0.0191929631357
0.54    0.0190999329291
0.56    0.0181081306731
0.58    0.0182208208617
0.6    0.0183837301137
0.62    0.0188587801477
0.64    0.0195955619956
0.66    0.0203494573349
0.68    0.0209403226891
0.7    0.0213637176624
0.72    0.0217297798585
0.74    0.0221409156714
0.76    0.02267124829
0.78    0.0233418845276
0.8    0.0241374907956
0.82    0.0250605035618
0.84    0.0261672424315
0.86    0.0275379433635
0.88    0.0323593281364
0.9    0.0366114552908
0.92    0.03906476727
0.94    0.0389659148019
0.96    0.0362374195776
0.98    0.0367722570951
1.0    0.0380047029782
1.02    0.0390790398341
1.04    0.0400113170351
1.06    0.0407923590095
1.08    0.0414433692841
1.1    0.0419925854312
1.12    0.0424703586117
1.14    0.0429266259838
1.16    0.0433814375558
1.18    0.043825104281
1.2    0.0442305757514
1.22    0.0445939580646
1.24    0.0449237247566
1.26    0.045236604989
1.28    0.0456181737135
1.3    0.0462293525785
1.32    0.0469378422257
1.34    0.0476505470006
1.36    0.0483462621709
1.38    0.049059089559
1.4    0.0499195111508
1.42    0.0509020452898
1.44    0.0518973417563
1.46    0.0553360354213
1.48    0.0595708433624
1.5    0.0634962547591
1.52    0.0671171835123
1.54    0.0704251605927
1.56    0.0734343689406
1.58    0.076156889177
1.6    0.0786000972148
1.62    0.0807712573061
1.64    0.0826835211765
1.66    0.0843593221903
1.68    0.0858278160658
1.7    0.0871351206713
1.72    0.0883092679695
1.74    0.0893643967213
1.76    0.0903041462688
1.78    0.0911396441196
1.8    0.0928809175483
1.82    0.0948183844823
1.84    0.0964978915712
1.86    0.0978872623659
1.88    0.0989721906621
1.9    0.0997348404068
1.92    0.100154287853
1.94    0.102387646041
1.96    0.104745213325
1.98    0.106513522572
2.0    0.107708093182
2.02    0.108377184939
2.04    0.108563182179
2.06    0.108313947624
2.08    0.107707164731
2.1    0.106787618207
2.12    0.106225740428
2.14    0.106421580511
2.16    0.106300997243
2.18    0.105872795544
2.2    0.105145701317
2.22    0.104118599405
2.24    0.102791036218
2.26    0.10113822182
2.28    0.0991594493368
2.3    0.0968504902638
2.32    0.0967121956571
2.34    0.0967863375802
2.36    0.0968242182066
2.38    0.0968159872074
2.4    0.0967621571388
2.42    0.0966495477214
2.44    0.0964837848731
2.46    0.096263685769
2.48    0.0959876232354
2.5    0.0956576175201
2.52    0.0952757140352
2.54    0.0948439741595
2.56    0.0943644694196
2.58    0.0938392779698
2.6    0.0932704822438
2.62    0.0926601671234
2.64    0.0920104182456
2.66    0.0913233208646
2.68    0.0906033767574
2.7    0.0898533459867
2.72    0.0890724202372
2.74    0.0882625780874
2.76    0.0874257983012
2.78    0.0865681088516
2.8    0.0856897486366
2.82    0.0847900733095
2.84    0.0838708536973
2.86    0.0829387419629
2.88    0.0819920587495
2.9    0.0810304030395
2.92    0.0800576160538
2.94    0.0790770804496
2.96    0.0780850730331
2.98    0.0770859645541
3.0    0.0760817136674
3.02    0.0750683478809
3.04    0.0740548215632
3.06    0.0730341034024
3.08    0.0720128526711
3.1    0.0709875928848
3.12    0.0700469888466
3.14    0.0700139462272
3.16    0.0699702452105
3.18    0.069923679618
3.2    0.0698686774982
3.22    0.0698075346535
3.24    0.069742445161
3.26    0.0696688043845
3.28    0.0695923589836
3.3    0.0695104131725
3.32    0.069421016516
3.34    0.0693299502542
3.36    0.0692337829725
3.38    0.0691311284293
3.4    0.0690261785347
3.42    0.068918071762
3.44    0.0688043211363
3.46    0.0686863855321
3.48    0.0685683137327
3.5    0.0684453363283
3.52    0.0683177304904
3.54    0.0681891955204
3.56    0.0680586069753
3.58    0.0679240047995
3.6    0.0677856235729
3.62    0.0676483210954
3.64    0.0676041704594
3.66    0.0687400537917
3.68    0.0698172329954
3.7    0.0708358574408
3.72    0.0717962118398
3.74    0.0727002018717
3.76    0.0735476761209
3.78    0.0743386978662
3.8    0.0750739994579
3.82    0.0757544296513
3.84    0.0763809390198
3.86    0.0769559115125
3.88    0.077480516787
3.9    0.0779544629629
3.92    0.0783788947562
3.94    0.0787549627567
3.96    0.0790840677912
3.98    0.0793699270548
4.0    0.0796109246246
4.02    0.0798081893079
4.04    0.0799628458454
4.06    0.080077622125
4.08    0.0801541106468
4.1    0.0801914815665
4.12    0.0801908890873
4.14    0.0801552557972
4.16    0.0800861897613
4.18    0.0799827355211
4.2    0.0798461392304
4.22    0.080315037653
4.24    0.0808556207971
4.26    0.0813123361095
4.28    0.0816863742573
4.3    0.0819778593723
4.32    0.0821867125915
4.34    0.0823174974789
4.36    0.0823694041884
4.38    0.0823485401376
4.4    0.0822561980274
4.42    0.0820975854298
4.44    0.0818780352679
4.46    0.0816027343599
4.48    0.0812776465653
4.5    0.0809105775526
4.52    0.0805097848426
4.54    0.0800754764531
4.56    0.0796026184729
4.58    0.0790842313885
4.6    0.0785192928387
4.62    0.0779060912031
4.64    0.0772488736088
4.66    0.0765474955549
4.68    0.0758081153802
4.7    0.0750333365154
4.72    0.0742281609067
4.74    0.0733968332482
4.76    0.0725423449064
4.78    0.0719688650123
4.8    0.0721282732606
4.82    0.0722426304138
4.84    0.0722716025187
4.86    0.0722140661415
4.88    0.0720699111146
4.9    0.0718412015801
4.92    0.0715299120871
4.94    0.0711378016724
4.96    0.0706697927549
4.98    0.070128016224
5.0    0.0695194788431
5.02    0.0688481705269
5.04    0.0681201570167
5.06    0.0673408146603
5.08    0.0665125893579
5.1    0.0656381064776
5.12    0.0647215474512
5.14    0.0637668607657
5.16    0.0627780829506
5.18    0.06176030141
5.2    0.0607191459001
5.22    0.0596594332652
5.24    0.058587190028
5.26    0.0576587589644
5.28    0.0574110095255
5.3    0.0571467537455
5.32    0.0568657182941
5.34    0.0565688880265
5.36    0.0562585533878
5.38    0.0559347023957
5.4    0.0555983776268
5.42    0.0552511819379
5.44    0.0548929373978
5.46    0.0545256776259
5.48    0.0541492912977
5.5    0.053765130975
5.52    0.053501979546
5.54    0.0533794048661
5.56    0.0532575832196
5.58    0.0531365157753
5.6    0.0530162034488
5.62    0.0528966469133
5.64    0.0527778466081
5.66    0.0526598027479
5.68    0.0525425153319
5.7    0.0524259841518
5.72    0.052310208801
5.74    0.0521951886823
5.76    0.0520809270162
5.78    0.0519678922026
5.8    0.0518555986829
5.82    0.0517440454164
5.84    0.0516332312009
5.86    0.0515231546797
5.88    0.0514138143504
5.9    0.0513052085668
5.92    0.0511973355495
5.94    0.0510901933889
5.96    0.0509837800506
5.98    0.0508780933829
6.0    0.0507731311195
6.02    0.0506688908875
6.04    0.0505653702097
6.06    0.0504625665101
6.08    0.0503604771192
6.1    0.0502590992778
6.12    0.0501584301413
6.14    0.0500584667841
6.16    0.0499592062033
6.18    0.0498606453227
6.2    0.0497627809969
6.22    0.0496656100136
6.24    0.049569129099
6.26    0.0494733349199
6.28    0.0493782240863
6.3    0.0492837931569
6.32    0.04919003864
6.34    0.0490969569967
6.36    0.0490045446456
6.38    0.0489127979613
6.4    0.0488217132835
6.42    0.0487312869126
6.44    0.0486415151167
6.46    0.0485524551058
6.48    0.0484641954874
6.5    0.0483765738781
6.52    0.048289586547
6.54    0.0482032297365
6.56    0.0481174996688
6.58    0.048032392543
6.6    0.0479479045401
6.62    0.0478640318222
6.64    0.0477807705379
6.66    0.0476981168201
6.68    0.047616066791
6.7    0.047534616561
6.72    0.0474537622316
6.74    0.0473734998968
6.76    0.0472938256442
6.78    0.0472147355565
6.8    0.0471362257123
6.82    0.0470582921879
6.84    0.046980931059
6.86    0.0469041384016
6.88    0.0468279102908
6.9    0.0467522428056
6.92    0.0466771320272
6.94    0.0466025740416
6.96    0.0465285649403
6.98    0.046455100819
7.0    0.0463821777817
7.02    0.0463097919399
7.04    0.0462379394135
7.06    0.0461666163313
7.08    0.0460958188322
7.1    0.0460255430667
7.12    0.0459557851956
7.14    0.0458865413921
7.16    0.0458178078421
7.18    0.0457495807441
7.2    0.0456818563117
7.22    0.0456146307713
7.24    0.0455479003652
7.26    0.0454816613511
7.28    0.0454159100008
7.3    0.0453506426044
7.32    0.0452858554672
7.34    0.0452215449117
7.36    0.0451577072793
7.38    0.0450943389278
7.4    0.0450314362323
7.42    0.0449689955885
7.44    0.0449070134084
7.46    0.0448454861249
7.48    0.0447844101898
7.5    0.0447237820738
7.52    0.0446635982664
7.54    0.0446038552803
7.56    0.0445445496456
7.58    0.0444856779131
7.6    0.0444272366552
7.62    0.0443692224641
7.64    0.0443116319538
7.66    0.0442544617585
7.68    0.0441977085334
7.7    0.0441413689555
7.72    0.0440854397235
7.74    0.044029917557
7.76    0.0439747991968
7.78    0.0439200814059
7.8    0.0438657609691
7.82    0.043811834693
7.84    0.0437582994059
7.86    0.0437051519572
7.88    0.0436523892192
7.9    0.0436000080861
7.92    0.0435480054734
7.94    0.0434963783185
7.96    0.0434451235814
7.98    0.0433942382445
8.0    0.0433437193102
8.02    0.0432935638051
8.04    0.0432437687762
8.06    0.0431943312931
8.08    0.043145248447
8.1    0.0430965173503
8.12    0.0430481351392
8.14    0.0430000989692
8.16    0.0429524060183
8.18    0.0429050534878
8.2    0.0428580385976
8.22    0.0428113585913
8.24    0.0427650107338
8.26    0.04271899231
8.28    0.0426733006272
8.3    0.0426279330141
8.32    0.0425828868202
8.34    0.0425381594154
8.36    0.0424937481917
8.38    0.042449650561
8.4    0.0424058639564
8.42    0.0423623858318
8.44    0.0423192136623
8.46    0.0422763449413
8.48    0.0422337771854
8.5    0.0421915079301
8.52    0.0421495347299
8.54    0.0421078551626
8.56    0.0420664668218
8.58    0.0420253673253
8.6    0.0419845543073
8.62    0.0419440254231
8.64    0.0419037783472
8.66    0.0418638107742
8.68    0.0418241204161
8.7    0.0417847050062
8.72    0.0417455622962
8.74    0.0417066900557
8.76    0.0416680860749
8.78    0.0416297481611
8.8    0.0415916741405
8.82    0.0415538618586
8.84    0.0415163091783
8.86    0.0414790139814
8.88    0.0414419741669
8.9    0.0414051876527
8.92    0.0413686523735
8.94    0.0413323662828
8.96    0.0412963273511
8.98    0.0412605335655
9.0    0.0412249829325
9.02    0.0411896734738
9.04    0.0411546032287
9.06    0.0411197702545
9.08    0.0410851726238
9.1    0.0410508084267
9.12    0.0410166757694
9.14    0.040982772775
9.16    0.0409490975832
9.18    0.040915648349
9.2    0.0408824232439
9.22    0.040849420455
9.24    0.0408166381857
9.26    0.0407840746551
9.28    0.0407517280969
9.3    0.0407195967618
9.32    0.0406876789141
9.34    0.0406559728345
9.36    0.0406244768188
9.38    0.0405931891761
9.4    0.0405621082319
9.42    0.0405312323273
9.44    0.0405005598142
9.46    0.0404700890635
9.48    0.0404398184577
9.5    0.0404097463935
9.52    0.0403798712824
9.54    0.0403501915506
9.56    0.0403207056366
9.58    0.0402914119929
9.6    0.0402623090869
9.62    0.0402333953985
9.64    0.040204669421
9.66    0.0401761296607
9.68    0.0401477746381
9.7    0.0401196028857
9.72    0.0400916129496
9.74    0.040063803388
9.76    0.0400361727728
9.78    0.0400087196874
9.8    0.0399814427278
9.82    0.0399543405038
9.84    0.0399274116356
9.86    0.039900654757
9.88    0.0398740685123
9.9    0.0398476515602
9.92    0.039821402568
9.94    0.0397953202175
9.96    0.0397694032007
9.98    0.0397436502218
10.0    0.0397180599958
