0.05    2.8207237142e-05
0.07    0.000106578532797
0.09    0.000155015012134
0.1    0.000232129658841
0.12    0.000399596503531
0.14    0.000361808141149
0.16    0.000627872319552
0.18    0.000870650536971
0.2    0.000786165705389
0.22    0.000896537947109
0.24    0.0010943720165
0.26    0.00111410461755
0.28    0.00101842534327
0.3    0.00121541353324
0.32    0.00140621784347
0.34    0.00141244478563
0.36    0.00135825262021
0.38    0.00144121591513
0.4    0.00147221862695
0.42    0.00127061714645
0.44    0.00132853940088
0.46    0.00130022928466
0.48    0.00111389650438
0.5    0.00131953047028
0.52    0.0014638697125
0.54    0.00162621205837
0.56    0.0017366859428
0.58    0.00176927317239
0.6    0.0022689600555
0.62    0.00274327214953
0.64    0.00317548734778
0.66    0.00335575132669
0.68    0.00336267576046
0.7    0.00324974859534
0.72    0.00315009029785
0.74    0.00317732167942
0.76    0.00329185544853
0.78    0.0033699936197
0.8    0.00325293811091
0.82    0.00296031013384
0.84    0.00259231255095
0.86    0.00228637874718
0.88    0.00212508459213
0.9    0.00207337913699
0.92    0.00202341710295
0.94    0.00189344503095
0.96    0.00198800926637
0.98    0.00220418426595
1.0    0.00240040533407
1.02    0.00261493209678
1.04    0.00275207466964
1.06    0.00280167358804
1.08    0.00276381703821
1.1    0.00265535878117
1.12    0.00265884748125
1.14    0.00270810336238
1.16    0.00291678663309
1.18    0.00307914022428
1.2    0.0031617385625
1.22    0.00322435351531
1.24    0.00328749646916
1.26    0.00334414086286
1.28    0.00342087084239
1.3    0.00357239214151
1.32    0.00366644246351
1.34    0.00371572048374
1.36    0.00403020739534
1.38    0.00431688825594
1.4    0.00455532668634
1.42    0.0047271147063
1.44    0.0048241268916
1.46    0.00494700696779
1.48    0.00511122607015
1.5    0.00522829972635
1.52    0.00530075048953
1.54    0.00533679815723
1.56    0.00541265747615
1.58    0.00553048646444
1.6    0.005582656269
1.62    0.00556545599699
1.64    0.00578210832746
1.66    0.00596982841318
1.68    0.0061279771912
1.7    0.00625771813253
1.72    0.0063607119846
1.74    0.00643910211091
1.76    0.00649541539565
1.78    0.0065323609939
1.8    0.00655270885565
1.82    0.00656141430405
1.84    0.00656039903669
1.86    0.00654978808324
1.88    0.00652902655907
1.9    0.0064988896986
1.92    0.00646021794207
1.94    0.00641368712503
1.96    0.00636145776054
1.98    0.00630356135262
2.0    0.00624132455032
2.02    0.00617574152744
2.04    0.00610800072641
2.06    0.00603767833183
2.08    0.00596766912113
2.1    0.00589676383652
2.12    0.00582543787709
2.14    0.00575535147802
2.16    0.00568629164429
2.18    0.00561800651383
2.2    0.00555076429963
2.22    0.00548536377452
2.24    0.00542192494844
2.26    0.00535984407166
2.28    0.00536061053297
2.3    0.00537054185122
2.32    0.005289712055
2.34    0.00514237493693
2.36    0.00509981858542
2.38    0.00505774944821
2.4    0.00501700695755
2.42    0.00500766414189
2.44    0.00501070126896
2.46    0.00501753431764
2.48    0.0050858131446
2.5    0.00514414989191
2.52    0.00519073473438
2.54    0.00534895239888
2.56    0.00562509881912
2.58    0.00587084065438
2.6    0.00607188342302
2.62    0.0062198878496
2.64    0.00631209262389
2.66    0.00635093244158
2.68    0.00634299605333
2.7    0.00629804542244
2.72    0.00622914257784
2.74    0.00615077466928
2.76    0.00607794853024
2.78    0.00602579045418
2.8    0.00600697128811
2.82    0.00603113556438
2.84    0.00610262034388
2.86    0.00622108947439
2.88    0.00638103869662
2.9    0.00657333510304
2.92    0.00678653009456
2.94    0.00700839369582
2.96    0.00722678904573
2.98    0.00743803040222
3.0    0.00774469850984
3.02    0.00802178746145
3.04    0.00826003863083
3.06    0.00845554040388
3.08    0.00860361949683
3.1    0.00870008505171
3.12    0.00874072792828
3.14    0.00873316374699
3.16    0.00868068551784
3.18    0.00857051201316
3.2    0.00840100361884
3.22    0.00817991822597
3.24    0.00791639749414
3.26    0.0076114585938
3.28    0.00727066116982
3.3    0.00690295208548
3.32    0.0065187541879
3.34    0.0064713933786
3.36    0.00650349025462
3.38    0.00659485832323
3.4    0.00667643961232
3.42    0.00674145622298
3.44    0.00679038342988
3.46    0.00682447115153
3.48    0.00684487965161
3.5    0.00685251169173
3.52    0.00684833842157
3.54    0.00683308621089
3.56    0.00680659519836
3.58    0.00678770529203
3.6    0.00678271166132
3.62    0.0067669689951
3.64    0.00675411551248
3.66    0.00675314813523
3.68    0.00674486589376
3.7    0.00673261575939
3.72    0.00671291016894
3.74    0.00668517434658
3.76    0.00664991976899
3.78    0.00660784626893
3.8    0.0067293612283
3.82    0.00692516767083
3.84    0.00709960132147
3.86    0.00725380452493
3.88    0.00738767411167
3.9    0.00749968154801
3.92    0.00758936051091
3.94    0.00765669252635
3.96    0.00770306293014
3.98    0.0077309787373
4.0    0.00774231492938
4.02    0.00773629334927
4.04    0.00771285456458
4.06    0.00767320095716
4.08    0.00761842718381
4.1    0.00754972243157
4.12    0.00746868961557
4.14    0.00737765647448
4.16    0.00727853285165
4.18    0.00717257230731
4.2    0.00706031370927
4.22    0.00694271723602
4.24    0.00682094227226
4.26    0.00669484740296
4.28    0.00656392090291
4.3    0.00642828683852
4.32    0.00628868707276
4.34    0.00618991611175
4.36    0.00616839717607
4.38    0.00614419899728
4.4    0.00612475423963
4.42    0.0061032836843
4.44    0.00607623782115
4.46    0.00604345848618
4.48    0.00600522923679
4.5    0.00596141544509
4.52    0.00591203176432
4.54    0.00585709336289
4.56    0.00579656772843
4.58    0.0057304213845
4.6    0.00565866870738
4.62    0.00558140237593
4.64    0.00549883971502
4.66    0.00541122925139
4.68    0.00531859420161
4.7    0.00522113249137
4.72    0.00511900898943
4.74    0.00511668781227
4.76    0.00513015163573
4.78    0.00514408301797
4.8    0.00515817014847
4.82    0.00517228120276
4.84    0.00518634806204
4.86    0.00520047010376
4.88    0.00521424628575
4.9    0.00522755928003
4.92    0.00524029633827
4.94    0.0052526655067
4.96    0.00526430725594
4.98    0.00527506977555
5.0    0.00528486073167
5.02    0.00529382945209
5.04    0.00530181598101
5.06    0.00530859096148
5.08    0.00531408424568
5.1    0.00531844507717
5.12    0.00532159289698
5.14    0.00532328430853
5.16    0.00532347123535
5.18    0.00532240459928
5.2    0.00531987105936
5.22    0.00531572097786
5.24    0.00531003184132
5.26    0.00530298227688
5.28    0.00529424718458
5.3    0.00528391542606
5.32    0.00527218037432
5.34    0.00526358327198
5.36    0.0052551547869
5.38    0.00524528878349
5.4    0.00523365818719
5.42    0.00522027291757
5.44    0.00520554439131
5.46    0.00518906939447
5.48    0.00517086172067
5.5    0.00515114842317
5.52    0.00512992818832
5.54    0.00510702905534
5.56    0.00508247578376
5.58    0.00505663099104
5.6    0.00511430429874
5.62    0.00523205957379
5.64    0.00534556394278
5.66    0.00545453812926
5.68    0.00555863401935
5.7    0.00565765460349
5.72    0.0057514770294
5.74    0.00584005283184
5.76    0.00592365466612
5.78    0.00600262234696
5.8    0.00607691769049
5.82    0.00614640898051
5.84    0.00621118663603
5.86    0.00627175512783
5.88    0.00632749558852
5.9    0.0063774798338
5.92    0.00642123352587
5.94    0.00645851710364
5.96    0.00648956392947
5.98    0.00651448956829
6.0    0.00653396727406
6.02    0.00654879028625
6.04    0.00656122835714
6.06    0.00657115118167
6.08    0.00658427802629
6.1    0.00659430961715
6.12    0.00659947134933
6.14    0.00660042867114
6.16    0.00660224865809
6.18    0.00660508123111
6.2    0.00661015462081
6.22    0.00661342359359
6.24    0.00661581048215
6.26    0.00661860647135
6.28    0.00662170458358
6.3    0.00662443346504
6.32    0.00662635927765
6.34    0.0066275347552
6.36    0.00665512623331
6.38    0.00677267219942
6.4    0.00688671736475
6.42    0.00699674922015
6.44    0.00710275250046
6.46    0.0072050179133
6.48    0.00730302630613
6.5    0.00739700766002
6.52    0.0074868893514
6.54    0.00757250905681
6.56    0.00765412086301
6.58    0.00773147944358
6.6    0.00780474357124
6.62    0.00787402272012
6.64    0.00793933662884
6.66    0.00800760236283
6.68    0.00807672419745
6.7    0.00814216090714
6.72    0.00820386404357
6.74    0.00826182547831
6.76    0.0083160643676
6.78    0.00836660489815
6.8    0.00841345615673
6.82    0.00845659533958
6.84    0.00849595761245
6.86    0.00853161927547
6.88    0.00856363225798
6.9    0.00859178266788
6.92    0.00861653073985
6.94    0.00863742776589
6.96    0.0086550499737
6.98    0.00866898161049
7.0    0.0086797152797
7.02    0.00868703260839
7.04    0.00869116622589
7.06    0.00869226529926
7.08    0.00869028595605
7.1    0.00868536864233
7.12    0.00867774693093
7.14    0.00866730901308
7.16    0.00865407972198
7.18    0.00863836296884
7.2    0.00861996383711
7.22    0.00859907217061
7.24    0.00857573681009
7.26    0.00855000729248
7.28    0.00852200511952
7.3    0.0084917751483
7.32    0.00845943843537
7.34    0.00842504359453
7.36    0.00838876054425
7.38    0.00835054494834
7.4    0.00831073177343
7.42    0.00826931126325
7.44    0.00822668215115
7.46    0.00818330428425
7.48    0.00813894375075
7.5    0.0080934896142
7.52    0.00804683009464
7.54    0.00799894257133
7.56    0.0079499791382
7.58    0.00789982352228
7.6    0.00784857785687
7.62    0.00779630304805
7.64    0.00774305216075
7.66    0.00768880876647
7.68    0.0076338182717
7.7    0.00757791145258
7.72    0.00752130115177
7.74    0.00746403968136
7.76    0.0074060610145
7.78    0.00734755132257
7.8    0.00728857459838
7.82    0.00722906493211
7.84    0.00716910078758
7.86    0.0071089206747
7.88    0.00704837675267
7.9    0.0069875248847
7.92    0.00692645469962
7.94    0.0068653290433
7.96    0.0068040443064
7.98    0.00674264945587
8.0    0.00668119172028
8.02    0.00661980305785
8.04    0.0065584983978
8.06    0.00649725495913
8.08    0.00643611335561
8.1    0.00637511255666
8.12    0.00631428991296
8.14    0.00625375102966
8.16    0.00619349418672
8.18    0.00613351170774
8.2    0.00607383487393
8.22    0.00601449348091
8.24    0.00595551586493
8.26    0.00589692893117
8.28    0.00583875818781
8.3    0.0057810277752
8.32    0.0057237717832
8.34    0.00566704263569
8.36    0.00561081340137
8.38    0.00555510322064
8.4    0.00549993002566
8.42    0.00544531057293
8.44    0.00539126047615
8.46    0.00533779423556
8.48    0.00528492527715
8.5    0.00523266597919
8.52    0.00518102770458
8.54    0.00513002083912
8.56    0.0050796548137
8.58    0.00502993814618
8.6    0.00498087846337
8.62    0.00493248253723
8.64    0.00488475631356
8.66    0.00483770494331
8.68    0.00479133280852
8.7    0.0047456435564
8.72    0.00470064012502
8.74    0.00465632477049
8.76    0.00461269909764
8.78    0.00456976408443
8.8    0.00452752010922
8.82    0.00448596697784
8.84    0.00444510394734
8.86    0.0044049297529
8.88    0.00436544262885
8.9    0.0043266403364
8.92    0.00428852018338
8.94    0.00425109709272
8.96    0.00421782751677
8.98    0.00420468778122
9.0    0.00419161444066
9.02    0.00417860832098
9.04    0.00416567020579
9.06    0.00415280083832
9.08    0.00414000092121
9.1    0.00412727111837
9.12    0.00411461205576
9.14    0.00410202432256
9.16    0.00408950847228
9.18    0.00407706502308
9.2    0.0040646944595
9.22    0.00405239723286
9.24    0.00404017376256
9.26    0.00402802443699
9.28    0.00401594961367
9.3    0.00400394962155
9.32    0.00399202476013
9.34    0.00398017530176
9.36    0.00396840149173
9.38    0.00395670354875
9.4    0.00394508166656
9.42    0.00393353601475
9.44    0.00392206673761
9.46    0.00391067395803
9.48    0.00389935777539
9.5    0.00388811826727
9.52    0.0038769554906
9.54    0.00386586948206
9.56    0.00385486025805
9.58    0.00384392781594
9.6    0.00383307213514
9.62    0.00382229317665
9.64    0.00381159088432
9.66    0.00380096518505
9.68    0.00379041598999
9.7    0.00377994319435
9.72    0.0037695466784
9.74    0.00375922630765
9.76    0.00374898193381
9.78    0.00373881339482
9.8    0.00372872051544
9.82    0.00371870310837
9.84    0.00370876097349
9.86    0.00369889389952
9.88    0.0036891016634
9.9    0.00367938403206
9.92    0.00366974076089
9.94    0.00366017159632
9.96    0.00365067627448
9.98    0.00364125452274
10.0    0.00363190605923
