0.05    0.000131547671894
0.07    0.000335453981648
0.09    0.000819635481539
0.1    0.000897514854395
0.12    0.00139835515261
0.14    0.00197037616885
0.16    0.00388982728442
0.18    0.00266107503153
0.2    0.00309593131516
0.22    0.00353863731766
0.24    0.00488008294369
0.26    0.00590675796899
0.28    0.00638914540037
0.3    0.006442719477
0.32    0.00725228860482
0.34    0.0073840683056
0.36    0.0081148672914
0.38    0.00871771221201
0.4    0.012416681062
0.42    0.0153670465176
0.44    0.0145351985992
0.46    0.0128553329457
0.48    0.0104336875973
0.5    0.0107330887314
0.52    0.00972915748203
0.54    0.0109849596434
0.56    0.0129682294096
0.58    0.0154957234421
0.6    0.0175501252486
0.62    0.0194027832536
0.64    0.0209255969849
0.66    0.0218883118647
0.68    0.0222504186524
0.7    0.0230926134244
0.72    0.0239543549494
0.74    0.0243667531918
0.76    0.0243548117957
0.78    0.0240454819907
0.8    0.0245407472553
0.82    0.0248491580677
0.84    0.0249828466887
0.86    0.0249661668398
0.88    0.0248197600251
0.9    0.0245269315604
0.92    0.0240861683246
0.94    0.0235132107672
0.96    0.022845751247
0.98    0.0221390822755
1.0    0.0223214466248
1.02    0.0236955964302
1.04    0.0261353481573
1.06    0.0281535434538
1.08    0.0294671753512
1.1    0.0296391448852
1.12    0.0322748660284
1.14    0.0347011690352
1.16    0.0361557528468
1.18    0.0372716216325
1.2    0.0383533586044
1.22    0.0394016134727
1.24    0.0403877409005
1.26    0.0413246334905
1.28    0.0420987074318
1.3    0.0453295561453
1.32    0.0482885035943
1.34    0.050740531997
1.36    0.0526247368911
1.38    0.0540844757171
1.4    0.0555117971768
1.42    0.0576564903188
1.44    0.0585440172867
1.46    0.0589011990133
1.48    0.0596383523697
1.5    0.0603449573309
1.52    0.061140745745
1.54    0.0621339748386
1.56    0.0634006259634
1.58    0.0649849903833
1.6    0.0668777251252
1.62    0.0690328246189
1.64    0.0713730274289
1.66    0.0737949285748
1.68    0.0761779380713
1.7    0.0784172807037
1.72    0.080428251703
1.74    0.0821283564778
1.76    0.0834666611392
1.78    0.0844262815408
1.8    0.0850033120497
1.82    0.085223262588
1.84    0.0851252381147
1.86    0.0847869532699
1.88    0.0843031055725
1.9    0.0837739973506
1.92    0.0832839793484
1.94    0.0828944507093
1.96    0.0826348956225
1.98    0.082540738683
2.0    0.0826416030592
2.02    0.0829643636164
2.04    0.0835195736112
2.06    0.0842962255196
2.08    0.085275826098
2.1    0.0864313964424
2.12    0.0877293544057
2.14    0.0891443003426
2.16    0.0906441893506
2.18    0.0922004399007
2.2    0.0937742306688
2.22    0.0953465413123
2.24    0.0969333519609
2.26    0.0991629443306
2.28    0.101392088467
2.3    0.103538504821
2.32    0.10558412607
2.34    0.107513622927
2.36    0.109304678528
2.38    0.110938148838
2.4    0.112396604178
2.42    0.113665024079
2.44    0.114731211404
2.46    0.117934917144
2.48    0.12045232371
2.5    0.122065828516
2.52    0.12271052159
2.54    0.122423771364
2.56    0.121316885477
2.58    0.119498899331
2.6    0.117042219982
2.62    0.115593160808
2.64    0.114753266919
2.66    0.113715527785
2.68    0.112492316722
2.7    0.111109879866
2.72    0.109603744726
2.74    0.108014334459
2.76    0.10636080257
2.78    0.10464288518
2.8    0.102856191292
2.82    0.101004707012
2.84    0.0991000256576
2.86    0.0988107355553
2.88    0.102256301351
2.9    0.106118328646
2.92    0.110245592529
2.94    0.114506347543
2.96    0.118785573977
2.98    0.122997914963
3.0    0.127081327959
3.02    0.130994790854
3.04    0.134709179611
3.06    0.138212899575
3.08    0.141496619529
3.1    0.14455850875
3.12    0.147403938684
3.14    0.150040798932
3.16    0.152490399147
3.18    0.154772772611
3.2    0.156901680469
3.22    0.158883906309
3.24    0.160711779826
3.26    0.162380411821
3.28    0.163877646175
3.3    0.165202384231
3.32    0.166354483412
3.34    0.167651793284
3.36    0.168954281043
3.38    0.169986928185
3.4    0.170714483514
3.42    0.171102942692
3.44    0.171135286514
3.46    0.170819911823
3.48    0.170163696444
3.5    0.169178836155
3.52    0.168162413281
3.54    0.167152602946
3.56    0.165940829148
3.58    0.164499051032
3.6    0.162802935768
3.62    0.160838571301
3.64    0.15860551632
3.66    0.156111451444
3.68    0.153377631028
3.7    0.150428124752
3.72    0.147287640857
3.74    0.143977465412
3.76    0.140497007655
3.78    0.136839107388
3.8    0.133003534781
3.82    0.129015118851
3.84    0.124899349022
3.86    0.121289401724
3.88    0.118701127091
3.9    0.115899129215
3.92    0.112887580638
3.94    0.109673907026
3.96    0.106269004688
3.98    0.104726472204
4.0    0.104174062715
4.02    0.104073272386
4.04    0.103887508394
4.06    0.103631735502
4.08    0.10331186325
4.1    0.102962523829
4.12    0.103540888841
4.14    0.104776082832
4.16    0.105972501815
4.18    0.1071243551
4.2    0.108240184187
4.22    0.10930672949
4.24    0.110328898168
4.26    0.111303041613
4.28    0.112225218861
4.3    0.113100343971
4.32    0.113917473677
4.34    0.114687855675
4.36    0.115397342021
4.38    0.116056546503
4.4    0.116654322352
4.42    0.117199065978
4.44    0.117681775307
4.46    0.118109819344
4.48    0.118475049086
4.5    0.118785000489
4.52    0.119031269418
4.54    0.119222493892
4.56    0.119349230583
4.58    0.119421833597
4.6    0.119429344288
4.62    0.11938420752
4.64    0.119274663691
4.66    0.11911237032
4.68    0.118887882445
4.7    0.118610542575
4.72    0.11827375982
4.74    0.117884353841
4.76    0.117438595555
4.78    0.118171179286
4.8    0.119069004668
4.82    0.119768978251
4.84    0.120269722048
4.86    0.120571850119
4.88    0.120678834301
4.9    0.120594864941
4.92    0.120329694795
4.94    0.119890161667
4.96    0.119286540057
4.98    0.118529968498
5.0    0.117632955231
5.02    0.116605649892
5.04    0.11545905138
5.06    0.11420524689
5.08    0.112857595092
5.1    0.111427115524
5.12    0.10992810004
5.14    0.108373969623
5.16    0.10677898522
5.18    0.10515567603
5.2    0.103518106955
5.22    0.101879800133
5.24    0.1002536768
5.26    0.098651999819
5.28    0.0970863196183
5.3    0.0955684399883
5.32    0.0941098352304
5.34    0.0927198982322
5.36    0.0914077795093
5.38    0.0901826582135
5.4    0.0890524071555
5.42    0.0880230482708
5.44    0.087100886963
5.46    0.0862901859839
5.48    0.0856264464978
5.5    0.0861223092456
5.52    0.0865916252782
5.54    0.0870293705184
5.56    0.0874358275263
5.58    0.0878186279431
5.6    0.0881707323984
5.62    0.088492489469
5.64    0.0887884758574
5.66    0.0890578159962
5.68    0.0892979223758
5.7    0.0895095067396
5.72    0.0896994073139
5.74    0.0898613276594
5.76    0.0899957350016
5.78    0.0901055948957
5.8    0.0901931285755
5.82    0.0902545480008
5.84    0.0907773175675
5.86    0.0917072726742
5.88    0.0926574619675
5.9    0.0936186704267
5.92    0.094585298414
5.94    0.0955488934909
5.96    0.0965040810412
5.98    0.0974445055998
6.0    0.0983636674155
6.02    0.0992561081822
6.04    0.10011659791
6.06    0.100940149405
6.08    0.101722062781
6.1    0.102459011426
6.12    0.10314645019
6.14    0.103780172068
6.16    0.104357697175
6.18    0.104876097679
6.2    0.105331590748
6.22    0.105723975262
6.24    0.106049188882
6.26    0.106307338256
6.28    0.106496461766
6.3    0.106615655991
6.32    0.106665033099
6.34    0.106645300305
6.36    0.106557146624
6.38    0.106401299294
6.4    0.106178709054
6.42    0.105892825505
6.44    0.10554438094
6.46    0.106293299811
6.48    0.107285377246
6.5    0.108233004525
6.52    0.109133569259
6.54    0.109986209881
6.56    0.110791221078
6.58    0.111546432034
6.6    0.112253115885
6.62    0.112910273175
6.64    0.113518607001
6.66    0.114079493439
6.68    0.11459474818
6.7    0.115069823548
6.72    0.115512107895
6.74    0.115929570534
6.76    0.116316664193
6.78    0.116667894599
6.8    0.116979172135
6.82    0.117248084009
6.84    0.117474467259
6.86    0.11765855432
6.88    0.117801100938
6.9    0.11790125233
6.92    0.117958025309
6.94    0.117970815752
6.96    0.117938848421
6.98    0.117861326418
7.0    0.117739425843
7.02    0.117571555241
7.04    0.117359550881
7.06    0.11710293624
7.08    0.116802022349
7.1    0.116457761842
7.12    0.11607128899
7.14    0.115643745275
7.16    0.115175544967
7.18    0.114667785728
7.2    0.114121590269
7.22    0.113538082642
7.24    0.112918412145
7.26    0.112264422087
7.28    0.111576939849
7.3    0.110857118242
7.32    0.110106208025
7.34    0.109325465378
7.36    0.108516142598
7.38    0.107680723181
7.4    0.106819838918
7.42    0.105934320825
7.44    0.105025451463
7.46    0.10409657957
7.48    0.10314709067
7.5    0.102178213496
7.52    0.101193352386
7.54    0.100191966724
7.56    0.0991755661511
7.58    0.0981469509029
7.6    0.0971053408197
7.62    0.0960540098414
7.64    0.094992774004
7.66    0.0939236113006
7.68    0.092847626285
7.7    0.0917657830288
7.72    0.090747133347
7.74    0.0909993168549
7.76    0.0912259427189
7.78    0.0914257660065
7.8    0.0915999696836
7.82    0.0917500359232
7.84    0.0918750722603
7.86    0.0919757440984
7.88    0.0920542685314
7.9    0.0921096385675
7.92    0.0921424665045
7.94    0.0921536618422
7.96    0.0921445760824
7.98    0.092114773331
8.0    0.0920649045311
8.02    0.0919956200208
8.04    0.0919081087895
8.06    0.0918026739054
8.08    0.0916795728703
8.1    0.0915393960327
8.12    0.0913827075318
8.14    0.09121008852
8.16    0.0910226969359
8.18    0.0908203379879
8.2    0.0906035365418
8.22    0.0903727841853
8.24    0.0901285457084
8.26    0.0898721312123
8.28    0.0896032579625
8.3    0.0893223664464
8.32    0.0890298732506
8.34    0.0887268718789
8.36    0.0884134722747
8.38    0.088089713358
8.4    0.0877563107947
8.42    0.0874142997087
8.44    0.0870630560406
8.46    0.0867036030585
8.48    0.0863364736462
8.5    0.0859611640773
8.52    0.0855797273479
8.54    0.0851907430131
8.56    0.0847962110444
8.58    0.0843951361045
8.6    0.0839891845342
8.62    0.0835774432895
8.64    0.083161743687
8.66    0.082740809816
8.68    0.0823168573718
8.7    0.0818885978681
8.72    0.0814574018096
8.74    0.0810232969056
8.76    0.0805861125895
8.78    0.0801475658736
8.8    0.0797065314793
8.82    0.0792638904133
8.84    0.0788204277706
8.86    0.0783755196295
8.88    0.0779299124378
8.9    0.0774844149597
8.92    0.0770384236533
8.94    0.076592252984
8.96    0.0761471785248
8.98    0.0757026349369
9.0    0.0752587452382
9.02    0.0748157838985
9.04    0.0743748503625
9.06    0.0739354352867
9.08    0.0734976683095
9.1    0.07306178576
9.12    0.0726281149975
9.14    0.0721974156059
9.16    0.0717692129884
9.18    0.0713437075049
9.2    0.0709210906643
9.22    0.0705015452647
9.24    0.0700852455687
9.26    0.0696728357697
9.28    0.0692640047506
9.3    0.0688588587588
9.32    0.0684575404638
9.34    0.0680601848385
9.36    0.0676669193119
9.38    0.0672778639259
9.4    0.0668931315415
9.42    0.0665128280068
9.44    0.066137052274
9.46    0.0657659103775
9.48    0.0653996579207
9.5    0.065038165794
9.52    0.0646815081321
9.54    0.064329753072
9.56    0.0639829628987
9.58    0.0636411942357
9.6    0.0633044982208
9.62    0.062972920642
9.64    0.0626465021226
9.66    0.0623252782686
9.68    0.0620092798485
9.7    0.061698532932
9.72    0.0613930590554
9.74    0.061092875369
9.76    0.0607979947994
9.78    0.0605084261866
9.8    0.0602241744351
9.82    0.059945240671
9.84    0.0596716223586
9.86    0.0594033134673
9.88    0.0591403853089
9.9    0.0588828360927
9.92    0.0586305689363
9.94    0.0583835645818
9.96    0.0581418009202
9.98    0.0579052531414
10.0    0.0576738938353
