0.05    0.000121559596195
0.07    0.000231852733383
0.09    0.000796928056684
0.1    0.000896065043548
0.12    0.00156313587495
0.14    0.00220106510013
0.16    0.0027551183622
0.18    0.00265390309499
0.2    0.00337232934308
0.22    0.00304355691537
0.24    0.00412415465895
0.26    0.00516684422442
0.28    0.00544121546105
0.3    0.00542145572452
0.32    0.00629560771737
0.34    0.00838632052696
0.36    0.0106559936715
0.38    0.0123877739285
0.4    0.0123361865907
0.42    0.01185271666
0.44    0.012652174711
0.46    0.0134134640078
0.48    0.0136524764033
0.5    0.0136617071111
0.52    0.0138702866646
0.54    0.0144453266952
0.56    0.0154092628133
0.58    0.0167529960479
0.6    0.0183000110172
0.62    0.0195741840657
0.64    0.0201558085708
0.66    0.0201114624451
0.68    0.0205579734765
0.7    0.0234426403386
0.72    0.0248904118729
0.74    0.0248984470659
0.76    0.023396668293
0.78    0.0240143929122
0.8    0.0255868732784
0.82    0.0238265216691
0.84    0.0209434473882
0.86    0.0195737772803
0.88    0.0181144355131
0.9    0.0195859696273
0.92    0.020862490834
0.94    0.0211116524505
0.96    0.0211267915473
0.98    0.0218941269277
1.0    0.0237087849674
1.02    0.0262463954656
1.04    0.0289135872366
1.06    0.0314949929486
1.08    0.0333656486528
1.1    0.034183422186
1.12    0.0341652887276
1.14    0.0338437805309
1.16    0.0339012512939
1.18    0.0348077441937
1.2    0.036826980667
1.22    0.0393852389682
1.24    0.0415005598979
1.26    0.0430768166813
1.28    0.0439925479954
1.3    0.0441635236644
1.32    0.0436941552828
1.34    0.042877241291
1.36    0.0417627143352
1.38    0.0403686461705
1.4    0.0388760405265
1.42    0.0410136622781
1.44    0.0438315019749
1.46    0.0457089043427
1.48    0.0467561845826
1.5    0.0471839046536
1.52    0.0472413429792
1.54    0.047236252019
1.56    0.0475188275226
1.58    0.0484453285961
1.6    0.0502797760355
1.62    0.0530753551674
1.64    0.0566241809381
1.66    0.0605083263976
1.68    0.0642676486771
1.7    0.0698896756824
1.72    0.0752978520133
1.74    0.079791181013
1.76    0.0831719202594
1.78    0.0853752117114
1.8    0.0864532074988
1.82    0.0865612664742
1.84    0.0858965957631
1.86    0.0847002861668
1.88    0.0832159595432
1.9    0.0816787792953
1.92    0.0802483520282
1.94    0.0789988008543
1.96    0.0779019873095
1.98    0.0768359250222
2.0    0.0772217767483
2.02    0.077990828822
2.04    0.0784450050675
2.06    0.0783403211272
2.08    0.0774618551726
2.1    0.0756201506551
2.12    0.0726858695711
2.14    0.0721348436184
2.16    0.0763274889187
2.18    0.0802079729861
2.2    0.0836710321473
2.22    0.0866201624654
2.24    0.0889923783635
2.26    0.0907698710117
2.28    0.0921724104199
2.3    0.0943519493533
2.32    0.0964176488121
2.34    0.0981600295988
2.36    0.0994755120815
2.38    0.100230791607
2.4    0.100380965374
2.42    0.0999806062927
2.44    0.0991888460534
2.46    0.0980626905318
2.48    0.0965162938465
2.5    0.0945437408994
2.52    0.0922057770617
2.54    0.0895724567221
2.56    0.0867079879593
2.58    0.0836705782589
2.6    0.0832573268336
2.62    0.0852950571245
2.64    0.086745003654
2.66    0.0876823025339
2.68    0.0882013338954
2.7    0.0884114142851
2.72    0.0884335564119
2.74    0.0883855435588
2.76    0.0883752397186
2.78    0.0885044611586
2.8    0.0888552109957
2.82    0.0894860062815
2.84    0.0904313257034
2.86    0.091702250815
2.88    0.0932918959843
2.9    0.0951655372299
2.92    0.0972745307584
2.94    0.0995581522305
2.96    0.10194816288
2.98    0.104373843431
3.0    0.106756344694
3.02    0.10902610568
3.04    0.1111183908
3.06    0.112972232009
3.08    0.114532441086
3.1    0.115765691135
3.12    0.116634178596
3.14    0.117120843882
3.16    0.117217735832
3.18    0.116940896049
3.2    0.116305672662
3.22    0.118445945224
3.24    0.125247370936
3.26    0.131526835604
3.28    0.1372127407
3.3    0.142280251363
3.32    0.146730808899
3.34    0.150566862864
3.36    0.153788941188
3.38    0.156371384498
3.4    0.158274281851
3.42    0.15946791833
3.44    0.159932602945
3.46    0.159666279412
3.48    0.158699692232
3.5    0.15916366256
3.52    0.159463969919
3.54    0.159200850993
3.56    0.158385301378
3.58    0.157029068268
3.6    0.155161355598
3.62    0.152817464689
3.64    0.151295609332
3.66    0.151580356328
3.68    0.151841136734
3.7    0.15217314881
3.72    0.152520244492
3.74    0.152796721545
3.76    0.152991752479
3.78    0.153114132548
3.8    0.153166081943
3.82    0.153138645371
3.84    0.153032312281
3.86    0.152854933798
3.88    0.152597327136
3.9    0.152242021791
3.92    0.151794506936
3.94    0.151292643166
3.96    0.150804035493
3.98    0.150303449182
4.0    0.150019710563
4.02    0.150438235453
4.04    0.150800157054
4.06    0.151096897042
4.08    0.154046298116
4.1    0.159622878375
4.12    0.165182105673
4.14    0.170648864255
4.16    0.175951387596
4.18    0.181030205392
4.2    0.185830974889
4.22    0.190311525933
4.24    0.194438678135
4.26    0.198186186705
4.28    0.201531145985
4.3    0.204457304701
4.32    0.206951466422
4.34    0.20900205942
4.36    0.210609549417
4.38    0.211768386886
4.4    0.212484282549
4.42    0.21276400358
4.44    0.212614950274
4.46    0.212049886928
4.48    0.21108423312
4.5    0.209736514696
4.52    0.208023364977
4.54    0.205964109663
4.56    0.203579518255
4.58    0.200891688776
4.6    0.197925627243
4.62    0.194702807063
4.64    0.191245863548
4.66    0.18758182253
4.68    0.183731541063
4.7    0.179719943169
4.72    0.175711077651
4.74    0.172279059899
4.76    0.16865149448
4.78    0.164848895444
4.8    0.160896560934
4.82    0.156820860176
4.84    0.152649212267
4.86    0.148406957182
4.88    0.144119139196
4.9    0.139810379968
4.92    0.137608265088
4.94    0.137327507236
4.96    0.136933916385
4.98    0.136440335021
5.0    0.135849315808
5.02    0.135170209246
5.04    0.134410815343
5.06    0.133576661971
5.08    0.132676567275
5.1    0.131719413496
5.12    0.130712884464
5.14    0.129663967068
5.16    0.128577891798
5.18    0.127458239833
5.2    0.126306440529
5.22    0.125126090183
5.24    0.123917716274
5.26    0.122687491573
5.28    0.121437108713
5.3    0.120171167019
5.32    0.11889589341
5.34    0.11761398568
5.36    0.116329527164
5.38    0.115048433785
5.4    0.113774076406
5.42    0.112512333717
5.44    0.111267524848
5.46    0.110044640386
5.48    0.109069282274
5.5    0.110889592157
5.52    0.112732461096
5.54    0.114586446066
5.56    0.116441698263
5.58    0.118289222426
5.6    0.120121879342
5.62    0.12193301743
5.64    0.123718202031
5.66    0.125472465981
5.68    0.12719244548
5.7    0.128875946795
5.72    0.130520922149
5.74    0.132125162779
5.76    0.1336895056
5.78    0.135212013317
5.8    0.136693312278
5.82    0.138134310699
5.84    0.139535015763
5.86    0.140896432864
5.88    0.142219710387
5.9    0.143506114663
5.92    0.144757005706
5.94    0.145973814596
5.96    0.147158022197
5.98    0.148311812832
6.0    0.14942899004
6.02    0.150478601027
6.04    0.151457606783
6.06    0.152366472372
6.08    0.153205734526
6.1    0.153975972665
6.12    0.154677782878
6.14    0.155311754865
6.16    0.155878451819
6.18    0.156378393175
6.2    0.15681204016
6.22    0.157701079438
6.24    0.15938970829
6.26    0.161067992567
6.28    0.162736472776
6.3    0.164395640605
6.32    0.166045913075
6.34    0.167687589431
6.36    0.169320865521
6.38    0.170945853862
6.4    0.172562599021
6.42    0.174171076077
6.44    0.175771163561
6.46    0.177362679057
6.48    0.178945420984
6.5    0.180519120457
6.52    0.182083405176
6.54    0.183637833712
6.56    0.18518194366
6.58    0.186715247434
6.6    0.188237165519
6.62    0.189747403104
6.64    0.191246141977
6.66    0.192731430805
6.68    0.194202388778
6.7    0.195659670224
6.72    0.197101702614
6.74    0.198526672718
6.76    0.199936069803
6.78    0.201326612808
6.8    0.202698771028
6.82    0.204051198432
6.84    0.205383251089
6.86    0.206694013519
6.88    0.207983819525
6.9    0.209250870528
6.92    0.210495257455
6.94    0.211717227644
6.96    0.212915458464
6.98    0.214089637458
7.0    0.215239489253
7.02    0.2163649617
7.04    0.217466085232
7.06    0.218543571314
7.08    0.219598366116
7.1    0.220629715309
7.12    0.221638811352
7.14    0.22262242543
7.16    0.22358060863
7.18    0.224510067465
7.2    0.225409714194
7.22    0.226278867111
7.24    0.22711760859
7.26    0.227925119667
7.28    0.2287009982
7.3    0.229445445785
7.32    0.230159031643
7.34    0.230840309014
7.36    0.231490169036
7.38    0.232107619617
7.4    0.23269132588
7.42    0.233242196717
7.44    0.233757932649
7.46    0.234238197871
7.48    0.234683460886
7.5    0.235093138021
7.52    0.235466027475
7.54    0.235801656075
7.56    0.23609963598
7.58    0.236360680507
7.6    0.236584257635
7.62    0.236770039996
7.64    0.236917783061
7.66    0.237027259322
7.68    0.237098190196
7.7    0.237130104589
7.72    0.23712243475
7.74    0.237074518071
7.76    0.236985711946
7.78    0.236855390167
7.8    0.236683215594
7.82    0.23647061969
7.84    0.236216847088
7.86    0.235921862423
7.88    0.235585849785
7.9    0.235210709063
7.92    0.234795836601
7.94    0.234341447428
7.96    0.233848084936
7.98    0.233317370602
8.0    0.232749614254
8.02    0.232145274762
8.04    0.231505318115
8.06    0.230831046903
8.08    0.230123906203
8.1    0.229385410282
8.12    0.228617209222
8.14    0.227822540822
8.16    0.227002448762
8.18    0.226159669235
8.2    0.225293489707
8.22    0.224404098777
8.24    0.223489604137
8.26    0.222550061942
8.28    0.221583586441
8.3    0.220589916198
8.32    0.219569142483
8.34    0.218521437257
8.36    0.217447829919
8.38    0.216348349499
8.4    0.215223784067
8.42    0.214074934496
8.44    0.212902581825
8.46    0.213186348461
8.48    0.21377680149
8.5    0.214344764463
8.52    0.214891693402
8.54    0.215415990561
8.56    0.21591897053
8.58    0.216400133697
8.6    0.216858894491
8.62    0.217295539689
8.64    0.217710672768
8.66    0.218103316983
8.68    0.218473551475
8.7    0.218821447653
8.72    0.219147071558
8.74    0.219450518748
8.76    0.219731954545
8.78    0.219991605878
8.8    0.220229708617
8.82    0.220446493129
8.84    0.220642212706
8.86    0.220817144792
8.88    0.220971571172
8.9    0.22110577837
8.92    0.2212200796
8.94    0.2213148184
8.96    0.221390337196
8.98    0.221446944945
9.0    0.221484911468
9.02    0.22150452206
9.04    0.221506135301
9.06    0.221490122617
9.08    0.221456816824
9.1    0.221406596075
9.12    0.221339914918
9.14    0.221257223153
9.16    0.221159523331
9.18    0.221046881526
9.2    0.220919452125
9.22    0.220777573813
9.24    0.220621530493
9.26    0.220452025641
9.28    0.22026907493
9.3    0.220072465008
9.32    0.219862290648
9.34    0.21963864279
9.36    0.219401593322
9.38    0.219151158948
9.4    0.218887329674
9.42    0.218610089393
9.44    0.218319418023
9.46    0.218016408934
9.48    0.217700474302
9.5    0.217371311936
9.52    0.217028867716
9.54    0.216675273848
9.56    0.216308799162
9.58    0.215929235321
9.6    0.215539517999
9.62    0.215136929591
9.64    0.214723084274
9.66    0.214298300985
9.68    0.213861508543
9.7    0.213415264731
9.72    0.212956715471
9.74    0.212489729372
9.76    0.212010588057
9.78    0.211523593753
9.8    0.211024998819
9.82    0.210518744913
9.84    0.210001807836
9.86    0.209477053004
9.88    0.208942857713
9.9    0.208400328313
9.92    0.207849930802
9.94    0.207290319267
9.96    0.206724747241
9.98    0.206150101998
10.0    0.205569028342
