0.05    0.000109764398392
0.07    0.000237673306133
0.09    0.000464712077031
0.1    0.000663695200127
0.12    0.00138900919387
0.14    0.00245145155519
0.16    0.00219616170552
0.18    0.00283655175162
0.2    0.0038747088205
0.22    0.00383112238857
0.24    0.00499994712648
0.26    0.00746902472863
0.28    0.0100976301659
0.3    0.0129655844918
0.32    0.0147731208269
0.34    0.019078821207
0.36    0.0251509030741
0.38    0.0263226794269
0.4    0.0262370659225
0.42    0.0238357281989
0.44    0.0218722150642
0.46    0.0234463086353
0.48    0.0290187186726
0.5    0.0291967639805
0.52    0.0251162075419
0.54    0.0224576337088
0.56    0.0206681588386
0.58    0.0197402525813
0.6    0.0193538554315
0.62    0.0222787521671
0.64    0.0248051930111
0.66    0.0262285622722
0.68    0.0264677056375
0.7    0.0257670426206
0.72    0.0245023375188
0.74    0.0231544191167
0.76    0.0246803999057
0.78    0.0263253910641
0.8    0.0277575776737
0.82    0.0294869516504
0.84    0.0325240981667
0.86    0.0381473245258
0.88    0.0447303700874
0.9    0.0516389194241
0.92    0.0578726248625
0.94    0.0626044604782
0.96    0.0654371905573
0.98    0.0660622192102
1.0    0.0654337342333
1.02    0.0632837605084
1.04    0.0633342498441
1.06    0.0629473485953
1.08    0.0620699832141
1.1    0.0607336828929
1.12    0.0591044276261
1.14    0.0573879062862
1.16    0.0557451445319
1.18    0.0542774540435
1.2    0.0530167806105
1.22    0.0519501289278
1.24    0.0510267339627
1.26    0.0501872441175
1.28    0.0493976510025
1.3    0.0496407275831
1.32    0.0508957022608
1.34    0.0521109912905
1.36    0.0532209425157
1.38    0.0541466160182
1.4    0.0548134940421
1.42    0.0562108091761
1.44    0.0577462990199
1.46    0.0591124125275
1.48    0.0602896897988
1.5    0.0612618402012
1.52    0.0620066608717
1.54    0.0625267435299
1.56    0.06280303281
1.58    0.0628490297013
1.6    0.0626641073968
1.62    0.0622740783348
1.64    0.0630159643674
1.66    0.0647788958633
1.68    0.0664303536962
1.7    0.0679694441634
1.72    0.0693961632345
1.74    0.0707111434277
1.76    0.0719154855033
1.78    0.0730136284791
1.8    0.0740081440002
1.82    0.074899624395
1.84    0.0756905247228
1.86    0.0763834407299
1.88    0.0769873525143
1.9    0.0775095741691
1.92    0.0779447892411
1.94    0.0783039037631
1.96    0.0785964681997
1.98    0.0788135942791
2.0    0.0789804100198
2.02    0.0790823678596
2.04    0.0791388283154
2.06    0.0791434929189
2.08    0.0791109957334
2.1    0.0790348340681
2.12    0.0789327937091
2.14    0.0787912793497
2.16    0.0786366298068
2.18    0.0784518222376
2.2    0.0790234885631
2.22    0.0824414176307
2.24    0.0858525078925
2.26    0.0891009599566
2.28    0.092155956887
2.3    0.0950040193672
2.32    0.0976295871564
2.34    0.100026231865
2.36    0.102191080267
2.38    0.10412718752
2.4    0.105845080889
2.42    0.10736672146
2.44    0.108734982356
2.46    0.110017536763
2.48    0.111260337064
2.5    0.112458586994
2.52    0.113588072997
2.54    0.114641254185
2.56    0.115954444354
2.58    0.119323156191
2.6    0.122460704107
2.62    0.125281379283
2.64    0.12773473409
2.66    0.129803933128
2.68    0.131507238579
2.7    0.132885659527
2.72    0.133960996553
2.74    0.134718704257
2.76    0.13513382165
2.78    0.135191779147
2.8    0.135754322182
2.82    0.137199803913
2.84    0.138420620846
2.86    0.139406328987
2.88    0.140142211911
2.9    0.140624565182
2.92    0.140850442119
2.94    0.140825434046
2.96    0.140567112817
2.98    0.140083499108
3.0    0.139396979455
3.02    0.138520540349
3.04    0.137463622277
3.06    0.136227999513
3.08    0.134809950242
3.1    0.133211043525
3.12    0.131433478307
3.14    0.129476764909
3.16    0.127341790326
3.18    0.125033523753
3.2    0.122567654793
3.22    0.119956072751
3.24    0.117211502058
3.26    0.114350198301
3.28    0.11218061002
3.3    0.109655611465
3.32    0.106750904302
3.34    0.103562932125
3.36    0.10018722976
3.38    0.0967282319441
3.4    0.0932897683195
3.42    0.0920348443219
3.44    0.0922673588189
3.46    0.0925035538233
3.48    0.0933130076948
3.5    0.0941231730669
3.52    0.0948924338791
3.54    0.0956260406785
3.56    0.0963198501662
3.58    0.0969840444506
3.6    0.0977538615869
3.62    0.0986339050119
3.64    0.0994728514347
3.66    0.100263505957
3.68    0.101001404487
3.7    0.101684327193
3.72    0.102312613482
3.74    0.102886545764
3.76    0.103402294809
3.78    0.103858763803
3.8    0.104259138158
3.82    0.104604632562
3.84    0.104890237871
3.86    0.105619287152
3.88    0.106933432244
3.9    0.108043322138
3.92    0.108957123208
3.94    0.109689694533
3.96    0.110259145293
3.98    0.1106841506
4.0    0.110983642939
4.02    0.111484900555
4.04    0.112749991258
4.06    0.114087815656
4.08    0.116177003174
4.1    0.119415020539
4.12    0.122318009314
4.14    0.124894880446
4.16    0.127168670581
4.18    0.129159723177
4.2    0.130880779098
4.22    0.132355030534
4.24    0.13360540326
4.26    0.134658884292
4.28    0.135539468859
4.3    0.136262533565
4.32    0.136845962059
4.34    0.138440497519
4.36    0.141039618555
4.38    0.143610233757
4.4    0.146108850627
4.42    0.148488347304
4.44    0.150728316296
4.46    0.15282737635
4.48    0.154793340205
4.5    0.156595520409
4.52    0.158862463837
4.54    0.161063124023
4.56    0.163161076996
4.58    0.1651481977
4.6    0.167461405646
4.62    0.16976847542
4.64    0.171903011822
4.66    0.173840003239
4.68    0.175568389472
4.7    0.177080237203
4.72    0.178384195876
4.74    0.17947025369
4.76    0.180337073325
4.78    0.180985818088
4.8    0.181416585539
4.82    0.18160478625
4.84    0.181558082346
4.86    0.183871269205
4.88    0.186250824278
4.9    0.188411230457
4.92    0.190342233748
4.94    0.192044727703
4.96    0.193512434715
4.98    0.194744134728
5.0    0.195739051952
5.02    0.196493612604
5.04    0.197007926723
5.06    0.197282796181
5.08    0.197314494124
5.1    0.197096797069
5.12    0.19663025747
5.14    0.195919866909
5.16    0.19497416336
5.18    0.19379899912
5.2    0.192407557473
5.22    0.19081547836
5.24    0.189040126535
5.26    0.187099535096
5.28    0.185007102665
5.3    0.183901868547
5.32    0.184452777856
5.34    0.18489777545
5.36    0.185234060957
5.38    0.185456248282
5.4    0.185550204019
5.42    0.185501674477
5.44    0.18530965765
5.46    0.184964765866
5.48    0.184462758477
5.5    0.183801925626
5.52    0.182977161788
5.54    0.181995989469
5.56    0.180857782261
5.58    0.179568705487
5.6    0.178131283086
5.62    0.176546306275
5.64    0.174815339974
5.66    0.172943150908
5.68    0.170934299356
5.7    0.168791783691
5.72    0.16651704883
5.74    0.164115571415
5.76    0.161588435188
5.78    0.159230488889
5.8    0.158782130758
5.82    0.158222711626
5.84    0.157551347048
5.86    0.156768751883
5.88    0.155878434431
5.9    0.154879312031
5.92    0.153774103351
5.94    0.15256723879
5.96    0.151261626253
5.98    0.149860760702
6.0    0.148369382792
6.02    0.146791602394
6.04    0.145133567866
6.06    0.143398363396
6.08    0.141588838903
6.1    0.139710336314
6.12    0.137768060154
6.14    0.135763592673
6.16    0.133702745439
6.18    0.131590938832
6.2    0.129435209524
6.22    0.129274633515
6.24    0.129285249997
6.26    0.129263083864
6.28    0.129206711025
6.3    0.129114505272
6.32    0.128986166509
6.34    0.128822166837
6.36    0.128620831981
6.38    0.128384166112
6.4    0.128554593013
6.42    0.128718672711
6.44    0.128868597963
6.46    0.129005295368
6.48    0.129130226747
6.5    0.129246797446
6.52    0.129358495891
6.54    0.129463653449
6.56    0.129558356084
6.58    0.129640732332
6.6    0.129708628543
6.62    0.129762097648
6.64    0.129798959439
6.66    0.129819899448
6.68    0.12982492109
6.7    0.12981333039
6.72    0.129785277855
6.74    0.129740921393
6.76    0.129680378142
6.78    0.12960377424
6.8    0.129511365568
6.82    0.12940358235
6.84    0.1292809286
6.86    0.129143841486
6.88    0.128992638128
6.9    0.128827555246
6.92    0.128648816446
6.94    0.12845667208
6.96    0.128251388158
6.98    0.128033189626
7.0    0.127802207204
7.02    0.127558494657
7.04    0.127302096072
7.06    0.127033067988
7.08    0.126751459457
7.1    0.126458064343
7.12    0.12615329915
7.14    0.125836427697
7.16    0.125507616517
7.18    0.125168111859
7.2    0.124818056276
7.22    0.124456509948
7.24    0.124084469214
7.26    0.123702876993
7.28    0.123310143065
7.3    0.122908381211
7.32    0.122497000342
7.34    0.122075378907
7.36    0.121646518739
7.38    0.121208008417
7.4    0.12076116094
7.42    0.120306975999
7.44    0.119844024329
7.46    0.119374439607
7.48    0.118897327028
7.5    0.118412550393
7.52    0.117922357973
7.54    0.117424987057
7.56    0.116921420063
7.58    0.116412974753
7.6    0.115898824184
7.62    0.115379613194
7.64    0.114855909779
7.66    0.114328198512
7.68    0.113796909915
7.7    0.113262336628
7.72    0.1127246865
7.74    0.112183999575
7.76    0.111640354044
7.78    0.111093991527
7.8    0.110544899707
7.82    0.109993247585
7.84    0.109439184033
7.86    0.108882774999
7.88    0.108323980652
7.9    0.107762665746
7.92    0.107199021853
7.94    0.106633547067
7.96    0.106065272415
7.98    0.10549499754
8.0    0.104922634341
8.02    0.104347890261
8.04    0.103771548372
8.06    0.103193015133
8.08    0.102612806193
8.1    0.102031133739
8.12    0.101447227014
8.14    0.100863035995
8.16    0.100276715498
8.18    0.0996895773811
8.2    0.0991016646567
8.22    0.0985121456991
8.24    0.0979227169708
8.26    0.0977465332585
8.28    0.0977478029912
8.3    0.097748210573
8.32    0.0977477688429
8.34    0.0977464904842
8.36    0.0977443880264
8.38    0.0977414738464
8.4    0.0977377601702
8.42    0.0977332590742
8.44    0.097727982487
8.46    0.0977219421899
8.48    0.0977151498201
8.5    0.097707616871
8.52    0.0976993546925
8.54    0.0976903744962
8.56    0.097680687352
8.58    0.0976703041942
8.6    0.097659235819
8.62    0.0976474928887
8.64    0.0976351478402
8.66    0.0976229089736
8.68    0.097610019712
8.7    0.0975964902517
8.72    0.0975823306607
8.74    0.0975675508794
8.76    0.0975521607235
8.78    0.0975361698842
8.8    0.0975195879294
8.82    0.0975024243065
8.84    0.0974846883423
8.86    0.0974663892449
8.88    0.0974475361047
8.9    0.0974281378963
8.92    0.0974082034791
8.94    0.0973877415995
8.96    0.0973667608914
8.98    0.0973452698765
9.0    0.0973232769691
9.02    0.0973007904735
9.04    0.097277818586
9.06    0.0972543693991
9.08    0.0972304508987
9.1    0.0972060709678
9.12    0.0971812373865
9.14    0.0971559578343
9.16    0.097130239891
9.18    0.0971041992508
9.2    0.0970782835223
9.22    0.0970519459596
9.24    0.0970251938025
9.26    0.0969980341961
9.28    0.0969704741908
9.3    0.0969425207468
9.32    0.0969141807302
9.34    0.0968854609191
9.36    0.0968563680016
9.38    0.0968269085764
9.4    0.0967970891566
9.42    0.0967669161704
9.44    0.0967363959566
9.46    0.0967055347758
9.48    0.0966743388018
9.5    0.0966428141264
9.52    0.0966109667617
9.54    0.0965788026404
9.56    0.0965463276144
9.58    0.0965135474577
9.6    0.0964804678692
9.62    0.0964470944696
9.64    0.0964134328053
9.66    0.096379488347
9.68    0.0963452664943
9.7    0.0963107725725
9.72    0.0962760118359
9.74    0.096240989468
9.76    0.0962057105822
9.78    0.0961701802233
9.8    0.0961344033668
9.82    0.0960983849231
9.84    0.0960621297338
9.86    0.0960256425768
9.88    0.0959889281627
9.9    0.095951991142
9.92    0.0959150905503
9.94    0.09587820544
9.96    0.0958411072351
9.98    0.0958038003722
10.0    0.0957662892256
