0.05    9.70957806022e-05
0.07    0.000183185355693
0.09    0.000395590342754
0.1    0.000467197013141
0.12    0.00059543348414
0.14    0.000808486594505
0.16    0.00122608981718
0.18    0.00135892866885
0.2    0.00181796219127
0.22    0.00214373748668
0.24    0.00303924754456
0.26    0.00327162740923
0.28    0.00304244221739
0.3    0.00283358998117
0.32    0.00234594855272
0.34    0.00263270980481
0.36    0.00269738910622
0.38    0.00215088763887
0.4    0.00211566306987
0.42    0.00269940834056
0.44    0.00298562361223
0.46    0.00291371052555
0.48    0.00287140281827
0.5    0.00237659737968
0.52    0.00222335662015
0.54    0.00219208989922
0.56    0.00231528756686
0.58    0.00233240367869
0.6    0.00221262331709
0.62    0.00200787827738
0.64    0.00208485103894
0.66    0.00191041780813
0.68    0.00184594661161
0.7    0.00180547620585
0.72    0.00199008488755
0.74    0.00202500578647
0.76    0.00193751430756
0.78    0.00203177410919
0.8    0.0022484700698
0.82    0.00243977043063
0.84    0.00258166261682
0.86    0.00267147245583
0.88    0.002713533053
0.9    0.00272775368134
0.92    0.00273281500427
0.94    0.0027509949432
0.96    0.00279051803444
0.98    0.00285400526618
1.0    0.00293626734519
1.02    0.00302732355007
1.04    0.00311646302294
1.06    0.00318707519665
1.08    0.0032300457315
1.1    0.00323888909476
1.12    0.00320720302314
1.14    0.00313769595064
1.16    0.00303034302698
1.18    0.00308388267912
1.2    0.00343943877485
1.22    0.00386545039541
1.24    0.0043356484587
1.26    0.00473800593896
1.28    0.00493350571759
1.3    0.00522075695829
1.32    0.00552642344923
1.34    0.00561893890663
1.36    0.00550349263396
1.38    0.00532616268762
1.4    0.00521062393974
1.42    0.00489700500258
1.44    0.00486187984917
1.46    0.00501803010948
1.48    0.00511174748017
1.5    0.00516883355119
1.52    0.00518806024867
1.54    0.00516384687413
1.56    0.00509774220064
1.58    0.00499250427824
1.6    0.00497414418113
1.62    0.0049857050667
1.64    0.00497145323754
1.66    0.0049299021789
1.68    0.00486056164848
1.7    0.0047620122435
1.72    0.0047961662848
1.74    0.00490049256942
1.76    0.00496664626561
1.78    0.00499848606988
1.8    0.00530009429846
1.82    0.00556212303479
1.84    0.00573930207815
1.86    0.00582833763936
1.88    0.00583941715621
1.9    0.00577288674278
1.92    0.00583576080196
1.94    0.00589283497724
1.96    0.0059999904774
1.98    0.00604366412978
2.0    0.00601970395649
2.02    0.00592952423019
2.04    0.00578141225976
2.06    0.00558630550618
2.08    0.00548837624882
2.1    0.00540597450689
2.12    0.00528410728973
2.14    0.00513415843538
2.16    0.00507922477395
2.18    0.00507497157967
2.2    0.00503106496593
2.22    0.00496259793886
2.24    0.00488060913516
2.26    0.00479885106717
2.28    0.00476541165658
2.3    0.00480405440129
2.32    0.00483385003353
2.34    0.00490104165983
2.36    0.00499504323913
2.38    0.00515058717206
2.4    0.00538652000434
2.42    0.00561440989131
2.44    0.00583212728244
2.46    0.00603502514418
2.48    0.00621655552946
2.5    0.00636983629385
2.52    0.00648736476965
2.54    0.00656156074972
2.56    0.00684429715085
2.58    0.00712520462498
2.6    0.0073834193496
2.62    0.00761214962142
2.64    0.00780534977898
2.66    0.00801272191004
2.68    0.00828998988552
2.7    0.00854833216486
2.72    0.008765075608
2.74    0.00893422376164
2.76    0.00904983854441
2.78    0.00911000693888
2.8    0.00911520131995
2.82    0.00908594730386
2.84    0.00910218404472
2.86    0.00921311063873
2.88    0.00927921363665
2.9    0.00930159848757
2.92    0.00927977204708
2.94    0.00921540382286
2.96    0.00911213269084
2.98    0.00897149159547
3.0    0.0087988445932
3.02    0.00859646711816
3.04    0.00837744680973
3.06    0.00820869498491
3.08    0.00801805669027
3.1    0.0078073515907
3.12    0.00758001059576
3.14    0.00733959867876
3.16    0.00729338396553
3.18    0.00734809916763
3.2    0.00739778445947
3.22    0.00744247345957
3.24    0.00748220725473
3.26    0.00751703390704
3.28    0.00755408920662
3.3    0.00763616081913
3.32    0.00772137335821
3.34    0.00781477068862
3.36    0.00792064760839
3.38    0.00804257848466
3.4    0.00818260363244
3.42    0.00834201073031
3.44    0.00852069146365
3.46    0.00871747272847
3.48    0.00892947458765
3.5    0.00914749373663
3.52    0.0093650351354
3.54    0.00957538870534
3.56    0.00977121446126
3.58    0.00994483771557
3.6    0.0100885426131
3.62    0.0101948535514
3.64    0.0102567955636
3.66    0.0102681264079
3.68    0.0104475505478
3.7    0.0107517924991
3.72    0.0110277127145
3.74    0.0112724332105
3.76    0.0115295104946
3.78    0.0117619606697
3.8    0.011966215374
3.82    0.0121288492707
3.84    0.0122472903715
3.86    0.0123267854993
3.88    0.0123951818519
3.9    0.0125514153575
3.92    0.0128578721608
3.94    0.0131468479029
3.96    0.0134176931024
3.98    0.0136710419416
4.0    0.0139038022156
4.02    0.0141485970812
4.04    0.0144233118709
4.06    0.0146813359034
4.08    0.0149220579289
4.1    0.0151445684392
4.12    0.015347694056
4.14    0.0155303892924
4.16    0.0157070657715
4.18    0.0158886127256
4.2    0.0160490722372
4.22    0.0161891789185
4.24    0.016314355312
4.26    0.0164239016575
4.28    0.0165130158835
4.3    0.0165818121217
4.32    0.0166294443807
4.34    0.0166574729404
4.36    0.0166640425613
4.38    0.0166527241131
4.4    0.0166210000858
4.42    0.0165720416546
4.44    0.0165048318947
4.46    0.0164213156872
4.48    0.0163810641223
4.5    0.0163929922846
4.52    0.0163853769837
4.54    0.0163588066296
4.56    0.0163166289776
4.58    0.0162569576711
4.6    0.0161802674733
4.62    0.0160872896746
4.64    0.015980061092
4.66    0.0158593589405
4.68    0.0157246095357
4.7    0.0155766177019
4.72    0.0154163353247
4.74    0.0152465095338
4.76    0.0150658017964
4.78    0.0149759986477
4.8    0.014896049615
4.82    0.0148044880406
4.84    0.0147006039266
4.86    0.014586757092
4.88    0.0144616895336
4.9    0.0143268246502
4.92    0.0141835383817
4.94    0.014031182578
4.96    0.0138714824796
4.98    0.0137049203606
5.0    0.0135440687997
5.02    0.013420954976
5.04    0.0132912727466
5.06    0.0131539086748
5.08    0.0130095099907
5.1    0.0128602356065
5.12    0.0127052374664
5.14    0.012545096055
5.16    0.012380441426
5.18    0.0122131347339
5.2    0.012146604946
5.22    0.0124078998655
5.24    0.0126508361436
5.26    0.0128973693464
5.28    0.0131384895155
5.3    0.0133659328246
5.32    0.0135796855086
5.34    0.0137764646663
5.36    0.013956240768
5.38    0.0141198209767
5.4    0.014269308835
5.42    0.0144060622899
5.44    0.0145337839074
5.46    0.014665046929
5.48    0.014786574683
5.5    0.0149026839802
5.52    0.015008752222
5.54    0.0151027018934
5.56    0.0151853545963
5.58    0.0152576066448
5.6    0.0153200182108
5.62    0.015374236144
5.64    0.0154207519015
5.66    0.0154590739867
5.68    0.0154896927644
5.7    0.0155136656778
5.72    0.0155320109654
5.74    0.015546388661
5.76    0.015558829694
5.78    0.0155689754251
5.8    0.0155746299801
5.82    0.0155761291249
5.84    0.0155742079452
5.86    0.0155691138405
5.88    0.0155615937541
5.9    0.0155522751724
5.92    0.0155416695302
5.94    0.0155302380632
5.96    0.0155184497695
5.98    0.0155073411083
6.0    0.015500758569
6.02    0.0154983618122
6.04    0.0154966046936
6.06    0.015495450142
6.08    0.0154950716868
6.1    0.0154957746316
6.12    0.015497683279
6.14    0.0155009080348
6.16    0.0155056557454
6.18    0.0155121913895
6.2    0.0155211380708
6.22    0.0155328492292
6.24    0.0155473845364
6.26    0.0155643113786
6.28    0.0155834226146
6.3    0.0156050915569
6.32    0.0156289338957
6.34    0.015654730152
6.36    0.0156823654505
6.38    0.0157117329063
6.4    0.0157427153107
6.42    0.0157752049778
6.44    0.0158091213126
6.46    0.0158443986322
6.48    0.0158810172256
6.5    0.0159188115361
6.52    0.0159575273081
6.54    0.0159970071389
6.56    0.0160371563223
6.58    0.0160779144569
6.6    0.016119509383
6.62    0.0161614552978
6.64    0.0162034577568
6.66    0.0162455951586
6.68    0.0162883924618
6.7    0.0163319199598
6.72    0.0163766350087
6.74    0.0164216767676
6.76    0.0164686495397
6.78    0.0165171050296
6.8    0.0165656180601
6.82    0.0166136981448
6.84    0.0166609210462
6.86    0.0167067731141
6.88    0.0167510521319
6.9    0.0167933604055
6.92    0.0168336801046
6.94    0.01687196357
6.96    0.0169090348496
6.98    0.0169455874573
7.0    0.0169815869397
7.02    0.0170161509607
7.04    0.0170487211419
7.06    0.0170790691569
7.08    0.0171072380931
7.1    0.0171334677365
7.12    0.0171579228734
7.14    0.0171807740234
7.16    0.0172017864511
7.18    0.0172213057669
7.2    0.0172392389959
7.22    0.0172558065493
7.24    0.0172707624738
7.26    0.0172841128645
7.28    0.0172957609111
7.3    0.017305725793
7.32    0.0173139593355
7.34    0.0173206182728
7.36    0.0173257595531
7.38    0.0173295050911
7.4    0.0173319166082
7.42    0.0173330426478
7.44    0.0173330431092
7.46    0.0173319858936
7.48    0.0173299962374
7.5    0.0173271450185
7.52    0.0173236015929
7.54    0.0173194122202
7.56    0.0173144949426
7.58    0.0173049441934
7.6    0.0172890800279
7.62    0.0172669044569
7.64    0.0172384268723
7.66    0.0172036638902
7.68    0.0171626391868
7.7    0.017115383324
7.72    0.0170619335674
7.74    0.0170023336943
7.76    0.0169366337969
7.78    0.016892355325
7.8    0.0170079388643
7.82    0.0171202952206
7.84    0.0172293672961
7.86    0.0173351016482
7.88    0.0174374484632
7.9    0.0175369680487
7.92    0.0176331690466
7.94    0.017725858573
7.96    0.0178150005849
7.98    0.0179005651451
8.0    0.0179832955805
8.02    0.0180623933102
8.04    0.0181378353672
8.06    0.018209671563
8.08    0.0182785316396
8.1    0.0183436872761
8.12    0.0184115645089
8.14    0.0184771615005
8.16    0.0185390320185
8.18    0.0185975933687
8.2    0.0186527855775
8.22    0.0187042421622
8.24    0.0187519654493
8.26    0.0187966120716
8.28    0.0188376707881
8.3    0.0188750168132
8.32    0.0189086622996
8.34    0.018938706089
8.36    0.0189657717258
8.38    0.0189891839986
8.4    0.0190089637744
8.42    0.0190251339965
8.44    0.0190377196104
8.46    0.0190471163032
8.48    0.0190533681781
8.5    0.0190561167844
8.52    0.0190553940981
8.54    0.0190512337443
8.56    0.0190436709233
8.58    0.0190331279529
8.6    0.0190195936033
8.62    0.0190027650332
8.64    0.0189826828554
8.66    0.0189593889249
8.68    0.018932926272
8.7    0.0189039508931
8.72    0.0188719678023
8.74    0.0188369443052
8.76    0.018798927344
8.78    0.0187579647305
8.8    0.0187154945082
8.82    0.0187026379012
8.84    0.0186867273725
8.86    0.0186681080716
8.88    0.0186467503896
8.9    0.0186230010108
8.92    0.0185967604221
8.94    0.0185678744756
8.96    0.0185366196607
8.98    0.0185027662524
9.0    0.0184664826992
9.02    0.0184277116177
9.04    0.0183865658369
9.06    0.018357973402
9.08    0.0183277613832
9.1    0.0182956213424
9.12    0.0182614695192
9.14    0.0182252882053
9.16    0.0181870387977
9.18    0.0181465356323
9.2    0.0181037681779
9.22    0.0180586069516
9.24    0.0180114450542
9.26    0.0179618540264
9.28    0.0179098844281
9.3    0.0178559365977
9.32    0.0177999307114
9.34    0.0177416907609
9.36    0.0176812677563
9.38    0.0176188483296
9.4    0.017554749531
9.42    0.0174886125628
9.44    0.0174204883688
9.46    0.0173506345088
9.48    0.0172791937438
9.5    0.0172063068384
9.52    0.0171341920488
9.54    0.017060412017
9.56    0.0169852440977
9.58    0.0169083907814
9.6    0.0168303370698
9.62    0.0167507889846
9.64    0.0166715609407
9.66    0.0165922845874
9.68    0.0165129485939
9.7    0.0164321327507
9.72    0.0163502658868
9.74    0.0162669795929
9.76    0.0161823210965
9.78    0.0160964867482
9.8    0.0160096277088
9.82    0.0159347212793
9.84    0.0158585675936
9.86    0.0157810105638
9.88    0.0157023793945
9.9    0.015622561792
9.92    0.0155414689458
9.94    0.0154591454097
9.96    0.0153756353297
9.98    0.0152909824392
10.0    0.01520523004
