0.05    0.00010462477834
0.07    0.000297614114195
0.09    0.000382908238037
0.1    0.000626994844657
0.12    0.00115256650207
0.14    0.00124519998286
0.16    0.00189251078772
0.18    0.00326811616261
0.2    0.00356896580704
0.22    0.00459916305247
0.24    0.00618510351383
0.26    0.00891630056845
0.28    0.0109452267749
0.3    0.0100416722199
0.32    0.00933254193265
0.34    0.00824900721372
0.36    0.0077099496765
0.38    0.00630614634214
0.4    0.00663728880028
0.42    0.00714422794629
0.44    0.00812143783988
0.46    0.00895983397875
0.48    0.00934717639689
0.5    0.00973343006006
0.52    0.00942610029366
0.54    0.00918417323452
0.56    0.00854615276374
0.58    0.00928781002201
0.6    0.0108597372338
0.62    0.011726610369
0.64    0.0117796438007
0.66    0.0113032472573
0.68    0.010473075219
0.7    0.00990822653501
0.72    0.0100849219214
0.74    0.0101565841437
0.76    0.00994387333854
0.78    0.0095741549296
0.8    0.00920876963818
0.82    0.00895073760062
0.84    0.0088193184286
0.86    0.008773404222
0.88    0.0087460398656
0.9    0.00869913820352
0.92    0.00861397058794
0.94    0.00849841479144
0.96    0.00836749493906
0.98    0.0082773537922
1.0    0.00850709928538
1.02    0.0087544975883
1.04    0.00905852779223
1.06    0.00965095758281
1.08    0.0100989233347
1.1    0.0103836184145
1.12    0.0105140181396
1.14    0.0105261595268
1.16    0.0104388869705
1.18    0.0105755200498
1.2    0.0108094159803
1.22    0.0108060877974
1.24    0.0111709404312
1.26    0.0115223792613
1.28    0.0116291685757
1.3    0.0115695249108
1.32    0.0115474947421
1.34    0.0112091361138
1.36    0.0106768131604
1.38    0.0100713188792
1.4    0.00948667973578
1.42    0.00904347317432
1.44    0.00873249622963
1.46    0.00843631297263
1.48    0.0081765942847
1.5    0.00813207676514
1.52    0.00813618181417
1.54    0.00816510049169
1.56    0.00838511415592
1.58    0.00861006054358
1.6    0.00883536843637
1.62    0.00905810368748
1.64    0.00927550050372
1.66    0.00948502871887
1.68    0.00968444126294
1.7    0.00987180393811
1.72    0.010045509926
1.74    0.0102042815576
1.76    0.0104558163167
1.78    0.0109835267869
1.8    0.0114823956212
1.82    0.0119477659477
1.84    0.0123786424756
1.86    0.0127953492241
1.88    0.0131731682206
1.9    0.0134926161312
1.92    0.0137494289291
1.94    0.0139438125396
1.96    0.0140796708471
1.98    0.0141750254776
2.0    0.014263738448
2.02    0.0143052131153
2.04    0.0142886710836
2.06    0.0142133496042
2.08    0.0145329484107
2.1    0.0152378921352
2.12    0.0157768148065
2.14    0.0161583704789
2.16    0.0163893403778
2.18    0.0164386284365
2.2    0.0162874462949
2.22    0.0159496409474
2.24    0.0160253870862
2.26    0.016125020095
2.28    0.0159786678137
2.3    0.0155844203027
2.32    0.0152494269848
2.34    0.0148645612175
2.36    0.0148143663951
2.38    0.0150876989152
2.4    0.0152983774894
2.42    0.0154496072102
2.44    0.0155435215941
2.46    0.0155840730491
2.48    0.0155712308533
2.5    0.0155113692934
2.52    0.015406563499
2.54    0.0152620640877
2.56    0.0150798112377
2.58    0.0148649640091
2.6    0.0146216783047
2.62    0.0143933210652
2.64    0.0142296840209
2.66    0.0140660874964
2.68    0.0139115806249
2.7    0.0137472150469
2.72    0.0135688342396
2.74    0.0133758306143
2.76    0.0131670514467
2.78    0.0130807498917
2.8    0.0130686460666
2.82    0.0130422436823
2.84    0.0130041468601
2.86    0.0129534330908
2.88    0.0128931422137
2.9    0.0128232053528
2.92    0.0127449853775
2.94    0.0126598863661
2.96    0.0125679834963
2.98    0.0124712842373
3.0    0.0123693749376
3.02    0.0122640757428
3.04    0.0121553026515
3.06    0.0120438161349
3.08    0.0119308284629
3.1    0.0118154789093
3.12    0.0116999852566
3.14    0.0116415660671
3.16    0.0119647889428
3.18    0.0122514457572
3.2    0.0125018479779
3.22    0.0127166228479
3.24    0.0128965864162
3.26    0.0130429049551
3.28    0.0131563461959
3.3    0.0132379332645
3.32    0.0132887563638
3.34    0.0133099009393
3.36    0.0133023405842
3.38    0.0132668927823
3.4    0.0132049056521
3.42    0.0131183974185
3.44    0.0130069911384
3.46    0.0128725587566
3.48    0.0127172656939
3.5    0.01254068889
3.52    0.012345628282
3.54    0.0121327790204
3.56    0.0121053769203
3.58    0.0122158380782
3.6    0.0123157335577
3.62    0.0124169382531
3.64    0.0125660371694
3.66    0.0127024421166
3.68    0.0128264257248
3.7    0.0129374216906
3.72    0.0130349850465
3.74    0.0131203532077
3.76    0.0131929100481
3.78    0.0132526928553
3.8    0.0133009745489
3.82    0.0133364350748
3.84    0.0133609644382
3.86    0.0133735433917
3.88    0.0133747894654
3.9    0.0133655675056
3.92    0.0133452189651
3.94    0.0133146658171
3.96    0.0132744448414
3.98    0.0132243572636
4.0    0.0131648375404
4.02    0.0130962169627
4.04    0.0130191844545
4.06    0.0129336165777
4.08    0.012839599942
4.1    0.012737221878
4.12    0.0126273081538
4.14    0.0125095788898
4.16    0.0123840286926
4.18    0.0122518009638
4.2    0.0121119965604
4.22    0.0119661547637
4.24    0.0118135304066
4.26    0.0116549882228
4.28    0.011491020157
4.3    0.0113212303682
4.32    0.0111469180405
4.34    0.010968122915
4.36    0.0107847940797
4.38    0.0105974879733
4.4    0.0104075164485
4.42    0.0102142983571
4.44    0.0100182832929
4.46    0.0098199164674
4.48    0.00980930019448
4.5    0.00984536652677
4.52    0.00987511362447
4.54    0.00989900894339
4.56    0.00991624272554
4.58    0.00992691204239
4.6    0.0099319521969
4.62    0.00993112768737
4.64    0.0099240596725
4.66    0.00991087670753
4.68    0.00989285686905
4.7    0.0098690792489
4.72    0.00983958831873
4.74    0.00980513844179
4.76    0.00976583429495
4.78    0.00972126620528
4.8    0.00967237952013
4.82    0.00961885773138
4.84    0.00956125484894
4.86    0.00949969689008
4.88    0.00943475527548
4.9    0.0093666341156
4.92    0.00929524011514
4.94    0.00922032428371
4.96    0.00914240624836
4.98    0.00906092512749
5.0    0.00897667375738
5.02    0.0088890961508
5.04    0.00879904364515
5.06    0.00870611485169
5.08    0.00861073901492
5.1    0.00851309105747
5.12    0.00841313384876
5.14    0.00839395983538
5.16    0.00842522758363
5.18    0.00845670863293
5.2    0.00848838752131
5.22    0.00852024910842
5.24    0.00855227857685
5.26    0.00858446143089
5.28    0.00861678349694
5.3    0.00864923092171
5.32    0.0086817901721
5.34    0.0087144480326
5.36    0.00874719160427
5.38    0.00878000830265
5.4    0.00881288585526
5.42    0.00884581229916
5.44    0.00887877597875
5.46    0.00891176554207
5.48    0.00894476993863
5.5    0.00897777841541
5.52    0.00901078051421
5.54    0.00904376606777
5.56    0.00907672519618
5.58    0.00910964830319
5.6    0.0091425260725
5.62    0.00917534946368
5.64    0.00920810970818
5.66    0.00924079830549
5.68    0.00927340701871
5.7    0.00930592787066
5.72    0.00933835313926
5.74    0.00937067535344
5.76    0.00940288728929
5.78    0.0094349819648
5.8    0.00946695263641
5.82    0.009498792794
5.84    0.00953049615691
5.86    0.0095620566697
5.88    0.00959346849695
5.9    0.00962472602027
5.92    0.00965582383251
5.94    0.00968675673435
5.96    0.00971754885558
5.98    0.00974828047883
6.0    0.00977883366024
6.02    0.0098092039486
6.04    0.0098393870797
6.06    0.00986937897214
6.08    0.0098991757231
6.1    0.0099287736043
6.12    0.00995816905797
6.14    0.00998735869292
6.16    0.0100163392806
6.18    0.0100451077512
6.2    0.0100736611896
6.22    0.0101019968322
6.24    0.0101301120622
6.26    0.0101580044069
6.28    0.0101856715336
6.3    0.0102131112457
6.32    0.0102403214799
6.34    0.0102673003022
6.36    0.0102940459045
6.38    0.0103205566018
6.4    0.0103468308278
6.42    0.010372867133
6.44    0.0103986641805
6.46    0.010424220743
6.48    0.0104495357005
6.5    0.0104746080359
6.52    0.0104994368335
6.54    0.0105240212752
6.56    0.0105483606376
6.58    0.0105725372329
6.6    0.010596539871
6.62    0.0106202957141
6.64    0.0106438043695
6.66    0.0106670655272
6.68    0.0106900789561
6.7    0.0107128445024
6.72    0.010735362087
6.74    0.0107576317029
6.76    0.010779653413
6.78    0.0108014273478
6.8    0.0108229537034
6.82    0.010844232739
6.84    0.0108652647748
6.86    0.0108860501902
6.88    0.0109065894215
6.9    0.0109268829603
6.92    0.010946931351
6.94    0.0109667351894
6.96    0.0109862951202
6.98    0.0110056118365
7.0    0.0110246860765
7.02    0.0110435186228
7.04    0.0110621103004
7.06    0.011080461975
7.08    0.0110985745517
7.1    0.0111164489729
7.12    0.0111340862174
7.14    0.0111514872988
7.16    0.0111686532636
7.18    0.0111855851905
7.2    0.0112023750467
7.22    0.0112189876533
7.24    0.0112353690886
7.26    0.0112515205367
7.28    0.0112674432076
7.3    0.0112831383354
7.32    0.0112986071779
7.34    0.011313851015
7.36    0.0113288711475
7.38    0.0113436688964
7.4    0.0113582456019
7.42    0.0113726026218
7.44    0.0113867413313
7.46    0.0114006631215
7.48    0.0114143693985
7.5    0.0114278615827
7.52    0.0114411411082
7.54    0.0114542094209
7.56    0.0114670679789
7.58    0.0114797182511
7.6    0.0114921617164
7.62    0.0115043998633
7.64    0.0115164341883
7.66    0.0115282661964
7.68    0.0115398973999
7.7    0.0115513293171
7.72    0.0115625634726
7.74    0.0115736013963
7.76    0.0115844446226
7.78    0.0115950946901
7.8    0.011605553141
7.82    0.0116158215203
7.84    0.0116259013756
7.86    0.0116357942565
7.88    0.0116455017139
7.9    0.0116550581198
7.92    0.0116645230727
7.94    0.0116738065615
7.96    0.0116829101374
7.98    0.0116918353511
8.0    0.0117005837522
8.02    0.0117091568888
8.04    0.0117175563071
8.06    0.0117257835512
8.08    0.0117338401627
8.1    0.0117417276803
8.12    0.0117494476391
8.14    0.0117570015713
8.16    0.0117643910048
8.18    0.0117716174634
8.2    0.0117786824668
8.22    0.0117855875298
8.24    0.0117923341621
8.26    0.0117989238686
8.28    0.0118053581485
8.3    0.0118116384955
8.32    0.0118177663972
8.34    0.0118237433353
8.36    0.0118295707854
8.38    0.0118352502162
8.4    0.0118407830901
8.42    0.0118461708625
8.44    0.0118514149818
8.46    0.0118565168894
8.48    0.0118614780192
8.5    0.0118662997975
8.52    0.0118709836437
8.54    0.0118755309686
8.56    0.0118799431757
8.58    0.0118842216603
8.6    0.0118883678099
8.62    0.0118923830034
8.64    0.0118962686119
8.66    0.0119000259976
8.68    0.0119036565148
8.7    0.0119071615088
8.72    0.0119105423164
8.74    0.011913800266
8.76    0.0119169366768
8.78    0.0119199528595
8.8    0.0119228501157
8.82    0.0119256750854
8.84    0.011928431378
8.86    0.0119310719585
8.88    0.0119335980952
8.9    0.0119360110476
8.92    0.0119383120659
8.94    0.0119405023913
8.96    0.0119425832557
8.98    0.011944555882
9.0    0.0119464214837
9.02    0.0119481812652
9.04    0.0119498364217
9.06    0.0119513881389
9.08    0.0119528375937
9.1    0.0119541859532
9.12    0.0119554343758
9.14    0.0119565840101
9.16    0.0119576359958
9.18    0.0119585914633
9.2    0.0119594515337
9.22    0.0119602173188
9.24    0.0119608899213
9.26    0.0119614704347
9.28    0.0119619599432
9.3    0.0119623595219
9.32    0.0119626702369
9.34    0.0119628931448
9.36    0.0119630292935
9.38    0.0119630797215
9.4    0.0119630454585
9.42    0.0119629275252
9.44    0.0119627269329
9.46    0.0119624446845
9.48    0.0119620817736
9.5    0.0119616391851
9.52    0.0119611178949
9.54    0.0119605188702
9.56    0.0119598430694
9.58    0.011959091442
9.6    0.0119582649291
9.62    0.011957364463
9.64    0.0119563909674
9.66    0.0119553453572
9.68    0.0119542285392
9.7    0.0119530414113
9.72    0.0119517848634
9.74    0.0119504597766
9.76    0.0119490670238
9.78    0.0119476074697
9.8    0.0119460819707
9.82    0.011944491375
9.84    0.0119428365225
9.86    0.0119411182453
9.88    0.0119393373672
9.9    0.0119374947041
9.92    0.0119355910639
9.94    0.0119336272467
9.96    0.0119316040447
9.98    0.0119295222423
10.0    0.0119273826163
