0.05    0.00032468411257
0.07    0.000705892177682
0.09    0.00141070488766
0.1    0.00156139718109
0.12    0.00207353564749
0.14    0.0038264986483
0.16    0.00685651789803
0.18    0.00700949186282
0.2    0.00962019186059
0.22    0.0108193575794
0.24    0.0127060141186
0.26    0.0134731662631
0.28    0.0160891888632
0.3    0.0222227288113
0.32    0.0182243746337
0.34    0.0178349265632
0.36    0.0213796855461
0.38    0.0254687109375
0.4    0.0314036377691
0.42    0.0415745338545
0.44    0.0446060276162
0.46    0.0413761740498
0.48    0.0450278539179
0.5    0.0529522991617
0.52    0.0615680525454
0.54    0.0703520782661
0.56    0.0792398062173
0.58    0.0876892518555
0.6    0.0955758615941
0.62    0.102814514429
0.64    0.108946091683
0.66    0.113491226486
0.68    0.136482414321
0.7    0.162932343608
0.72    0.182473289105
0.74    0.195699982779
0.76    0.203713671507
0.78    0.206777152711
0.8    0.205333073297
0.82    0.205716703504
0.84    0.204414167128
0.86    0.198673049593
0.88    0.188600981034
0.9    0.174643389351
0.92    0.16380338526
0.94    0.159179160819
0.96    0.154195401021
0.98    0.149267779625
1.0    0.148232941433
1.02    0.146824402624
1.04    0.145181469507
1.06    0.143460224232
1.08    0.141769834245
1.1    0.140182538153
1.12    0.138751410792
1.14    0.137487398281
1.16    0.136369114897
1.18    0.135353237758
1.2    0.13438377472
1.22    0.133399493506
1.24    0.132339566373
1.26    0.131147558148
1.28    0.129774049911
1.3    0.128178304244
1.32    0.133759445024
1.34    0.139360154479
1.36    0.143208067557
1.38    0.145352291247
1.4    0.146356413562
1.42    0.146609255525
1.44    0.146137176693
1.46    0.144959367349
1.48    0.144174375117
1.5    0.14350105218
1.52    0.14403086598
1.54    0.14606308033
1.56    0.147214339767
1.58    0.147522061726
1.6    0.14703070885
1.62    0.145756933276
1.64    0.143751088706
1.66    0.141069006469
1.68    0.137771258205
1.7    0.133923068328
1.72    0.130357437755
1.74    0.129719789921
1.76    0.128928448496
1.78    0.128031392466
1.8    0.12699232394
1.82    0.125842274195
1.84    0.124578471038
1.86    0.123206115781
1.88    0.121741893196
1.9    0.120178377656
1.92    0.118538537185
1.94    0.116814556811
1.96    0.115023891445
1.98    0.113168988643
2.0    0.111252160582
2.02    0.109294203866
2.04    0.107277815392
2.06    0.105819695494
2.08    0.106716970468
2.1    0.107581987841
2.12    0.108389682444
2.14    0.109140752598
2.16    0.109836572624
2.18    0.110490763782
2.2    0.111105705172
2.22    0.111669486929
2.24    0.112183726096
2.26    0.112650076021
2.28    0.113086342649
2.3    0.113484837717
2.32    0.113839980746
2.34    0.11415346981
2.36    0.114426997701
2.38    0.114671450148
2.4    0.114890495296
2.42    0.115074020319
2.44    0.115223643567
2.46    0.115340954485
2.48    0.115427510338
2.5    0.115493702428
2.52    0.115540740987
2.54    0.115560961998
2.56    0.115555778542
2.58    0.115526562404
2.6    0.11547464313
2.62    0.115401307367
2.64    0.115315797204
2.66    0.115217595238
2.68    0.115101122574
2.7    0.114967502654
2.72    0.114817816172
2.74    0.114653101522
2.76    0.114474355377
2.78    0.114282533366
2.8    0.114080077173
2.82    0.113875970555
2.84    0.113661043873
2.86    0.113436107366
2.88    0.113201934625
2.9    0.112959263604
2.92    0.112708797666
2.94    0.11245120664
2.96    0.112187127898
2.98    0.111917167431
3.0    0.11164190093
3.02    0.111365291002
3.04    0.111088812296
3.06    0.110808313842
3.08    0.110524269389
3.1    0.110237127447
3.12    0.109947312281
3.14    0.1096552249
3.16    0.109361244011
3.18    0.109065726957
3.2    0.108769010625
3.22    0.108471412337
3.24    0.108173230705
3.26    0.107874746467
3.28    0.10808391521
3.3    0.108760519032
3.32    0.109391391333
3.34    0.109977926972
3.36    0.110521525448
3.38    0.111023585841
3.4    0.113487814648
3.42    0.116889342719
3.44    0.120209250459
3.46    0.123443315391
3.48    0.12659025947
3.5    0.129649088121
3.52    0.132622447881
3.54    0.135510089659
3.56    0.138302225851
3.58    0.14098951579
3.6    0.143562817219
3.62    0.146023800704
3.64    0.148364201702
3.66    0.150592865442
3.68    0.152699451419
3.7    0.154695414479
3.72    0.156573803252
3.74    0.158339744952
3.76    0.159993097197
3.78    0.16153071216
3.8    0.162960783231
3.82    0.164277975716
3.84    0.165485320281
3.86    0.166589755371
3.88    0.167588917672
3.9    0.168487253656
3.92    0.169288003384
3.94    0.169994580072
3.96    0.170601281464
3.98    0.171106708243
4.0    0.171515793993
4.02    0.171823189934
4.04    0.172035729522
4.06    0.172151794666
4.08    0.172175587715
4.1    0.172110963501
4.12    0.171965457113
4.14    0.171746216497
4.16    0.171460383696
4.18    0.171108567279
4.2    0.170688320661
4.22    0.170197987144
4.24    0.169640415638
4.26    0.169524279411
4.28    0.172542117306
4.3    0.175427691164
4.32    0.178054550858
4.34    0.18039042918
4.36    0.182431354882
4.38    0.184204383421
4.4    0.185745143392
4.42    0.187099637066
4.44    0.188260113926
4.46    0.189150347952
4.48    0.189735541012
4.5    0.190508139739
4.52    0.193787796584
4.54    0.197071822792
4.56    0.200297094179
4.58    0.203358188632
4.6    0.206223395693
4.62    0.208919364478
4.64    0.211452869455
4.66    0.213813007757
4.68    0.215948612195
4.7    0.217821726048
4.72    0.21942942741
4.74    0.22078560809
4.76    0.221909385199
4.78    0.222787003368
4.8    0.223390443879
4.82    0.223704103007
4.84    0.223723073785
4.86    0.223455464455
4.88    0.222896621333
4.9    0.222063813961
4.92    0.220960637933
4.94    0.219606155684
4.96    0.218010540937
4.98    0.216183612733
5.0    0.214135602315
5.02    0.211873179207
5.04    0.209403844519
5.06    0.206723338959
5.08    0.204168233712
5.1    0.20477198983
5.12    0.205305258274
5.14    0.205778889442
5.16    0.206202656741
5.18    0.206552778865
5.2    0.206798595478
5.22    0.206923446598
5.24    0.206922490035
5.26    0.206795086704
5.28    0.206544607576
5.3    0.206182042514
5.32    0.20572164918
5.34    0.205166891852
5.36    0.204517381824
5.38    0.203763805493
5.4    0.202895474941
5.42    0.201909149311
5.44    0.2008041533
5.46    0.199581881256
5.48    0.198245334214
5.5    0.196798976427
5.52    0.195247786168
5.54    0.19359579788
5.56    0.191846927742
5.58    0.190005781562
5.6    0.188075767525
5.62    0.186056677869
5.64    0.183952528017
5.66    0.181766111047
5.68    0.18000319
5.7    0.179588872919
5.72    0.179117877102
5.74    0.178586924221
5.76    0.177995486791
5.78    0.177343569013
5.8    0.176634726794
5.82    0.1758672317
5.84    0.175043672123
5.86    0.174169458634
5.88    0.173242891031
5.9    0.172266204555
5.92    0.171245550962
5.94    0.170178488019
5.96    0.169066426294
5.98    0.167910636737
6.0    0.166712180213
6.02    0.165472051518
6.04    0.164191372272
6.06    0.162871403491
6.08    0.161513407338
6.1    0.160118594091
6.12    0.158688231708
6.14    0.157223778165
6.16    0.155729656944
6.18    0.154205767227
6.2    0.152652817994
6.22    0.151360555833
6.24    0.15102684265
6.26    0.150684245891
6.28    0.15033304848
6.3    0.149974953414
6.32    0.149612757887
6.34    0.149242680489
6.36    0.14886498218
6.38    0.148479918358
6.4    0.148089560795
6.42    0.147695455302
6.44    0.147294628978
6.46    0.146887317069
6.48    0.146473749709
6.5    0.146054945009
6.52    0.145634076583
6.54    0.145207529802
6.56    0.144775516373
6.58    0.144338243311
6.6    0.143895913037
6.62    0.143451733702
6.64    0.143003960721
6.66    0.142551633936
6.68    0.142094939265
6.7    0.141634058425
6.72    0.141169666139
6.74    0.140704676077
6.76    0.140235948579
6.78    0.139763650345
6.8    0.13928794424
6.82    0.138808989366
6.84    0.138328966525
6.86    0.137847320204
6.88    0.137362814456
6.9    0.13687559502
6.92    0.1363858042
6.94    0.135894564647
6.96    0.13540309182
6.98    0.134909393114
7.0    0.134413598712
7.02    0.133915835685
7.04    0.133417324236
7.06    0.132918765392
7.08    0.132418543844
7.1    0.131916775685
7.12    0.131413574168
7.14    0.130911247912
7.16    0.130408026173
7.18    0.129903641309
7.2    0.129398196642
7.22    0.12889384251
7.24    0.128390418376
7.26    0.127922924162
7.28    0.127455093683
7.3    0.126988365864
7.32    0.126521294781
7.34    0.126054374884
7.36    0.125588190433
7.38    0.125121736078
7.4    0.124656108435
7.42    0.124190679315
7.44    0.123725340134
7.46    0.123261005821
7.48    0.122796384082
7.5    0.122332924963
7.52    0.121869259386
7.54    0.121406511373
7.56    0.120943570485
7.58    0.12048170127
7.6    0.120019322637
7.62    0.119558396973
7.64    0.119097164649
7.66    0.118636531566
7.68    0.118176591134
7.7    0.117716422936
7.72    0.117257531331
7.74    0.116798888699
7.76    0.116340179216
7.78    0.115882888619
7.8    0.115425919172
7.82    0.114969032322
7.84    0.114513164029
7.86    0.114058213711
7.88    0.113603484628
7.9    0.113149032011
7.92    0.112696246497
7.94    0.112243983312
7.96    0.11179212134
7.98    0.111340710718
8.0    0.110890945236
8.02    0.11044194736
8.04    0.109993512789
8.06    0.109545686947
8.08    0.109098890592
8.1    0.108653673715
8.12    0.108209165763
8.14    0.107765407802
8.16    0.107322439755
8.18    0.106880590062
8.2    0.106440451855
8.22    0.106001190065
8.24    0.105562840697
8.26    0.105125438703
8.28    0.10468901803
8.3    0.104254224426
8.32    0.10384293988
8.34    0.103450644605
8.36    0.103059016467
8.38    0.102667638738
8.4    0.10254783774
8.42    0.102583576782
8.44    0.102618026079
8.46    0.102651203401
8.48    0.102683126291
8.5    0.102713812059
8.52    0.102744139596
8.54    0.102773708817
8.56    0.102802080779
8.58    0.102829272005
8.6    0.102855298808
8.62    0.102880177287
8.64    0.102904429369
8.66    0.102928307765
8.68    0.102951074683
8.7    0.1029727455
8.72    0.102993335392
8.74    0.103012948461
8.76    0.103032625511
8.78    0.1030512562
8.8    0.103068855026
8.82    0.1030854363
8.84    0.103101827739
8.86    0.103117577434
8.88    0.103132342012
8.9    0.103146489662
8.92    0.103160463362
8.94    0.103173483257
8.96    0.103186489424
8.98    0.103198757524
9.0    0.103211020553
9.02    0.103222557765
9.04    0.103233792463
9.06    0.103244619169
9.08    0.103254555199
9.1    0.103263700539
9.12    0.103272961852
9.14    0.103281360503
9.16    0.103288908439
9.18    0.103295617457
9.2    0.103301499204
9.22    0.103307091958
9.24    0.103312378059
9.26    0.103316862853
9.28    0.103320557486
9.3    0.103323472964
9.32    0.103325620157
9.34    0.103327009798
9.36    0.103327652486
9.38    0.10332755869
9.4    0.103327616097
9.42    0.103327038713
9.44    0.103325747933
9.46    0.103323753776
9.48    0.103321066137
9.5    0.103317694788
9.52    0.103313649379
9.54    0.103308939442
9.56    0.103303574388
9.58    0.103297563512
9.6    0.103290915996
9.62    0.103283640905
9.64    0.103275878358
9.66    0.103268251335
9.68    0.103260016438
9.7    0.103251182348
9.72    0.10324175764
9.74    0.103231750783
9.76    0.103221170139
9.78    0.103210023969
9.8    0.10319832043
9.82    0.10318606758
9.84    0.103173273374
9.86    0.103159945674
9.88    0.103146092238
9.9    0.103131720734
9.92    0.103116838731
9.94    0.103101453707
9.96    0.103085573045
9.98    0.10306920404
10.0    0.103052353895
