0.05    7.37985310926e-05
0.07    0.000170631972819
0.09    0.000397395417126
0.1    0.000662835471725
0.12    0.00106716368064
0.14    0.00147239120026
0.16    0.00195256613969
0.18    0.00199413271711
0.2    0.0031020553765
0.22    0.00468618905
0.24    0.00587470099587
0.26    0.00617038639946
0.28    0.00528143583452
0.3    0.00680514681112
0.32    0.00743780297699
0.34    0.00732093011509
0.36    0.00856970739249
0.38    0.00892095511654
0.4    0.0104714643271
0.42    0.0108389163425
0.44    0.013564095244
0.46    0.0164083025727
0.48    0.0176528601989
0.5    0.0191910401651
0.52    0.0196721335352
0.54    0.0174070328061
0.56    0.015466022607
0.58    0.0172884757969
0.6    0.0182293915295
0.62    0.0194953612393
0.64    0.020992590778
0.66    0.0233789414232
0.68    0.0246206623064
0.7    0.0244731322341
0.72    0.0253207159403
0.74    0.0242297931548
0.76    0.0262303736839
0.78    0.0297252664722
0.8    0.0297941496521
0.82    0.0284557610433
0.84    0.0355270914006
0.86    0.0432344825481
0.88    0.0492646689212
0.9    0.051120545206
0.92    0.0482128006602
0.94    0.0450963832367
0.96    0.0432549086752
0.98    0.0442647862845
1.0    0.0462688396522
1.02    0.0476828390271
1.04    0.0479947294077
1.06    0.0482784105163
1.08    0.0493229595655
1.1    0.0507734275987
1.12    0.0517317325609
1.14    0.0517576949458
1.16    0.0528295238143
1.18    0.0547073249003
1.2    0.0566123555765
1.22    0.0579417574545
1.24    0.0581341436097
1.26    0.0571958312162
1.28    0.0563354712075
1.3    0.0552731302366
1.32    0.0578720543949
1.34    0.0598585828218
1.36    0.0605005630394
1.38    0.0594544678845
1.4    0.0565379335955
1.42    0.0550525387145
1.44    0.0538540153798
1.46    0.051923689035
1.48    0.0506141431508
1.5    0.0515162094883
1.52    0.053462303928
1.54    0.0562880628694
1.56    0.0594026655641
1.58    0.0636840212589
1.6    0.0696126655716
1.62    0.0746883541543
1.64    0.0778322451529
1.66    0.0787279240636
1.68    0.0779863970988
1.7    0.0841285581003
1.72    0.0906119372565
1.74    0.0949291368204
1.76    0.0967119772187
1.78    0.0980562196592
1.8    0.0975600954989
1.82    0.0950354830993
1.84    0.0913004157244
1.86    0.0875733920692
1.88    0.0849896873124
1.9    0.0841381142674
1.92    0.0851139364282
1.94    0.0874492962635
1.96    0.0905521283859
1.98    0.0937130624124
2.0    0.0966526377645
2.02    0.0991292016558
2.04    0.101178508297
2.06    0.103027117293
2.08    0.104793056414
2.1    0.106794206215
2.12    0.109461638486
2.14    0.113366649304
2.16    0.118798689845
2.18    0.125747462808
2.2    0.133568590903
2.22    0.141431599617
2.24    0.148456413009
2.26    0.154052368794
2.28    0.158201617826
2.3    0.160920014002
2.32    0.16268018013
2.34    0.163710699276
2.36    0.164373425538
2.38    0.164924822949
2.4    0.165490471263
2.42    0.166275959646
2.44    0.167480431609
2.46    0.169216944711
2.48    0.171393450446
2.5    0.173727955173
2.52    0.175547764062
2.54    0.177708789619
2.56    0.179253937361
2.58    0.179272432051
2.6    0.188821493974
2.62    0.197975985761
2.64    0.205203971009
2.66    0.210405614412
2.68    0.213657955037
2.7    0.214998150722
2.72    0.215666783741
2.74    0.215529959957
2.76    0.213621605005
2.78    0.210466818251
2.8    0.206746984422
2.82    0.20261273118
2.84    0.198285524892
2.86    0.195216878327
2.88    0.19339148187
2.9    0.191969279089
2.92    0.190884511851
2.94    0.19045568448
2.96    0.191337952677
2.98    0.192352878281
3.0    0.193265598728
3.02    0.193912265493
3.04    0.194354284682
3.06    0.195922798142
3.08    0.199104380447
3.1    0.200452333773
3.12    0.200060004505
3.14    0.198100341554
3.16    0.194790449544
3.18    0.190460262168
3.2    0.185339678404
3.22    0.1797521351
3.24    0.173983293645
3.26    0.168270764144
3.28    0.162794141307
3.3    0.159831078518
3.32    0.162632528804
3.34    0.164971543316
3.36    0.166870078385
3.38    0.168342901287
3.4    0.169388039926
3.42    0.169951139154
3.44    0.169976533555
3.46    0.169515119955
3.48    0.168550684539
3.5    0.167089258098
3.52    0.165205901115
3.54    0.162904897613
3.56    0.162576332173
3.58    0.166984421968
3.6    0.171130255747
3.62    0.174991036588
3.64    0.178448060974
3.66    0.181428738363
3.68    0.183895199208
3.7    0.185854298653
3.72    0.187354346277
3.74    0.18846888156
3.76    0.189370806605
3.78    0.189988365094
3.8    0.190322450346
3.82    0.190406660888
3.84    0.190297065993
3.86    0.19006056822
3.88    0.189764093487
3.9    0.189463361742
3.92    0.189204014738
3.94    0.189028916528
3.96    0.189366180238
3.98    0.190044866768
4.0    0.190974116808
4.02    0.192211406731
4.04    0.193752235273
4.06    0.195621507021
4.08    0.197833169998
4.1    0.200437657818
4.12    0.203394225823
4.14    0.206678773664
4.16    0.210269592511
4.18    0.214212046747
4.2    0.218394392851
4.22    0.222782984219
4.24    0.22741602229
4.26    0.23214058953
4.28    0.236982083221
4.3    0.241855170279
4.32    0.246714953442
4.34    0.251507581928
4.36    0.256241647363
4.38    0.260837942059
4.4    0.265269049505
4.42    0.269474825564
4.44    0.273400683098
4.46    0.277028835356
4.48    0.280339428163
4.5    0.283346639925
4.52    0.28603689746
4.54    0.288396207338
4.56    0.290406740495
4.58    0.292008316247
4.6    0.297967538887
4.62    0.304416168475
4.64    0.310638703996
4.66    0.316535696881
4.68    0.321992761395
4.7    0.326936685197
4.72    0.331348391939
4.74    0.33529828289
4.76    0.338720644261
4.78    0.341595054912
4.8    0.34389903844
4.82    0.345645173976
4.84    0.346890770616
4.86    0.34770413455
4.88    0.348157714716
4.9    0.34837976702
4.92    0.348555724338
4.94    0.348551518699
4.96    0.348195027633
4.98    0.347468827377
5.0    0.346372576343
5.02    0.344895557861
5.04    0.343014885664
5.06    0.340737544289
5.08    0.338108685902
5.1    0.335195057795
5.12    0.332162598388
5.14    0.331042418097
5.16    0.330984041863
5.18    0.330842040696
5.2    0.330981176913
5.22    0.330980196256
5.24    0.330797162641
5.26    0.330502598039
5.28    0.33015862281
5.3    0.329674766065
5.32    0.329003094176
5.34    0.328180851294
5.36    0.327175608094
5.38    0.325966001473
5.4    0.324646419097
5.42    0.323120475814
5.44    0.321512464276
5.46    0.319734069031
5.48    0.317872685163
5.5    0.315897495942
5.52    0.313835225119
5.54    0.311710086391
5.56    0.309513338873
5.58    0.30727614088
5.6    0.305015845989
5.62    0.30272399858
5.64    0.300434851964
5.66    0.298175883898
5.68    0.2959376377
5.7    0.293755554618
5.72    0.291619029439
5.74    0.28951592729
5.76    0.287467162514
5.78    0.285479602517
5.8    0.283509261316
5.82    0.281489939822
5.84    0.279490067425
5.86    0.277402565203
5.88    0.27531156257
5.9    0.273150019249
5.92    0.270937611073
5.94    0.268694628621
5.96    0.266359727858
5.98    0.264023248273
6.0    0.261596665376
6.02    0.259129734536
6.04    0.256603927371
6.06    0.254022885463
6.08    0.251391472496
6.1    0.248726488578
6.12    0.246008922534
6.14    0.243250864463
6.16    0.240452836009
6.18    0.237579202755
6.2    0.234675229955
6.22    0.231686611397
6.24    0.228657220636
6.26    0.225556601584
6.28    0.222373920153
6.3    0.219166678291
6.32    0.215878329566
6.34    0.213197808871
6.36    0.211595230139
6.38    0.209924080171
6.4    0.208147443073
6.42    0.206265948755
6.44    0.204280522711
6.46    0.202213402903
6.48    0.200086988118
6.5    0.199492248979
6.52    0.200689789006
6.54    0.20189181739
6.56    0.203067941667
6.58    0.204215812174
6.6    0.205333150939
6.62    0.206417755538
6.64    0.207504598924
6.66    0.208565372222
6.68    0.209587855677
6.7    0.210570150877
6.72    0.211510444694
6.74    0.212407010146
6.76    0.213293562174
6.78    0.214148840784
6.8    0.214956148833
6.82    0.215714075115
6.84    0.216421292939
6.86    0.217076559113
6.88    0.217695871459
6.9    0.218297042705
6.92    0.218843273795
6.94    0.219333610346
6.96    0.219767173481
6.98    0.220143157867
7.0    0.220460829658
7.02    0.220762776457
7.04    0.221016483784
7.06    0.22121014333
7.08    0.221343256286
7.1    0.221415384691
7.12    0.221426149208
7.14    0.221402044427
7.16    0.221344000654
7.18    0.221223691475
7.2    0.221040923672
7.22    0.220795552449
7.24    0.220487479427
7.26    0.220162346928
7.28    0.219783035331
7.3    0.219340756388
7.32    0.220577510342
7.34    0.222159854672
7.36    0.223722158097
7.38    0.225292281105
7.4    0.226845076118
7.42    0.228376626213
7.44    0.229886440688
7.46    0.231374042927
7.48    0.232838969689
7.5    0.234280770434
7.52    0.23569900668
7.54    0.237093251404
7.56    0.238463088489
7.58    0.239808112193
7.6    0.241127926679
7.62    0.242422145561
7.64    0.24369039151
7.66    0.24495653655
7.68    0.246207531253
7.7    0.247431672441
7.72    0.248628606641
7.74    0.249797988026
7.76    0.250939478212
7.78    0.252052746095
7.8    0.253137467712
7.82    0.254193326132
7.84    0.255220011372
7.86    0.256217220346
7.88    0.257185998379
7.9    0.258160919479
7.92    0.259105608275
7.94    0.26001978065
7.96    0.260903159463
7.98    0.261755474609
8.0    0.2625764631
8.02    0.263365869156
8.04    0.26412344431
8.06    0.264871718044
8.08    0.265603259462
8.1    0.266302313696
8.12    0.266968654485
8.14    0.267602063569
8.16    0.268202330841
8.18    0.268769254503
8.2    0.26932200195
8.22    0.269860277393
8.24    0.270364648719
8.26    0.270834940764
8.28    0.271270987502
8.3    0.271672632202
8.32    0.272039727588
8.34    0.272372135987
8.36    0.272695271668
8.38    0.272996439203
8.4    0.273262501028
8.42    0.273493351298
8.44    0.273688894503
8.46    0.273849045589
8.48    0.273973730073
8.5    0.274062884152
8.52    0.274130292176
8.54    0.274186222582
8.56    0.274206374409
8.58    0.27419071971
8.6    0.2743388406
8.62    0.276709339281
8.64    0.278998630755
8.66    0.281246036209
8.68    0.283435041684
8.7    0.285556379983
8.72    0.287618400695
8.74    0.289607436047
8.76    0.291520923586
8.78    0.293358830269
8.8    0.295119421608
8.82    0.296777134285
8.84    0.298380879449
8.86    0.299873187619
8.88    0.301252710711
8.9    0.302579188672
8.92    0.303794330765
8.94    0.30489371464
8.96    0.305876391466
8.98    0.306801096258
9.0    0.307614040894
9.02    0.308308313014
9.04    0.308883355025
9.06    0.309350158547
9.08    0.309752257741
9.1    0.310034142157
9.12    0.310195632492
9.14    0.310236653238
9.16    0.310169337176
9.18    0.310036306355
9.2    0.309783020167
9.22    0.309409758456
9.24    0.308916897558
9.26    0.308325902422
9.28    0.307661072049
9.3    0.30945527862
9.32    0.313180177374
9.34    0.316796949206
9.36    0.320331032707
9.38    0.323737169694
9.4    0.327060709265
9.42    0.33028452469
9.44    0.333443516746
9.46    0.336659209344
9.48    0.339848461197
9.5    0.342932658671
9.52    0.345926770206
9.54    0.348778364769
9.56    0.351540031916
9.58    0.354159893769
9.6    0.356673859541
9.62    0.359067559984
9.64    0.361337886253
9.66    0.36351244333
9.68    0.36558422593
9.7    0.36753668441
9.72    0.369365283093
9.74    0.371086973924
9.76    0.372654771013
9.78    0.374127199131
9.8    0.375432724281
9.82    0.376648199043
9.84    0.37769079401
9.86    0.378643093493
9.88    0.379422887423
9.9    0.380106596527
9.92    0.380624479048
9.94    0.381034354003
9.96    0.381291946337
9.98    0.381416701146
10.0    0.381416325487
