0.05    0.000139157318729
0.07    0.000367601936418
0.09    0.000518611767978
0.1    0.000674841155353
0.12    0.00129846785692
0.14    0.00245049447455
0.16    0.00450578711662
0.18    0.00518335206438
0.2    0.0066747627546
0.22    0.00534179248349
0.24    0.00467694188108
0.26    0.00542917492456
0.28    0.00639202720605
0.3    0.00553113802761
0.32    0.00586586786236
0.34    0.00585475261202
0.36    0.00650854133236
0.38    0.00733410641903
0.4    0.00759386947863
0.42    0.00840008334354
0.44    0.0114692062399
0.46    0.012630600516
0.48    0.0125096592686
0.5    0.0132917959598
0.52    0.0146011385775
0.54    0.0163174262244
0.56    0.016684490461
0.58    0.0148016597397
0.6    0.0124042663317
0.62    0.0125829698203
0.64    0.0141358939916
0.66    0.0162456095306
0.68    0.0183553734972
0.7    0.0195866136124
0.72    0.0217030007775
0.74    0.0227646721184
0.76    0.022448057779
0.78    0.0256293051175
0.8    0.0304345840181
0.82    0.0333818576233
0.84    0.0343401671551
0.86    0.0332679771094
0.88    0.0306538774434
0.9    0.0276422461227
0.92    0.0254585849942
0.94    0.0247743557418
0.96    0.0254772082996
0.98    0.0268009429472
1.0    0.0279766853086
1.02    0.028636675537
1.04    0.0288456935605
1.06    0.0291681232509
1.08    0.0296950801379
1.1    0.0311943852861
1.12    0.0325460541083
1.14    0.0334423653837
1.16    0.0336690259711
1.18    0.0360205815061
1.2    0.0383375739039
1.22    0.0398672246825
1.24    0.0406045442686
1.26    0.040546235673
1.28    0.0397666931774
1.3    0.038814030766
1.32    0.0396484615237
1.34    0.0401882375832
1.36    0.0404173859865
1.38    0.040326813367
1.4    0.0399231269588
1.42    0.0392127193107
1.44    0.0382938184967
1.46    0.0372793939348
1.48    0.036183309819
1.5    0.0349177618645
1.52    0.0334184806566
1.54    0.0328749375306
1.56    0.0333665050398
1.58    0.0337524518979
1.6    0.0340289441992
1.62    0.0342448902086
1.64    0.0344936525695
1.66    0.0346308988764
1.68    0.0346157601431
1.7    0.0344343905702
1.72    0.0340875191897
1.74    0.0335848168624
1.76    0.0329386014174
1.78    0.0321663769804
1.8    0.0312921571421
1.82    0.0303328861695
1.84    0.0299933128624
1.86    0.0320858966245
1.88    0.034049225462
1.9    0.0358382953186
1.92    0.037428183628
1.94    0.0388409632092
1.96    0.0401264393385
1.98    0.0412672591996
2.0    0.0422067948595
2.02    0.0429341036625
2.04    0.0434532525646
2.06    0.043782733159
2.08    0.0439469824963
2.1    0.0439824294276
2.12    0.0439126421433
2.14    0.0437790053792
2.16    0.0436098564838
2.18    0.0434491957272
2.2    0.0433240035696
2.22    0.0432657001299
2.24    0.0433029943692
2.26    0.043460685027
2.28    0.0437594943242
2.3    0.0442160277668
2.32    0.0448431683042
2.34    0.0456540906315
2.36    0.046648599248
2.38    0.0478274453434
2.4    0.0491879104106
2.42    0.050723986468
2.44    0.052426564289
2.46    0.054283634655
2.48    0.0562805087117
2.5    0.0584000630229
2.52    0.0606230132798
2.54    0.0629282182393
2.56    0.0652980303806
2.58    0.0677118303281
2.6    0.0701425024862
2.62    0.0725768030797
2.64    0.0749858577692
2.66    0.0773504550522
2.68    0.0796554724214
2.7    0.0818739222312
2.72    0.0839898406213
2.74    0.0859919183275
2.76    0.0878650498972
2.78    0.089596196994
2.8    0.091180235577
2.82    0.0926103529074
2.84    0.0940632042993
2.86    0.0958195479327
2.88    0.0974225172537
2.9    0.0988517319928
2.92    0.100090691972
2.94    0.10113846893
2.96    0.101985656967
2.98    0.102629756322
3.0    0.103071508179
3.02    0.105686742594
3.04    0.108249240543
3.06    0.110641921462
3.08    0.112868275657
3.1    0.114918594355
3.12    0.116802835828
3.14    0.118514150507
3.16    0.120066282235
3.18    0.121460418392
3.2    0.122717107659
3.22    0.123925556024
3.24    0.125098474917
3.26    0.126145893157
3.28    0.127046364932
3.3    0.127801098762
3.32    0.128404502772
3.34    0.128859804444
3.36    0.12917250917
3.38    0.129350672609
3.4    0.129401491155
3.42    0.129333562836
3.44    0.129159422835
3.46    0.128900152677
3.48    0.128571887686
3.5    0.128434604489
3.52    0.128298619227
3.54    0.128081926388
3.56    0.127786356672
3.58    0.12741536544
3.6    0.126974078882
3.62    0.126466005154
3.64    0.125896316748
3.66    0.125280597849
3.68    0.124618869595
3.7    0.123915838026
3.72    0.123189656553
3.74    0.122435682079
3.76    0.121662879424
3.78    0.120882386122
3.8    0.120092629295
3.82    0.119301153836
3.84    0.118516202367
3.86    0.117737230543
3.88    0.116968920051
3.9    0.116217744175
3.92    0.115485172313
3.94    0.114772685201
3.96    0.11408290997
3.98    0.113418836174
4.0    0.112784243683
4.02    0.112200186577
4.04    0.111689729252
4.06    0.111216127705
4.08    0.11077832097
4.1    0.110374592496
4.12    0.110004753137
4.14    0.109667254212
4.16    0.109360756555
4.18    0.10908494059
4.2    0.108839594057
4.22    0.108653501887
4.24    0.108572479806
4.26    0.108519831198
4.28    0.108495663423
4.3    0.108910284481
4.32    0.109435300676
4.34    0.109971951077
4.36    0.110526356206
4.38    0.111089602741
4.4    0.111670768031
4.42    0.112261047263
4.44    0.112866085401
4.46    0.113483062033
4.48    0.11410897822
4.5    0.114751682535
4.52    0.115402416556
4.54    0.11606236031
4.56    0.116736472385
4.58    0.117417255904
4.6    0.118105755288
4.62    0.118806687648
4.64    0.119512526767
4.66    0.12022427019
4.68    0.120946421503
4.7    0.121671434392
4.72    0.122401984923
4.74    0.123139069748
4.76    0.124675223032
4.78    0.126464115743
4.8    0.128176144992
4.82    0.129813685875
4.84    0.131402182964
4.86    0.13292134721
4.88    0.134340693409
4.9    0.135681436967
4.92    0.137008479092
4.94    0.1382676374
4.96    0.139429712681
4.98    0.140483835326
5.0    0.141448820185
5.02    0.142306979555
5.04    0.143030182384
5.06    0.143622326671
5.08    0.144103386521
5.1    0.144522305519
5.12    0.144876687311
5.14    0.1451236192
5.16    0.145692045557
5.18    0.146866039614
5.2    0.148032753036
5.22    0.149189642294
5.24    0.150340852614
5.26    0.151479667362
5.28    0.152783688786
5.3    0.154131402311
5.32    0.155474465205
5.34    0.156810514475
5.36    0.158137459106
5.38    0.159453841655
5.4    0.160759097971
5.42    0.162055078379
5.44    0.163340110105
5.46    0.164616575005
5.48    0.165890340502
5.5    0.167176671016
5.52    0.16846636449
5.54    0.16974829441
5.56    0.171023984143
5.58    0.172292672776
5.6    0.173564115472
5.62    0.17486219591
5.64    0.176194287405
5.66    0.177676705761
5.68    0.179197729434
5.7    0.180712300905
5.72    0.182215146342
5.74    0.183705607772
5.76    0.18518211023
5.78    0.186640977199
5.8    0.188081322075
5.82    0.189502234082
5.84    0.190900793066
5.86    0.192275674442
5.88    0.193628466037
5.9    0.194959371847
5.92    0.196267588743
5.94    0.197558951533
5.96    0.198858876757
5.98    0.200198153162
6.0    0.201533385722
6.02    0.202852766206
6.04    0.204152569922
6.06    0.205601052031
6.08    0.207231501603
6.1    0.208837006654
6.12    0.210409029476
6.14    0.211956199017
6.16    0.213468396031
6.18    0.214955401153
6.2    0.216406898479
6.22    0.217832072198
6.24    0.219222044459
6.26    0.220583882445
6.28    0.221911469741
6.3    0.223208630061
6.32    0.224473150116
6.34    0.225704452018
6.36    0.226905688722
6.38    0.228071473314
6.4    0.22920857434
6.42    0.230313326569
6.44    0.23138689318
6.46    0.232431884746
6.48    0.233471169676
6.5    0.234645184116
6.52    0.235794425141
6.54    0.236917348934
6.56    0.238011892798
6.58    0.239075923404
6.6    0.2401078586
6.62    0.241107094524
6.64    0.242074246589
6.66    0.243012392259
6.68    0.2439193098
6.7    0.244796216698
6.72    0.24564402981
6.74    0.246463284111
6.76    0.247254287548
6.78    0.248017384091
6.8    0.248756206628
6.82    0.249662279004
6.84    0.250646837274
6.86    0.251617259765
6.88    0.252588618622
6.9    0.253559659613
6.92    0.254543273504
6.94    0.25553965169
6.96    0.256525655907
6.98    0.257496861142
7.0    0.258450296975
7.02    0.259382147307
7.04    0.260290672043
7.06    0.261179714141
7.08    0.262050518766
7.1    0.262902168064
7.12    0.263735889738
7.14    0.264556222195
7.16    0.265372303879
7.18    0.266184481849
7.2    0.266985340309
7.22    0.267774181242
7.24    0.268547396094
7.26    0.269304680765
7.28    0.270046451892
7.3    0.270773088806
7.32    0.271482451822
7.34    0.272172790631
7.36    0.272841431526
7.38    0.273486982205
7.4    0.274107619669
7.42    0.274705852443
7.44    0.275280439525
7.46    0.275830463908
7.48    0.276358360407
7.5    0.27686381682
7.52    0.277354013982
7.54    0.277923175065
7.56    0.278606326788
7.58    0.279267451
7.6    0.279903292101
7.62    0.280514168103
7.64    0.281102649553
7.66    0.281667875576
7.68    0.282207921253
7.7    0.282721729174
7.72    0.283208758312
7.74    0.283669389982
7.76    0.284104738757
7.78    0.284516122409
7.8    0.284908107596
7.82    0.285281708803
7.84    0.285746644903
7.86    0.286307321031
7.88    0.286850202074
7.9    0.287374702219
7.92    0.287909248012
7.94    0.288500385436
7.96    0.289606716854
7.98    0.292050602198
8.0    0.294444193394
8.02    0.296786402869
8.04    0.299082073004
8.06    0.301334310752
8.08    0.303543398623
8.1    0.30570857813
8.12    0.307827407788
8.14    0.30989902753
8.16    0.311925280427
8.18    0.313908475413
8.2    0.315848478738
8.22    0.317745527255
8.24    0.319600263327
8.26    0.32141185814
8.28    0.323182358058
8.3    0.324910589608
8.32    0.326598266082
8.34    0.328244722769
8.36    0.329850179935
8.38    0.331415408453
8.4    0.332939357466
8.42    0.334424186402
8.44    0.335868331778
8.46    0.337272655309
8.48    0.338637160565
8.5    0.339961282211
8.52    0.341246214567
8.54    0.342490409316
8.56    0.343696030967
8.58    0.344860883469
8.6    0.345987195059
8.62    0.347072851175
8.64    0.348119903756
8.66    0.349126196754
8.68    0.350094056828
8.7    0.351021226178
8.72    0.351909545572
8.74    0.352757696243
8.76    0.353566261022
8.78    0.354332556201
8.8    0.354989626222
8.82    0.355510836587
8.84    0.355897063421
8.86    0.356149259275
8.88    0.356268450383
8.9    0.356255733937
8.92    0.356112275366
8.94    0.355839305661
8.96    0.3554381187
8.98    0.356166927732
9.0    0.357323575065
9.02    0.358447595227
9.04    0.359539244856
9.06    0.360596579422
9.08    0.361618689066
9.1    0.362611246397
9.12    0.363624213594
9.14    0.36468614661
9.16    0.365732654991
9.18    0.366746539134
9.2    0.367719448165
9.22    0.368646054757
9.24    0.369530455529
9.26    0.370388419235
9.28    0.371225703592
9.3    0.372053897234
9.32    0.372917471752
9.34    0.373776228619
9.36    0.37460884414
9.38    0.375423864716
9.4    0.37620995763
9.42    0.376983748358
9.44    0.377743522752
9.46    0.378472487389
9.48    0.379165190476
9.5    0.379819127171
9.52    0.380434689055
9.54    0.381020449026
9.56    0.381588826686
9.58    0.382176924213
9.6    0.382796190887
9.62    0.383411045636
9.64    0.384001028714
9.66    0.384559097449
9.68    0.385083455974
9.7    0.385574413737
9.72    0.386036189762
9.74    0.386471883855
9.76    0.386884600939
9.78    0.387273174022
9.8    0.387644168783
9.82    0.388007852483
9.84    0.388374110758
9.86    0.388763332329
9.88    0.38914441134
9.9    0.389500787009
9.92    0.389828602735
9.94    0.390134565938
9.96    0.390434972722
9.98    0.390727920615
10.0    0.39107413516
