0.05    0.000113510562051
0.07    0.000246122633492
0.09    0.000372414738818
0.1    0.00059996166437
0.12    0.00124679483776
0.14    0.00183099594912
0.16    0.00237585310427
0.18    0.00267052295591
0.2    0.00368140572735
0.22    0.00430082606326
0.24    0.00486946863297
0.26    0.00682841688806
0.28    0.00700812427093
0.3    0.00656915495426
0.32    0.00589859094362
0.34    0.0071097668775
0.36    0.00878471293451
0.38    0.00977064219028
0.4    0.00981968396233
0.42    0.00920043420602
0.44    0.00926029763185
0.46    0.00969553313288
0.48    0.0102806103246
0.5    0.0109170906842
0.52    0.0117657295043
0.54    0.0127056564892
0.56    0.0135529605814
0.58    0.0143571257226
0.6    0.0152932712047
0.62    0.0165275869538
0.64    0.0180186396967
0.66    0.0196059866677
0.68    0.0212037177264
0.7    0.0228169684603
0.72    0.024402106821
0.74    0.0258609497219
0.76    0.0271192212403
0.78    0.0280115173667
0.8    0.0283467218653
0.82    0.0283331573433
0.84    0.0316511742899
0.86    0.033726423243
0.88    0.0337965246503
0.9    0.033620421927
0.92    0.0328164364969
0.94    0.0311069689153
0.96    0.0291498920414
0.98    0.0279414784853
1.0    0.0277404331891
1.02    0.0278906790328
1.04    0.0283997202284
1.06    0.0291585808709
1.08    0.0300743980523
1.1    0.0308243308281
1.12    0.0309913696483
1.14    0.031461434604
1.16    0.0333914090589
1.18    0.0354719372512
1.2    0.0390388261804
1.22    0.0426543846509
1.24    0.0461112404754
1.26    0.0493533850082
1.28    0.0523359773311
1.3    0.0550225468343
1.32    0.0573927005616
1.34    0.0594371825708
1.36    0.0611503322428
1.38    0.0625417761289
1.4    0.0636069521872
1.42    0.0643722281804
1.44    0.0649092085041
1.46    0.0654849198096
1.48    0.0663223105229
1.5    0.0671638348853
1.52    0.0678187759679
1.54    0.06824248817
1.56    0.0684076842199
1.58    0.0682967835705
1.6    0.0679437930665
1.62    0.0673887741521
1.64    0.0698706429188
1.66    0.0730678878586
1.68    0.0757837877185
1.7    0.0780098959416
1.72    0.0796777368611
1.74    0.0808762415873
1.76    0.0819042278321
1.78    0.0833706049035
1.8    0.0844190826304
1.82    0.0849414717264
1.84    0.0849659417238
1.86    0.0845918997029
1.88    0.0839074731794
1.9    0.0828943082096
1.92    0.0815802335957
1.94    0.0800177194744
1.96    0.0782639647156
1.98    0.0770375742671
2.0    0.0758671723258
2.02    0.0746636778902
2.04    0.0735313606825
2.06    0.0725572813043
2.08    0.0718212904424
2.1    0.0713964754694
2.12    0.0713567164827
2.14    0.0717416229088
2.16    0.0725761932689
2.18    0.0738612066692
2.2    0.0755702854089
2.22    0.0776600353954
2.24    0.0800800728804
2.26    0.0827696330442
2.28    0.0856728691654
2.3    0.0887350730926
2.32    0.091913896103
2.34    0.0951655840185
2.36    0.0984435240227
2.38    0.101703371262
2.4    0.104912592922
2.42    0.108067772276
2.44    0.111117818838
2.46    0.11402469636
2.48    0.116767688433
2.5    0.119331026227
2.52    0.121692666474
2.54    0.123824394572
2.56    0.125707374108
2.58    0.12735163746
2.6    0.128780190678
2.62    0.13001324524
2.64    0.131029461673
2.66    0.131816918621
2.68    0.132367871813
2.7    0.132680948921
2.72    0.132779716664
2.74    0.13269385219
2.76    0.133719976728
2.78    0.135345648993
2.8    0.1367271784
2.82    0.137985975858
2.84    0.139154116844
2.86    0.140129383749
2.88    0.140894403341
2.9    0.141484693971
2.92    0.1419969161
2.94    0.142583359044
2.96    0.143288299857
2.98    0.144010390927
3.0    0.144631812302
3.02    0.145146581688
3.04    0.145582968696
3.06    0.145989150862
3.08    0.146402934621
3.1    0.146901075244
3.12    0.147683092498
3.14    0.148764837516
3.16    0.149985737232
3.18    0.151325264573
3.2    0.152791269501
3.22    0.154391035152
3.24    0.156139026504
3.26    0.158616506966
3.28    0.161496528076
3.3    0.164372063187
3.32    0.167230456613
3.34    0.170057617324
3.36    0.172845479526
3.38    0.175596564705
3.4    0.178313926715
3.42    0.181001693586
3.44    0.183653875878
3.46    0.186998243755
3.48    0.191177232539
3.5    0.197288216924
3.52    0.203543915823
3.54    0.20992736217
3.56    0.216423610195
3.58    0.223020509322
3.6    0.2297054222
3.62    0.236469525016
3.64    0.243303780617
3.66    0.25020365191
3.68    0.257162237417
3.7    0.264170741526
3.72    0.271223539185
3.74    0.278312449617
3.76    0.285429513514
3.78    0.292568601043
3.8    0.299725366983
3.82    0.306897378258
3.84    0.314075424659
3.86    0.321253685281
3.88    0.328428329033
3.9    0.335591589197
3.92    0.342734716401
3.94    0.349851624118
3.96    0.356937248098
3.98    0.363987785203
4.0    0.371000699582
4.02    0.377987667528
4.04    0.38495099349
4.06    0.391898037836
4.08    0.39882884212
4.1    0.405742777893
4.12    0.412639155456
4.14    0.419520026385
4.16    0.426402976573
4.18    0.433298083964
4.2    0.440167854678
4.22    0.446990224434
4.24    0.45376645638
4.26    0.460507117981
4.28    0.467211537038
4.3    0.473883822139
4.32    0.480513112788
4.34    0.487080991559
4.36    0.493590595774
4.38    0.500054500715
4.4    0.50647444667
4.42    0.51282928471
4.44    0.519105556875
4.46    0.525292981397
4.48    0.531392941296
4.5    0.537400205152
4.52    0.543307828108
4.54    0.549114700974
4.56    0.554825775258
4.58    0.560434677612
4.6    0.565929293716
4.62    0.571318275814
4.64    0.576606063452
4.66    0.581802092452
4.68    0.58690800598
4.7    0.5919273907
4.72    0.596863940635
4.74    0.601717022946
4.76    0.606490845582
4.78    0.61118600422
4.8    0.615797098611
4.82    0.620319048287
4.84    0.62475005372
4.86    0.629085621028
4.88    0.633325776378
4.9    0.637465509572
4.92    0.641503884095
4.94    0.645445515456
4.96    0.649298605993
4.98    0.653067655902
5.0    0.656765845356
5.02    0.660410453532
5.04    0.664039118597
5.06    0.667724576781
5.08    0.671423631861
5.1    0.675067461155
5.12    0.678636501847
5.14    0.682122967433
5.16    0.685528361126
5.18    0.688838391049
5.2    0.692053572755
5.22    0.695165371958
5.24    0.698186420581
5.26    0.701104068998
5.28    0.703931247926
5.3    0.706666237046
5.32    0.709323465691
5.34    0.71191743608
5.36    0.71447537075
5.38    0.717010651402
5.4    0.719549798139
5.42    0.72211901528
5.44    0.724780846017
5.46    0.727466605715
5.48    0.730104812559
5.5    0.732681959144
5.52    0.735202083248
5.54    0.737672729604
5.56    0.740092227443
5.58    0.742456550983
5.6    0.74476629769
5.62    0.747021929201
5.64    0.749222671768
5.66    0.751371602694
5.68    0.753483220513
5.7    0.755561930034
5.72    0.757584877482
5.74    0.759534550466
5.76    0.761405919182
5.78    0.763204379171
5.8    0.764945232297
5.82    0.766636354594
5.84    0.768283490509
5.86    0.769892358159
5.88    0.771460356021
5.9    0.772992025317
5.92    0.774495353533
5.94    0.775974543422
5.96    0.77742802035
5.98    0.778845756604
6.0    0.780221486938
6.02    0.781571079024
6.04    0.782908803652
6.06    0.784211555867
6.08    0.785468284018
6.1    0.786676391315
6.12    0.787839472777
6.14    0.78896885221
6.16    0.790064215981
6.18    0.791115691031
6.2    0.79211612101
6.22    0.793074387954
6.24    0.794007853112
6.26    0.79491053363
6.28    0.795788307814
6.3    0.796633594736
6.32    0.797452254537
6.34    0.798257875436
6.36    0.799060766956
6.38    0.799851572101
6.4    0.800614531946
6.42    0.8013443139
6.44    0.802035494334
6.46    0.802699746881
6.48    0.803351042597
6.5    0.804043465759
6.52    0.804820010826
6.54    0.805619480255
6.56    0.806391722553
6.58    0.807113952936
6.6    0.807773098103
6.62    0.808370284099
6.64    0.80889170899
6.66    0.809348993295
6.68    0.809731156003
6.7    0.810054213684
6.72    0.81031563713
6.74    0.810528032303
6.76    0.810701763546
6.78    0.810842224916
6.8    0.810950439704
6.82    0.811036888004
6.84    0.811122758159
6.86    0.811250609987
6.88    0.811373210666
6.9    0.81147007109
6.92    0.811540190044
6.94    0.811576663504
6.96    0.811572716102
6.98    0.811541144005
7.0    0.811485851951
7.02    0.811396603838
7.04    0.811267723572
7.06    0.811102782201
7.08    0.810908224389
7.1    0.810703452981
7.12    0.810480666531
7.14    0.81022465633
7.16    0.80992148317
7.18    0.809570427259
7.2    0.809177178086
7.22    0.808740768455
7.24    0.808267970975
7.26    0.807764067879
7.28    0.807227220201
7.3    0.80665712066
7.32    0.806052392061
7.34    0.805420661102
7.36    0.804777650098
7.38    0.80413188461
7.4    0.80351711902
7.42    0.803009467766
7.44    0.802596785394
7.46    0.802215190361
7.48    0.801828519529
7.5    0.801424780516
7.52    0.800992841154
7.54    0.800528815662
7.56    0.80003498037
7.58    0.799505218967
7.6    0.798939530308
7.62    0.798335663404
7.64    0.797696330863
7.66    0.797024797527
7.68    0.796318766696
7.7    0.795586135343
7.72    0.794827687679
7.74    0.794055229327
7.76    0.793279887166
7.78    0.792498664454
7.8    0.791713794819
7.82    0.79093059556
7.84    0.790166536518
7.86    0.789420510798
7.88    0.788683904481
7.9    0.787957495354
7.92    0.787229523038
7.94    0.786491203594
7.96    0.785734111402
7.98    0.784949996731
8.0    0.784142950877
8.02    0.783308417816
8.04    0.782454885721
8.06    0.781586145414
8.08    0.78070204704
8.1    0.779809607405
8.12    0.778922676338
8.14    0.778051120502
8.16    0.777232219203
8.18    0.776454582288
8.2    0.775702496537
8.22    0.774958426542
8.24    0.774223679959
8.26    0.773493825255
8.28    0.772757080323
8.3    0.772008689781
8.32    0.771250512989
8.34    0.770495153363
8.36    0.769859016644
8.38    0.769303361305
8.4    0.768758482959
8.42    0.768205529588
8.44    0.767641703321
8.46    0.767061638976
8.48    0.766461315832
8.5    0.765843521882
8.52    0.765214996533
8.54    0.764612541398
8.56    0.764034328855
8.58    0.763475975224
8.6    0.762926727359
8.62    0.76263239167
8.64    0.762952423341
8.66    0.763270486822
8.68    0.763584029625
8.7    0.763895214921
8.72    0.764213766335
8.74    0.764540275343
8.76    0.764878027312
8.78    0.765304463859
8.8    0.765924171439
8.82    0.766586165422
8.84    0.767248398082
8.86    0.767953420243
8.88    0.768725685625
8.9    0.769493648378
8.92    0.770234877595
8.94    0.770950858535
8.96    0.771635696314
8.98    0.772286374729
9.0    0.772916847514
9.02    0.773536950247
9.04    0.774178124587
9.06    0.774863071323
9.08    0.775564353889
9.1    0.776251379443
9.12    0.776907916073
9.14    0.777524872254
9.16    0.778102079345
9.18    0.778662978727
9.2    0.779243806097
9.22    0.779916198517
9.24    0.780635381433
9.26    0.78134477111
9.28    0.782021906405
9.3    0.782663034038
9.32    0.783268586595
9.34    0.783845973646
9.36    0.784399086319
9.38    0.784933125908
9.4    0.785457721631
9.42    0.785973139033
9.44    0.786491720949
9.46    0.787008471568
9.48    0.787519314128
9.5    0.788036921294
9.52    0.788575104806
9.54    0.78912758802
9.56    0.789677798132
9.58    0.790209358129
9.6    0.79071426344
9.62    0.79119162764
9.64    0.791633647021
9.66    0.792032828141
9.68    0.792394047165
9.7    0.792720759486
9.72    0.79301699622
9.74    0.793286034125
9.76    0.793562275497
9.78    0.793868729333
9.8    0.794178966171
9.82    0.794484169726
9.84    0.794768774393
9.86    0.795016711094
9.88    0.795226629764
9.9    0.795396699799
9.92    0.795535542846
9.94    0.795655245311
9.96    0.795764137804
9.98    0.795889877035
10.0    0.7960026852
