0.05    0.000104407579989
0.07    0.00021337007247
0.09    0.000423261475123
0.1    0.000630056389873
0.12    0.00119185806983
0.14    0.00139671816273
0.16    0.00233863285623
0.18    0.00282463357114
0.2    0.00303613360729
0.22    0.00460351738928
0.24    0.00502271816713
0.26    0.00692723052197
0.28    0.00979572983529
0.3    0.0120782920676
0.32    0.0125711796882
0.34    0.0126878371352
0.36    0.0122672762304
0.38    0.0135458526387
0.4    0.014140079151
0.42    0.0128972779937
0.44    0.0118476905083
0.46    0.0135634256254
0.48    0.0150573468809
0.5    0.0148059813492
0.52    0.0135853957587
0.54    0.0123543332852
0.56    0.0127419484607
0.58    0.0142967893686
0.6    0.0158539875033
0.62    0.0155432383279
0.64    0.0150980238426
0.66    0.0163199982455
0.68    0.0188841889412
0.7    0.0230663097356
0.72    0.0274192597654
0.74    0.0305173915722
0.76    0.0319427568611
0.78    0.031414608588
0.8    0.0304677601538
0.82    0.0331795491463
0.84    0.036475643972
0.86    0.0391796519968
0.88    0.0414661467985
0.9    0.043659285643
0.92    0.0456866467469
0.94    0.0475278647049
0.96    0.0546096059923
0.98    0.0618838302397
1.0    0.0682231706206
1.02    0.0733736519898
1.04    0.0773235210324
1.06    0.0798331836665
1.08    0.0815460056345
1.1    0.0815444423853
1.12    0.0791868990066
1.14    0.074955461102
1.16    0.0693657280826
1.18    0.0633829853381
1.2    0.0593605115496
1.22    0.0550520407906
1.24    0.0498466701333
1.26    0.0444522524509
1.28    0.04073059801
1.3    0.0403562093033
1.32    0.0396052897536
1.34    0.0387844337364
1.36    0.0381366954095
1.38    0.0377501914018
1.4    0.0375599379444
1.42    0.0374006352852
1.44    0.037107619451
1.46    0.0383915599237
1.48    0.0401469390514
1.5    0.0415006505386
1.52    0.0422867423691
1.54    0.0424930571733
1.56    0.0422456339938
1.58    0.0417539967281
1.6    0.0411905809891
1.62    0.0406576404952
1.64    0.0401053935009
1.66    0.0393972321131
1.68    0.0393138985186
1.7    0.0416358422776
1.72    0.0438661505248
1.74    0.0457938080836
1.76    0.0472545887759
1.78    0.0481660689527
1.8    0.0485399564705
1.82    0.0484724155282
1.84    0.0481181756172
1.86    0.0476567181662
1.88    0.0472587817486
1.9    0.0470756340488
1.92    0.047184452215
1.94    0.047614325131
1.96    0.0483399051802
1.98    0.0492765920995
2.0    0.0503320643546
2.02    0.051393676424
2.04    0.0523659545576
2.06    0.0531698293851
2.08    0.0537510134669
2.1    0.0540862868986
2.12    0.0541682106136
2.14    0.0540148490167
2.16    0.0536604159192
2.18    0.053150486724
2.2    0.0531886354607
2.22    0.0534063880561
2.24    0.0532111220087
2.26    0.0547751059365
2.28    0.0557538220897
2.3    0.0561869931299
2.32    0.0561031996149
2.34    0.0555444763116
2.36    0.0545510606063
2.38    0.0531596441152
2.4    0.051407095204
2.42    0.0493363984052
2.44    0.0491561702669
2.46    0.0491695037523
2.48    0.0492240447175
2.5    0.0493117578993
2.52    0.049290515459
2.54    0.0490929542399
2.56    0.0504334056592
2.58    0.0520383282783
2.6    0.0535047298402
2.62    0.0547911777336
2.64    0.0558612830717
2.66    0.0566854378045
2.68    0.0572422092964
2.7    0.057513405413
2.72    0.0574922949244
2.74    0.0571801536134
2.76    0.0565878832915
2.78    0.0557282711242
2.8    0.0546220495095
2.82    0.055207437711
2.84    0.0558554468739
2.86    0.0560076437083
2.88    0.0562397752462
2.9    0.0564859074372
2.92    0.0570295306059
2.94    0.0573341296243
2.96    0.0573303666744
2.98    0.0569815020178
3.0    0.05623586622
3.02    0.0551633752893
3.04    0.0539183767655
3.06    0.0525808062345
3.08    0.0511232881204
3.1    0.0496594068012
3.12    0.048313670046
3.14    0.046944396908
3.16    0.0454915251352
3.18    0.0439302367146
3.2    0.0432526861963
3.22    0.0445073301563
3.24    0.0457004238285
3.26    0.0468141548182
3.28    0.0478285957143
3.3    0.0487237665682
3.32    0.0494853732859
3.34    0.0501004159014
3.36    0.0505667073024
3.38    0.0508831778794
3.4    0.0510630472412
3.42    0.0511189616726
3.44    0.0510745372151
3.46    0.0509584680681
3.48    0.0508028720062
3.5    0.0506414824457
3.52    0.0505078940909
3.54    0.0504394284007
3.56    0.0504598106356
3.58    0.0505990976999
3.6    0.0508718492902
3.62    0.0512892413075
3.64    0.0518576348231
3.66    0.052571219064
3.68    0.0534178552161
3.7    0.0543831111628
3.72    0.0554432710782
3.74    0.0565731849552
3.76    0.0577438631157
3.78    0.0589297285059
3.8    0.0600996398467
3.82    0.0612275657495
3.84    0.0622897044204
3.86    0.0632652800161
3.88    0.0641371618572
3.9    0.0648953856565
3.92    0.0655304638724
3.94    0.0660417175152
3.96    0.0664309261522
3.98    0.0673475396848
4.0    0.0683533943464
4.02    0.0692665602365
4.04    0.07009184808
4.06    0.0708368496753
4.08    0.0715133883615
4.1    0.0721329155621
4.12    0.0727087959992
4.14    0.0732560897374
4.16    0.073795423377
4.18    0.0743385412928
4.2    0.0749058292432
4.22    0.075510745639
4.24    0.0763109731571
4.26    0.0776380696404
4.28    0.0789236698348
4.3    0.0801862444133
4.32    0.0814701364253
4.34    0.0828844538386
4.36    0.084384406013
4.38    0.0859630279336
4.4    0.0875626061162
4.42    0.0891628175199
4.44    0.0907925921211
4.46    0.092431325005
4.48    0.0940430114833
4.5    0.0956001114431
4.52    0.0970884859204
4.54    0.0984901114564
4.56    0.0997678402948
4.58    0.101128916632
4.6    0.103143909233
4.62    0.10514428959
4.64    0.107117631479
4.66    0.109044981475
4.68    0.110915720626
4.7    0.112711464716
4.72    0.114422605163
4.74    0.116030684672
4.76    0.117528703718
4.78    0.118900541359
4.8    0.121785917826
4.82    0.124868021601
4.84    0.127928369892
4.86    0.130959602757
4.88    0.13395881243
4.9    0.136926538268
4.92    0.139854044144
4.94    0.142720575307
4.96    0.145514711846
4.98    0.148227446938
5.0    0.15085132701
5.02    0.153378716082
5.04    0.155805540395
5.06    0.158123587139
5.08    0.160331168979
5.1    0.162424207311
5.12    0.164403495674
5.14    0.166270249998
5.16    0.168023907458
5.18    0.169666114061
5.2    0.171198394912
5.22    0.172621794795
5.24    0.173934086728
5.26    0.175135955364
5.28    0.176230065044
5.3    0.177215477458
5.32    0.178096175236
5.34    0.178875070993
5.36    0.179552645071
5.38    0.180134836515
5.4    0.180625345808
5.42    0.181026203426
5.44    0.181341965352
5.46    0.181577426659
5.48    0.181738743923
5.5    0.181831375099
5.52    0.181858686298
5.54    0.181825530763
5.56    0.181736536731
5.58    0.181596109482
5.6    0.181408499976
5.62    0.181177898664
5.64    0.180908521798
5.66    0.180604662076
5.68    0.180270668256
5.7    0.179910854708
5.72    0.179529389658
5.74    0.17913021108
5.76    0.178716998673
5.78    0.178293197599
5.8    0.177863846996
5.82    0.177431110514
5.84    0.176997384137
5.86    0.176567641435
5.88    0.176143468379
5.9    0.175727984522
5.92    0.175320463526
5.94    0.174924844067
5.96    0.174539278054
5.98    0.175149097101
6.0    0.176254391146
6.02    0.177354487532
6.04    0.178450313905
6.06    0.179544093522
6.08    0.180635844267
6.1    0.181725940554
6.12    0.182814952846
6.14    0.18390320532
6.16    0.184990785553
6.18    0.186078659078
6.2    0.187166167706
6.22    0.18825217557
6.24    0.189336268526
6.26    0.190418006365
6.28    0.191500560793
6.3    0.192580746703
6.32    0.193663690717
6.34    0.194748945575
6.36    0.195837710294
6.38    0.196929909584
6.4    0.198020788032
6.42    0.199107490425
6.44    0.20018375782
6.46    0.201247330747
6.48    0.202293951213
6.5    0.203322532616
6.52    0.204327351118
6.54    0.205305585982
6.56    0.206254460443
6.58    0.207171264899
6.6    0.208053355417
6.62    0.208898180602
6.64    0.20970332022
6.66    0.210466489883
6.68    0.211185626642
6.7    0.211859138202
6.72    0.212484814973
6.74    0.213060972788
6.76    0.21358608267
6.78    0.214058781001
6.8    0.214477873559
6.82    0.214845256259
6.84    0.215159212507
6.86    0.215420854508
6.88    0.215628629836
6.9    0.215784479916
6.92    0.216740847255
6.94    0.218382654574
6.96    0.220008356341
6.98    0.221617787083
7.0    0.223206930598
7.02    0.224773742339
7.04    0.226316035758
7.06    0.227831590562
7.08    0.229318254262
7.1    0.230774005036
7.12    0.232196988913
7.14    0.23358555021
7.16    0.234938243932
7.18    0.236253811099
7.2    0.237532256919
7.22    0.238772346505
7.24    0.23997217005
7.26    0.241130896573
7.28    0.242247813771
7.3    0.243322307871
7.32    0.244353839847
7.34    0.245341918084
7.36    0.246286054369
7.38    0.247186131489
7.4    0.248041401831
7.42    0.248851062986
7.44    0.249614496126
7.46    0.250331109137
7.48    0.251000406899
7.5    0.251622018966
7.52    0.252195691164
7.54    0.252721261352
7.56    0.253198634291
7.58    0.253627773885
7.6    0.254009586914
7.62    0.254343626224
7.64    0.254629678551
7.66    0.254868018907
7.68    0.25505903785
7.7    0.255203249425
7.72    0.25530127465
7.74    0.255353829152
7.76    0.255361730581
7.78    0.255325894482
7.8    0.255249370589
7.82    0.255131776592
7.84    0.254974550924
7.86    0.254780638494
7.88    0.25455089598
7.9    0.254287606197
7.92    0.253992902858
7.94    0.253666201823
7.96    0.253306343071
7.98    0.252912449724
8.0    0.252483943567
8.02    0.252023189449
8.04    0.251530085247
8.06    0.251006902825
8.08    0.250454926873
8.1    0.249873994657
8.12    0.249265814621
8.14    0.248633019728
8.16    0.247976851933
8.18    0.247295494499
8.2    0.246587031094
8.22    0.245849794473
8.24    0.245085598111
8.26    0.244293401725
8.28    0.243474173582
8.3    0.242630342307
8.32    0.241762368279
8.34    0.240870345339
8.36    0.239956840059
8.38    0.239020618702
8.4    0.238062233253
8.42    0.237082389167
8.44    0.236082331916
8.46    0.235062574338
8.48    0.234023499487
8.5    0.232965858133
8.52    0.231890317743
8.54    0.23079746239
8.56    0.229687813652
8.58    0.228561866085
8.6    0.227420862457
8.62    0.226265716093
8.64    0.225096366688
8.66    0.223913628033
8.68    0.222718695668
8.7    0.22151384472
8.72    0.220298523027
8.74    0.219073829145
8.76    0.217840820988
8.78    0.216601223824
8.8    0.215355595831
8.82    0.214104242854
8.84    0.212847828851
8.86    0.211587790615
8.88    0.210325000549
8.9    0.209059049691
8.92    0.207791762336
8.94    0.206523760718
8.96    0.205254652013
8.98    0.20398755169
9.0    0.202720624516
9.02    0.201456749755
9.04    0.200195055134
9.06    0.198937508994
9.08    0.197683929321
9.1    0.196435787578
9.12    0.195193135739
9.14    0.194002571208
9.16    0.192971695255
9.18    0.191941259822
9.2    0.190912203845
9.22    0.189886119028
9.24    0.188863321878
9.26    0.187844576045
9.28    0.186830835453
9.3    0.185822987439
9.32    0.184821868818
9.34    0.18382858538
9.36    0.182843196974
9.38    0.181866200371
9.4    0.180898013205
9.42    0.179938919121
9.44    0.17898905085
9.46    0.178048415017
9.48    0.177117192217
9.5    0.176196596508
9.52    0.175285666001
9.54    0.174386422386
9.56    0.173497836846
9.58    0.172621198303
9.6    0.171756871654
9.62    0.170904628957
9.64    0.170065755645
9.66    0.169240466837
9.68    0.168428655997
9.7    0.167630778364
9.72    0.166848026979
9.74    0.166080252803
9.76    0.165327581673
9.78    0.164590392186
9.8    0.163869043624
9.82    0.163163938251
9.84    0.162475879238
9.86    0.161804560287
9.88    0.161150267846
9.9    0.160513270187
9.92    0.159893817527
9.94    0.15929214242
9.96    0.158708459905
9.98    0.158142967844
10.0    0.157595847147
