0.05    0.000166248649929
0.07    0.000385473725826
0.09    0.000701781391685
0.1    0.00102641993153
0.12    0.00179581526832
0.14    0.00287610458664
0.16    0.00516265589756
0.18    0.00519791939128
0.2    0.00429846165761
0.22    0.00783047276113
0.24    0.00779115754782
0.26    0.00910825378784
0.28    0.00933124400355
0.3    0.0100493128798
0.32    0.0116450758172
0.34    0.0123823156864
0.36    0.0137500416267
0.38    0.0151977254437
0.4    0.0153222203827
0.42    0.0141826164036
0.44    0.013832237762
0.46    0.0128195334337
0.48    0.0129612439981
0.5    0.0131858291306
0.52    0.0149896835054
0.54    0.0159688530199
0.56    0.0164106157719
0.58    0.019348435236
0.6    0.0213104094236
0.62    0.0218834136089
0.64    0.0227583393404
0.66    0.0236263864039
0.68    0.0236869477126
0.7    0.0244801059034
0.72    0.0266254763448
0.74    0.0285411605479
0.76    0.032845028578
0.78    0.0330613842085
0.8    0.0307789049272
0.82    0.0281981150308
0.84    0.0259477496654
0.86    0.0243050550475
0.88    0.0259931568972
0.9    0.0274980654291
0.92    0.0284010156565
0.94    0.0307010088708
0.96    0.0323028626731
0.98    0.0330380713672
1.0    0.0328922576384
1.02    0.0356318747293
1.04    0.0392491062375
1.06    0.041595240786
1.08    0.0434678870027
1.1    0.0457238586564
1.12    0.0495231331459
1.14    0.0525158317015
1.16    0.0528709385446
1.18    0.0528178585168
1.2    0.0560323141257
1.22    0.0577846263023
1.24    0.0586162463867
1.26    0.0592491982765
1.28    0.0601011998237
1.3    0.0615370957675
1.32    0.0650859590075
1.34    0.0669010886745
1.36    0.0671135944189
1.38    0.069547312625
1.4    0.0728891330432
1.42    0.0752769495749
1.44    0.0764033521258
1.46    0.0760547007777
1.48    0.0744371541711
1.5    0.0721547765501
1.52    0.0699449418608
1.54    0.0683821287899
1.56    0.0677720839621
1.58    0.0679982895703
1.6    0.0686265427813
1.62    0.0690690603254
1.64    0.0687818070575
1.66    0.0674357574253
1.68    0.0649226813936
1.7    0.0635699615454
1.72    0.0660377583119
1.74    0.0667395660813
1.76    0.0712291622713
1.78    0.0771557619719
1.8    0.0822284439812
1.82    0.0861876922253
1.84    0.0888900058484
1.86    0.0903329347452
1.88    0.0905265368572
1.9    0.0899317845036
1.92    0.0891522941173
1.94    0.0922067555276
1.96    0.100414130307
1.98    0.10746858535
2.0    0.11312196614
2.02    0.117280166536
2.04    0.120020312509
2.06    0.121500314103
2.08    0.121946871999
2.1    0.121611404034
2.12    0.120744891361
2.14    0.119607134632
2.16    0.118365462257
2.18    0.11738274891
2.2    0.118329661541
2.22    0.119366570619
2.24    0.120509725243
2.26    0.121728233926
2.28    0.122965409717
2.3    0.124123413201
2.32    0.125057415332
2.34    0.125680202371
2.36    0.125835192153
2.38    0.125467828362
2.4    0.124462336174
2.42    0.122763182407
2.44    0.120328475644
2.46    0.1171481979
2.48    0.113172439967
2.5    0.108397529478
2.52    0.102852353184
2.54    0.0972232280426
2.56    0.0973804818217
2.58    0.0983703578799
2.6    0.0987195102693
2.62    0.0984652725074
2.64    0.0982525175521
2.66    0.0977044306691
2.68    0.096473822518
2.7    0.0951514307333
2.72    0.0964174111567
2.74    0.0971279176692
2.76    0.0972191763325
2.78    0.0967263952358
2.8    0.0956537569707
2.82    0.0949507877172
2.84    0.095756334245
2.86    0.0962591205875
2.88    0.0964533366367
2.9    0.0963404441086
2.92    0.0959518659946
2.94    0.0954285412058
2.96    0.0948195061606
2.98    0.0939896833238
3.0    0.0929298303987
3.02    0.091639882072
3.04    0.0901204848576
3.06    0.0884362905642
3.08    0.0871062430879
3.1    0.0879804363842
3.12    0.0883637877779
3.14    0.088301067509
3.16    0.0878104362683
3.18    0.0869476814072
3.2    0.0857470268336
3.22    0.0842484123151
3.24    0.0824973480291
3.26    0.0805380630891
3.28    0.078412800197
3.3    0.0761612512143
3.32    0.0744519139725
3.34    0.0742299044421
3.36    0.0739716190458
3.38    0.0736451429171
3.4    0.0732579445192
3.42    0.0728263953306
3.44    0.0723746470555
3.46    0.0718808596407
3.48    0.0713501521538
3.5    0.0707868561861
3.52    0.0702048665963
3.54    0.0696147459932
3.56    0.0689997135199
3.58    0.0683616133629
3.6    0.067701808765
3.62    0.0670212482139
3.64    0.0663287324518
3.66    0.0656307820849
3.68    0.0649122498135
3.7    0.0641730815047
3.72    0.0634130955574
3.74    0.0626320299127
3.76    0.0618295844154
3.78    0.0610133189334
3.8    0.0601850921536
3.82    0.0593340385746
3.84    0.0584600389633
3.86    0.0575630746499
3.88    0.0566432431126
3.9    0.0557007696932
3.92    0.0547360157259
3.94    0.0537548773416
3.96    0.0527600684493
3.98    0.0518357151465
4.0    0.0525021909466
4.02    0.0531145406424
4.04    0.0536748529735
4.06    0.0541582026201
4.08    0.0545684003606
4.1    0.0548868416786
4.12    0.055119354218
4.14    0.0552483958084
4.16    0.0552767300122
4.18    0.0552008344712
4.2    0.0550146080874
4.22    0.0547184858687
4.24    0.0543136288158
4.26    0.0545297403526
4.28    0.0560778723395
4.3    0.0576167375863
4.32    0.0591380267868
4.34    0.0606408047821
4.36    0.0621070950598
4.38    0.0635414497065
4.4    0.0649271436852
4.42    0.0662680272577
4.44    0.0675567879086
4.46    0.068791476202
4.48    0.0699704820611
4.5    0.0710896989784
4.52    0.0721435177355
4.54    0.0731263299625
4.56    0.0740333866207
4.58    0.0748639961675
4.6    0.075617948832
4.62    0.0762876221614
4.64    0.0768703733752
4.66    0.0773754297282
4.68    0.0777921726018
4.7    0.0781184794593
4.72    0.078368180038
4.74    0.0785271196185
4.76    0.0786024734153
4.78    0.0785982007816
4.8    0.0785059830509
4.82    0.0783438305933
4.84    0.0780981586243
4.86    0.0777809530336
4.88    0.0773907478243
4.9    0.0769300086432
4.92    0.0764054848676
4.94    0.0758141420275
4.96    0.0751665172834
4.98    0.0744585080221
5.0    0.0736998283061
5.02    0.0728897214924
5.04    0.0720328212973
5.06    0.0711354751577
5.08    0.0701937291152
5.1    0.0692239863621
5.12    0.068216331602
5.14    0.0671827615201
5.16    0.0661251494228
5.18    0.0650417585866
5.2    0.0640450851601
5.22    0.0642738840185
5.24    0.0644644823398
5.26    0.0646058666305
5.28    0.0647106050605
5.3    0.0647702505463
5.32    0.0647844036859
5.34    0.0647552093482
5.36    0.0646970332892
5.38    0.0645986285296
5.4    0.0644619123539
5.42    0.0642888233748
5.44    0.0640813127969
5.46    0.0638413362339
5.48    0.0635794807865
5.5    0.0632911994543
5.52    0.0629758927202
5.54    0.0626354597639
5.56    0.0622717726912
5.58    0.0618866714578
5.6    0.0614819592898
5.62    0.0610593985751
5.64    0.0606207072137
5.66    0.0601675554108
5.68    0.0597070294344
5.7    0.0592368545765
5.72    0.0587565574701
5.74    0.0582675999107
5.76    0.0577713864392
5.78    0.0572692632927
5.8    0.0567625176476
5.82    0.0562523771478
5.84    0.0557400096934
5.86    0.0552265234672
5.88    0.0547129671854
5.9    0.0542003305523
5.92    0.0536895448991
5.94    0.0531814839904
5.96    0.0526769649871
5.98    0.0521767495368
6.0    0.0516815449962
6.02    0.0511920057489
6.04    0.0507087346231
6.06    0.0502322843878
6.08    0.0497631593137
6.1    0.0493018167934
6.12    0.0488486690071
6.14    0.0484040846188
6.16    0.0479683905074
6.18    0.0475418735076
6.2    0.0471247821616
6.22    0.0467173284761
6.24    0.0463196896726
6.26    0.0459320099267
6.28    0.0455544020902
6.3    0.0451869493955
6.32    0.0449143362507
6.34    0.0448039508112
6.36    0.0446901773854
6.38    0.0445732716694
6.4    0.0444534808999
6.42    0.044331043913
6.44    0.0442061912188
6.46    0.0440791450863
6.48    0.04395011964
6.5    0.0438208252613
6.52    0.0436907000915
6.54    0.0435591182067
6.56    0.0434262638345
6.58    0.0432923136821
6.6    0.0431574370737
6.62    0.0430217960984
6.64    0.0428855457582
6.66    0.0427488341228
6.68    0.0426118024855
6.7    0.0424745855246
6.72    0.0423373114633
6.74    0.0422001022359
6.76    0.04206307365
6.78    0.0419263355543
6.8    0.0417899920046
6.82    0.0416541414284
6.84    0.0415188767923
6.86    0.0413842857677
6.88    0.0412504508939
6.9    0.0411174497417
6.92    0.0409853550759
6.94    0.040854235014
6.96    0.0407241531861
6.98    0.0405951688902
7.0    0.0404673372452
7.02    0.040340709345
7.04    0.0402153324052
7.06    0.0400912499108
7.08    0.0399685017589
7.1    0.0398471244013
7.12    0.0397271509805
7.14    0.0396086114659
7.16    0.0394915327861
7.18    0.0393759389563
7.2    0.0392618512057
7.22    0.039149288099
7.24    0.0390382656564
7.26    0.0389287974704
7.28    0.0388208948177
7.3    0.038714566771
7.32    0.038609820304
7.34    0.0385066603959
7.36    0.038405090133
7.38    0.0383051108044
7.4    0.0382067219976
7.42    0.0381099216898
7.44    0.0380147063365
7.46    0.037921070956
7.48    0.0378290092129
7.5    0.0377385134985
7.52    0.0376495750057
7.54    0.0375621838051
7.56    0.0374763289151
7.58    0.0373919983721
7.6    0.0373091792953
7.62    0.0372278579515
7.64    0.0371480198154
7.66    0.037069649629
7.68    0.0369927314581
7.7    0.0369172487455
7.72    0.0368431843641
7.74    0.0367705206654
7.76    0.0366992395284
7.78    0.0366293224032
7.8    0.0365848634038
7.82    0.0365688887495
7.84    0.0365529708571
7.86    0.0365370791529
7.88    0.036521185402
7.9    0.0365052636122
7.92    0.0364892899406
7.94    0.0364732425999
7.96    0.0364571017688
7.98    0.0364408495023
8.0    0.0364244696459
8.02    0.0364079477495
8.04    0.0363912709859
8.06    0.0363744280698
8.08    0.0363574091789
8.1    0.0363402058781
8.12    0.0363228110452
8.14    0.036305218799
8.16    0.0362874244294
8.18    0.0362694243301
8.2    0.0362512159327
8.22    0.0362327976445
8.24    0.0362141687861
8.26    0.0361953295337
8.28    0.0361762808613
8.3    0.0361570244868
8.32    0.0361375628191
8.34    0.0361178989072
8.36    0.036098036392
8.38    0.0360779794592
8.4    0.0360577327953
8.42    0.0360373015438
8.44    0.0360166912652
8.46    0.0359959078972
8.48    0.0359749577173
8.5    0.0359538473077
8.52    0.0359325835207
8.54    0.0359111734466
8.56    0.0358896243827
8.58    0.0358679438047
8.6    0.035846139338
8.62    0.0358242187326
8.64    0.0358021898375
8.66    0.0357800605771
8.68    0.0357578389298
8.7    0.0357355329064
8.72    0.0357131505311
8.74    0.0356906998224
8.76    0.0356681887765
8.78    0.0356456253507
8.8    0.0356230174484
8.82    0.0356003729054
8.84    0.0355776994761
8.86    0.0355550048221
8.88    0.0355322965006
8.9    0.0355095819542
8.92    0.0354868685015
8.94    0.035464163328
8.96    0.0354414734786
8.98    0.0354188058507
9.0    0.0353961671866
9.02    0.0353735640689
9.04    0.0353510029149
9.06    0.0353284899713
9.08    0.0353060313118
9.1    0.0352836328318
9.12    0.0352613002471
9.14    0.0352390390902
9.16    0.0352168547092
9.18    0.035194752266
9.2    0.0351727367348
9.22    0.0351508129022
9.24    0.0351289853662
9.26    0.0351072585361
9.28    0.0350856366339
9.3    0.0350641236932
9.32    0.035042723562
9.34    0.0350214399026
9.36    0.0350002761933
9.38    0.0349792357307
9.4    0.0349583216308
9.42    0.0349375368315
9.44    0.0349168840949
9.46    0.0348963660097
9.48    0.0348759849936
9.5    0.0348557432965
9.52    0.034835643003
9.54    0.0348156860356
9.56    0.0347958741576
9.58    0.0347762089766
9.6    0.0347566919475
9.62    0.0347373243761
9.64    0.0347181074224
9.66    0.034699042104
9.68    0.0346801292999
9.7    0.0346613697537
9.72    0.0346427640775
9.74    0.0346243127555
9.76    0.0346060161473
9.78    0.0345878744921
9.8    0.0345698879118
9.82    0.034552056415
9.84    0.0345343799006
9.86    0.0345168581613
9.88    0.0344994908873
9.9    0.03448227767
9.92    0.0344652180054
9.94    0.0344483112974
9.96    0.0344315568622
9.98    0.0344149539306
10.0    0.0343985016523
