0.05    0.000144380515887
0.07    0.000362793863821
0.09    0.000722019603893
0.1    0.000956596866819
0.12    0.00156719653065
0.14    0.00299770141513
0.16    0.00546596703214
0.18    0.00429688685785
0.2    0.00424070346006
0.22    0.00588976813031
0.24    0.00572518322541
0.26    0.00690996287245
0.28    0.00551741100055
0.3    0.0047721412103
0.32    0.00566801359632
0.34    0.00640910328815
0.36    0.00760429540677
0.38    0.00847791637189
0.4    0.00839321701082
0.42    0.00745129170944
0.44    0.00769385012885
0.46    0.00837583166783
0.48    0.00938524138495
0.5    0.0100800956772
0.52    0.00964818597791
0.54    0.00758473951083
0.56    0.00804315548522
0.58    0.00831176440063
0.6    0.00932763039232
0.62    0.0107712675953
0.64    0.0135815779309
0.66    0.016449068607
0.68    0.0178079628381
0.7    0.0173141468448
0.72    0.0157669587566
0.74    0.0165208666271
0.76    0.0171501533728
0.78    0.019031651131
0.8    0.0204710749841
0.82    0.0233455407666
0.84    0.0242186708707
0.86    0.0230187561897
0.88    0.020633398938
0.9    0.0194556900848
0.92    0.0206542672279
0.94    0.0224477669815
0.96    0.0255433992847
0.98    0.0292028870655
1.0    0.0327807975395
1.02    0.0364803899639
1.04    0.0405462475987
1.06    0.0444946961164
1.08    0.0476463266012
1.1    0.0494492889959
1.12    0.0508510024084
1.14    0.052017893415
1.16    0.0526386350864
1.18    0.0531888568132
1.2    0.0538773106395
1.22    0.054517451205
1.24    0.055230686168
1.26    0.0562255197548
1.28    0.0575772860668
1.3    0.0591784797835
1.32    0.0607595592428
1.34    0.0621301771356
1.36    0.0631836767012
1.38    0.0638724221079
1.4    0.0641763332634
1.42    0.0641252335946
1.44    0.0638407582213
1.46    0.0652566840124
1.48    0.0659596446602
1.5    0.0661189956503
1.52    0.0660003883286
1.54    0.0659087499036
1.56    0.0661359631516
1.58    0.0668413661892
1.6    0.0680236718058
1.62    0.0695643155192
1.64    0.0712577440818
1.66    0.0728742872315
1.68    0.0742696938461
1.7    0.0754120048117
1.72    0.0762717153024
1.74    0.0768117222107
1.76    0.0771128455
1.78    0.07715971067
1.8    0.0769451918749
1.82    0.0764711442659
1.84    0.0758705423886
1.86    0.0752156208106
1.88    0.0767153571282
1.9    0.0814430762337
1.92    0.085433869407
1.94    0.0887341082495
1.96    0.0913978933912
1.98    0.0935187415475
2.0    0.097065520159
2.02    0.100518708842
2.04    0.103661657616
2.06    0.106451384997
2.08    0.108745424907
2.1    0.110420294113
2.12    0.11130628041
2.14    0.111240329781
2.16    0.110090589416
2.18    0.111933580046
2.2    0.11551671441
2.22    0.118193955542
2.24    0.119883218369
2.26    0.121645822179
2.28    0.123563704281
2.3    0.125230485685
2.32    0.126150111158
2.34    0.126257842225
2.36    0.125501206214
2.38    0.123869598861
2.4    0.121417557073
2.42    0.118239936471
2.44    0.114414814468
2.46    0.110238995173
2.48    0.108373197202
2.5    0.105905031446
2.52    0.102926228822
2.54    0.0994786468951
2.56    0.095680439222
2.58    0.0915824811495
2.6    0.0872991004825
2.62    0.0859340903522
2.64    0.0843376911454
2.66    0.0827660711388
2.68    0.0815004329506
2.7    0.0799345262571
2.72    0.0780685224
2.74    0.075965663083
2.76    0.0736458045508
2.78    0.07118285718
2.8    0.068574663182
2.82    0.065913393447
2.84    0.0636489641508
2.86    0.0624159306584
2.88    0.0611514092817
2.9    0.0598721602064
2.92    0.0585885062097
2.94    0.0573047562009
2.96    0.0560315562414
2.98    0.0557701246705
3.0    0.057768436081
3.02    0.0597302319329
3.04    0.0616128630601
3.06    0.0633789157664
3.08    0.0649967551196
3.1    0.0664405447116
3.12    0.0676899632847
3.14    0.0687443512569
3.16    0.069581851805
3.18    0.0702000276646
3.2    0.0706087371238
3.22    0.0707965734645
3.24    0.0707867950077
3.26    0.0705725410268
3.28    0.0701850363032
3.3    0.069625511132
3.32    0.0689104681372
3.34    0.0680545298071
3.36    0.0670709652915
3.38    0.0659712531355
3.4    0.0647782807373
3.42    0.0647558000984
3.44    0.0646756217019
3.46    0.064533832076
3.48    0.0643463740857
3.5    0.0641143690195
3.52    0.0638247311667
3.54    0.0635015765185
3.56    0.0631254621456
3.58    0.0627149663067
3.6    0.0623869001874
3.62    0.062021390691
3.64    0.061557889782
3.66    0.0609967669639
3.68    0.0604276543452
3.7    0.0598898237833
3.72    0.0595794395468
3.74    0.0596692443498
3.76    0.0597226497724
3.78    0.0597386502745
3.8    0.0597163752905
3.82    0.0596551097234
3.84    0.059554310454
3.86    0.0594275670238
3.88    0.0592628653939
3.9    0.0590579006486
3.92    0.0588128726784
3.94    0.0585281824296
3.96    0.0582044287718
3.98    0.0578424029467
4.0    0.0574430808973
4.02    0.0570076137703
4.04    0.0565373168794
4.06    0.0560336574066
4.08    0.0554982411038
4.1    0.0549331799653
4.12    0.0543509199055
4.14    0.0537418490284
4.16    0.0531079698275
4.18    0.0524513525354
4.2    0.0522400401083
4.22    0.0525017231226
4.24    0.0527369008077
4.26    0.0529449765345
4.28    0.0531258888759
4.3    0.0532796779033
4.32    0.0534064809846
4.34    0.0535132835125
4.36    0.0535963391556
4.38    0.0536532618744
4.4    0.0536845110399
4.42    0.0536906188754
4.44    0.0536721849039
4.46    0.0536371603827
4.48    0.0535803968614
4.5    0.0535010513208
4.52    0.0533999245115
4.54    0.0532778578831
4.56    0.0531370168699
4.58    0.0529835111111
4.6    0.0528115480406
4.62    0.052622073531
4.64    0.0524160502863
4.66    0.0521944534033
4.68    0.0519637605966
4.7    0.0517203795979
4.72    0.051464123723
4.74    0.0511959760959
4.76    0.0509169141743
4.78    0.0506333446875
4.8    0.050340568454
4.82    0.0500394863686
4.84    0.0497313139339
4.86    0.0494209472069
4.88    0.0491047476917
4.9    0.048786279456
4.92    0.048467207862
4.94    0.0481465901393
4.96    0.0478261931738
4.98    0.0475033647478
5.0    0.0471788602334
5.02    0.0468534068497
5.04    0.0465300240866
5.06    0.046207393643
5.08    0.0458856131213
5.1    0.0455652975183
5.12    0.0452470315806
5.14    0.0449313697044
5.16    0.044618835946
5.18    0.0443099241306
5.2    0.0440050980587
5.22    0.0437047917937
5.24    0.0434094100325
5.26    0.0431193285441
5.28    0.0428348946759
5.3    0.0425564279143
5.32    0.0422842205026
5.34    0.0420185380991
5.36    0.0417596204808
5.38    0.0415076822772
5.4    0.0412629137379
5.42    0.0410254815236
5.44    0.0407955295168
5.46    0.0405731796511
5.48    0.0403585327502
5.5    0.0401516693779
5.52    0.0399526506925
5.54    0.0397615193025
5.56    0.0395783001231
5.58    0.0394030012271
5.6    0.0392356146925
5.62    0.0390761174394
5.64    0.0389244720574
5.66    0.0387806276221
5.68    0.0386445204955
5.7    0.0385160751136
5.72    0.0383952047553
5.74    0.0382818122951
5.76    0.0381757909362
5.78    0.0380770249249
5.8    0.0379853902434
5.82    0.0379007552826
5.84    0.0378229814939
5.86    0.0377519240178
5.88    0.0376874322919
5.9    0.0376293506358
5.92    0.037577518814
5.94    0.0375317725763
5.96    0.037491944176
5.98    0.0374578628655
6.0    0.0374293553706
6.02    0.0374062463425
6.04    0.037388358788
6.06    0.0373755144793
6.08    0.037367534342
6.1    0.0373642388237
6.12    0.0373658045533
6.14    0.0373719317628
6.16    0.0373821770039
6.18    0.0373963613839
6.2    0.0374143071725
6.22    0.0374358380532
6.24    0.0374607793572
6.26    0.0374889582811
6.28    0.0375202040889
6.3    0.0375543482981
6.32    0.0375912248519
6.34    0.0376306702759
6.36    0.0376725238223
6.38    0.0377166276008
6.4    0.0377628266961
6.42    0.0378109692742
6.44    0.0378609066769
6.46    0.0379124935054
6.48    0.037965587693
6.5    0.0380200505686
6.52    0.03807574691
6.54    0.0381325449883
6.56    0.0381903166044
6.58    0.0382489371163
6.6    0.0383082854602
6.62    0.0383682441624
6.64    0.0384286993469
6.66    0.0384895407343
6.68    0.0385506616361
6.7    0.0386119589428
6.72    0.0386733331075
6.74    0.0387346881226
6.76    0.0387959314951
6.78    0.0388569742147
6.8    0.0389177307191
6.82    0.0389781188571
6.84    0.0390380598454
6.86    0.0390974782247
6.88    0.0391563018122
6.9    0.0392144616518
6.92    0.0392718919611
6.94    0.039328530078
6.96    0.0393844463206
6.98    0.0394398628831
7.0    0.0394943332525
7.02    0.0395478060012
7.04    0.0396002325305
7.06    0.0396515670081
7.08    0.039701766306
7.1    0.0397507899362
7.12    0.0397985999881
7.14    0.0398451610634
7.16    0.0398904402113
7.18    0.0399344068649
7.2    0.0399770327758
7.22    0.0400182919498
7.24    0.0400581605823
7.26    0.0400966169943
7.28    0.0401336415689
7.3    0.0401692166872
7.32    0.0402033266664
7.34    0.0402359576971
7.36    0.0402670977814
7.38    0.0402967366728
7.4    0.0403248658152
7.42    0.0403514782839
7.44    0.0403765687272
7.46    0.0404001333083
7.48    0.0404221696491
7.5    0.040442676774
7.52    0.0404616550554
7.54    0.0404791061593
7.56    0.0404950329933
7.58    0.0405094396541
7.6    0.0405223313771
7.62    0.0405341085036
7.64    0.0405447574661
7.66    0.040553912114
7.68    0.0405615814157
7.7    0.0405677752515
7.72    0.0405725043703
7.74    0.0405757803452
7.76    0.0405776155322
7.78    0.0405780230285
7.8    0.040577016633
7.82    0.0405746108072
7.84    0.0405708206373
7.86    0.0405656617973
7.88    0.0405591505135
7.9    0.0405513035297
7.92    0.0405421380734
7.94    0.0405316718234
7.96    0.0405199228778
7.98    0.0405069097236
8.0    0.0404926512071
8.02    0.0404771665048
8.04    0.0404604750959
8.06    0.0404425967354
8.08    0.0404235514281
8.1    0.0404033594038
8.12    0.0403820410928
8.14    0.0403596171027
8.16    0.0403361081962
8.18    0.0403115352694
8.2    0.0402859193308
8.22    0.0402592814814
8.24    0.0402316428956
8.26    0.0402030248028
8.28    0.0401734484693
8.3    0.0401429351817
8.32    0.0401115062305
8.34    0.0400791828942
8.36    0.0400459864253
8.38    0.0400119380346
8.4    0.0399770588793
8.42    0.039941370048
8.44    0.0399048925503
8.46    0.0398676473036
8.48    0.0398296551224
8.5    0.0397909367079
8.52    0.0397515126369
8.54    0.0397114033533
8.56    0.0396706291581
8.58    0.0396292102019
8.6    0.0395871664749
8.62    0.0395445178013
8.64    0.039501283831
8.66    0.0394574840325
8.68    0.0394131376872
8.7    0.0393685024406
8.72    0.0393235663063
8.74    0.0392781325605
8.76    0.0392322197101
8.78    0.0391858460514
8.8    0.0391390296656
8.82    0.039091788415
8.84    0.0390441399395
8.86    0.0389961016532
8.88    0.0389476907415
8.9    0.0388989241586
8.92    0.0388498186248
8.94    0.0388003906241
8.96    0.0387506564029
8.98    0.0387006319682
9.0    0.0386503330858
9.02    0.0385997752791
9.04    0.0385489738292
9.06    0.0384979437722
9.08    0.0384466999009
9.1    0.0383952567622
9.12    0.0383436286587
9.14    0.0382918296475
9.16    0.0382398735411
9.18    0.0381877739068
9.2    0.0381355440682
9.22    0.0380831971055
9.24    0.0380307458557
9.26    0.0379782029134
9.28    0.0379255806333
9.3    0.0378728911292
9.32    0.0378201462768
9.34    0.0377673577145
9.36    0.0377145368442
9.38    0.037661694834
9.4    0.0376088426192
9.42    0.0375559909035
9.44    0.037503150162
9.46    0.037450330642
9.48    0.0373975423649
9.5    0.0373447951293
9.52    0.0372920985118
9.54    0.0372394618698
9.56    0.0371868943433
9.58    0.0371344048578
9.6    0.0370820021251
9.62    0.0370296946476
9.64    0.0369774907186
9.66    0.0369253984266
9.68    0.0368734256561
9.7    0.0368215800906
9.72    0.0367698692157
9.74    0.0367183003206
9.76    0.0366668805014
9.78    0.0366156166626
9.8    0.036564515521
9.82    0.0365135836072
9.84    0.0364628272688
9.86    0.036412252672
9.88    0.0363618658057
9.9    0.0363116724825
9.92    0.036261678343
9.94    0.0362118888563
9.96    0.0361623093243
9.98    0.036112944884
10.0    0.0360638005087
