0.05    0.000185524528778
0.07    0.000413531150819
0.09    0.000873349066392
0.1    0.00099402196292
0.12    0.00129917515731
0.14    0.00168413209266
0.16    0.00284076775376
0.18    0.00442154339501
0.2    0.0050805097996
0.22    0.00600816368809
0.24    0.00755927158419
0.26    0.00887469292193
0.28    0.00912736691776
0.3    0.00798663430275
0.32    0.0095716329837
0.34    0.0107451970921
0.36    0.0138296261202
0.38    0.0195411770995
0.4    0.0219258639811
0.42    0.0229245874232
0.44    0.0292766078249
0.46    0.0338999277342
0.48    0.0361323078021
0.5    0.0355133681391
0.52    0.0357264984344
0.54    0.0343254034558
0.56    0.0322950258822
0.58    0.0313266336401
0.6    0.0290480883651
0.62    0.0269550216986
0.64    0.0302842001712
0.66    0.033576252404
0.68    0.0337452549596
0.7    0.0327805249643
0.72    0.0314626470804
0.74    0.0300969005351
0.76    0.0295861773944
0.78    0.0292989584939
0.8    0.0284635908089
0.82    0.0281915011533
0.84    0.0294090968493
0.86    0.0310432410885
0.88    0.0316754044694
0.9    0.0339659803062
0.92    0.0389809398547
0.94    0.0452412581161
0.96    0.0513828437826
0.98    0.0568273956306
1.0    0.0612920480451
1.02    0.0650994767821
1.04    0.0690088892769
1.06    0.0737640184398
1.08    0.0798197560534
1.1    0.0870138886974
1.12    0.0946383158826
1.14    0.101824418365
1.16    0.107839566814
1.18    0.112214054341
1.2    0.114920687618
1.22    0.116333962301
1.24    0.117019455976
1.26    0.121152885166
1.28    0.125432651235
1.3    0.129526367594
1.32    0.133621612825
1.34    0.13767167431
1.36    0.141632282023
1.38    0.1455258029
1.4    0.149550319669
1.42    0.153812204989
1.44    0.158279100268
1.46    0.162945832826
1.48    0.16789065123
1.5    0.172857972275
1.52    0.177258242681
1.54    0.180621565674
1.56    0.182790863438
1.58    0.186412088738
1.6    0.19075109619
1.62    0.194517130316
1.64    0.198054178419
1.66    0.201707735523
1.68    0.205869976463
1.7    0.210936203005
1.72    0.217204070164
1.74    0.224815875152
1.76    0.233675567111
1.78    0.243567851067
1.8    0.254145284536
1.82    0.265000725015
1.84    0.275772021627
1.86    0.286117563357
1.88    0.2957571105
1.9    0.304408856974
1.92    0.311886454668
1.94    0.318104296035
1.96    0.323184182384
1.98    0.327398166529
2.0    0.33078172344
2.02    0.333324681243
2.04    0.335038083881
2.06    0.336089228182
2.08    0.336644550154
2.1    0.33691694956
2.12    0.337106481726
2.14    0.337404282662
2.16    0.337947492139
2.18    0.338814824213
2.2    0.340053259261
2.22    0.341694748221
2.24    0.343762141742
2.26    0.346242844317
2.28    0.34909768566
2.3    0.352262950221
2.32    0.355612017871
2.34    0.358956356745
2.36    0.362119648449
2.38    0.364982430679
2.4    0.367480548805
2.42    0.369544853581
2.44    0.371094894236
2.46    0.372072183654
2.48    0.372445252431
2.5    0.37222859944
2.52    0.371479302689
2.54    0.370259174435
2.56    0.3685820227
2.58    0.366456241396
2.6    0.363864290586
2.62    0.360844984609
2.64    0.35745037471
2.66    0.353820729871
2.68    0.351770055579
2.7    0.349680619767
2.72    0.347284362956
2.74    0.34464328725
2.76    0.341783246214
2.78    0.338777914914
2.8    0.335654113676
2.82    0.332494420305
2.84    0.329366067336
2.86    0.326300995645
2.88    0.323300572723
2.9    0.320354512465
2.92    0.317457501916
2.94    0.314640573244
2.96    0.311896106012
2.98    0.309247951006
3.0    0.306686905221
3.02    0.304212750718
3.04    0.301828744486
3.06    0.299529969234
3.08    0.297310345136
3.1    0.295165807413
3.12    0.293091114846
3.14    0.29108012842
3.16    0.289126035642
3.18    0.287221366726
3.2    0.28535824102
3.22    0.283528922755
3.24    0.281728309739
3.26    0.279954627146
3.28    0.27819673247
3.3    0.276449607483
3.32    0.274709850169
3.34    0.272985585142
3.36    0.271263447101
3.38    0.269542325991
3.4    0.267832669807
3.42    0.266126906072
3.44    0.264424085456
3.46    0.262736369232
3.48    0.261058187817
3.5    0.259390594689
3.52    0.257745862506
3.54    0.256119569179
3.56    0.254513469775
3.58    0.252940038452
3.6    0.25139364253
3.62    0.249878854119
3.64    0.25166281041
3.66    0.256150615895
3.68    0.260230610251
3.7    0.263901549493
3.72    0.267168503151
3.74    0.270033960272
3.76    0.272515559003
3.78    0.274616652209
3.8    0.276370298736
3.82    0.277810814618
3.84    0.278974167885
3.86    0.279872025464
3.88    0.28121990802
3.9    0.284623687829
3.92    0.287890054804
3.94    0.29099304253
3.96    0.293915505085
3.98    0.296643053902
4.0    0.299163068441
4.02    0.301476467643
4.04    0.303578495124
4.06    0.305473553761
4.08    0.307166999209
4.1    0.308669702404
4.12    0.309985391754
4.14    0.311121388051
4.16    0.312096680045
4.18    0.312910611214
4.2    0.313564412747
4.22    0.314056381962
4.24    0.31438420611
4.26    0.314545957294
4.28    0.314552039388
4.3    0.317173592125
4.32    0.326891764316
4.34    0.336021895908
4.36    0.344530875218
4.38    0.352398721606
4.4    0.359616855147
4.42    0.36617651323
4.44    0.372121386808
4.46    0.378413477351
4.48    0.384057407675
4.5    0.389098356768
4.52    0.393605194866
4.54    0.397564896646
4.56    0.400953152209
4.58    0.403787763519
4.6    0.406109200679
4.62    0.407938075557
4.64    0.409261796234
4.66    0.410080384409
4.68    0.410434598891
4.7    0.410398031173
4.72    0.410041351214
4.74    0.409401002964
4.76    0.408541593956
4.78    0.407581853515
4.8    0.406623685322
4.82    0.405688755928
4.84    0.404685490736
4.86    0.403523662823
4.88    0.40214167092
4.9    0.400489200025
4.92    0.39855194157
4.94    0.396350222338
4.96    0.393906438487
4.98    0.391256819104
5.0    0.388440245482
5.02    0.385501019426
5.04    0.382480422376
5.06    0.379407048676
5.08    0.376303430562
5.1    0.373196271002
5.12    0.370112863149
5.14    0.3670880077
5.16    0.364154403708
5.18    0.361349980525
5.2    0.358709423029
5.22    0.356270870105
5.24    0.354065960174
5.26    0.352126919635
5.28    0.350487781525
5.3    0.349171693019
5.32    0.34820701972
5.34    0.347614904401
5.36    0.347412341335
5.38    0.347614156832
5.4    0.348230076413
5.42    0.349263823664
5.44    0.350717723815
5.46    0.352589494637
5.48    0.354869202589
5.5    0.357550175004
5.52    0.360614114858
5.54    0.364188303629
5.56    0.368132052198
5.58    0.372361922075
5.6    0.376856668212
5.62    0.381593289247
5.64    0.386548665004
5.66    0.39169808326
5.68    0.397015853406
5.7    0.402475514341
5.72    0.408050392415
5.74    0.413716826029
5.76    0.419445717351
5.78    0.425210844147
5.8    0.430986854943
5.82    0.436822038159
5.84    0.442761332087
5.86    0.44867707533
5.88    0.454547099915
5.9    0.460351088236
5.92    0.466068389732
5.94    0.471678847634
5.96    0.47716401355
5.98    0.482507532351
6.0    0.487694181817
6.02    0.49271033849
6.04    0.497544505631
6.06    0.502185825012
6.08    0.506624169328
6.1    0.510850844813
6.12    0.514857489979
6.14    0.518636189493
6.16    0.522181905677
6.18    0.525491624665
6.2    0.528563298061
6.22    0.531396044826
6.24    0.533991367365
6.26    0.536355078548
6.28    0.538484098514
6.3    0.540380155582
6.32    0.542047120261
6.34    0.543492153974
6.36    0.544725011986
6.38    0.54574974151
6.4    0.546574697253
6.42    0.547210256625
6.44    0.547666920288
6.46    0.547953097943
6.48    0.548082033799
6.5    0.548059206395
6.52    0.547893054979
6.54    0.54759543391
6.56    0.547168976945
6.58    0.546621459609
6.6    0.545962326171
6.62    0.545199578862
6.64    0.544343608968
6.66    0.543405151995
6.68    0.542395229445
6.7    0.541326961544
6.72    0.54021231557
6.74    0.539062014914
6.76    0.537886420888
6.78    0.536695287493
6.8    0.53549950318
6.82    0.534307979173
6.84    0.533130276584
6.86    0.531972696342
6.88    0.530842066428
6.9    0.529746412974
6.92    0.528691987538
6.94    0.527682154514
6.96    0.526723128532
6.98    0.52582088609
7.0    0.524978788
7.02    0.524202156502
7.04    0.523495134747
7.06    0.522861923009
7.08    0.522306189745
7.1    0.521829835451
7.12    0.521435559428
7.14    0.521125096926
7.16    0.520900259214
7.18    0.520762340082
7.2    0.520711616321
7.22    0.520748246513
7.24    0.520872504722
7.26    0.521084385915
7.28    0.521382828508
7.3    0.521766845216
7.32    0.522236483701
7.34    0.522788198062
7.36    0.523419998222
7.38    0.524130110103
7.4    0.524916972974
7.42    0.5257760923
7.44    0.526704342412
7.46    0.527697516512
7.48    0.528751402155
7.5    0.529863824567
7.52    0.531030879907
7.54    0.5322468957
7.56    0.533509112068
7.58    0.534814296466
7.6    0.536158113466
7.62    0.537536261426
7.64    0.538942422152
7.66    0.540371253572
7.68    0.541818247841
7.7    0.543279016107
7.72    0.544747257814
7.74    0.546219979206
7.76    0.547692666955
7.78    0.549165620831
7.8    0.550630549484
7.82    0.552080643175
7.84    0.55350849022
7.86    0.554906358729
7.88    0.556267789914
7.9    0.557589816659
7.92    0.558864204125
7.94    0.560088445531
7.96    0.561253671983
7.98    0.562358617521
8.0    0.563397052636
8.02    0.564362883574
8.04    0.565254033225
8.06    0.566064080151
8.08    0.566795783973
8.1    0.567445546184
8.12    0.568013079586
8.14    0.568497552631
8.16    0.568899411318
8.18    0.569217244655
8.2    0.569449283507
8.22    0.569597319713
8.24    0.569660175706
8.26    0.569636523708
8.28    0.569524701777
8.3    0.569321873641
8.32    0.569026286108
8.34    0.568635462496
8.36    0.568147482507
8.38    0.567559164959
8.4    0.566868868866
8.42    0.567010181203
8.44    0.567775435794
8.46    0.568490369826
8.48    0.569168088935
8.5    0.569830239749
8.52    0.570510636586
8.54    0.571213408383
8.56    0.571920329211
8.58    0.572614692345
8.6    0.57327819974
8.62    0.573892805903
8.64    0.574454564377
8.66    0.574958071823
8.68    0.575395110042
8.7    0.575760194075
8.72    0.576057910863
8.74    0.576294629141
8.76    0.57647075471
8.78    0.57658622695
8.8    0.576636655442
8.82    0.576613841055
8.84    0.576510862728
8.86    0.576326314755
8.88    0.576056920374
8.9    0.575702548725
8.92    0.575259872019
8.94    0.574725812804
8.96    0.574096540964
8.98    0.573372127243
9.0    0.572550205382
9.02    0.57163334186
9.04    0.570625775712
9.06    0.569530474274
9.08    0.568349582977
9.1    0.567085238848
9.12    0.565738242375
9.14    0.56430884601
9.16    0.562797002392
9.18    0.561202572341
9.2    0.55952469419
9.22    0.55776315058
9.24    0.555919793195
9.26    0.553993735653
9.28    0.5519873075
9.3    0.5499055612
9.32    0.547750781339
9.34    0.54552474401
9.36    0.543340889536
9.38    0.544288943572
9.4    0.545161456033
9.42    0.545956833273
9.44    0.546677229166
9.46    0.547321361595
9.48    0.54789064484
9.5    0.548384811448
9.52    0.548803995377
9.54    0.549150661943
9.56    0.549423030356
9.58    0.549625224929
9.6    0.549753878365
9.62    0.549814321852
9.64    0.549802179173
9.66    0.549722799105
9.68    0.54957320891
9.7    0.549356659607
9.72    0.549073428518
9.74    0.548725368333
9.76    0.548313220973
9.78    0.547838395093
9.8    0.547300603082
9.82    0.546700567958
9.84    0.546040153144
9.86    0.545319853609
9.88    0.544541748235
9.9    0.543705266405
9.92    0.542812806126
9.94    0.541863336735
9.96    0.54086000167
9.98    0.539800045119
10.0    0.538688095203
