0.05    1.96024896283e-05
0.07    4.04453153198e-05
0.09    0.000113699484535
0.1    0.000139656019252
0.12    0.000164420402778
0.14    0.00036453275148
0.16    0.000401956097257
0.18    0.00043633604789
0.2    0.000505206111261
0.22    0.000764112129548
0.24    0.000915972871659
0.26    0.00103311202792
0.28    0.00116531532738
0.3    0.00153988762136
0.32    0.00137027310301
0.34    0.00120410932753
0.36    0.00125448283394
0.38    0.00178819836582
0.4    0.00207545357339
0.42    0.00213994575044
0.44    0.00203056818339
0.46    0.00211262852557
0.48    0.00252712625239
0.5    0.00290527524177
0.52    0.00298877728388
0.54    0.00337269465816
0.56    0.00455597510187
0.58    0.0049588596866
0.6    0.00561311831935
0.62    0.00621868586366
0.64    0.00674986800825
0.66    0.00702622175381
0.68    0.00672329625264
0.7    0.0060440527607
0.72    0.00558931368852
0.74    0.00550609316372
0.76    0.00595826867503
0.78    0.00608065907086
0.8    0.00594985180643
0.82    0.00566891205745
0.84    0.00520567481243
0.86    0.00486138948698
0.88    0.0046226513875
0.9    0.00450824578786
0.92    0.00416229599727
0.94    0.00385705446937
0.96    0.00360728518911
0.98    0.00348306738972
1.0    0.00349183392429
1.02    0.00348516359932
1.04    0.00338324040674
1.06    0.00318528776009
1.08    0.0030668568117
1.1    0.00294446165241
1.12    0.00289343543704
1.14    0.00290970611884
1.16    0.00296042300607
1.18    0.00289162668387
1.2    0.0027262210167
1.22    0.00269814031307
1.24    0.00269584742001
1.26    0.00266106602322
1.28    0.00261920225503
1.3    0.00258042904519
1.32    0.00254112119346
1.34    0.00249053106488
1.36    0.00242977790639
1.38    0.00240938260971
1.4    0.00233657632752
1.42    0.00227680785277
1.44    0.00232873052705
1.46    0.00235777635811
1.48    0.0023632300927
1.5    0.00234663224763
1.52    0.00231116372863
1.54    0.00226072185684
1.56    0.00219949704722
1.58    0.0021315385347
1.6    0.0020603065122
1.62    0.00198901796605
1.64    0.00192059071785
1.66    0.00185748377007
1.68    0.00180168386427
1.7    0.00175467208118
1.72    0.00171738340587
1.74    0.00169017811962
1.76    0.00167286554606
1.78    0.00166489913026
1.8    0.00166481420291
1.82    0.0016710488818
1.84    0.00168183694729
1.86    0.00169535025338
1.88    0.00170983387919
1.9    0.00172372188832
1.92    0.00173572514656
1.94    0.00174488674052
1.96    0.00175060446872
1.98    0.00175262316573
2.0    0.00175100200634
2.02    0.00174606333833
2.04    0.00173833007484
2.06    0.00172845839334
2.08    0.0017171716433
2.1    0.0017052001677
2.12    0.00169325698181
2.14    0.00168190320206
2.16    0.00167163162815
2.18    0.00166281009433
2.2    0.0016556746527
2.22    0.00165035820637
2.24    0.00164682919055
2.26    0.00164497530847
2.28    0.0016446050008
2.3    0.00164546825048
2.32    0.00164727805527
2.34    0.00164973066208
2.36    0.00165252364072
2.38    0.00165537117652
2.4    0.00165801623617
2.42    0.00166023949846
2.44    0.0016618651359
2.46    0.00166277684532
2.48    0.00166290312252
2.5    0.00166218258724
2.52    0.001660617218
2.54    0.00165824538574
2.56    0.00165513612023
2.58    0.00165138288195
2.6    0.00164709717836
2.62    0.00164240231087
2.64    0.00163742748271
2.66    0.00163230244376
2.68    0.0016271527958
2.7    0.0016220960352
2.72    0.00161723836826
2.74    0.0016126722997
2.76    0.00160847496622
2.78    0.00160470716509
2.8    0.00160141301162
2.82    0.00159862014819
2.84    0.00159634042214
2.86    0.00159457094708
2.88    0.00159329546395
2.9    0.00159248592142
2.92    0.00159210420168
2.94    0.00159210392396
2.96    0.00159243226693
2.98    0.00159303175898
3.0    0.00159384199427
3.02    0.00159480124044
3.04    0.00159584791214
3.06    0.00159692189144
3.08    0.00159796568312
3.1    0.00159892539844
3.12    0.00159975156631
3.14    0.00160039977472
3.16    0.00160083114914
3.18    0.00160101267717
3.2    0.00160091739085
3.22    0.00160052441971
3.24    0.00159981892834
3.26    0.00159879195315
3.28    0.00159744015268
3.3    0.00159576548588
3.32    0.00159377483228
3.34    0.00159147956691
3.36    0.00158889510257
3.38    0.0015860404104
3.4    0.00158293752911
3.42    0.00157961107191
3.44    0.00157608773901
3.46    0.00157239584277
3.48    0.00156856485098
3.5    0.00156462495339
3.52    0.00156060665494
3.54    0.00155654039892
3.56    0.001552456222
3.58    0.00154838344253
3.6    0.00154435038286
3.62    0.00154038412576
3.64    0.00153651030481
3.66    0.00153275292749
3.68    0.00152913423046
3.7    0.00152567456512
3.72    0.00152239231198
3.74    0.001519303822
3.76    0.0015164233829
3.78    0.00151376320848
3.8    0.00151133344863
3.82    0.00150914221827
3.84    0.00150719564286
3.86    0.00150549791844
3.88    0.00150405138448
3.9    0.00150285660737
3.92    0.00150191247277
3.94    0.00150121628535
3.96    0.00150076387398
3.98    0.00150054970121
4.0    0.00150056697543
4.02    0.00150080776467
4.04    0.00150126311069
4.06    0.00150192314265
4.08    0.0015027771891
4.1    0.00150381388785
4.12    0.00150502129278
4.14    0.00150638697718
4.16    0.00150789813293
4.18    0.00150954166535
4.2    0.00151130428321
4.22    0.00151317258372
4.24    0.00151513313228
4.26    0.00151717253691
4.28    0.0015192775173
4.3    0.00152143496833
4.32    0.0015236320183
4.34    0.00152585608177
4.36    0.00152809490713
4.38    0.00153033661912
4.4    0.0015325697563
4.42    0.00153478330391
4.44    0.00153696672194
4.46    0.00153910996886
4.48    0.00154120352136
4.5    0.00154323838986
4.52    0.0015452061305
4.54    0.00154709885362
4.56    0.00154890922888
4.58    0.00155063048748
4.6    0.00155225642157
4.62    0.001553781381
4.64    0.00155520026781
4.66    0.00155650852864
4.68    0.00155770214501
4.7    0.00155877762216
4.72    0.00155973197607
4.74    0.00156056271934
4.76    0.00156126784585
4.78    0.00156184581428
4.8    0.00156229553094
4.82    0.00156261633182
4.84    0.00156280796403
4.86    0.00156287056689
4.88    0.0015628046526
4.9    0.00156261108673
4.92    0.00156229106862
4.94    0.00156184611175
4.96    0.00156127802412
4.98    0.00156058888888
5.0    0.00155978104504
5.02    0.00155885706859
5.04    0.00155781975386
5.06    0.00155667209526
5.08    0.00155541726957
5.1    0.00155405861849
5.12    0.00155259963184
5.14    0.00155104393133
5.16    0.00154939525465
5.18    0.00154765744041
5.2    0.00154583441338
5.22    0.00154393017066
5.24    0.00154194876806
5.26    0.00153989430746
5.28    0.00153777092453
5.3    0.00153558277711
5.32    0.00153333403433
5.34    0.00153102886611
5.36    0.00152867143346
5.38    0.00152626587918
5.4    0.00152381631933
5.42    0.00152132683508
5.44    0.00151880146527
5.46    0.00151624419925
5.48    0.00151365897061
5.5    0.00151104965117
5.52    0.00150842004536
5.54    0.00150577388553
5.56    0.00150311482696
5.58    0.0015004464442
5.6    0.0014977722271
5.62    0.00149509557768
5.64    0.00149241980713
5.66    0.00148974813333
5.68    0.00148708367875
5.7    0.00148442946845
5.72    0.00148178842872
5.74    0.00147916338575
5.76    0.00147655706475
5.78    0.00147397208928
5.8    0.00147141098088
5.82    0.00146887615875
5.84    0.00146636994002
5.86    0.00146389453982
5.88    0.00146145207182
5.9    0.00145904454885
5.92    0.00145667388375
5.94    0.00145434189029
5.96    0.00145205028431
5.98    0.00144980068488
6.0    0.00144759461572
6.02    0.00144561958902
6.04    0.00144688660129
6.06    0.00144809658099
6.08    0.00144924917025
6.1    0.00145034408521
6.12    0.00145138111353
6.14    0.00145236011173
6.16    0.00145328100274
6.18    0.00145414377331
6.2    0.0014549484715
6.22    0.00145569520425
6.24    0.00145638413481
6.26    0.00145701548048
6.28    0.00145758951007
6.3    0.00145810654162
6.32    0.0014585669401
6.34    0.00145897111505
6.36    0.00145931951849
6.38    0.0014596126426
6.4    0.00145985101768
6.42    0.00146003521
6.44    0.0014601658198
6.46    0.00146024347926
6.48    0.00146026885058
6.5    0.00146024262408
6.52    0.00146016551639
6.54    0.00146003826861
6.56    0.00145986164459
6.58    0.00145963642928
6.6    0.001459363427
6.62    0.00145904345999
6.64    0.00145867736673
6.66    0.0014582660006
6.68    0.00145781022833
6.7    0.00145731092869
6.72    0.0014567689911
6.74    0.00145618531435
6.76    0.00145556080543
6.78    0.00145489637831
6.8    0.00145419295266
6.82    0.00145345145297
6.84    0.00145267280734
6.86    0.00145185794652
6.88    0.00145100780296
6.9    0.00145012330977
6.92    0.00144920540007
6.94    0.00144825500583
6.96    0.00144727305738
6.98    0.00144626048233
7.0    0.00144521820518
7.02    0.00144414714628
7.04    0.00144304822149
7.06    0.0014419223412
7.08    0.00144077041012
7.1    0.00143959332644
7.12    0.00143839198147
7.14    0.00143716725897
7.16    0.00143592003491
7.18    0.00143465117675
7.2    0.00143336154332
7.22    0.00143205198421
7.24    0.00143072333964
7.26    0.00142937643982
7.28    0.00142801210489
7.3    0.00142663114451
7.32    0.00142523435772
7.34    0.00142382253257
7.36    0.00142239644593
7.38    0.00142095686332
7.4    0.00141950453869
7.42    0.00141998880146
7.44    0.00142102974825
7.46    0.00142209201116
7.48    0.00142317481173
7.5    0.00142427737981
7.52    0.00142539895366
7.54    0.00142653878038
7.56    0.00142769611604
7.58    0.001428870226
7.6    0.00143006038498
7.62    0.00143126587737
7.64    0.00143248599747
7.66    0.00143372004946
7.68    0.00143496734753
7.7    0.00143622721626
7.72    0.00143749899067
7.74    0.00143878201609
7.76    0.00144007564829
7.78    0.00144137925392
7.8    0.00144269221027
7.82    0.00144401390515
7.84    0.00144534373742
7.86    0.00144668111661
7.88    0.00144802546313
7.9    0.0014493762082
7.92    0.00145073279386
7.94    0.00145209467317
7.96    0.00145346130979
7.98    0.00145483217838
8.0    0.00145620676411
8.02    0.00145758456326
8.04    0.00145896508251
8.06    0.0014603478393
8.08    0.0014617323616
8.1    0.00146311818792
8.12    0.00146450486734
8.14    0.00146589195918
8.16    0.00146727903314
8.18    0.00146866566909
8.2    0.00147005145706
8.22    0.00147143599727
8.24    0.00147281889965
8.26    0.00147419978408
8.28    0.00147557828036
8.3    0.00147695402784
8.32    0.00147832667519
8.34    0.00147969588087
8.36    0.00148106131257
8.38    0.00148242264708
8.4    0.00148377957023
8.42    0.00148513177725
8.44    0.00148647897168
8.46    0.00148782086623
8.48    0.001489157182
8.5    0.00149048764876
8.52    0.00149181200448
8.54    0.00149312999548
8.56    0.00149444137626
8.58    0.00149574590927
8.6    0.00149704336479
8.62    0.00149833352089
8.64    0.00149961616331
8.66    0.00150089108525
8.68    0.00150215808739
8.7    0.00150341697734
8.72    0.00150466757025
8.74    0.00150590968799
8.76    0.0015071431594
8.78    0.00150836782001
8.8    0.00150958351211
8.82    0.00151079008433
8.84    0.00151198739169
8.86    0.00151317529558
8.88    0.00151435366343
8.9    0.00151552236869
8.92    0.00151668129077
8.94    0.00151783031464
8.96    0.00151896933124
8.98    0.00152009823683
9.0    0.00152121693315
9.02    0.00152232532716
9.04    0.00152342333133
9.06    0.0015245108627
9.08    0.00152558784376
9.1    0.00152665420156
9.12    0.00152770986802
9.14    0.00152875477961
9.16    0.00152978887758
9.18    0.00153081210735
9.2    0.0015318244187
9.22    0.00153282576571
9.24    0.0015338161066
9.26    0.00153479540356
9.28    0.00153576362279
9.3    0.00153672073416
9.32    0.00153766671149
9.34    0.00153860153201
9.36    0.0015395251767
9.38    0.00154043762989
9.4    0.00154133887924
9.42    0.0015422289158
9.44    0.00154310773376
9.46    0.00154397533038
9.48    0.00154483170595
9.5    0.00154567686377
9.52    0.00154651080988
9.54    0.00154733355327
9.56    0.00154814510542
9.58    0.00154894548057
9.6    0.00154973469544
9.62    0.00155051276924
9.64    0.00155127972366
9.66    0.00155203558251
9.68    0.00155278037203
9.7    0.00155351412057
9.72    0.00155423685863
9.74    0.00155494861873
9.76    0.00155564943539
9.78    0.001556339345
9.8    0.00155701838592
9.82    0.00155768659818
9.84    0.00155834402353
9.86    0.00155899070562
9.88    0.00155962668938
9.9    0.00156025202151
9.92    0.00156086675026
9.94    0.00156147092513
9.96    0.00156206459712
9.98    0.00156264781868
10.0    0.00156322064336
