0.05    0.00012459740254
0.07    0.000263820320533
0.09    0.000490836425243
0.1    0.000576511748853
0.12    0.00103388603367
0.14    0.00161542206258
0.16    0.00242403171649
0.18    0.00350597343716
0.2    0.00404431003212
0.22    0.00570848750514
0.24    0.00578121621114
0.26    0.00808065473125
0.28    0.00954486146953
0.3    0.0139460956939
0.32    0.0132137284105
0.34    0.0134374249745
0.36    0.0178540237538
0.38    0.0217444986369
0.4    0.0287296999274
0.42    0.0331234787629
0.44    0.035166980251
0.46    0.0357901692294
0.48    0.0355447079386
0.5    0.0355323251727
0.52    0.0353348638163
0.54    0.0300043148744
0.56    0.0354143657232
0.58    0.0383696062332
0.6    0.0358085061653
0.62    0.032195613228
0.64    0.0305854429522
0.66    0.030230033256
0.68    0.0311860295436
0.7    0.0299738397808
0.72    0.0282669904623
0.74    0.0309791526039
0.76    0.0321740411715
0.78    0.0315203047437
0.8    0.0296435241955
0.82    0.028377808535
0.84    0.0287444226409
0.86    0.0292121881174
0.88    0.0280107917644
0.9    0.0276132787196
0.92    0.0288225677554
0.94    0.0310059761688
0.96    0.0338963212195
0.98    0.0355281024438
1.0    0.0389351081129
1.02    0.0438138373984
1.04    0.0478938306428
1.06    0.0513372717028
1.08    0.0577809915659
1.1    0.0645070283706
1.12    0.0710986831934
1.14    0.077067008326
1.16    0.0818953858701
1.18    0.0853729635434
1.2    0.0878044505004
1.22    0.0894077495524
1.24    0.0901793209179
1.26    0.0925399837652
1.28    0.0966344483231
1.3    0.100408120722
1.32    0.103688799872
1.34    0.107233491338
1.36    0.113320621153
1.38    0.11882231576
1.4    0.123259692664
1.42    0.126393414167
1.44    0.128163810527
1.46    0.12870364413
1.48    0.12841020302
1.5    0.127599667089
1.52    0.126617249095
1.54    0.125575994037
1.56    0.12452462403
1.58    0.123397052831
1.6    0.122074589279
1.62    0.120431269637
1.64    0.118372135936
1.66    0.115890392274
1.68    0.113027192462
1.7    0.109865131546
1.72    0.106521234304
1.74    0.103127258485
1.76    0.0998746942504
1.78    0.0967850427895
1.8    0.0939860047026
1.82    0.091481174997
1.84    0.0893159901798
1.86    0.0874316784554
1.88    0.0858403014765
1.9    0.0844350083792
1.92    0.0832048765911
1.94    0.0820498585929
1.96    0.080922498662
1.98    0.0797890813719
2.0    0.0786055111391
2.02    0.0779340950325
2.04    0.0784314558902
2.06    0.0787586414646
2.08    0.0789321429373
2.1    0.0789242513675
2.12    0.0787617761417
2.14    0.0784514594127
2.16    0.0780607925943
2.18    0.0775733113389
2.2    0.07706093839
2.22    0.0765577231255
2.24    0.0760597118487
2.26    0.0755893364152
2.28    0.0751822238767
2.3    0.0748447001444
2.32    0.0745542968017
2.34    0.0743084078356
2.36    0.0745624976606
2.38    0.0762669144583
2.4    0.0779161016904
2.42    0.0795097774758
2.44    0.0810477575863
2.46    0.0825343705356
2.48    0.0867977623137
2.5    0.0912437046354
2.52    0.0956781115444
2.54    0.100082616694
2.56    0.104444003104
2.58    0.108753868967
2.6    0.113007876343
2.62    0.117204628569
2.64    0.121344881552
2.66    0.12544887421
2.68    0.129495844372
2.7    0.133480344368
2.72    0.137404216212
2.74    0.141269310292
2.76    0.145048463967
2.78    0.148779244696
2.8    0.152479488479
2.82    0.156195087546
2.84    0.160027732916
2.86    0.164107085793
2.88    0.168473843806
2.9    0.172979605909
2.92    0.177554622121
2.94    0.182141956197
2.96    0.186645892267
2.98    0.191013630028
3.0    0.195163584144
3.02    0.199048233329
3.04    0.202631039417
3.06    0.205884490158
3.08    0.208807544569
3.1    0.211389170166
3.12    0.21362665257
3.14    0.215544604488
3.16    0.217183110707
3.18    0.218582702841
3.2    0.21982250424
3.22    0.220942499882
3.24    0.221983969286
3.26    0.222914928319
3.28    0.2237273666
3.3    0.224373810464
3.32    0.224835158563
3.34    0.225099978831
3.36    0.225162475325
3.38    0.225029604086
3.4    0.225275222482
3.42    0.225402058995
3.44    0.22537740997
3.46    0.225202358144
3.48    0.224879370427
3.5    0.224417886165
3.52    0.223839820782
3.54    0.223136711298
3.56    0.222328881099
3.58    0.221434918531
3.6    0.22047244505
3.62    0.219437090811
3.64    0.218321279529
3.66    0.217133372949
3.68    0.215845466141
3.7    0.214484776101
3.72    0.213057750108
3.74    0.211599394984
3.76    0.210173077309
3.78    0.208799384007
3.8    0.207404159172
3.82    0.205939915898
3.84    0.204388733001
3.86    0.202749393746
3.88    0.201009938589
3.9    0.199172821652
3.92    0.197241919978
3.94    0.195223344949
3.96    0.193129128109
3.98    0.190974253953
4.0    0.188760688965
4.02    0.186499233512
4.04    0.184200251339
4.06    0.181873444222
4.08    0.179528003668
4.1    0.177175787502
4.12    0.174828906185
4.14    0.172487697489
4.16    0.170159341088
4.18    0.167850264223
4.2    0.166214817547
4.22    0.165159294656
4.24    0.164128162911
4.26    0.16311611152
4.28    0.162123085611
4.3    0.161159326252
4.32    0.160221069216
4.34    0.15931082611
4.36    0.158430084822
4.38    0.15758449976
4.4    0.156763876071
4.42    0.155990104528
4.44    0.155242250643
4.46    0.154535344124
4.48    0.153863575364
4.5    0.153225122714
4.52    0.152627543946
4.54    0.152059607745
4.56    0.151531441553
4.58    0.151033247038
4.6    0.150567298899
4.62    0.15013537109
4.64    0.149731932818
4.66    0.149359231401
4.68    0.149019465569
4.7    0.148720301075
4.72    0.148453278964
4.74    0.148205286788
4.76    0.147966883201
4.78    0.147740390786
4.8    0.147509579693
4.82    0.1472823559
4.84    0.147047299525
4.86    0.146798531403
4.88    0.146547840664
4.9    0.146274466145
4.92    0.14598228809
4.94    0.1456775361
4.96    0.145342717193
4.98    0.144982394713
5.0    0.144602853625
5.02    0.144187270545
5.04    0.143744074551
5.06    0.143273316454
5.08    0.142762204923
5.1    0.142230994752
5.12    0.141658000865
5.14    0.141062415359
5.16    0.140434336968
5.18    0.139780808172
5.2    0.139106473329
5.22    0.13841204951
5.24    0.137694886436
5.26    0.136950721805
5.28    0.136175329494
5.3    0.135368242752
5.32    0.134534166408
5.34    0.133662721634
5.36    0.132765395301
5.38    0.131831390209
5.4    0.130870937855
5.42    0.129873774164
5.44    0.128854127936
5.46    0.127797960435
5.48    0.126719562305
5.5    0.125611727602
5.52    0.12447300568
5.54    0.123318865013
5.56    0.122136294678
5.58    0.120927301967
5.6    0.119706794598
5.62    0.118464164491
5.64    0.117200700178
5.66    0.115921556216
5.68    0.115424391593
5.7    0.11528087715
5.72    0.115106693345
5.74    0.114902312305
5.76    0.114680799403
5.78    0.114430945277
5.8    0.114152428109
5.82    0.113845915459
5.84    0.113512117441
5.86    0.113158656356
5.88    0.112784834283
5.9    0.112385826585
5.92    0.111962470995
5.94    0.111515630869
5.96    0.111046191923
5.98    0.110555059085
6.0    0.110046213641
6.02    0.10952499551
6.04    0.108984601076
6.06    0.108425980168
6.08    0.107850088282
6.1    0.107257884105
6.12    0.106650327159
6.14    0.106028375561
6.16    0.105392983919
6.18    0.104745101332
6.2    0.104085795691
6.22    0.103423520429
6.24    0.102751263545
6.26    0.102069936404
6.28    0.101380437007
6.3    0.100683648677
6.32    0.09998043883
6.34    0.0992716578702
6.36    0.0985581381776
6.38    0.0978406931827
6.4    0.0971201165592
6.42    0.0963971814813
6.44    0.0956726399896
6.46    0.0949472224243
6.48    0.0942216369506
6.5    0.093496569148
6.52    0.0927726816901
6.54    0.0920506140763
6.56    0.0913309824362
6.58    0.0906169409992
6.6    0.0899069609151
6.62    0.0892117660594
6.64    0.0889277709656
6.66    0.088636354109
6.68    0.0883378770808
6.7    0.0880326980131
6.72    0.0877211712015
6.74    0.0874036467668
6.76    0.0870804703265
6.78    0.0867519827035
6.8    0.0864192763774
6.82    0.0860845597947
6.84    0.0857454141246
6.86    0.0854021593579
6.88    0.0850551096213
6.9    0.0847045730023
6.92    0.0843508513994
6.94    0.0839942403793
6.96    0.0836350290618
6.98    0.0832735000153
7.0    0.0829099291644
7.02    0.0825445857245
7.04    0.0821777321357
7.06    0.0818096240201
7.08    0.0814405101464
7.1    0.081070632413
7.12    0.0807002258325
7.14    0.0803295185364
7.16    0.0799587317865
7.18    0.0795880799909
7.2    0.079217770738
7.22    0.0788481178417
7.24    0.0784805125879
7.26    0.0781137517919
7.28    0.0777480178976
7.3    0.0773834867985
7.32    0.0770203279013
7.34    0.0766587042026
7.36    0.0762987723737
7.38    0.0759406828379
7.4    0.0755845798647
7.42    0.0752306016612
7.44    0.0748788804692
7.46    0.0745295426624
7.48    0.0741827088502
7.5    0.0738384939856
7.52    0.0734970074668
7.54    0.07315835325
7.56    0.072822629958
7.58    0.0724899309954
7.6    0.0721603446584
7.62    0.0718339542517
7.64    0.0715108382
7.66    0.071191070167
7.68    0.0708747191702
7.7    0.0705618496944
7.72    0.0702525218105
7.74    0.0699467912882
7.76    0.0696447097152
7.78    0.0693463246062
7.8    0.0690516795215
7.82    0.0687608141791
7.84    0.0684737645648
7.86    0.0681905630488
7.88    0.0679112384883
7.9    0.0676358163435
7.92    0.0673643187816
7.94    0.0670967647855
7.96    0.0668331702576
7.98    0.0665735481223
8.0    0.0663179084315
8.02    0.0660662584597
8.04    0.0658186028104
8.06    0.0655749435055
8.08    0.0653352800865
8.1    0.0650996097045
8.12    0.0648679272154
8.14    0.0646402252662
8.16    0.0644164943876
8.18    0.0641967230782
8.2    0.0639808978888
8.22    0.0637690035072
8.24    0.0635610228369
8.26    0.0633569370795
8.28    0.0631567258073
8.3    0.0629603670446
8.32    0.0627678373362
8.34    0.0625793388986
8.36    0.0623951717996
8.38    0.0622147628221
8.4    0.0620380826247
8.42    0.0618651007453
8.44    0.0616957856726
8.46    0.0615301048996
8.48    0.0613680249873
8.5    0.0612095116201
8.52    0.0611609423099
8.54    0.0611673181583
8.56    0.061175685207
8.58    0.0611859376054
8.6    0.061197971922
8.62    0.0612116871365
8.64    0.0612269846319
8.66    0.0612437681824
8.68    0.0612619439406
8.7    0.0612814204225
8.72    0.0613021084914
8.74    0.0613239213391
8.76    0.0613467744668
8.78    0.0613705856637
8.8    0.0613952749848
8.82    0.0614207647274
8.84    0.0614469794062
8.86    0.0614738457287
8.88    0.0615012925669
8.9    0.0615292509311
8.92    0.0615576539408
8.94    0.0615864367966
8.96    0.0616155367494
8.98    0.0616448930704
9.0    0.0616744470214
9.02    0.0617041418216
9.04    0.0617339226172
9.06    0.061763736449
9.08    0.0617935322198
9.1    0.0618232606618
9.12    0.0618528743037
9.14    0.061882327438
9.16    0.061911576087
9.18    0.0619405779706
9.2    0.0619692924718
9.22    0.0619976806041
9.24    0.0620257049783
9.26    0.0620533297686
9.28    0.0620805206798
9.3    0.0621072449144
9.32    0.0621334711394
9.34    0.0621591694533
9.36    0.0621843113544
9.38    0.0622088697073
9.4    0.0622328187119
9.42    0.0622561338706
9.44    0.0622787919574
9.46    0.0623007709863
9.48    0.0623220501804
9.5    0.0623426099409
9.52    0.0623624318177
9.54    0.0623814984781
9.56    0.0623997936785
9.58    0.0624173022343
9.6    0.0624340099913
9.62    0.0624499037973
9.64    0.0624649714742
9.66    0.0624792017897
9.68    0.0624925844308
9.7    0.0625051099768
9.72    0.0625167698723
9.74    0.0625275564022
9.76    0.0625374626652
9.78    0.0625464825495
9.8    0.0625546107074
9.82    0.0625618425316
9.84    0.0625681741313
9.86    0.0625736023086
9.88    0.0625781245357
9.9    0.0625817389326
9.92    0.0625844442445
9.94    0.0625862398213
9.96    0.062587125595
9.98    0.0625871020601
10.0    0.0625861702527
