0.05    0.000239109927008
0.07    0.000502658341731
0.09    0.000945449380728
0.1    0.00134062466019
0.12    0.0020146681134
0.14    0.00244899322641
0.16    0.00323010423251
0.18    0.00499140274422
0.2    0.00671596116768
0.22    0.0101419629024
0.24    0.0112847826982
0.26    0.0144363401488
0.28    0.0165295645872
0.3    0.0195878586371
0.32    0.0237638024578
0.34    0.0207773479448
0.36    0.0203324603733
0.38    0.0261249386476
0.4    0.036463098479
0.42    0.0442261665915
0.44    0.045964838883
0.46    0.0522264955359
0.48    0.0557235279188
0.5    0.0515518989219
0.52    0.0460941071853
0.54    0.0427256377147
0.56    0.0516559469813
0.58    0.0547433021968
0.6    0.0574709584924
0.62    0.0655760848823
0.64    0.0708849369676
0.66    0.067943611498
0.68    0.066454217296
0.7    0.0768623838205
0.72    0.0948559259573
0.74    0.112783247715
0.76    0.118033944143
0.78    0.113684055156
0.8    0.108085171544
0.82    0.101629818298
0.84    0.0942704571164
0.86    0.0895042963508
0.88    0.0890552654918
0.9    0.0886558520962
0.92    0.0832557516081
0.94    0.0919680066292
0.96    0.103742765194
0.98    0.111978834283
1.0    0.122577681456
1.02    0.132037174573
1.04    0.141180565058
1.06    0.149854939002
1.08    0.156627207125
1.1    0.160040118578
1.12    0.16978775699
1.14    0.180298967721
1.16    0.188254482134
1.18    0.193907897181
1.2    0.198286682634
1.22    0.202153914959
1.24    0.205374260962
1.26    0.207295696528
1.28    0.207328271985
1.3    0.205149676086
1.32    0.200717084318
1.34    0.194114836782
1.36    0.185525110418
1.38    0.176001304043
1.4    0.168902065893
1.42    0.166354388918
1.44    0.164600909436
1.46    0.164386496601
1.48    0.166250160531
1.5    0.1698417862
1.52    0.174488036921
1.54    0.17918046166
1.56    0.185420299098
1.58    0.194524735516
1.6    0.202466539856
1.62    0.20879451827
1.64    0.213300130633
1.66    0.216014123013
1.68    0.216786165169
1.7    0.215850610576
1.72    0.213568229747
1.74    0.210427915701
1.76    0.206976197979
1.78    0.203771539018
1.8    0.20124618243
1.82    0.199884524593
1.84    0.199773563808
1.86    0.20093454534
1.88    0.203230908181
1.9    0.206502649
1.92    0.210388944346
1.94    0.214593659845
1.96    0.218944005536
1.98    0.223237405192
2.0    0.227284523668
2.02    0.231197753452
2.04    0.234797156456
2.06    0.238227392017
2.08    0.241518941395
2.1    0.244663536103
2.12    0.247910734639
2.14    0.251132742032
2.16    0.254404944869
2.18    0.257835430621
2.2    0.261269622653
2.22    0.264778719468
2.24    0.268301957005
2.26    0.271691112305
2.28    0.275075969564
2.3    0.278172764336
2.32    0.281102251088
2.34    0.283644793319
2.36    0.285895995876
2.38    0.287643386399
2.4    0.289050631726
2.42    0.290356281317
2.44    0.298572719403
2.46    0.307994422197
2.48    0.317421489374
2.5    0.32645563825
2.52    0.335076309737
2.54    0.343405833011
2.56    0.351699673419
2.58    0.360190760717
2.6    0.368433249626
2.62    0.376142369882
2.64    0.383196104522
2.66    0.389542069823
2.68    0.395046854304
2.7    0.39977649623
2.72    0.403613593277
2.74    0.406660123461
2.76    0.40893932661
2.78    0.410489169007
2.8    0.41136154961
2.82    0.411587369544
2.84    0.411191901018
2.86    0.4102327071
2.88    0.408727758991
2.9    0.406779421709
2.92    0.404576910398
2.94    0.402143967552
2.96    0.399558142744
2.98    0.396810658487
3.0    0.393949823537
3.02    0.391031068938
3.04    0.38799144345
3.06    0.384818625405
3.08    0.381541950722
3.1    0.378155486935
3.12    0.374770658126
3.14    0.371401031287
3.16    0.368385945619
3.18    0.367564699982
3.2    0.366675025192
3.22    0.365767537547
3.24    0.364825228048
3.26    0.363916670834
3.28    0.363136039359
3.3    0.362553287896
3.32    0.362230991969
3.34    0.362185825166
3.36    0.362396966208
3.38    0.362843479364
3.4    0.363479862559
3.42    0.364284039272
3.44    0.365290340034
3.46    0.366472898568
3.48    0.367849639598
3.5    0.369424275567
3.52    0.371188191696
3.54    0.373121874732
3.56    0.37550756848
3.58    0.379037087816
3.6    0.385483008325
3.62    0.391863876342
3.64    0.398330569106
3.66    0.405091561832
3.68    0.412347865277
3.7    0.419826150573
3.72    0.427291589739
3.74    0.434605396679
3.76    0.441728177904
3.78    0.448640086737
3.8    0.45542231935
3.82    0.462113604407
3.84    0.468685913719
3.86    0.475093409131
3.88    0.481287314619
3.9    0.487258404623
3.92    0.492994873994
3.94    0.498454721083
3.96    0.50350994949
3.98    0.508108838051
4.0    0.512208947564
4.02    0.515786043422
4.04    0.518845250355
4.06    0.521413549448
4.08    0.523498389227
4.1    0.525109201698
4.12    0.52627083181
4.14    0.527018169149
4.16    0.527381568716
4.18    0.52737559669
4.2    0.527008282894
4.22    0.526288985222
4.24    0.525227429944
4.26    0.52383336279
4.28    0.522116295694
4.3    0.520083164223
4.32    0.517739974657
4.34    0.515094295506
4.36    0.51215507533
4.38    0.508941388099
4.4    0.505488712204
4.42    0.501797687932
4.44    0.497890881082
4.46    0.493789616833
4.48    0.489512711046
4.5    0.485075682015
4.52    0.480494948688
4.54    0.475793797864
4.56    0.470984029558
4.58    0.466085921816
4.6    0.461123780457
4.62    0.456106303831
4.64    0.451033687066
4.66    0.445908754187
4.68    0.440739849567
4.7    0.435536429044
4.72    0.430306296697
4.74    0.425053930201
4.76    0.420582625291
4.78    0.418861023597
4.8    0.417084163902
4.82    0.415239948626
4.84    0.413296232436
4.86    0.411248761581
4.88    0.409093775284
4.9    0.406827769634
4.92    0.404448192405
4.94    0.401955281702
4.96    0.399352382669
4.98    0.396647158988
5.0    0.393854427525
5.02    0.390963959745
5.04    0.387979313563
5.06    0.384903455663
5.08    0.381738289619
5.1    0.378491726145
5.12    0.375175981802
5.14    0.371775449138
5.16    0.368290757729
5.18    0.364738569983
5.2    0.361123268618
5.22    0.357428633676
5.24    0.353675541739
5.26    0.349866997276
5.28    0.345984284766
5.3    0.342072973029
5.32    0.338093680401
5.34    0.334081984269
5.36    0.330019421262
5.38    0.325929676855
5.4    0.321797356695
5.42    0.317651829401
5.44    0.313464654537
5.46    0.309284198743
5.48    0.305076574774
5.5    0.300862343589
5.52    0.296655872513
5.54    0.292441588099
5.56    0.288237251218
5.58    0.28405770093
5.6    0.279890013326
5.62    0.275741266891
5.64    0.275065789257
5.66    0.275343045382
5.68    0.275597909572
5.7    0.275829638307
5.72    0.276037523177
5.74    0.276220891972
5.76    0.276379109596
5.78    0.276511578824
5.8    0.276633425752
5.82    0.276733634237
5.84    0.276806486833
5.86    0.276851534803
5.88    0.276868368783
5.9    0.276856618755
5.92    0.276815953897
5.94    0.276759222778
5.96    0.276680463265
5.98    0.27657192795
6.0    0.276433431763
6.02    0.276264826781
6.04    0.276066001602
6.06    0.275837031311
6.08    0.275597629794
6.1    0.275327741372
6.12    0.275027386095
6.14    0.274696616666
6.16    0.274335517532
6.18    0.273944203931
6.2    0.273537871582
6.22    0.273105702344
6.24    0.272643649651
6.26    0.272151935999
6.28    0.271630809795
6.3    0.271080843586
6.32    0.270520050147
6.34    0.269930518114
6.36    0.269312584091
6.38    0.268666605527
6.4    0.267992959669
6.42    0.267309180204
6.44    0.26659856517
6.46    0.265861281268
6.48    0.265097770978
6.5    0.26432323658
6.52    0.263525043218
6.54    0.262701781994
6.56    0.261859164315
6.58    0.261003081847
6.6    0.26012318308
6.62    0.259219990477
6.64    0.258300773278
6.66    0.257367567115
6.68    0.256412414737
6.7    0.255435867436
6.72    0.254438482227
6.74    0.253428863601
6.76    0.252405313919
6.78    0.251362349701
6.8    0.250300542954
6.82    0.249220467988
6.84    0.248122700766
6.86    0.247014078224
6.88    0.245895031629
6.9    0.244759749021
6.92    0.243608807383
6.94    0.242442782577
6.96    0.241262248845
6.98    0.240067778311
7.0    0.238862501737
7.02    0.237652521876
7.04    0.236430034292
7.06    0.235195599489
7.08    0.233949773818
7.1    0.232693109121
7.12    0.231426152357
7.14    0.230149445289
7.16    0.228863524171
7.18    0.227573592069
7.2    0.226279305015
7.22    0.224977121992
7.24    0.223688486182
7.26    0.225253937862
7.28    0.22680690815
7.3    0.228347209788
7.32    0.229868719373
7.34    0.231369683382
7.36    0.232848421225
7.38    0.234303325069
7.4    0.235732859505
7.42    0.237135561132
7.44    0.238510038032
7.46    0.239865585412
7.48    0.241191042886
7.5    0.242484841774
7.52    0.243745854397
7.54    0.244973020697
7.56    0.24616534727
7.58    0.247326337891
7.6    0.248459288446
7.62    0.249555042832
7.64    0.250612849073
7.66    0.251632016248
7.68    0.252611913235
7.7    0.253558393614
7.72    0.254472325187
7.74    0.255345592965
7.76    0.256177778503
7.78    0.25696851659
7.8    0.257717493825
7.82    0.258438340535
7.84    0.259118052959
7.86    0.259755441541
7.88    0.26035037392
7.9    0.260902762582
7.92    0.261421581068
7.94    0.261904117385
7.96    0.262344128264
7.98    0.262741680521
8.0    0.263096878875
8.02    0.263414684639
8.04    0.263701038836
8.06    0.263945544667
8.08    0.264148435126
8.1    0.264309974423
8.12    0.264431297592
8.14    0.264526311689
8.16    0.264580877493
8.18    0.264595362807
8.2    0.264570160364
8.22    0.26450568658
8.24    0.264415598787
8.26    0.264288762167
8.28    0.264123927741
8.3    0.263921588199
8.32    0.26368225426
8.34    0.263420315371
8.36    0.263122922366
8.38    0.26279003079
8.4    0.262422207477
8.42    0.262025595539
8.44    0.261603509816
8.46    0.261148115271
8.48    0.260660020581
8.5    0.260142977335
8.52    0.259604650911
8.54    0.259035337243
8.56    0.258435674081
8.58    0.257811738714
8.6    0.257166025522
8.62    0.256491732821
8.64    0.255789516145
8.66    0.255070482536
8.68    0.254326475839
8.7    0.253556343406
8.72    0.252764864439
8.74    0.251956079128
8.76    0.251122969762
8.78    0.250266199661
8.8    0.249395083737
8.82    0.248503909722
8.84    0.247590864132
8.86    0.246657530215
8.88    0.24571314816
8.9    0.244748661337
8.92    0.243764718084
8.94    0.242764596476
8.96    0.241753412958
8.98    0.240724496928
9.0    0.239678480301
9.02    0.238618690007
9.04    0.237549394266
9.06    0.236464665544
9.08    0.235365114798
9.1    0.234252468624
9.12    0.233133437849
9.14    0.232001185647
9.16    0.230856298352
9.18    0.229699355452
9.2    0.228536619635
9.22    0.228190067835
9.24    0.228180211576
9.26    0.228164833135
9.28    0.228144028407
9.3    0.228117892428
9.32    0.22808651937
9.34    0.228050002529
9.36    0.228009797978
9.38    0.227968738938
9.4    0.227922758862
9.42    0.227871947703
9.44    0.227816394514
9.46    0.227756187443
9.48    0.227691413727
9.5    0.227622159694
9.52    0.227548510754
9.54    0.227470551398
9.56    0.227388365199
9.58    0.227302034804
9.6    0.22721164194
9.62    0.227117267408
9.64    0.227018991085
9.66    0.226916891924
9.68    0.226811047953
9.7    0.226701536278
9.72    0.226588433083
9.74    0.226471813633
9.76    0.226351752272
9.78    0.226228322431
9.8    0.226101596625
9.82    0.22597164646
9.84    0.225838542636
9.86    0.225702354945
9.88    0.225563152282
9.9    0.225421002644
9.92    0.225275973138
9.94    0.225128129979
9.96    0.224977538504
9.98    0.224824263167
10.0    0.22466836755
