0.05    0.000172877661509
0.07    0.00044806353899
0.09    0.000752963640283
0.1    0.00116093507647
0.12    0.00199429238401
0.14    0.00306501707467
0.16    0.00304344891721
0.18    0.00384074483142
0.2    0.00539907376902
0.22    0.00595670129617
0.24    0.00664981496935
0.26    0.00646245486873
0.28    0.00834403280004
0.3    0.014460045418
0.32    0.0177478876658
0.34    0.0234618682171
0.36    0.0259023822392
0.38    0.0267469951078
0.4    0.0282520467587
0.42    0.0317083603399
0.44    0.0296097814756
0.46    0.0253917008797
0.48    0.0273639004376
0.5    0.0316622372261
0.52    0.0318799605552
0.54    0.0260783287738
0.56    0.02671234596
0.58    0.0297320740051
0.6    0.0389781568102
0.62    0.0457441166057
0.64    0.0483535689494
0.66    0.0498521256343
0.68    0.0514968988894
0.7    0.0520233429033
0.72    0.0564342111104
0.74    0.0616119641286
0.76    0.0712956368013
0.78    0.0817040627854
0.8    0.0878959207252
0.82    0.0933904085249
0.84    0.096510643205
0.86    0.0997687850175
0.88    0.102977108659
0.9    0.105870711605
0.92    0.110059173744
0.94    0.111460214063
0.96    0.112940803488
0.98    0.115821301625
1.0    0.119031406779
1.02    0.121738209648
1.04    0.125171979261
1.06    0.13154655612
1.08    0.141478797398
1.1    0.153232430166
1.12    0.164593937791
1.14    0.174381829221
1.16    0.182686139882
1.18    0.193664101379
1.2    0.204189350613
1.22    0.213184075008
1.24    0.219257730428
1.26    0.221638691715
1.28    0.22031244398
1.3    0.215459652275
1.32    0.208068491958
1.34    0.199420623486
1.36    0.190576777387
1.38    0.184561982374
1.4    0.182384906283
1.42    0.181483491374
1.44    0.183372857757
1.46    0.185308447265
1.48    0.186351075225
1.5    0.185763094983
1.52    0.182978298613
1.54    0.177738942594
1.56    0.17593458439
1.58    0.174143682732
1.6    0.170383731879
1.62    0.169960575837
1.64    0.169508040725
1.66    0.167497236809
1.68    0.164215802752
1.7    0.160020574833
1.72    0.155298422035
1.74    0.150475113919
1.76    0.14597607322
1.78    0.14221603691
1.8    0.139563456128
1.82    0.138260087086
1.84    0.138426391856
1.86    0.140041641334
1.88    0.142952078011
1.9    0.146893512334
1.92    0.151551435267
1.94    0.156566168915
1.96    0.161590017273
1.98    0.166290368273
2.0    0.170756020464
2.02    0.173674810557
2.04    0.175830968701
2.06    0.176842304236
2.08    0.176582474241
2.1    0.175011852005
2.12    0.172144002598
2.14    0.168055324464
2.16    0.165607441541
2.18    0.168868651574
2.2    0.171292111544
2.22    0.172808055208
2.24    0.173429448761
2.26    0.173177321504
2.28    0.17211137168
2.3    0.170268216583
2.32    0.167709715817
2.34    0.164508728344
2.36    0.160750964039
2.38    0.156520517329
2.4    0.151889355461
2.42    0.146948370574
2.44    0.141782168307
2.46    0.136487558694
2.48    0.14139544726
2.5    0.150043104722
2.52    0.158812888677
2.54    0.167502538691
2.56    0.175942687013
2.58    0.183950642263
2.6    0.19141417042
2.62    0.198292441021
2.64    0.207440078823
2.66    0.216594466149
2.68    0.22551302587
2.7    0.234015233274
2.72    0.242017262811
2.74    0.249580707273
2.76    0.256838994867
2.78    0.263891673696
2.8    0.270765809231
2.82    0.277519293579
2.84    0.284206894788
2.86    0.290847420531
2.88    0.297415709135
2.9    0.303920805622
2.92    0.310323558713
2.94    0.316562064772
2.96    0.322560688377
2.98    0.328249623212
3.0    0.333564878614
3.02    0.338434954782
3.04    0.342777527774
3.06    0.346496951899
3.08    0.349520454864
3.1    0.351854862377
3.12    0.353599244128
3.14    0.354792165038
3.16    0.355332508981
3.18    0.355140713273
3.2    0.354181462591
3.22    0.352490244769
3.24    0.350069609
3.26    0.348974290092
3.28    0.349830250791
3.3    0.349927662575
3.32    0.349256615931
3.34    0.347811944336
3.36    0.345590247294
3.38    0.3425776952
3.4    0.338811172294
3.42    0.336512198288
3.44    0.337397360557
3.46    0.337857845192
3.48    0.337888777241
3.5    0.337502597717
3.52    0.336702201932
3.54    0.33548669623
3.56    0.333880589597
3.58    0.331979690849
3.6    0.329804086645
3.62    0.327311682151
3.64    0.324507949028
3.66    0.321409751354
3.68    0.318031740949
3.7    0.3143915388
3.72    0.310511955422
3.74    0.306417185993
3.76    0.302135356143
3.78    0.297697980025
3.8    0.293148373591
3.82    0.288520985466
3.84    0.283849524492
3.86    0.279165947969
3.88    0.274503265433
3.9    0.269881479587
3.92    0.265339237292
3.94    0.260897550278
3.96    0.256594632152
3.98    0.252470774329
4.0    0.248563458039
4.02    0.24487055989
4.04    0.241382853946
4.06    0.238106946447
4.08    0.235050703263
4.1    0.232225546906
4.12    0.229637459511
4.14    0.227293112735
4.16    0.225197478361
4.18    0.223357611315
4.2    0.221772528396
4.22    0.22044572241
4.24    0.219376350455
4.26    0.21856058609
4.28    0.21799428528
4.3    0.217671429642
4.32    0.217584774446
4.34    0.217725909508
4.36    0.218083236036
4.38    0.218645150462
4.4    0.219399043681
4.42    0.220333395574
4.44    0.221434488119
4.46    0.222686096542
4.48    0.224078814527
4.5    0.225593491873
4.52    0.227221355447
4.54    0.228945311475
4.56    0.230752466513
4.58    0.232630775757
4.6    0.234569184923
4.62    0.236554584517
4.64    0.238575554366
4.66    0.240620835748
4.68    0.242679850528
4.7    0.244742359204
4.72    0.246798261708
4.74    0.248838406483
4.76    0.250854534984
4.78    0.252839300865
4.8    0.25478624154
4.82    0.256697603168
4.84    0.258569805397
4.86    0.260553809744
4.88    0.262610139389
4.9    0.264344306084
4.92    0.266080665338
4.94    0.267882349511
4.96    0.269635187265
4.98    0.271339126587
5.0    0.272984920666
5.02    0.274561473266
5.04    0.276060117039
5.06    0.277481733639
5.08    0.278818815428
5.1    0.280068231357
5.12    0.281233665111
5.14    0.28231060333
5.16    0.283297709879
5.18    0.284195306825
5.2    0.285008332585
5.22    0.285732125223
5.24    0.286367622566
5.26    0.286915903079
5.28    0.287383120233
5.3    0.287765895071
5.32    0.288065359888
5.34    0.288283133542
5.36    0.288425159534
5.38    0.288490861884
5.4    0.288481880521
5.42    0.288409304514
5.44    0.288278452689
5.46    0.289050539299
5.48    0.291052421312
5.5    0.293012911006
5.52    0.294942357741
5.54    0.296830968361
5.56    0.29868627841
5.58    0.300506918128
5.6    0.302290407772
5.62    0.304046628989
5.64    0.305766345444
5.66    0.307457508256
5.68    0.309118640547
5.7    0.310747469527
5.72    0.312354099514
5.74    0.313929340306
5.76    0.315480729453
5.78    0.317007671906
5.8    0.318506357375
5.82    0.319988894503
5.84    0.321445346804
5.86    0.322880190613
5.88    0.324298242958
5.9    0.325692945869
5.92    0.32707173109
5.94    0.328433432212
5.96    0.329774419191
5.98    0.331104145087
6.0    0.332416953197
6.02    0.333711372431
6.04    0.334998257813
6.06    0.336268665421
6.08    0.337523152412
6.1    0.338771911712
6.12    0.340005368239
6.14    0.341224891639
6.16    0.343796036346
6.18    0.347042577359
6.2    0.350206510547
6.22    0.353280348183
6.24    0.356263212773
6.26    0.359153709283
6.28    0.361950094751
6.3    0.364651550306
6.32    0.369854656938
6.34    0.377995383887
6.36    0.38611202641
6.38    0.394186169048
6.4    0.402201198853
6.42    0.410144799317
6.44    0.418012311276
6.46    0.425804832861
6.48    0.433529369066
6.5    0.441181877902
6.52    0.448754533688
6.54    0.45623906082
6.56    0.463634212664
6.58    0.470948550824
6.6    0.478164561065
6.62    0.485262488223
6.64    0.492215289292
6.66    0.498991008186
6.68    0.505570252888
6.7    0.511941729217
6.72    0.51809981992
6.74    0.524036766032
6.76    0.529739175369
6.78    0.535200061258
6.8    0.540410780311
6.82    0.545360222028
6.84    0.550042871806
6.86    0.554456322461
6.88    0.558598174025
6.9    0.562763675913
6.92    0.569058896313
6.94    0.575168770021
6.96    0.581092182548
6.98    0.586823282922
7.0    0.592362674663
7.02    0.597710143885
7.04    0.602872328403
7.06    0.607854903172
7.08    0.612657009148
7.1    0.617273247438
7.12    0.621696721651
7.14    0.625930619911
7.16    0.629982526745
7.18    0.633860367393
7.2    0.637569060277
7.22    0.641102729779
7.24    0.644451359651
7.26    0.647608366444
7.28    0.650578362508
7.3    0.653370019424
7.32    0.655979387729
7.34    0.658405837948
7.36    0.660649900799
7.38    0.662718272593
7.4    0.66463359542
7.42    0.666411089282
7.44    0.668058216924
7.46    0.66957623927
7.48    0.670972493196
7.5    0.672265962215
7.52    0.67348709075
7.54    0.674651556629
7.56    0.675743461871
7.58    0.676736148802
7.6    0.677598663629
7.62    0.678305763863
7.64    0.678842168532
7.66    0.679197209979
7.68    0.679370588989
7.7    0.679363200876
7.72    0.679177082584
7.74    0.678832601213
7.76    0.678361505531
7.78    0.677800330986
7.8    0.677183447052
7.82    0.676490276918
7.84    0.675697437965
7.86    0.67478700967
7.88    0.67374777092
7.9    0.674806116144
7.92    0.6764815955
7.94    0.678079432245
7.96    0.679610154149
7.98    0.681110490944
8.0    0.682646915997
8.02    0.684225457211
8.04    0.68577425722
8.06    0.687248851793
8.08    0.688640643339
8.1    0.689947365797
8.12    0.691154332922
8.14    0.692244006063
8.16    0.69321149613
8.18    0.694052823705
8.2    0.694765428562
8.22    0.695348521563
8.24    0.695802876033
8.26    0.696132862741
8.28    0.696337638475
8.3    0.696416983685
8.32    0.696372949468
8.34    0.696210819516
8.36    0.695931821092
8.38    0.695539116685
8.4    0.69503769647
8.42    0.694433318402
8.44    0.693728650876
8.46    0.692921621865
8.48    0.692010474807
8.5    0.690990919466
8.52    0.689859831271
8.54    0.688617729689
8.56    0.687264833373
8.58    0.685805592521
8.6    0.684244077764
8.62    0.682577680609
8.64    0.680805729332
8.66    0.678928072947
8.68    0.676942903058
8.7    0.674851357826
8.72    0.672654344115
8.74    0.670356684962
8.76    0.667959583968
8.78    0.665466895517
8.8    0.662880049711
8.82    0.660201276245
8.84    0.657428305543
8.86    0.654565858986
8.88    0.651609732399
8.9    0.648560795463
8.92    0.645421494198
8.94    0.642194919575
8.96    0.638882946175
8.98    0.635488485705
9.0    0.63201458809
9.02    0.628464180967
9.04    0.62484317052
9.06    0.621150985197
9.08    0.617387865722
9.1    0.613554891511
9.12    0.609651999891
9.14    0.605679193395
9.16    0.601638158851
9.18    0.597530147948
9.2    0.594710551168
9.22    0.593128126096
9.24    0.59148542963
9.26    0.589784101106
9.28    0.588025831622
9.3    0.586212343236
9.32    0.584348996784
9.34    0.582434316172
9.36    0.580469700595
9.38    0.578459640669
9.4    0.57640600535
9.42    0.574309423446
9.44    0.572174874331
9.46    0.570003151803
9.48    0.567797856541
9.5    0.565626330818
9.52    0.564159541549
9.54    0.56268146728
9.56    0.561182692911
9.58    0.559660334773
9.6    0.558113345599
9.62    0.556542309506
9.64    0.554949162908
9.66    0.553336079796
9.68    0.551706372691
9.7    0.550065027945
9.72    0.548416840225
9.74    0.546763091149
9.76    0.545101951796
9.78    0.543426856929
9.8    0.541735580298
9.82    0.540023579532
9.84    0.538289898316
9.86    0.536535063089
9.88    0.534757374512
9.9    0.53295656132
9.92    0.53113303763
9.94    0.529285239399
9.96    0.527413519519
9.98    0.525519251718
10.0    0.523599683592
