0.05    6.98377723802e-05
0.07    0.000209213031215
0.09    0.000400012545469
0.1    0.000542666531657
0.12    0.000917713933993
0.14    0.000968650728539
0.16    0.00163850929249
0.18    0.00196164855887
0.2    0.00290819946109
0.22    0.0048995195372
0.24    0.00568930201435
0.26    0.00707951832252
0.28    0.00665984990265
0.3    0.0049493514782
0.32    0.00609281785679
0.34    0.00657455897742
0.36    0.00615495242753
0.38    0.00636142767941
0.4    0.00662060829636
0.42    0.00849720062826
0.44    0.00897387144658
0.46    0.00833165283848
0.48    0.00901269677013
0.5    0.00951598993083
0.52    0.00930218292176
0.54    0.0091160293727
0.56    0.00846010778345
0.58    0.00927384689628
0.6    0.00962874056393
0.62    0.00892158374835
0.64    0.00814038060813
0.66    0.00744059139551
0.68    0.00860919861954
0.7    0.0100226867589
0.72    0.0112845756024
0.74    0.0117298932874
0.76    0.0122542620421
0.78    0.0130947319538
0.8    0.0150095220593
0.82    0.0159938141116
0.84    0.0177309025581
0.86    0.0187751359275
0.88    0.018864479482
0.9    0.0190042895561
0.92    0.0183010701303
0.94    0.0200562261989
0.96    0.0201485001884
0.98    0.0213444222866
1.0    0.0218290476467
1.02    0.0218356521169
1.04    0.0214954128256
1.06    0.0209024614819
1.08    0.0212644735455
1.1    0.0224219736319
1.12    0.02285054227
1.14    0.0226230401965
1.16    0.0217929521454
1.18    0.0233608787336
1.2    0.0240619510575
1.22    0.0243738522905
1.24    0.02463201014
1.26    0.0247099323312
1.28    0.0262121717188
1.3    0.0272767933275
1.32    0.0279484828106
1.34    0.029112889504
1.36    0.0305475808371
1.38    0.0321021408168
1.4    0.0335557162332
1.42    0.0347238896987
1.44    0.0356124426283
1.46    0.0366453798002
1.48    0.0383822680792
1.5    0.0413396363842
1.52    0.0455009662379
1.54    0.0505664060755
1.56    0.0558186178162
1.58    0.0608024999852
1.6    0.0654071829517
1.62    0.0697775024592
1.64    0.0740699886982
1.66    0.0779827942038
1.68    0.0804084881619
1.7    0.080790323419
1.72    0.0799455309456
1.74    0.0780092407259
1.76    0.0754431506374
1.78    0.0729166218441
1.8    0.0701494013493
1.82    0.0680441528513
1.84    0.0647930854073
1.86    0.0621416213548
1.88    0.061323760517
1.9    0.0600181635828
1.92    0.0590510925109
1.94    0.0592874298574
1.96    0.0592353381558
1.98    0.058952230086
2.0    0.0584351088716
2.02    0.0576535666123
2.04    0.056708416685
2.06    0.0556070321521
2.08    0.0544038513179
2.1    0.0531449904562
2.12    0.0531832685576
2.14    0.0537772505017
2.16    0.0534131086495
2.18    0.0526457215452
2.2    0.0537132397919
2.22    0.0545072220906
2.24    0.0558701277148
2.26    0.0590826509176
2.28    0.0619667392045
2.3    0.0643807244632
2.32    0.0663086940551
2.34    0.0676349025446
2.36    0.0683402717433
2.38    0.068534817121
2.4    0.0682623185983
2.42    0.0676182917158
2.44    0.0665578324214
2.46    0.0651401818166
2.48    0.06344323792
2.5    0.0615556702509
2.52    0.059550426014
2.54    0.0574501879319
2.56    0.0552527346046
2.58    0.0529914643945
2.6    0.051704207075
2.62    0.0522815093716
2.64    0.052918023889
2.66    0.0536117438154
2.68    0.0543501017507
2.7    0.055079368375
2.72    0.0557736724146
2.74    0.0564712459626
2.76    0.0570949812087
2.78    0.0576231124218
2.8    0.0580992352572
2.82    0.0584749762107
2.84    0.058727360424
2.86    0.0589289924686
2.88    0.0590132390362
2.9    0.0590303577108
2.92    0.0589681960461
2.94    0.0588792794436
2.96    0.0587672790497
2.98    0.0586743543723
3.0    0.0586012498207
3.02    0.0585437448829
3.04    0.0584958583321
3.06    0.060712537569
3.08    0.0630284873392
3.1    0.0652726118181
3.12    0.0674088788112
3.14    0.0694399292106
3.16    0.0713511966499
3.18    0.0731689985767
3.2    0.0748314403764
3.22    0.0763550574854
3.24    0.0777949902134
3.26    0.0791638559301
3.28    0.080399411621
3.3    0.0814217965078
3.32    0.0822649692918
3.34    0.0829059716945
3.36    0.0833648004956
3.38    0.0837151128934
3.4    0.0839108277375
3.42    0.0838943084437
3.44    0.083643610218
3.46    0.0840992874383
3.48    0.0857103704709
3.5    0.0871498559707
3.52    0.0885997691485
3.54    0.0906640143022
3.56    0.0924982908311
3.58    0.0941299117746
3.6    0.0954674257408
3.62    0.0965638615867
3.64    0.0973676044829
3.66    0.0979213819127
3.68    0.0981756899195
3.7    0.0982326323602
3.72    0.0980868578875
3.74    0.100111023118
3.76    0.101911133595
3.78    0.103466930422
3.8    0.104803024859
3.82    0.106004936074
3.84    0.107100120261
3.86    0.108617066354
3.88    0.110014252971
3.9    0.111257836795
3.92    0.112355898106
3.94    0.113352102017
3.96    0.11423280278
3.98    0.114975166194
4.0    0.115623612628
4.02    0.116143690948
4.04    0.116553167578
4.06    0.11682560856
4.08    0.117021872683
4.1    0.117066767557
4.12    0.117016960197
4.14    0.116884577895
4.16    0.116620338924
4.18    0.116271011591
4.2    0.115857601488
4.22    0.115327704451
4.24    0.114738934835
4.26    0.114079665209
4.28    0.113330044394
4.3    0.112549269184
4.32    0.111691401142
4.34    0.110802347593
4.36    0.110142492317
4.38    0.109455277028
4.4    0.108723249876
4.42    0.107912124552
4.44    0.107001418671
4.46    0.106067905827
4.48    0.105039246515
4.5    0.103917380135
4.52    0.102725938525
4.54    0.101493706138
4.56    0.100176115322
4.58    0.0987771871166
4.6    0.0973012409466
4.62    0.0957987914333
4.64    0.0942357955345
4.66    0.0926074481875
4.68    0.0909192038647
4.7    0.0891767903382
4.72    0.0874081644254
4.74    0.0856141583456
4.76    0.0837813049626
4.78    0.0819161586581
4.8    0.0800254116456
4.82    0.0781158569093
4.84    0.0761943497656
4.86    0.0742876787787
4.88    0.0723805217646
4.9    0.0705815716412
4.92    0.0703322562589
4.94    0.0700678623597
4.96    0.0697698180933
4.98    0.0694512329829
5.0    0.0691133682631
5.02    0.0694361618983
5.04    0.0700642482026
5.06    0.0708439648138
5.08    0.0717649465638
5.1    0.07280010809
5.12    0.0739311899537
5.14    0.0751394621555
5.16    0.0764060147256
5.18    0.0777122937515
5.2    0.0790518669815
5.22    0.0803981327065
5.24    0.081733929295
5.26    0.0830430495524
5.28    0.0843194151548
5.3    0.0855597137901
5.32    0.086734712827
5.34    0.0878635129509
5.36    0.0889144058662
5.38    0.0899070925798
5.4    0.0908175046011
5.42    0.0916496704408
5.44    0.0923969317503
5.46    0.093056417444
5.48    0.0936315504412
5.5    0.0941149403689
5.52    0.094529677173
5.54    0.094853616666
5.56    0.0951051839377
5.58    0.0952685859575
5.6    0.0953676156574
5.62    0.0953766092309
5.64    0.0953373754248
5.66    0.0952253296488
5.68    0.095046247527
5.7    0.0948381075136
5.72    0.0945738502801
5.74    0.0942616847046
5.76    0.0939316409655
5.78    0.0935803921172
5.8    0.0932045583083
5.82    0.0928121703606
5.84    0.0924261073164
5.86    0.0920499362769
5.88    0.0916780780186
5.9    0.0913171454899
5.92    0.0909785237703
5.94    0.0906790910198
5.96    0.0904061672426
5.98    0.0902009393708
6.0    0.0901597584542
6.02    0.0901719998583
6.04    0.0902195122251
6.06    0.0903210106359
6.08    0.0904670023606
6.1    0.0906560794928
6.12    0.0909062745606
6.14    0.0911996609692
6.16    0.0915529873187
6.18    0.0919645873038
6.2    0.0924759277402
6.22    0.093365187567
6.24    0.0943193662378
6.26    0.0953383077624
6.28    0.0964214253075
6.3    0.0975677173276
6.32    0.0987757855437
6.34    0.100043854521
6.36    0.101370503796
6.38    0.102756411731
6.4    0.104195896237
6.42    0.105685969487
6.44    0.107223374573
6.46    0.108805668194
6.48    0.110436663143
6.5    0.112109532757
6.52    0.113823224567
6.54    0.115579384095
6.56    0.117364060888
6.58    0.119178994552
6.6    0.121022342081
6.62    0.12288143106
6.64    0.12475619104
6.66    0.126653535099
6.68    0.128554293677
6.7    0.130453837741
6.72    0.132371588868
6.74    0.134280947117
6.76    0.136178931723
6.78    0.138085410749
6.8    0.140141114084
6.82    0.142186464849
6.84    0.14423528224
6.86    0.146260262719
6.88    0.148276923469
6.9    0.150275233941
6.92    0.152240141655
6.94    0.154200604973
6.96    0.156120027472
6.98    0.158032082368
7.0    0.159901487485
7.02    0.161755244841
7.04    0.163563821728
7.06    0.165350107336
7.08    0.167101825458
7.1    0.168813827602
7.12    0.170505660966
7.14    0.17214354223
7.16    0.17374907954
7.18    0.175307701952
7.2    0.176838126906
7.22    0.178367099119
7.24    0.179878656606
7.26    0.181363864589
7.28    0.182794677982
7.3    0.184177675726
7.32    0.185516342348
7.34    0.186809232039
7.36    0.188357616466
7.38    0.18991490452
7.4    0.191417083443
7.42    0.192886985529
7.44    0.194310571494
7.46    0.195691939206
7.48    0.197031317109
7.5    0.198331163137
7.52    0.199588235358
7.54    0.20078077102
7.56    0.201935147979
7.58    0.203020795109
7.6    0.204058535488
7.62    0.205037134588
7.64    0.205962635894
7.66    0.206861714751
7.68    0.207741461356
7.7    0.208586261257
7.72    0.209380848822
7.74    0.210133780209
7.76    0.210811065537
7.78    0.211455754695
7.8    0.212021866705
7.82    0.212552194545
7.84    0.213023798569
7.86    0.213454310883
7.88    0.213850990852
7.9    0.214207759587
7.92    0.214526959527
7.94    0.214786066511
7.96    0.21500310241
7.98    0.215177932455
8.0    0.215307061396
8.02    0.215398115436
8.04    0.215453433695
8.06    0.21547577341
8.08    0.215448159421
8.1    0.215377858081
8.12    0.215279815295
8.14    0.215153941509
8.16    0.214998042139
8.18    0.214807299341
8.2    0.214565106374
8.22    0.214300549912
8.24    0.213964971069
8.26    0.213595343445
8.28    0.213169691955
8.3    0.212676035863
8.32    0.212156786336
8.34    0.211578668283
8.36    0.210936181464
8.38    0.210268999756
8.4    0.209547867163
8.42    0.208766134938
8.44    0.207962924941
8.46    0.207108492922
8.48    0.206197318138
8.5    0.205255784201
8.52    0.204277917187
8.54    0.203247210761
8.56    0.202165602484
8.58    0.201074212071
8.6    0.200831131173
8.62    0.201248892835
8.64    0.201628225933
8.66    0.201993978661
8.68    0.202329814925
8.7    0.202628738643
8.72    0.202891348264
8.74    0.203118251676
8.76    0.203310065319
8.78    0.203471834455
8.8    0.203625508099
8.82    0.20374569995
8.84    0.203833045688
8.86    0.203888185892
8.88    0.203911765294
8.9    0.203904432058
8.92    0.203866837081
8.94    0.203825385935
8.96    0.203757111178
8.98    0.203660215641
9.0    0.203535350822
9.02    0.203383168151
9.04    0.203204318416
9.06    0.202999451222
9.08    0.202785292822
9.1    0.20255608015
9.12    0.202302448678
9.14    0.202025036402
9.16    0.201724477996
9.18    0.201401404381
9.2    0.201056442315
9.22    0.200705525128
9.24    0.200342202749
9.26    0.199978163305
9.28    0.199740157102
9.3    0.199488155671
9.32    0.199231456401
9.34    0.198954116325
9.36    0.198656717153
9.38    0.198339835399
9.4    0.198004042081
9.42    0.197649902431
9.44    0.197292107662
9.46    0.196924587942
9.48    0.19654006109
9.5    0.196139067423
9.52    0.195722140448
9.54    0.195289806656
9.56    0.194842585334
9.58    0.194380988393
9.6    0.193920831314
9.62    0.19345130362
9.64    0.192968582702
9.66    0.192473151308
9.68    0.191965484247
9.7    0.191446048283
9.72    0.19091530204
9.74    0.19037758901
9.76    0.18984296926
9.78    0.189298073708
9.8    0.188743330158
9.82    0.18817915804
9.84    0.187605968371
9.86    0.187026544947
9.88    0.186452410086
9.9    0.185870164424
9.92    0.185280187947
9.94    0.184688344204
9.96    0.18409901391
9.98    0.183515739529
10.0    0.182949995399
