0.05    0.00055262965369
0.07    0.00118162242179
0.09    0.00186632532333
0.1    0.00263941311137
0.12    0.00433081507968
0.14    0.0059494812888
0.16    0.00721709573544
0.18    0.0083648820334
0.2    0.00922900258457
0.22    0.0110859540066
0.24    0.0140325812549
0.26    0.017649633802
0.28    0.0178095569226
0.3    0.0236377524258
0.32    0.032826917305
0.34    0.0389112389168
0.36    0.0471759986036
0.38    0.0518240040386
0.4    0.0553759327674
0.42    0.0594123750499
0.44    0.0641906824779
0.46    0.0721429623086
0.48    0.0785123542096
0.5    0.0812669444296
0.52    0.0836185640174
0.54    0.0870258995714
0.56    0.0944838927199
0.58    0.100234660494
0.6    0.105593640609
0.62    0.111065065597
0.64    0.118494165566
0.66    0.129002971043
0.68    0.141010470516
0.7    0.153011406501
0.72    0.164652469885
0.74    0.176347418818
0.76    0.18865377642
0.78    0.201676296147
0.8    0.215023731733
0.82    0.228230511127
0.84    0.240963472447
0.86    0.252485210744
0.88    0.262292827455
0.9    0.27068066922
0.92    0.276986916511
0.94    0.281944310017
0.96    0.285033633555
0.98    0.286856202592
1.0    0.287059163778
1.02    0.286364755566
1.04    0.284672760242
1.06    0.282357452761
1.08    0.27966309077
1.1    0.276667596318
1.12    0.273536038773
1.14    0.273890122831
1.16    0.272984512654
1.18    0.270890800991
1.2    0.267557076906
1.22    0.26307843788
1.24    0.257730100901
1.26    0.251863012799
1.28    0.246888652092
1.3    0.244228632571
1.32    0.241098333093
1.34    0.237661307523
1.36    0.234058592062
1.38    0.230192668808
1.4    0.22611816783
1.42    0.221874942519
1.44    0.217446379776
1.46    0.212791135685
1.48    0.208020067722
1.5    0.203185707901
1.52    0.198290958777
1.54    0.193416706826
1.56    0.188652604196
1.58    0.184091075469
1.6    0.179817516373
1.62    0.17592343397
1.64    0.172479445411
1.66    0.169469628224
1.68    0.167175797208
1.7    0.172742996579
1.72    0.181520803899
1.74    0.190493451176
1.76    0.204369046703
1.78    0.218123498197
1.8    0.23106030635
1.82    0.243255605761
1.84    0.254783568274
1.86    0.265810189221
1.88    0.276297881987
1.9    0.285765522692
1.92    0.29387570309
1.94    0.300414941356
1.96    0.305251277431
1.98    0.308352432527
2.0    0.309723448917
2.02    0.309391037055
2.04    0.307508943814
2.06    0.304372019149
2.08    0.300103828073
2.1    0.29464941205
2.12    0.287883210922
2.14    0.27991638719
2.16    0.27077203866
2.18    0.26074026133
2.2    0.249892330131
2.22    0.238398442593
2.24    0.228361498916
2.26    0.219052919093
2.28    0.211865407384
2.3    0.210459471531
2.32    0.208789711359
2.34    0.206901041946
2.36    0.204881741326
2.38    0.202689063903
2.4    0.200391880023
2.42    0.198048077624
2.44    0.195614310203
2.46    0.193227648551
2.48    0.190794750255
2.5    0.188414742132
2.52    0.186038791667
2.54    0.183712730337
2.56    0.181409161775
2.58    0.179151506357
2.6    0.176914532941
2.62    0.175821589247
2.64    0.175553021548
2.66    0.175744337068
2.68    0.176429770171
2.7    0.177630689226
2.72    0.179361828462
2.74    0.181646762115
2.76    0.184447296375
2.78    0.187740383712
2.8    0.191510971974
2.82    0.195686774019
2.84    0.200210150828
2.86    0.205017350776
2.88    0.21003953072
2.9    0.215203224353
2.92    0.220431068837
2.94    0.225647599448
2.96    0.230802162941
2.98    0.235793097164
3.0    0.240580425629
3.02    0.245082595896
3.04    0.249257742901
3.06    0.25303522514
3.08    0.256413489739
3.1    0.259325801607
3.12    0.261751984773
3.14    0.263698389524
3.16    0.265135573855
3.18    0.266064559441
3.2    0.266490139615
3.22    0.266421906754
3.24    0.265884004314
3.26    0.26488539477
3.28    0.26344717475
3.3    0.261603669145
3.32    0.259364177804
3.34    0.256744637595
3.36    0.253764048013
3.38    0.250487265251
3.4    0.246915400359
3.42    0.243134238952
3.44    0.239143287005
3.46    0.235016208267
3.48    0.230787623216
3.5    0.226492765034
3.52    0.222176154363
3.54    0.217881156939
3.56    0.213649941734
3.58    0.20952205152
3.6    0.205540897379
3.62    0.201747748884
3.64    0.198153721325
3.66    0.194792741251
3.68    0.1916902005
3.7    0.188846302203
3.72    0.186286841188
3.74    0.18400217867
3.76    0.181994821452
3.78    0.180265359947
3.8    0.178785855158
3.82    0.177588776664
3.84    0.179495378432
3.86    0.181378782723
3.88    0.183237184515
3.9    0.185068888228
3.92    0.186872306004
3.94    0.188645955748
3.96    0.190388458943
3.98    0.192098538287
4.0    0.193775015162
4.02    0.195416806976
4.04    0.197022924381
4.06    0.198592468405
4.08    0.200124627513
4.1    0.201618674609
4.12    0.203073963998
4.14    0.20448992833
4.16    0.205866075531
4.18    0.207201985737
4.2    0.208497308236
4.22    0.209751758446
4.24    0.210965114907
4.26    0.212137216333
4.28    0.213267958689
4.3    0.214357292344
4.32    0.215405219261
4.34    0.216411790264
4.36    0.217383114112
4.38    0.218335008764
4.4    0.219245915664
4.42    0.220116037227
4.44    0.220945612876
4.46    0.221734916724
4.48    0.222484255334
4.5    0.223193965553
4.52    0.223864412433
4.54    0.224495987212
4.56    0.225089105388
4.58    0.225644204859
4.6    0.226161744141
4.62    0.226642200662
4.64    0.227086069124
4.66    0.227493859942
4.68    0.227866097747
4.7    0.228203319965
4.72    0.228506075452
4.74    0.228774923208
4.76    0.229010431139
4.78    0.229213174897
4.8    0.22938373676
4.82    0.229522704592
4.84    0.229630670837
4.86    0.229708231585
4.88    0.22975598568
4.9    0.22977453388
4.92    0.229764478065
4.94    0.229726420498
4.96    0.229660963118
4.98    0.229568706891
5.0    0.229450251189
5.02    0.229310163566
5.04    0.229161635549
5.06    0.228988379586
5.08    0.228790982632
5.1    0.228570027794
5.12    0.228326093912
5.14    0.228059755179
5.16    0.227771580782
5.18    0.227462134578
5.2    0.227131974789
5.22    0.22678165373
5.24    0.226411717553
5.26    0.226022706021
5.28    0.225615152299
5.3    0.225189582762
5.32    0.224746516836
5.34    0.224286466838
5.36    0.223809937852
5.38    0.223317427606
5.4    0.222809426375
5.42    0.222286416895
5.44    0.221748874287
5.46    0.221197266005
5.48    0.220632051779
5.5    0.220053683588
5.52    0.219462605629
5.54    0.218859254307
5.56    0.218244058226
5.58    0.217617438194
5.6    0.216979807235
5.62    0.21633157061
5.64    0.215673125841
5.66    0.215004862745
5.68    0.214327163477
5.7    0.213640402573
5.72    0.212944947
5.74    0.212241156215
5.76    0.211529382223
5.78    0.210809969646
5.8    0.210083255786
5.82    0.209349570698
5.84    0.208609237273
5.86    0.207862571307
5.88    0.207109881585
5.9    0.206351469969
5.92    0.205587631479
5.94    0.204818654378
5.96    0.204044820271
5.98    0.203266404184
6.0    0.202483674666
6.02    0.201696893876
6.04    0.200906317676
6.06    0.200112195736
6.08    0.199314771614
6.1    0.198514282867
6.12    0.197710961137
6.14    0.196905032249
6.16    0.196096716314
6.18    0.19528622782
6.2    0.194473775727
6.22    0.193659563567
6.24    0.192843789539
6.26    0.192026646605
6.28    0.191208322582
6.3    0.19039080058
6.32    0.189575459235
6.34    0.190265094293
6.36    0.19121995662
6.38    0.192142002178
6.4    0.193028890956
6.42    0.193878810582
6.44    0.194695989016
6.46    0.195487221183
6.48    0.19627974232
6.5    0.197137795986
6.52    0.197970978819
6.54    0.198774431771
6.56    0.19953886258
6.58    0.200264778697
6.6    0.200947299228
6.62    0.20159726284
6.64    0.202197825699
6.66    0.202766750879
6.68    0.203293972665
6.7    0.203778044326
6.72    0.204233663193
6.74    0.204642430648
6.76    0.205024404031
6.78    0.205364393675
6.8    0.20566892167
6.82    0.205941969002
6.84    0.206170912335
6.86    0.207133238315
6.88    0.208909060637
6.9    0.210611873136
6.92    0.212255177644
6.94    0.213827228048
6.96    0.215333367398
6.98    0.21677385264
7.0    0.218142982377
7.02    0.2194515345
7.04    0.220684792336
7.06    0.221863266676
7.08    0.222972593768
7.1    0.224019624892
7.12    0.225295255569
7.14    0.226589373259
7.16    0.227829016988
7.18    0.228991970077
7.2    0.230099807991
7.22    0.231132769201
7.24    0.232098629969
7.26    0.233003076252
7.28    0.233830190581
7.3    0.234596004127
7.32    0.235297379255
7.34    0.235923047208
7.36    0.236483154501
7.38    0.236986476467
7.4    0.237416064197
7.42    0.23777269011
7.44    0.238078396196
7.46    0.238318094229
7.48    0.238487202648
7.5    0.23858776876
7.52    0.238644460065
7.54    0.238633168453
7.56    0.238554881664
7.58    0.238416260439
7.6    0.238232213869
7.62    0.23798403549
7.64    0.237672799441
7.66    0.237309607176
7.68    0.236899739926
7.7    0.236429864167
7.72    0.235901115863
7.74    0.235329969059
7.76    0.234710032946
7.78    0.234034396583
7.8    0.233304379538
7.82    0.232543128517
7.84    0.231729401729
7.86    0.230864391457
7.88    0.22996062905
7.9    0.229017673873
7.92    0.228026692945
7.94    0.226995255219
7.96    0.22593193358
7.98    0.224823838737
8.0    0.223678770971
8.02    0.222503887814
8.04    0.221287459203
8.06    0.220039086294
8.08    0.218761339853
8.1    0.217445233745
8.12    0.216101923901
8.14    0.214729862563
8.16    0.213322570556
8.18    0.21189592002
8.2    0.210437905389
8.22    0.208956425518
8.24    0.207450897622
8.26    0.20592038711
8.28    0.204370486564
8.3    0.202793059996
8.32    0.201201855594
8.34    0.199583990075
8.36    0.197950553185
8.38    0.196296135487
8.4    0.194624702103
8.42    0.192936607819
8.44    0.191636526914
8.46    0.191627984832
8.48    0.191612121862
8.5    0.191589416184
8.52    0.191566711565
8.54    0.19153698176
8.56    0.191500347257
8.58    0.19145692722
8.6    0.191406839485
8.62    0.191350200572
8.64    0.191287125677
8.66    0.191217728681
8.68    0.191142122152
8.7    0.191060417347
8.72    0.19097272422
8.74    0.190879151419
8.76    0.1907798063
8.78    0.190674794928
8.8    0.190564222081
8.82    0.190448191258
8.84    0.190326804686
8.86    0.190200163326
8.88    0.190068366877
8.9    0.189931513789
8.92    0.189789701265
8.94    0.18964302527
8.96    0.189491580542
8.98    0.189335460596
9.0    0.189174757733
9.02    0.189009563051
9.04    0.188840922384
9.06    0.18867266013
9.08    0.188500110604
9.1    0.188323360634
9.12    0.188142495885
9.14    0.187957600878
9.16    0.187768758992
9.18    0.187576052473
9.2    0.187379562448
9.22    0.187884463168
9.24    0.188682837582
9.26    0.189458396757
9.28    0.19021132775
9.3    0.190942241379
9.32    0.191661486422
9.34    0.192358648146
9.36    0.193033923092
9.38    0.193687510306
9.4    0.19431961119
9.42    0.194930429342
9.44    0.195527448313
9.46    0.196107040152
9.48    0.196665925495
9.5    0.197204313629
9.52    0.197722415384
9.54    0.198220442983
9.56    0.198698609921
9.58    0.199166229234
9.6    0.199615695093
9.62    0.200045891719
9.64    0.200457035232
9.66    0.200849342476
9.68    0.201223030923
9.7    0.201578318558
9.72    0.201919737452
9.74    0.202248856836
9.76    0.202560169056
9.78    0.202853892258
9.8    0.203130244669
9.82    0.203389444516
9.84    0.20363170994
9.86    0.203857258919
9.88    0.204070339106
9.9    0.204272582473
9.92    0.204458693425
9.94    0.204628887898
9.96    0.204783381329
9.98    0.204922388601
10.0    0.205046123974
