0.05    0.000645590721212
0.07    0.00141484562154
0.09    0.00194895057141
0.1    0.00217025997833
0.12    0.00348907454035
0.14    0.0042158554077
0.16    0.00545069039338
0.18    0.00913141591658
0.2    0.0154127806051
0.22    0.0195836589638
0.24    0.0240128387414
0.26    0.0351017472479
0.28    0.0399873726915
0.3    0.0489700611696
0.32    0.0581618031047
0.34    0.0587920425872
0.36    0.0567450752506
0.38    0.0566377721729
0.4    0.064544423046
0.42    0.075885968573
0.44    0.0845781580577
0.46    0.089659450607
0.48    0.0884556594347
0.5    0.0996532372426
0.52    0.106948179948
0.54    0.115500641948
0.56    0.128086292833
0.58    0.132294804743
0.6    0.129099434948
0.62    0.121874224073
0.64    0.107927031236
0.66    0.0989788984728
0.68    0.10071566922
0.7    0.103016016775
0.72    0.113258647977
0.74    0.122509233409
0.76    0.129925322411
0.78    0.135306286854
0.8    0.138302567203
0.82    0.138947678272
0.84    0.13738976365
0.86    0.147674415807
0.88    0.162257165501
0.9    0.172868927514
0.92    0.179395163998
0.94    0.18217196876
0.96    0.181688730952
0.98    0.178653616588
1.0    0.178523383343
1.02    0.181053282336
1.04    0.181383410665
1.06    0.179232678734
1.08    0.174725019724
1.1    0.168040448486
1.12    0.159403583218
1.14    0.151333653428
1.16    0.148759402289
1.18    0.145789433968
1.2    0.145832507368
1.22    0.147849984683
1.24    0.149671955052
1.26    0.15148175965
1.28    0.15319707378
1.3    0.155032044221
1.32    0.156929083246
1.34    0.158946084909
1.36    0.161197499094
1.38    0.163553420999
1.4    0.166076779272
1.42    0.168784627218
1.44    0.171525377581
1.46    0.174330277842
1.48    0.177187034174
1.5    0.179923495548
1.52    0.182600691696
1.54    0.185155707544
1.56    0.187444291558
1.58    0.189613388163
1.6    0.191493368114
1.62    0.193058587215
1.64    0.194447716405
1.66    0.195463528528
1.68    0.196227974021
1.7    0.200657298943
1.72    0.213082286479
1.74    0.223853231916
1.76    0.233538052805
1.78    0.24313402605
1.8    0.25189312217
1.82    0.258633124198
1.84    0.262887253498
1.86    0.264423381183
1.88    0.263434118062
1.9    0.259799230691
1.92    0.26071840954
1.94    0.265505247375
1.96    0.269590284866
1.98    0.273080091922
2.0    0.275955154435
2.02    0.278238044223
2.04    0.27996449621
2.06    0.281168825916
2.08    0.281878223741
2.1    0.282118382012
2.12    0.281918875421
2.14    0.281309878666
2.16    0.280325008942
2.18    0.279011007276
2.2    0.280386890179
2.22    0.282147346368
2.24    0.283822683088
2.26    0.285269408652
2.28    0.286556851596
2.3    0.287780927206
2.32    0.288805974339
2.34    0.289660237003
2.36    0.290493380504
2.38    0.291141784226
2.4    0.291609069405
2.42    0.292072113926
2.44    0.292355737218
2.46    0.292501190335
2.48    0.292594386535
2.5    0.292506303182
2.52    0.292731521224
2.54    0.292910645493
2.56    0.300409292951
2.58    0.309923903697
2.6    0.31845137759
2.62    0.326179572784
2.64    0.333221805016
2.66    0.339475554305
2.68    0.34480584188
2.7    0.349009199629
2.72    0.351904511507
2.74    0.353338221921
2.76    0.353217354119
2.78    0.351504914594
2.8    0.348202480381
2.82    0.343334694595
2.84    0.336909057292
2.86    0.328978766816
2.88    0.319613423177
2.9    0.308902225766
2.92    0.296930368002
2.94    0.29920770066
2.96    0.308505889268
2.98    0.317246809984
3.0    0.325443792123
3.02    0.333018742124
3.04    0.339971078737
3.06    0.346332080188
3.08    0.352141686962
3.1    0.357382854481
3.12    0.362184618416
3.14    0.366499931366
3.16    0.370371980762
3.18    0.373727399633
3.2    0.376610973469
3.22    0.378954926857
3.24    0.380763552854
3.26    0.382045187027
3.28    0.382808026766
3.3    0.383060942746
3.32    0.382817123474
3.34    0.382095138638
3.36    0.380917321023
3.38    0.37930847689
3.4    0.377295618975
3.42    0.374905937397
3.44    0.372165683718
3.46    0.3691004293
3.48    0.36573325357
3.5    0.36208401892
3.52    0.358173020433
3.54    0.354047579
3.56    0.349709566162
3.58    0.345174674551
3.6    0.340463518374
3.62    0.335599657195
3.64    0.330665202237
3.66    0.32571822035
3.68    0.322457073814
3.7    0.319219207851
3.72    0.31586089629
3.74    0.31237690042
3.76    0.308741326105
3.78    0.304958113075
3.8    0.301040000072
3.82    0.297008077972
3.84    0.292881490565
3.86    0.288675698626
3.88    0.284408641798
3.9    0.289673303757
3.92    0.297792368262
3.94    0.305519853514
3.96    0.312825739407
3.98    0.319700412988
4.0    0.326146174049
4.02    0.332168661581
4.04    0.337774451817
4.06    0.342969178431
4.08    0.347758004411
4.1    0.352146629197
4.12    0.3561415414
4.14    0.359751168847
4.16    0.362985861647
4.18    0.36585618018
4.2    0.368373135672
4.22    0.370561087989
4.24    0.374812107752
4.26    0.380193912345
4.28    0.385271137469
4.3    0.390001924805
4.32    0.39436390878
4.34    0.398348178933
4.36    0.401963317691
4.38    0.405224002981
4.4    0.408108860208
4.42    0.410658845534
4.44    0.412845407983
4.46    0.414669141087
4.48    0.416140774292
4.5    0.417273607254
4.52    0.418082922343
4.54    0.418610546324
4.56    0.418861399036
4.58    0.418854043234
4.6    0.41865957772
4.62    0.418275120722
4.64    0.417744142098
4.66    0.417090056131
4.68    0.416320841569
4.7    0.415464000553
4.72    0.414549633119
4.74    0.41361258284
4.76    0.412686201453
4.78    0.411807200478
4.8    0.410985915798
4.82    0.410233149939
4.84    0.409618260145
4.86    0.409155813423
4.88    0.409213397159
4.9    0.410985064279
4.92    0.412745304895
4.94    0.414511556629
4.96    0.416381957989
4.98    0.418677701612
5.0    0.421060248803
5.02    0.423415836973
5.04    0.425733295408
5.06    0.427998550171
5.08    0.430195277821
5.1    0.432333585634
5.12    0.434418638502
5.14    0.436417660491
5.16    0.438391761751
5.18    0.440277667258
5.2    0.442129865213
5.22    0.443907719002
5.24    0.445647788256
5.26    0.447324285925
5.28    0.448960348476
5.3    0.45054271858
5.32    0.452081324478
5.34    0.45357675109
5.36    0.455023023285
5.38    0.45643897554
5.4    0.457796756121
5.42    0.459141398407
5.44    0.460431065154
5.46    0.461695792492
5.48    0.462933190255
5.5    0.464137971952
5.52    0.465324524315
5.54    0.466506068426
5.56    0.467691963454
5.58    0.468895349664
5.6    0.470140335853
5.62    0.4714311422
5.64    0.472729148902
5.66    0.474027032448
5.68    0.475317022668
5.7    0.47658965785
5.72    0.477834573142
5.74    0.479040902741
5.76    0.480215931935
5.78    0.481358213475
5.8    0.482444117895
5.82    0.483505576113
5.84    0.484513697164
5.86    0.485475013959
5.88    0.486400257594
5.9    0.487259440156
5.92    0.4880976712
5.94    0.488868972048
5.96    0.489602927545
5.98    0.490289596083
6.0    0.49091703704
6.02    0.491520873377
6.04    0.492067749954
6.06    0.492561651573
6.08    0.493027618913
6.1    0.493437790001
6.12    0.493794726942
6.14    0.494123345207
6.16    0.494396825536
6.18    0.49461755584
6.2    0.494806721245
6.22    0.494950151595
6.24    0.495047999414
6.26    0.49510649981
6.28    0.495132801389
6.3    0.495134699122
6.32    0.495122325879
6.34    0.495131434049
6.36    0.495167006916
6.38    0.495202863134
6.4    0.495226975753
6.42    0.495218859719
6.44    0.495170132233
6.46    0.495087808233
6.48    0.494959834535
6.5    0.494779948846
6.52    0.494546191439
6.54    0.494279054915
6.56    0.493959751303
6.58    0.493588635199
6.6    0.493169805464
6.62    0.492717318415
6.64    0.492216722504
6.66    0.491669718419
6.68    0.491079779145
6.7    0.490451637393
6.72    0.489789285521
6.74    0.489095225801
6.76    0.488365963429
6.78    0.487597256542
6.8    0.486783887923
6.82    0.485922550663
6.84    0.485024284643
6.86    0.484083774452
6.88    0.483093513325
6.9    0.482056002931
6.92    0.48098819243
6.94    0.479876094337
6.96    0.478727208856
6.98    0.477550509491
7.0    0.476354235875
7.02    0.475167265812
7.04    0.474016464708
7.06    0.472879528744
7.08    0.471731125358
7.1    0.470559312852
7.12    0.469357516195
7.14    0.468114023569
7.16    0.466818842844
7.18    0.465494316664
7.2    0.464114928634
7.22    0.462694522036
7.24    0.461228287017
7.26    0.459715021532
7.28    0.458161418364
7.3    0.457284498807
7.32    0.457851883107
7.34    0.458391172283
7.36    0.458902552983
7.38    0.459390453957
7.4    0.459870615531
7.42    0.460323319111
7.44    0.460748777784
7.46    0.461147211062
7.48    0.461518844563
7.5    0.46186390971
7.52    0.462197813431
7.54    0.462882860373
7.56    0.463730578026
7.58    0.464548982284
7.6    0.46533898736
7.62    0.466124481344
7.64    0.466881166482
7.66    0.46760926884
7.68    0.468309019829
7.7    0.468980655939
7.72    0.469647890729
7.74    0.470288300763
7.76    0.470901177433
7.78    0.471486773279
7.8    0.47204534472
7.82    0.472578189512
7.84    0.473107080763
7.86    0.473609575615
7.88    0.474085942371
7.9    0.474536452143
7.92    0.474961378641
7.94    0.475360997966
7.96    0.475744576622
7.98    0.476116952878
8.0    0.47646469372
8.02    0.476788082007
8.04    0.477087402091
8.06    0.477362939651
8.08    0.477614981514
8.1    0.477846318624
8.12    0.478073682948
8.14    0.478278244542
8.16    0.478460292787
8.18    0.47862011749
8.2    0.478758008744
8.22    0.478874256786
8.24    0.478969151867
8.26    0.479042984121
8.28    0.479115759964
8.3    0.479168335206
8.32    0.479200541715
8.34    0.479212667962
8.36    0.479205001769
8.38    0.479177830206
8.4    0.479131439496
8.42    0.479066114908
8.44    0.478982140677
8.46    0.478893561058
8.48    0.478791686453
8.5    0.478671835127
8.52    0.478534286647
8.54    0.478379319172
8.56    0.478207209373
8.58    0.47801823238
8.6    0.477812661698
8.62    0.477590769163
8.64    0.477352824869
8.66    0.477106320205
8.68    0.476854036486
8.7    0.47658633256
8.72    0.476303471669
8.74    0.476005715095
8.76    0.475693322109
8.78    0.475366549939
8.8    0.475025653725
8.82    0.474670886485
8.84    0.474302499084
8.86    0.473920740198
8.88    0.473526562721
8.9    0.47313406808
8.92    0.472728774848
8.94    0.472310923526
8.96    0.471880752321
8.98    0.471438497129
9.0    0.470984391509
9.02    0.470518666666
9.04    0.47004155145
9.06    0.469553272323
9.08    0.469054053369
9.1    0.468544116262
9.12    0.468023680276
9.14    0.46749802397
9.16    0.466970614683
9.18    0.466433201883
9.2    0.465885996149
9.22    0.465329205641
9.24    0.464763036093
9.26    0.464187690812
9.28    0.463603370694
9.3    0.463010274205
9.32    0.462408597403
9.34    0.461798533932
9.36    0.461180275021
9.38    0.460554009508
9.4    0.459919923831
9.42    0.459279371084
9.44    0.458641700749
9.46    0.457996621477
9.48    0.457344311267
9.5    0.45668494578
9.52    0.456018698332
9.54    0.455345739916
9.56    0.454666239214
9.58    0.453980362611
9.6    0.453288274191
9.62    0.452590135782
9.64    0.45188610694
9.66    0.451176344985
9.68    0.450461004999
9.7    0.449740239854
9.72    0.449014200224
9.74    0.4482830346
9.76    0.447553891964
9.78    0.446822387471
9.8    0.446086073365
9.82    0.445345090619
9.84    0.444599578116
9.86    0.443849672649
9.88    0.443095508954
9.9    0.442337219713
9.92    0.441574935599
9.94    0.440808785252
9.96    0.440038895342
9.98    0.439265390562
10.0    0.438488393644
