0.05    5.76479430175e-05
0.07    0.000119399758241
0.09    0.000213633226975
0.1    0.000249355933035
0.12    0.000461927223306
0.14    0.000789932400303
0.16    0.000984113124822
0.18    0.0011974576431
0.2    0.00176129702976
0.22    0.00210544835737
0.24    0.00232505412564
0.26    0.00282771850353
0.28    0.00414851609949
0.3    0.00484632405256
0.32    0.00461088843064
0.34    0.00492681979732
0.36    0.00740360147676
0.38    0.00926272018499
0.4    0.00898061311985
0.42    0.0095195116877
0.44    0.00938805294514
0.46    0.0111340950583
0.48    0.0129025126739
0.5    0.013666800942
0.52    0.0161676764899
0.54    0.0195348630201
0.56    0.0222369568654
0.58    0.0252724145305
0.6    0.0281712541613
0.62    0.0314892727003
0.64    0.03326561296
0.66    0.0335286442126
0.68    0.0344169062369
0.7    0.037135911588
0.72    0.0383897835403
0.74    0.0378968658291
0.76    0.0347555836858
0.78    0.0320998116612
0.8    0.033889389996
0.82    0.0356648130516
0.84    0.0360546914523
0.86    0.0419880360932
0.88    0.048905790664
0.9    0.0559668585165
0.92    0.0604018188892
0.94    0.0615233916155
0.96    0.0600712195733
0.98    0.0575108120551
1.0    0.0550536306546
1.02    0.0544277356178
1.04    0.0574276800004
1.06    0.0594137492641
1.08    0.0582077059728
1.1    0.054948724063
1.12    0.0516290029401
1.14    0.0477179786457
1.16    0.0433801920908
1.18    0.0420765288982
1.2    0.0416242677979
1.22    0.040390389704
1.24    0.0385487316193
1.26    0.0362190208255
1.28    0.0339666243363
1.3    0.0315768839617
1.32    0.0294401851743
1.34    0.0291923932249
1.36    0.0281730612977
1.38    0.0280415692708
1.4    0.0280911587396
1.42    0.0281178517156
1.44    0.0283528484553
1.46    0.0288595582021
1.48    0.0295865178503
1.5    0.0304883220187
1.52    0.0314382320373
1.54    0.0322664333924
1.56    0.0344740082134
1.58    0.0370185137847
1.6    0.0394192370539
1.62    0.0413922201972
1.64    0.0426495139445
1.66    0.042896906093
1.68    0.0420580759994
1.7    0.0403173063894
1.72    0.0380759567846
1.74    0.0357927736281
1.76    0.0336651975864
1.78    0.0318171044474
1.8    0.0303091137421
1.82    0.0294116681192
1.84    0.0286068744518
1.86    0.0279222470444
1.88    0.0274735853252
1.9    0.0273535653723
1.92    0.0276030767787
1.94    0.028130396034
1.96    0.0288133716108
1.98    0.0296338628241
2.0    0.0314932816749
2.02    0.0334484051307
2.04    0.0354789896656
2.06    0.0375269091891
2.08    0.0394374843425
2.1    0.0411619146272
2.12    0.0425020217691
2.14    0.0434241279554
2.16    0.0451188962189
2.18    0.0463274776557
2.2    0.0469972881288
2.22    0.0471090638736
2.24    0.0466787717984
2.26    0.0458332998895
2.28    0.0446141136703
2.3    0.0430519294238
2.32    0.0415750812331
2.34    0.0405619493245
2.36    0.0404642200857
2.38    0.040557149302
2.4    0.0404689653056
2.42    0.0402522304776
2.44    0.039910830467
2.46    0.0394829675949
2.48    0.0389965203943
2.5    0.0384693781899
2.52    0.037959311472
2.54    0.0374240806583
2.56    0.0368824038485
2.58    0.0363175381373
2.6    0.0361032519286
2.62    0.03609477073
2.64    0.0360062653821
2.66    0.0357999503703
2.68    0.0354591631616
2.7    0.0349813848959
2.72    0.0343169535267
2.74    0.0334750997427
2.76    0.0324845858981
2.78    0.0313917381846
2.8    0.0302562564064
2.82    0.0291454687223
2.84    0.028454146882
2.86    0.028858688735
2.88    0.0294763782675
2.9    0.0302761834881
2.92    0.0312050311151
2.94    0.0321947365754
2.96    0.0331701961324
2.98    0.0340577007554
3.0    0.0348177975456
3.02    0.0354101734916
3.04    0.0357709087689
3.06    0.0358845835469
3.08    0.0358178349636
3.1    0.0368183186566
3.12    0.0383878162336
3.14    0.0397730826228
3.16    0.0409699457588
3.18    0.041984002111
3.2    0.0428282515501
3.22    0.0435278827638
3.24    0.0441019982876
3.26    0.044559565737
3.28    0.0449127097021
3.3    0.0451992953118
3.32    0.045412287588
3.34    0.0455489776658
3.36    0.0456477904623
3.38    0.0456689793243
3.4    0.0456275444187
3.42    0.0455150510604
3.44    0.0453230296591
3.46    0.0450602625437
3.48    0.0447195891174
3.5    0.0443136109389
3.52    0.0438534228501
3.54    0.0433408221627
3.56    0.0428197983809
3.58    0.0422825794328
3.6    0.0417612691693
3.62    0.041289004133
3.64    0.0412102234758
3.66    0.0413378026399
3.68    0.0415049181215
3.7    0.0417062702714
3.72    0.0419729887051
3.74    0.0423193290349
3.76    0.0427412490689
3.78    0.0432539831425
3.8    0.0438660794629
3.82    0.044556039319
3.84    0.045322412378
3.86    0.0461701351795
3.88    0.0470615269322
3.9    0.0480127459794
3.92    0.0489869575218
3.94    0.0499881355568
3.96    0.0510037977623
3.98    0.0520117562502
4.0    0.0529922000446
4.02    0.0539523460257
4.04    0.054857123755
4.06    0.0556892132863
4.08    0.0564710632985
4.1    0.0571695507854
4.12    0.0577863434366
4.14    0.0583192187007
4.16    0.058759033584
4.18    0.0590997915913
4.2    0.0593409925066
4.22    0.0595675992287
4.24    0.0604548190948
4.26    0.0613236834556
4.28    0.0621499297474
4.3    0.0629141827931
4.32    0.0636052138637
4.34    0.0642120940682
4.36    0.064721822902
4.38    0.0651370032833
4.4    0.0654483720904
4.42    0.0656396677148
4.44    0.0657091744621
4.46    0.066440604223
4.48    0.0672737132712
4.5    0.0679938666903
4.52    0.0686459079915
4.54    0.0691796988865
4.56    0.0696302187867
4.58    0.0699714382014
4.6    0.0702123472564
4.62    0.0703661354052
4.64    0.0704225134827
4.66    0.070399591707
4.68    0.0703093018507
4.7    0.0701580863678
4.72    0.0699572961244
4.74    0.0697048307673
4.76    0.0693934216425
4.78    0.0690247495979
4.8    0.0686106834439
4.82    0.0681378109836
4.84    0.0677658013604
4.86    0.0677114526775
4.88    0.0675900759694
4.9    0.0674075687621
4.92    0.0671692590553
4.94    0.0668806858918
4.96    0.0665446316559
4.98    0.0661613656961
5.0    0.0657308727654
5.02    0.0652570088131
5.04    0.0647529091582
5.06    0.0642129415461
5.08    0.0636275034911
5.1    0.0629925605942
5.12    0.0623128905774
5.14    0.0615946714074
5.16    0.0608408396703
5.18    0.0600510533265
5.2    0.0593702716668
5.22    0.059189569466
5.24    0.0589358158327
5.26    0.0586350772125
5.28    0.0582580843344
5.3    0.0578121846214
5.32    0.0573196627096
5.34    0.0567554855907
5.36    0.0561221519936
5.38    0.0554472410854
5.4    0.0547115053714
5.42    0.0539145812723
5.44    0.053060200335
5.46    0.0521667842003
5.48    0.0512310573959
5.5    0.0502490725242
5.52    0.0492256464656
5.54    0.0485290797444
5.56    0.0484159908293
5.58    0.0482634434383
5.6    0.0483892374903
5.62    0.0486550601119
5.64    0.0489127797926
5.66    0.0491502427344
5.68    0.0493629982487
5.7    0.0495501079145
5.72    0.0497106835661
5.74    0.0498438901407
5.76    0.04994894824
5.78    0.0500251364051
5.8    0.0500812040284
5.82    0.0501177664057
5.84    0.0501237211345
5.86    0.0500985684414
5.88    0.0500418734429
5.9    0.0499532668456
5.92    0.0498324453899
5.94    0.0496827204005
5.96    0.0495169021249
5.98    0.0493182383275
6.0    0.0490866626278
6.02    0.0488221737174
6.04    0.0485248345379
6.06    0.048194771273
6.08    0.0478454740539
6.1    0.0474695534527
6.12    0.0470613682982
6.14    0.0466212607977
6.16    0.0461496296971
6.18    0.0456469284483
6.2    0.0451256177392
6.22    0.0445795723988
6.24    0.0440037189344
6.26    0.0442087325356
6.28    0.0453414123215
6.3    0.0464667976337
6.32    0.0475804998126
6.34    0.0486830097439
6.36    0.0497601973124
6.38    0.050820354764
6.4    0.0518433938251
6.42    0.052839963763
6.44    0.0537934960532
6.46    0.0547077968391
6.48    0.055577490121
6.5    0.0563940660669
6.52    0.0571671247638
6.54    0.0578746994175
6.56    0.0585384475706
6.58    0.0591324925796
6.6    0.0596785956481
6.62    0.0601623966157
6.64    0.0605915609102
6.66    0.0609650981064
6.68    0.0612838979881
6.7    0.0615250023596
6.72    0.0617114269845
6.74    0.0619234539077
6.76    0.0632821516353
6.78    0.064607946927
6.8    0.065897464605
6.82    0.0671475075693
6.84    0.0683550633548
6.86    0.0695173097404
6.88    0.0706418093402
6.9    0.0717260963439
6.92    0.072758571838
6.94    0.073737149546
6.96    0.0746599471951
6.98    0.075542607302
7.0    0.0763724671264
7.02    0.0771426088003
7.04    0.0778519007043
7.06    0.0785212760645
7.08    0.0791311797041
7.1    0.0796782768726
7.12    0.0801639540148
7.14    0.0806098261266
7.16    0.0809923000976
7.18    0.0813114523939
7.2    0.0815675326365
7.22    0.0817839442955
7.24    0.08194064036
7.26    0.0820358192034
7.28    0.0820703114525
7.3    0.082058329028
7.32    0.0819989749742
7.34    0.0818819080296
7.36    0.0817084461148
7.38    0.0814873836182
7.4    0.0812285294841
7.42    0.0809174068606
7.44    0.0805557202157
7.46    0.0801530440847
7.48    0.079716697518
7.5    0.0792347903623
7.52    0.07870931153
7.54    0.0781565644387
7.56    0.077568796247
7.58    0.0769430650807
7.6    0.0762971523252
7.62    0.0756281615143
7.64    0.0749606758263
7.66    0.0742678916667
7.68    0.0735572220697
7.7    0.0728219002602
7.72    0.0720605033442
7.74    0.0712777650986
7.76    0.0704838495729
7.78    0.0696698717938
7.8    0.0688380833273
7.82    0.0679907244542
7.84    0.0671300192416
7.86    0.066258170842
7.88    0.065384470084
7.9    0.0645045580409
7.92    0.0636191852828
7.94    0.0627304371719
7.96    0.0618403595097
7.98    0.0609509551717
8.0    0.0600641809691
8.02    0.0591819447441
8.04    0.0583061026891
8.06    0.0574384568887
8.08    0.056580753084
8.1    0.0557346786516
8.12    0.0557252135781
8.14    0.055793632226
8.16    0.0558518178118
8.18    0.0559073362195
8.2    0.0559555666377
8.22    0.0559938280333
8.24    0.0560281003568
8.26    0.0560567665301
8.28    0.0560757354536
8.3    0.0560852602622
8.32    0.0560950002063
8.34    0.0560953208569
8.36    0.0560863426628
8.38    0.0560704906984
8.4    0.0560528163053
8.42    0.0560261279926
8.44    0.0559905495152
8.46    0.0559462056175
8.48    0.055901890405
8.5    0.0558495530798
8.52    0.055788740851
8.54    0.0557195803868
8.56    0.0556421989512
8.58    0.0555578466293
8.6    0.0554731755599
8.62    0.0553805758077
8.64    0.0553304000016
8.66    0.0553470472761
8.68    0.0553842208865
8.7    0.0554293962995
8.72    0.0554671913203
8.74    0.0555039087203
8.76    0.0555507630704
8.78    0.0556248276367
8.8    0.0556900019656
8.82    0.0557544945133
8.84    0.0558112168963
8.86    0.0558592988503
8.88    0.0559054045985
8.9    0.0559453705374
8.92    0.0559769481494
8.94    0.0560040324261
8.96    0.0560278296266
8.98    0.0560434919829
9.0    0.0560511274001
9.02    0.0560572874808
9.04    0.0560576227686
9.06    0.056050185696
9.08    0.0560350851348
9.1    0.0560124303112
9.12    0.0559847264551
9.14    0.0559553925063
9.16    0.0559187583942
9.18    0.0558749334721
9.2    0.0558240272037
9.22    0.0557661491107
9.24    0.0557014087208
9.26    0.0556299155189
9.28    0.0555517788986
9.3    0.0554710750745
9.32    0.0555973564447
9.34    0.0563221291372
9.36    0.0570541338103
9.38    0.0577925192353
9.4    0.0585364419215
9.42    0.0592850669277
9.44    0.0600375686356
9.46    0.0607931314781
9.48    0.0615509506328
9.5    0.0623102326781
9.52    0.063070196206
9.54    0.0638305742162
9.56    0.0645919531315
9.58    0.0653520529619
9.6    0.0661101418405
9.62    0.0668655022111
9.64    0.0676174312527
9.66    0.0683652412527
9.68    0.0691082599667
9.7    0.0698458309325
9.72    0.0705773137635
9.74    0.0713020844074
9.76    0.0720195353777
9.78    0.0727290759537
9.8    0.0734301323624
9.82    0.074122147921
9.84    0.0748045831699
9.86    0.075476915962
9.88    0.076139508077
9.9    0.076796949007
9.92    0.0774430416793
9.94    0.0780773273095
9.96    0.0786993645287
9.98    0.0793087293609
10.0    0.079905015186
