0.05    3.26523509828e-05
0.07    6.73980804408e-05
0.09    0.000121434904412
0.1    0.000136540630279
0.12    0.000206743123974
0.14    0.000320392108628
0.16    0.000518735913962
0.18    0.000668172858722
0.2    0.000840082875645
0.22    0.000944567143585
0.24    0.00102277985007
0.26    0.00136796229422
0.28    0.00173159742511
0.3    0.00252350055973
0.32    0.0026367834164
0.34    0.00308219640911
0.36    0.0037538169755
0.38    0.0033875166223
0.4    0.00332990620498
0.42    0.00380602421371
0.44    0.00471493526526
0.46    0.00525076224738
0.48    0.00565674019944
0.5    0.00648851846713
0.52    0.00760954182586
0.54    0.00886376340856
0.56    0.00932393664255
0.58    0.00951183578584
0.6    0.0102096319866
0.62    0.0108082471493
0.64    0.0108524030898
0.66    0.0094856299051
0.68    0.010677077913
0.7    0.0107265793975
0.72    0.0118695285507
0.74    0.0122832030652
0.76    0.0139709659668
0.78    0.0146394030934
0.8    0.0146539756384
0.82    0.014081128403
0.84    0.0134194759625
0.86    0.0140615491434
0.88    0.0153588725029
0.9    0.0166096366884
0.92    0.0181782651307
0.94    0.0199542451546
0.96    0.0217219010781
0.98    0.0233463960903
1.0    0.0239978507154
1.02    0.0231793938198
1.04    0.022464037015
1.06    0.0226631211912
1.08    0.0241165660782
1.1    0.0258378517334
1.12    0.0267657905435
1.14    0.026531052987
1.16    0.0254880108926
1.18    0.0251003846237
1.2    0.0265653527514
1.22    0.0282491459927
1.24    0.029872704205
1.26    0.0312838926874
1.28    0.03218803372
1.3    0.0324510367578
1.32    0.0347955505101
1.34    0.0397846731641
1.36    0.0443423480079
1.38    0.0485465469346
1.4    0.0520185798024
1.42    0.0539867298006
1.44    0.0539246963795
1.46    0.0521303802325
1.48    0.0493966601572
1.5    0.0470316993925
1.52    0.0460593146071
1.54    0.0469453855128
1.56    0.0494016395553
1.58    0.052674053745
1.6    0.0558117753845
1.62    0.0580786979172
1.64    0.0589354102553
1.66    0.0582099407775
1.68    0.0561447183417
1.7    0.053298207618
1.72    0.050353587473
1.74    0.0480049205012
1.76    0.0467868452427
1.78    0.0468760062452
1.8    0.0480378514609
1.82    0.0497605097965
1.84    0.0515460666226
1.86    0.0528948261783
1.88    0.0535723652583
1.9    0.055494943832
1.92    0.0567981203057
1.94    0.057520911933
1.96    0.057850323865
1.98    0.0579380002518
2.0    0.0580667999145
2.02    0.0584286283368
2.04    0.0590815123646
2.06    0.0599491778833
2.08    0.0607635800071
2.1    0.0612919595561
2.12    0.0613684783622
2.14    0.0609507073315
2.16    0.0601335686366
2.18    0.0597889149247
2.2    0.0615947148127
2.22    0.0632839720673
2.24    0.064840408763
2.26    0.0662325250268
2.28    0.0674724039216
2.3    0.0685943742548
2.32    0.0695374259826
2.34    0.0703277983203
2.36    0.072534223217
2.38    0.0758367941604
2.4    0.078771136609
2.42    0.0812947493424
2.44    0.0835366899267
2.46    0.0857234805936
2.48    0.0903278798468
2.5    0.0946223279716
2.52    0.0982472503874
2.54    0.101034322721
2.56    0.102804675673
2.58    0.103453270853
2.6    0.102907587876
2.62    0.101254380014
2.64    0.0984219829488
2.66    0.0945724773506
2.68    0.0948157215521
2.7    0.0946617037605
2.72    0.0941970404469
2.74    0.0933801458958
2.76    0.0922451276392
2.78    0.0908334564727
2.8    0.0891950041597
2.82    0.0875092538225
2.84    0.0869442713259
2.86    0.0858654255291
2.88    0.0843203855017
2.9    0.0824358439128
2.92    0.0803174877774
2.94    0.0780508045247
2.96    0.0757070894861
2.98    0.0745863506837
3.0    0.0746294604419
3.02    0.0748744637798
3.04    0.0753317097656
3.06    0.0760209592675
3.08    0.07693757869
3.1    0.0780594238575
3.12    0.0793722041437
3.14    0.080856610832
3.16    0.0825377562401
3.18    0.084344178627
3.2    0.0862481585145
3.22    0.0882829131048
3.24    0.0903498273035
3.26    0.0934331905063
3.28    0.0989223743535
3.3    0.10444403567
3.32    0.109833840599
3.34    0.11496177775
3.36    0.119711943862
3.38    0.123975294375
3.4    0.127655560735
3.42    0.130681649677
3.44    0.133042798728
3.46    0.134670449755
3.48    0.135554511319
3.5    0.135794178443
3.52    0.13535919749
3.54    0.134389782204
3.56    0.132940127506
3.58    0.131107527359
3.6    0.12895710823
3.62    0.129063642525
3.64    0.131406312721
3.66    0.133657678753
3.68    0.135813079234
3.7    0.137859473541
3.72    0.139795997175
3.74    0.141601387173
3.76    0.143244745442
3.78    0.144703930395
3.8    0.146014596109
3.82    0.147158794917
3.84    0.148103545994
3.86    0.148877285791
3.88    0.149504397146
3.9    0.149945983945
3.92    0.150230767154
3.94    0.150402746968
3.96    0.150527694755
3.98    0.150755275183
4.0    0.151090469347
4.02    0.154900024816
4.04    0.160763153343
4.06    0.166480856297
4.08    0.171981338827
4.1    0.177286579456
4.12    0.182343484998
4.14    0.18703968244
4.16    0.191354306022
4.18    0.195201115665
4.2    0.198580626346
4.22    0.201519564003
4.24    0.203998398861
4.26    0.207141110344
4.28    0.209661438333
4.3    0.211586444207
4.32    0.212928181479
4.34    0.213683724988
4.36    0.213905974875
4.38    0.213636435573
4.4    0.212877430359
4.42    0.211680496076
4.44    0.2100031173
4.46    0.207909710373
4.48    0.205353661039
4.5    0.202354342181
4.52    0.198934793413
4.54    0.195124337513
4.56    0.19098387947
4.58    0.186560453826
4.6    0.181873239607
4.62    0.17696344286
4.64    0.171947631929
4.66    0.166803940783
4.68    0.16163000951
4.7    0.156440494134
4.72    0.151337246067
4.74    0.1463233514
4.76    0.141460290797
4.78    0.136805254716
4.8    0.13571427948
4.82    0.134727697138
4.84    0.133712804916
4.86    0.132653165508
4.88    0.131569234989
4.9    0.130445300277
4.92    0.129304711011
4.94    0.128124834947
4.96    0.126941585643
4.98    0.125717694967
5.0    0.124498984379
5.02    0.123249118107
5.04    0.122728539337
5.06    0.122399653472
5.08    0.122041810017
5.1    0.121683488944
5.12    0.121289265479
5.14    0.120860757702
5.16    0.120421441507
5.18    0.121471812393
5.2    0.123935379196
5.22    0.12649213075
5.24    0.129111008283
5.26    0.131762037809
5.28    0.134416557887
5.3    0.137054042806
5.32    0.139665690896
5.34    0.142210461626
5.36    0.144666229447
5.38    0.147012811851
5.4    0.149278453663
5.42    0.151409474147
5.44    0.153386890366
5.46    0.155257101216
5.48    0.156957412197
5.5    0.15850641192
5.52    0.159905129594
5.54    0.161127951979
5.56    0.162210568401
5.58    0.163112626514
5.6    0.16387360485
5.62    0.164468010258
5.64    0.164909670994
5.66    0.165210076585
5.68    0.165341909157
5.7    0.165362248965
5.72    0.165222881757
5.74    0.164955847292
5.76    0.164559386114
5.78    0.164025297804
5.8    0.163385483926
5.82    0.162607513584
5.84    0.161743368011
5.86    0.16074658263
5.88    0.159682493503
5.9    0.158502168558
5.92    0.157258576851
5.94    0.155933742049
5.96    0.154541889527
5.98    0.153105173099
6.0    0.151634192281
6.02    0.150150002302
6.04    0.148666033682
6.06    0.147201311726
6.08    0.145730353616
6.1    0.144244757525
6.12    0.143416671268
6.14    0.143795754331
6.16    0.144100445791
6.18    0.14432840371
6.2    0.14452626129
6.22    0.144656356587
6.24    0.144720975045
6.26    0.144758483443
6.28    0.144744936325
6.3    0.144676770741
6.32    0.144573655978
6.34    0.144445698919
6.36    0.144273221572
6.38    0.144059710456
6.4    0.143828174906
6.42    0.143577040272
6.44    0.143293579651
6.46    0.142980755705
6.48    0.142646873574
6.5    0.142314657139
6.52    0.141960161089
6.54    0.141585766651
6.56    0.141193702493
6.58    0.14079089138
6.6    0.140396684012
6.62    0.139989796976
6.64    0.139571887366
6.66    0.139144469888
6.68    0.138708920594
6.7    0.138274826552
6.72    0.137849814031
6.74    0.137419387203
6.76    0.136984441106
6.78    0.136545756694
6.8    0.136104006563
6.82    0.135659760838
6.84    0.135222207759
6.86    0.134794073382
6.88    0.134364150027
6.9    0.133932680391
6.92    0.133499834086
6.94    0.133065713605
6.96    0.132630360185
6.98    0.132193759566
7.0    0.131760086575
7.02    0.13133783948
7.04    0.130913718866
7.06    0.130487556457
7.08    0.130059153783
7.1    0.12962828687
7.12    0.129194710732
7.14    0.128758163622
7.16    0.128318371074
7.18    0.127875049695
7.2    0.127438392805
7.22    0.12700198082
7.24    0.126560953396
7.26    0.126115028997
7.28    0.125663931935
7.3    0.125207394825
7.32    0.124745160822
7.34    0.124276985646
7.36    0.123802639396
7.38    0.123321908161
7.4    0.122834595439
7.42    0.122349156658
7.44    0.121861047036
7.46    0.12136567762
7.48    0.120862930651
7.5    0.120352709929
7.52    0.119834941268
7.54    0.119309572797
7.56    0.11877657514
7.58    0.118235941465
7.6    0.117687687419
7.62    0.117131850962
7.64    0.116568492089
7.66    0.115997692476
7.68    0.11542521333
7.7    0.114850216627
7.72    0.114267914169
7.74    0.113678466666
7.76    0.113082053675
7.78    0.112478872872
7.8    0.111869139262
7.82    0.111253084357
7.84    0.110630955329
7.86    0.11000301412
7.88    0.109369536547
7.9    0.108730811378
7.92    0.108087139405
7.94    0.107438832498
7.96    0.106786212666
7.98    0.106129611115
8.0    0.105469367303
8.02    0.10480582801
8.04    0.104143336965
8.06    0.103480411274
8.08    0.102815008528
8.1    0.102147496482
8.12    0.10147824596
8.14    0.10080763002
8.16    0.100136023136
8.18    0.0994638004018
8.2    0.0987913367625
8.22    0.0981190062737
8.24    0.0974471813862
8.26    0.0967762322596
8.28    0.0961065261031
8.3    0.0954384265512
8.32    0.0947722930607
8.34    0.0941084803472
8.36    0.0934473378451
8.38    0.0927892092027
8.4    0.0921344318028
8.42    0.0914833363186
8.44    0.0908362462975
8.46    0.0901934777747
8.48    0.0896827063687
8.5    0.0894495141532
8.52    0.0892116419912
8.54    0.088972403934
8.56    0.0887266442638
8.58    0.0884745349913
8.6    0.0882162519233
8.62    0.0879519743226
8.64    0.0876818845813
8.66    0.0874061678932
8.68    0.0871250119396
8.7    0.0868386065765
8.72    0.0865471435338
8.74    0.0862508161206
8.76    0.0859498189391
8.78    0.0856443476054
8.8    0.0853345984808
8.82    0.0850207684105
8.84    0.0847084771704
8.86    0.0843924347997
8.88    0.0840727725759
8.9    0.0837496870837
8.92    0.0834233743034
8.94    0.0830940294027
8.96    0.0827618465323
8.98    0.0824270186354
9.0    0.0820897372613
9.02    0.0817501923934
9.04    0.0814085722799
9.06    0.0810650632759
9.08    0.0807198496945
9.1    0.0803731136643
9.12    0.0800250349963
9.14    0.0796757910581
9.16    0.0793255566563
9.18    0.0789745039266
9.2    0.0786228022321
9.22    0.0782706180667
9.24    0.0779208929559
9.26    0.0775712464183
9.28    0.0772214863161
9.3    0.0768717682998
9.32    0.0765222448166
9.34    0.0761730650508
9.36    0.0758243748751
9.38    0.0754763168018
9.4    0.0751290299461
9.42    0.0747826499918
9.44    0.0744373091606
9.46    0.0740931361907
9.48    0.073750256317
9.5    0.073408791257
9.52    0.0730688592024
9.54    0.0727305748132
9.56    0.072394049217
9.58    0.0720593900125
9.6    0.0717267012762
9.62    0.0713960835742
9.64    0.0710676339738
9.66    0.0707414460644
9.68    0.0704176099747
9.7    0.0700962123994
9.72    0.0697773366235
9.74    0.0694610625519
9.76    0.069147466741
9.78    0.0688366224341
9.8    0.0685285995947
9.82    0.068223464948
9.84    0.0679212820175
9.86    0.0676221111715
9.88    0.0673260096625
9.9    0.0670330316748
9.92    0.0667432283715
9.94    0.0664566479407
9.96    0.0661733356458
9.98    0.0658933338769
10.0    0.0656166822002
