0.05    2.93214903447e-05
0.07    5.98676350778e-05
0.09    9.92261226766e-05
0.1    0.000139459601189
0.12    0.000246554147419
0.14    0.000369538447441
0.16    0.000520092040596
0.18    0.000706367961582
0.2    0.00104805401575
0.22    0.00137005170829
0.24    0.00161417506321
0.26    0.00221103809947
0.28    0.00264190311969
0.3    0.00267353400362
0.32    0.0032697688065
0.34    0.00343600794124
0.36    0.00373658475452
0.38    0.00503083051466
0.4    0.00644713777005
0.42    0.00719689484915
0.44    0.00701190650027
0.46    0.00575978906505
0.48    0.00625839367886
0.5    0.00714508314947
0.52    0.00752999379664
0.54    0.00742095409284
0.56    0.00860034190078
0.58    0.0097546479165
0.6    0.00943698408226
0.62    0.0092266836693
0.64    0.00946221584243
0.66    0.0105744715255
0.68    0.0115216253857
0.7    0.0122777505499
0.72    0.0130660598104
0.74    0.0150151481016
0.76    0.016825795881
0.78    0.0182846034136
0.8    0.0192090152463
0.82    0.01966975108
0.84    0.0198169352994
0.86    0.0204116513187
0.88    0.02143671274
0.9    0.0223434390315
0.92    0.0244543300365
0.94    0.0253953609291
0.96    0.0250775492576
0.98    0.0236975540005
1.0    0.0217097383394
1.02    0.0198750395403
1.04    0.0189689262502
1.06    0.0193681339308
1.08    0.0208805089968
1.1    0.0231212231363
1.12    0.0257359458622
1.14    0.028389720051
1.16    0.030721118569
1.18    0.0324539822838
1.2    0.0335018997497
1.22    0.0341025519533
1.24    0.034724746846
1.26    0.0349440574676
1.28    0.034996109975
1.3    0.0351743380273
1.32    0.0358433810003
1.34    0.0372985893212
1.36    0.0396889184945
1.38    0.0429158164532
1.4    0.0467159295367
1.42    0.050749348584
1.44    0.0546687763525
1.46    0.0581821519272
1.48    0.0610824892549
1.5    0.0632110129598
1.52    0.064484490883
1.54    0.0649869387588
1.56    0.0648595048097
1.58    0.0643945960708
1.6    0.063884746511
1.62    0.0635620396898
1.64    0.0635655167142
1.66    0.0639635048874
1.68    0.0646968058517
1.7    0.0656886366166
1.72    0.0668787610679
1.74    0.0682003028176
1.76    0.0695626552705
1.78    0.0708651856912
1.8    0.0720363020524
1.82    0.073047207879
1.84    0.0738871413586
1.86    0.074556889314
1.88    0.0750654118676
1.9    0.0754486955682
1.92    0.0757013168372
1.94    0.0758067059607
1.96    0.0757483159635
1.98    0.0754749833762
2.0    0.074944225236
2.02    0.0741524384795
2.04    0.073069208635
2.06    0.0716986640472
2.08    0.0700901887722
2.1    0.0682471913975
2.12    0.0662353139133
2.14    0.0640990330416
2.16    0.0618835613152
2.18    0.0596387034942
2.2    0.0573976297127
2.22    0.0554901654157
2.24    0.053683619882
2.26    0.0522661372013
2.28    0.0507845641679
2.3    0.0492363300791
2.32    0.0476062824113
2.34    0.0459338923212
2.36    0.0442148032645
2.38    0.042530166782
2.4    0.0414405674238
2.42    0.0405350278742
2.44    0.0398287095915
2.46    0.0393035387802
2.48    0.0392038793591
2.5    0.0391789409626
2.52    0.0391103837347
2.54    0.0401319689223
2.56    0.042284992309
2.58    0.0441679525224
2.6    0.0457396356962
2.62    0.0469800115766
2.64    0.047915995524
2.66    0.0490344850465
2.68    0.0504594849945
2.7    0.0515283123343
2.72    0.0522220588918
2.74    0.0525679662412
2.76    0.0525897695724
2.78    0.052323796658
2.8    0.0518082956167
2.82    0.0510773148493
2.84    0.0501610615178
2.86    0.0490890753383
2.88    0.0479093040982
2.9    0.0466723929757
2.92    0.0454421350883
2.94    0.0442830216684
2.96    0.0432608105306
2.98    0.0424366749109
3.0    0.041849713133
3.02    0.0415193611474
3.04    0.0414492044775
3.06    0.0416068425965
3.08    0.041937812169
3.1    0.0423846538827
3.12    0.0428643172406
3.14    0.0433000605534
3.16    0.0436187586839
3.18    0.0437567877309
3.2    0.0436698132284
3.22    0.0433204214105
3.24    0.042692752247
3.26    0.04178610332
3.28    0.0406201062171
3.3    0.0401966234673
3.32    0.0399872029961
3.34    0.0401641867747
3.36    0.0402113905377
3.38    0.0400565198652
3.4    0.0397099057209
3.42    0.0391868250189
3.44    0.039091290251
3.46    0.0391934974131
3.48    0.039218696698
3.5    0.0391761140855
3.52    0.0390762331687
3.54    0.0389403547626
3.56    0.0387671529755
3.58    0.0385672009752
3.6    0.0387071136146
3.62    0.0395635767178
3.64    0.0404089261252
3.66    0.0412445921326
3.68    0.0420738522961
3.7    0.0428984076664
3.72    0.0437221645329
3.74    0.0445430329949
3.76    0.045357433128
3.78    0.046166234508
3.8    0.0469648335094
3.82    0.0477462786192
3.84    0.0485100413835
3.86    0.0492500423505
3.88    0.0499593179907
3.9    0.0506340512597
3.92    0.0512743347635
3.94    0.0518721842214
3.96    0.0524249941537
3.98    0.0529308460759
4.0    0.0533885460776
4.02    0.0537976319907
4.04    0.0541583816625
4.06    0.05447244979
4.08    0.0547413922449
4.1    0.0549676006369
4.12    0.0551546602136
4.14    0.0553070473413
4.16    0.0554300335054
4.18    0.0555294508965
4.2    0.0556114522609
4.22    0.0556823401014
4.24    0.0557484400911
4.26    0.0558175688571
4.28    0.0558959346324
4.3    0.0559881625777
4.32    0.0561028782921
4.34    0.0562441088765
4.36    0.056419049754
4.38    0.0566300700891
4.4    0.0568851281141
4.42    0.0571852238602
4.44    0.0575329402773
4.46    0.0579309564156
4.48    0.0583821228479
4.5    0.0588846089896
4.52    0.0594379344173
4.54    0.0600407739053
4.56    0.0606937784967
4.58    0.0613920973765
4.6    0.062131874459
4.62    0.0629114358039
4.64    0.0637264288641
4.66    0.0645701195676
4.68    0.0654427374509
4.7    0.0663340176576
4.72    0.0672444325565
4.74    0.0681654679681
4.76    0.0690928316727
4.78    0.0700252544263
4.8    0.0709559174038
4.82    0.0718810768666
4.84    0.0727969893236
4.86    0.0736996784802
4.88    0.0745849459092
4.9    0.0754485013804
4.92    0.0762876008306
4.94    0.077437733899
4.96    0.0790990204969
4.98    0.0807187997525
5.0    0.0822988423908
5.02    0.0838333692639
5.04    0.0853281846611
5.06    0.0867796337716
5.08    0.0881878182456
5.1    0.0895502051382
5.12    0.0908629376285
5.14    0.09212317249
5.16    0.0933314772234
5.18    0.0944894663597
5.2    0.0955945424627
5.22    0.0966453938545
5.24    0.0976327285996
5.26    0.098554031191
5.28    0.0994070962835
5.3    0.100192253092
5.32    0.100904504513
5.34    0.101550882548
5.36    0.102128550168
5.38    0.102642185869
5.4    0.103096264416
5.42    0.103499557478
5.44    0.103851542889
5.46    0.104152727289
5.48    0.104403897221
5.5    0.104609910255
5.52    0.10476877705
5.54    0.104878198374
5.56    0.104941636124
5.58    0.104956435842
5.6    0.104924339569
5.62    0.104845268742
5.64    0.104722176293
5.66    0.104551466452
5.68    0.104341405535
5.7    0.104088435809
5.72    0.103796188135
5.74    0.1034734513
5.76    0.103120735962
5.78    0.102744178398
5.8    0.102352015615
5.82    0.101952969557
5.84    0.101557157255
5.86    0.101176670646
5.88    0.101087987176
5.9    0.101346382269
5.92    0.10159249916
5.94    0.101828239598
5.96    0.102057045025
5.98    0.102285718156
6.0    0.10251684532
6.02    0.102763605955
6.04    0.103053405049
6.06    0.103399316006
6.08    0.103777591637
6.1    0.104180012754
6.12    0.104598273438
6.14    0.105025599571
6.16    0.105458588712
6.18    0.10589510115
6.2    0.106333079991
6.22    0.106774405312
6.24    0.10721846953
6.26    0.107663367992
6.28    0.108108585637
6.3    0.108555850041
6.32    0.109002056568
6.34    0.10944630347
6.36    0.10988802008
6.38    0.110326794881
6.4    0.110764337726
6.42    0.111200737986
6.44    0.111635637896
6.46    0.112073535823
6.48    0.112514963733
6.5    0.112961293333
6.52    0.113413304201
6.54    0.113870567073
6.56    0.114331220866
6.58    0.114792697043
6.6    0.115253000468
6.62    0.115713063183
6.64    0.116171914807
6.66    0.116634371994
6.68    0.117109776622
6.7    0.117599037469
6.72    0.118091124474
6.74    0.118577402094
6.76    0.119056069202
6.78    0.119521127065
6.8    0.119970504981
6.82    0.120402800047
6.84    0.120816947931
6.86    0.121212314467
6.88    0.121588720015
6.9    0.12194637839
6.92    0.122287359762
6.94    0.122612943184
6.96    0.122921798426
6.98    0.123218782222
7.0    0.123500823982
7.02    0.123772138815
7.04    0.124031525504
7.06    0.124276659351
7.08    0.124508217251
7.1    0.124719450783
7.12    0.124908731021
7.14    0.125074334284
7.16    0.125214483661
7.18    0.125327370354
7.2    0.12541117398
7.22    0.125464102443
7.24    0.125490170392
7.26    0.125484627572
7.28    0.125848652015
7.3    0.126419187739
7.32    0.126846286959
7.34    0.127121290221
7.36    0.127239968517
7.38    0.127200004731
7.4    0.127000968953
7.42    0.126645133104
7.44    0.126137523493
7.46    0.125485734676
7.48    0.124703827222
7.5    0.123801091545
7.52    0.122798639489
7.54    0.122062101642
7.56    0.121587129157
7.58    0.121079962329
7.6    0.12054874407
7.62    0.119984920538
7.64    0.119400478057
7.66    0.118784552638
7.68    0.118148129857
7.7    0.11748428245
7.72    0.116798184044
7.74    0.116090097534
7.76    0.115357792855
7.78    0.114609343904
7.8    0.113837015906
7.82    0.113049946902
7.84    0.112243606375
7.86    0.111420322782
7.88    0.110584151136
7.9    0.109730126462
7.92    0.108867497344
7.94    0.107990251849
7.96    0.107102716907
7.98    0.106206469077
8.0    0.105298961039
8.02    0.104387875349
8.04    0.103467323742
8.06    0.102543455101
8.08    0.101614389192
8.1    0.100681943794
8.12    0.0997482402848
8.14    0.0988117122199
8.16    0.0978770840126
8.18    0.0969406772864
8.2    0.0960086504794
8.22    0.0950767104547
8.24    0.09415012625
8.26    0.0932259050345
8.28    0.0923080576379
8.3    0.0913945286417
8.32    0.0904882155796
8.34    0.089588113894
8.36    0.0886954734182
8.38    0.0878112894386
8.4    0.0869343746473
8.42    0.0860677235173
8.44    0.0852101694376
8.46    0.0843617335077
8.48    0.0835238279316
8.5    0.0826976068412
8.52    0.081882034752
8.54    0.0814225524054
8.56    0.0809673596859
8.58    0.0805117551614
8.6    0.080053434709
8.62    0.0795932072919
8.64    0.0791349214703
8.66    0.0786754135083
8.68    0.0782151972139
8.7    0.0777562363315
8.72    0.0772993523457
8.74    0.0768430627852
8.76    0.0763878135003
8.78    0.0759349151913
8.8    0.075485814037
8.82    0.0750388623608
8.84    0.0745944383601
8.86    0.0741529029312
8.88    0.0737156522849
8.9    0.0732831648374
8.92    0.0728544391178
8.94    0.0724297720325
8.96    0.0720094444673
8.98    0.0715937216167
9.0    0.0711836107226
9.02    0.0707795188424
9.04    0.0703806458175
9.06    0.0699872005662
9.08    0.0695993781998
9.1    0.0692173604206
9.12    0.0688413159543
9.14    0.0684714009708
9.16    0.0681078415824
9.18    0.0677516738274
9.2    0.0674019634956
9.22    0.067058823407
9.24    0.0667223559368
9.26    0.0663926534392
9.28    0.0660697986733
9.3    0.0657538652034
9.32    0.065444917816
9.34    0.0651430129098
9.36    0.0648481988836
9.38    0.0645605165203
9.4    0.0642799993504
9.42    0.0640066740092
9.44    0.0637405605872
9.46    0.0634816729575
9.48    0.0632300191007
9.5    0.062985601417
9.52    0.0627484170164
9.54    0.0625184580076
9.56    0.0622957117661
9.58    0.0620801751859
9.6    0.0618718989955
9.62    0.0616707455005
9.64    0.0614766871774
9.66    0.061289692894
9.68    0.0611097281008
9.7    0.0612959480478
9.72    0.0616229973661
9.74    0.0619389091038
9.76    0.0622420910445
9.78    0.0625638866875
9.8    0.062878475218
9.82    0.0631778346487
9.84    0.0634626869118
9.86    0.063731759799
9.88    0.0639825803928
9.9    0.0642127062394
9.92    0.0644246600685
9.94    0.0646244351535
9.96    0.0648201299367
9.98    0.0650124402644
10.0    0.0651903237368
