0.05    3.58739164808e-05
0.07    7.00418781775e-05
0.09    0.000117913307106
0.1    0.000143683260564
0.12    0.000249091323911
0.14    0.000349224295709
0.16    0.000441260898024
0.18    0.000517397669162
0.2    0.00072466095428
0.22    0.000940613719665
0.24    0.00139638525272
0.26    0.00173516969213
0.28    0.00289444631518
0.3    0.00328090843172
0.32    0.0028863113691
0.34    0.00353164123249
0.36    0.00413870910926
0.38    0.00469816512656
0.4    0.00460185431595
0.42    0.00494945981559
0.44    0.00561170026496
0.46    0.00646551461766
0.48    0.00719338521183
0.5    0.00732806563367
0.52    0.00724064203805
0.54    0.00738317102601
0.56    0.00794561116023
0.58    0.0101628398991
0.6    0.0132373329661
0.62    0.0158944623527
0.64    0.0163563739472
0.66    0.0152124648402
0.68    0.015219906064
0.7    0.0148276914756
0.72    0.0139047503165
0.74    0.0150678917535
0.76    0.016657396432
0.78    0.018359160129
0.8    0.0196115932938
0.82    0.0204314063684
0.84    0.0209669807288
0.86    0.0240356623721
0.88    0.0275402228851
0.9    0.0303410055574
0.92    0.0322114379636
0.94    0.0333457233118
0.96    0.0342099183968
0.98    0.0355258366808
1.0    0.0374206437422
1.02    0.0395155233833
1.04    0.0412847940571
1.06    0.0425217921628
1.08    0.0431708791362
1.1    0.0431070417756
1.12    0.0422755146973
1.14    0.0406122415309
1.16    0.038220852433
1.18    0.0351696867806
1.2    0.0315917489795
1.22    0.0277261346166
1.24    0.0261211203521
1.26    0.0255667762941
1.28    0.024818718413
1.3    0.0257143658959
1.32    0.02628278531
1.34    0.0269325144711
1.36    0.0282177387175
1.38    0.0306303992851
1.4    0.0342607495719
1.42    0.0387788945709
1.44    0.0435874209223
1.46    0.0480327188622
1.48    0.0515400763175
1.5    0.0538245599379
1.52    0.0549014250682
1.54    0.0551006361814
1.56    0.0548349084771
1.58    0.0543886043761
1.6    0.0539160042413
1.62    0.0535255451992
1.64    0.0533087826252
1.66    0.0532842651395
1.68    0.0534714587504
1.7    0.053927700773
1.72    0.05466960063
1.74    0.0557444173014
1.76    0.0571341596924
1.78    0.0587867611821
1.8    0.0605958354476
1.82    0.0623931750507
1.84    0.0639948646751
1.86    0.0652447581861
1.88    0.0660506649023
1.9    0.0663795529883
1.92    0.0662241072089
1.94    0.065578022461
1.96    0.065104747338
1.98    0.0665176693419
2.0    0.0676332664635
2.02    0.068474718345
2.04    0.0690476549576
2.06    0.0693529880952
2.08    0.0694069734684
2.1    0.0692016929211
2.12    0.0687547950211
2.14    0.0680783467652
2.16    0.0671795371032
2.18    0.0661031869143
2.2    0.0648667195642
2.22    0.0635020812228
2.24    0.0620466504333
2.26    0.0605357804658
2.28    0.0590004528753
2.3    0.0574656751636
2.32    0.0559498592201
2.34    0.054475000642
2.36    0.0530457863119
2.38    0.0516585440833
2.4    0.0503304313688
2.42    0.0490494325077
2.44    0.0478267220842
2.46    0.0466554696944
2.48    0.0455517670266
2.5    0.0445065836181
2.52    0.0435281614159
2.54    0.0426206346669
2.56    0.0422770601085
2.58    0.043170321286
2.6    0.0439793363721
2.62    0.0447077233365
2.64    0.0453563418672
2.66    0.0459215851844
2.68    0.0463945924142
2.7    0.0467736464129
2.72    0.0480395851521
2.74    0.0493830967241
2.76    0.0506428935789
2.78    0.0517947330389
2.8    0.052821331866
2.82    0.0540632366381
2.84    0.0563384626313
2.86    0.0582920197376
2.88    0.0599135621634
2.9    0.0612152515109
2.92    0.0622389715147
2.94    0.0630334614821
2.96    0.0636093999819
2.98    0.0647226671125
3.0    0.0661357181107
3.02    0.0673500212708
3.04    0.0683608045107
3.06    0.0691901837624
3.08    0.0698624096466
3.1    0.0703785214447
3.12    0.0707418967292
3.14    0.0709499041828
3.16    0.0710019964043
3.18    0.0708693051646
3.2    0.0705317849416
3.22    0.0699713334122
3.24    0.0691761960617
3.26    0.0681458005822
3.28    0.0668972987543
3.3    0.0654579278916
3.32    0.0638570200794
3.34    0.0628748776059
3.36    0.0632211883315
3.38    0.0635338207106
3.4    0.0638305422301
3.42    0.0641301740727
3.44    0.0644669679963
3.46    0.0648588352555
3.48    0.0653361608246
3.5    0.0659238994138
3.52    0.0666363930696
3.54    0.0674927785814
3.56    0.0685046926338
3.58    0.0696682988755
3.6    0.0709830972549
3.62    0.0724423621209
3.64    0.0740217372882
3.66    0.0757113228014
3.68    0.0774778701922
3.7    0.0792943711489
3.72    0.081134206701
3.74    0.082968639513
3.76    0.0847671599325
3.78    0.0865023242035
3.8    0.0881449799203
3.82    0.089670209534
3.84    0.0910672790132
3.86    0.0923085342556
3.88    0.0933821041253
3.9    0.0942790396841
3.92    0.0949806084708
3.94    0.0954780317796
3.96    0.0957758337083
3.98    0.0959762748658
4.0    0.0972404648965
4.02    0.0983101079171
4.04    0.0991844095258
4.06    0.0998748658602
4.08    0.100377297112
4.1    0.100701898407
4.12    0.100864249897
4.14    0.100865556196
4.16    0.100725470418
4.18    0.10044396727
4.2    0.100033603107
4.22    0.0995078217271
4.24    0.098880780273
4.26    0.0981671642049
4.28    0.0973820119056
4.3    0.0965405709187
4.32    0.0956602860873
4.34    0.0947664794943
4.36    0.0938640230128
4.38    0.0929854150852
4.4    0.0921342552812
4.42    0.0913316264176
4.44    0.0905958233855
4.46    0.0899354592681
4.48    0.0893637398682
4.5    0.0888919175254
4.52    0.0885292626666
4.54    0.0882830690465
4.56    0.0881586891554
4.58    0.0881595959932
4.6    0.0882874672827
4.62    0.0885422881971
4.64    0.0889224687994
4.66    0.0894249725976
4.68    0.0900454529049
4.7    0.0907803797947
4.72    0.0916207910357
4.74    0.0925589355349
4.76    0.0935865335165
4.78    0.0946947176476
4.8    0.0958741655487
4.82    0.0971174276955
4.84    0.0984146676419
4.86    0.099754917075
4.88    0.101128247822
4.9    0.102524820425
4.92    0.103942784019
4.94    0.105367611375
4.96    0.106790992007
4.98    0.108212489199
5.0    0.109617010429
5.02    0.11100643976
5.04    0.11237083667
5.06    0.113705248249
5.08    0.1150090171
5.1    0.116278931787
5.12    0.117510957948
5.14    0.118703670766
5.16    0.119858147726
5.18    0.120974772052
5.2    0.122054488561
5.22    0.123106660532
5.24    0.124140960823
5.26    0.125168360769
5.28    0.126188399482
5.3    0.127186424202
5.32    0.128147798781
5.34    0.12906928474
5.36    0.129942401613
5.38    0.130765116226
5.4    0.131535756589
5.42    0.132253075772
5.44    0.132917633892
5.46    0.133532954096
5.48    0.134095270007
5.5    0.134605270646
5.52    0.135064283897
5.54    0.135478647041
5.56    0.135847988802
5.58    0.136172300181
5.6    0.136454197562
5.62    0.136696396007
5.64    0.136904099386
5.66    0.137078579049
5.68    0.137220690972
5.7    0.137332842275
5.72    0.137417173574
5.74    0.137475505177
5.76    0.137509437008
5.78    0.137525264529
5.8    0.137519784961
5.82    0.137493931347
5.84    0.137448804186
5.86    0.137393582186
5.88    0.137321382391
5.9    0.137234289184
5.92    0.137141670948
5.94    0.137035138926
5.96    0.136923478274
5.98    0.136804665176
6.0    0.136679783393
6.02    0.136554029634
6.04    0.136422381839
6.06    0.136294648845
6.08    0.136161877304
6.1    0.136036781207
6.12    0.13590796257
6.14    0.13578948577
6.16    0.135669950668
6.18    0.135560536324
6.2    0.135453953805
6.22    0.135356300709
6.24    0.135265636333
6.26    0.13518162172
6.28    0.135109020338
6.3    0.135041612552
6.32    0.1349864488
6.34    0.13493886616
6.36    0.134898614413
6.38    0.134870643061
6.4    0.134848132425
6.42    0.134835307366
6.44    0.134830670692
6.46    0.134830315173
6.48    0.134841457459
6.5    0.134856323499
6.52    0.134876398171
6.54    0.134904453917
6.56    0.134934936996
6.58    0.134969786931
6.6    0.135010391047
6.62    0.135052356449
6.64    0.135095301689
6.66    0.135143133305
6.68    0.135190931022
6.7    0.13523750234
6.72    0.135282321592
6.74    0.135328464587
6.76    0.135370692838
6.78    0.135408210882
6.8    0.13544044659
6.82    0.135470103974
6.84    0.135493697387
6.86    0.135510972963
6.88    0.135522506845
6.9    0.135529227097
6.92    0.135536047001
6.94    0.13554835959
6.96    0.135581687923
6.98    0.13565039511
7.0    0.135776461043
7.02    0.135935610923
7.04    0.136107261545
7.06    0.136283108686
7.08    0.136453412418
7.1    0.136618592399
7.12    0.136772727667
7.14    0.136914730867
7.16    0.137043964689
7.18    0.137164259254
7.2    0.137272285697
7.22    0.137374899942
7.24    0.137488565737
7.26    0.138202702493
7.28    0.139013795757
7.3    0.139832778432
7.32    0.140651052107
7.34    0.141466593597
7.36    0.142272239793
7.38    0.143066312104
7.4    0.143843343101
7.42    0.144601384452
7.44    0.14533855848
7.46    0.146053099502
7.48    0.146743365561
7.5    0.147407834434
7.52    0.148142305548
7.54    0.149174063769
7.56    0.150201840606
7.58    0.151222233711
7.6    0.152234874685
7.62    0.153239318661
7.64    0.15423540151
7.66    0.155224439223
7.68    0.156203492111
7.7    0.157171674889
7.72    0.158127976716
7.74    0.159075002463
7.76    0.160009354948
7.78    0.160929280279
7.8    0.161836449882
7.82    0.162730696804
7.84    0.163608364032
7.86    0.164471552761
7.88    0.165320443584
7.9    0.166150983122
7.92    0.166966482835
7.94    0.167765311818
7.96    0.168543577973
7.98    0.169308098159
8.0    0.170050934232
8.02    0.170775618734
8.04    0.171480423141
8.06    0.172164025202
8.08    0.172828006687
8.1    0.173469413925
8.12    0.174089750685
8.14    0.174687982148
8.16    0.175262033095
8.18    0.175816235911
8.2    0.176341747871
8.22    0.1768511936
8.24    0.177331434047
8.26    0.17779053177
8.28    0.17822512888
8.3    0.178632645967
8.32    0.179021173226
8.34    0.179379922605
8.36    0.179718778443
8.38    0.180031025594
8.4    0.180317809541
8.42    0.180583403075
8.44    0.180819052491
8.46    0.181037630456
8.48    0.181226605821
8.5    0.18139487055
8.52    0.181537268532
8.54    0.181656873034
8.56    0.181752879379
8.58    0.18182597051
8.6    0.181875856095
8.62    0.18190503717
8.64    0.181909602033
8.66    0.181897381532
8.68    0.181863949143
8.7    0.181811693852
8.72    0.18174323891
8.74    0.181660905839
8.76    0.181570886628
8.78    0.181482074508
8.8    0.181398156125
8.82    0.181307379758
8.84    0.181203269154
8.86    0.18108202683
8.88    0.180944169754
8.9    0.180785469682
8.92    0.180605757465
8.94    0.180408726288
8.96    0.180186835937
8.98    0.179949862903
9.0    0.179686632067
9.02    0.179408378536
9.04    0.179104695527
9.06    0.178783978293
9.08    0.178440778594
9.1    0.178076515108
9.12    0.177694777884
9.14    0.17728851702
9.16    0.176866768833
9.18    0.176423615598
9.2    0.175957119313
9.22    0.175478149676
9.24    0.174976323763
9.26    0.174452968599
9.28    0.17391710676
9.3    0.173359472632
9.32    0.172780779293
9.34    0.172190955101
9.36    0.171580477448
9.38    0.170949773074
9.4    0.170307944371
9.42    0.169647667565
9.44    0.168968318754
9.46    0.168277260859
9.48    0.167570288945
9.5    0.166845417365
9.52    0.166108945096
9.54    0.165358422436
9.56    0.1645911832
9.58    0.163813725247
9.6    0.163022817918
9.62    0.162216381322
9.64    0.161402789418
9.66    0.160574667542
9.68    0.159736099694
9.7    0.158887528487
9.72    0.158027731484
9.74    0.157159939463
9.76    0.156282426629
9.78    0.155396632453
9.8    0.154504478806
9.82    0.153604593448
9.84    0.152698019653
9.86    0.151786719159
9.88    0.150869628018
9.9    0.149945749292
9.92    0.149016179162
9.94    0.148080927532
9.96    0.14713830833
9.98    0.146190727906
10.0    0.145236190337
