0.05    6.45408415705e-05
0.07    0.000142585347828
0.09    0.000303679392631
0.1    0.000593078956454
0.12    0.000707362056958
0.14    0.00108194172115
0.16    0.00143018658179
0.18    0.00169328447313
0.2    0.00182393625822
0.22    0.00221540149679
0.24    0.0029580469179
0.26    0.00392260462836
0.28    0.00377057304506
0.3    0.00399439439721
0.32    0.0050883494803
0.34    0.00635195751817
0.36    0.00801644662245
0.38    0.00990102643471
0.4    0.0116768709956
0.42    0.0128483274929
0.44    0.0131834926458
0.46    0.0134213132409
0.48    0.0133193742327
0.5    0.0128164718379
0.52    0.0127931500397
0.54    0.0150100919479
0.56    0.0166363737842
0.58    0.0170539171352
0.6    0.0160718861683
0.62    0.0139242129275
0.64    0.0129785829933
0.66    0.0125567192032
0.68    0.0119837617885
0.7    0.0114512153624
0.72    0.0111474048475
0.74    0.0109886022678
0.76    0.0108906445659
0.78    0.0107661700136
0.8    0.010553897576
0.82    0.0102427827251
0.84    0.0109169329881
0.86    0.0124173376639
0.88    0.0141276057636
0.9    0.0158483852318
0.92    0.0175360207492
0.94    0.0191698841338
0.96    0.0207254269548
0.98    0.0222262348987
1.0    0.0236621568759
1.02    0.0265525893573
1.04    0.0290703340042
1.06    0.0317797283185
1.08    0.0341540832701
1.1    0.0365399510884
1.12    0.0389805178439
1.14    0.0410333385882
1.16    0.0424692396314
1.18    0.043137386146
1.2    0.0431285893136
1.22    0.0433772580748
1.24    0.0435112143067
1.26    0.0434289345678
1.28    0.0430061653064
1.3    0.0420856969688
1.32    0.0407406678743
1.34    0.039089769046
1.36    0.0372288367492
1.38    0.0352232666385
1.4    0.0331340601355
1.42    0.0321162013392
1.44    0.0323708540703
1.46    0.0325486742169
1.48    0.0326408134602
1.5    0.0326365195169
1.52    0.0325269802974
1.54    0.0323269456131
1.56    0.0320798042639
1.58    0.031837754021
1.6    0.0316437186207
1.62    0.0315187043286
1.64    0.0319612461532
1.66    0.0337787573482
1.68    0.0356677621578
1.7    0.0375740373325
1.72    0.0394518420901
1.74    0.0412645776329
1.76    0.0429878655917
1.78    0.0446037014242
1.8    0.0460968212156
1.82    0.0474410261702
1.84    0.048602281614
1.86    0.0495699994956
1.88    0.0503260948787
1.9    0.0508859228316
1.92    0.0512764519052
1.94    0.0515267553243
1.96    0.0516589919401
1.98    0.0516928830581
2.0    0.0516278459384
2.02    0.052928179988
2.04    0.0541929000685
2.06    0.0553541096185
2.08    0.0564041720386
2.1    0.0573429467553
2.12    0.0581889710955
2.14    0.0589732460544
2.16    0.0597353953788
2.18    0.0605046174309
2.2    0.0613004553294
2.22    0.0621260000196
2.24    0.0629659818922
2.26    0.0637888917113
2.28    0.0645623023105
2.3    0.0652615672397
2.32    0.066014946465
2.34    0.0667135025893
2.36    0.0672636030785
2.38    0.0677405074618
2.4    0.0683692397112
2.42    0.0688306348439
2.44    0.0691369135738
2.46    0.0693196014107
2.48    0.0694310987675
2.5    0.0695149097488
2.52    0.0696164382546
2.54    0.06977131774
2.56    0.0700035452808
2.58    0.0703227827668
2.6    0.070719436082
2.62    0.0711733461143
2.64    0.0716597074341
2.66    0.0721352004767
2.68    0.0725584015577
2.7    0.072888872235
2.72    0.0730939517148
2.74    0.0731395978939
2.76    0.0730049058775
2.78    0.072678805501
2.8    0.072160225325
2.82    0.071463348627
2.84    0.0706016078831
2.86    0.06960677397
2.88    0.068518961166
2.9    0.0673803507211
2.92    0.0662001305995
2.94    0.0649790076737
2.96    0.0646998733646
2.98    0.0649356415086
3.0    0.0651051605991
3.02    0.065221525675
3.04    0.0653059825657
3.06    0.0653649361079
3.08    0.0654214477406
3.1    0.0654726653443
3.12    0.0655302733168
3.14    0.0655987377926
3.16    0.0656732613027
3.18    0.0657587766511
3.2    0.0658523189099
3.22    0.0659461947558
3.24    0.0660416365792
3.26    0.0661352093136
3.28    0.0662187335692
3.3    0.0662938152749
3.32    0.0663590293026
3.34    0.0664083290979
3.36    0.0664462229036
3.38    0.0664725082138
3.4    0.0664844608165
3.42    0.0664899726349
3.44    0.0664875378727
3.46    0.0664778278627
3.48    0.0664704203228
3.5    0.066460360942
3.52    0.0664537614379
3.54    0.0664517553319
3.56    0.0664539506455
3.58    0.0664644198276
3.6    0.0664792923367
3.62    0.066501853595
3.64    0.0665280697419
3.66    0.0665573383653
3.68    0.0665885093924
3.7    0.0666167112715
3.72    0.0666403376255
3.74    0.0666566048549
3.76    0.0666596767308
3.78    0.0666474200168
3.8    0.0666163510401
3.82    0.0665601612808
3.84    0.0664805508682
3.86    0.0663681283881
3.88    0.0662276152119
3.9    0.0660496129485
3.92    0.0658390241149
3.94    0.0655898526782
3.96    0.0653039428801
3.98    0.0649821377837
4.0    0.064621246936
4.02    0.0642280633753
4.04    0.0638000905704
4.06    0.0633382149415
4.08    0.0628499488617
4.1    0.0623342633295
4.12    0.0617932012533
4.14    0.0612317773086
4.16    0.0606552558289
4.18    0.0600637271284
4.2    0.059460903152
4.22    0.0588504749589
4.24    0.0582392485097
4.26    0.0576275408395
4.28    0.0570183671902
4.3    0.0564148810816
4.32    0.0558200100204
4.34    0.0552364303564
4.36    0.0546665478018
4.38    0.054113941479
4.4    0.0535788728487
4.42    0.0530627820637
4.44    0.0525669233562
4.46    0.0520922592331
4.48    0.0516394687283
4.5    0.0512089588853
4.52    0.0508008789808
4.54    0.0504151370404
4.56    0.0500514181783
4.58    0.0497092043262
4.6    0.0493877949435
4.62    0.0490863283234
4.64    0.0488038031318
4.66    0.0485390998792
4.68    0.0491488973959
4.7    0.0507685070815
4.72    0.0523158107381
4.74    0.0537847594431
4.76    0.0551705075753
4.78    0.0564694497307
4.8    0.0576797394771
4.82    0.0588004753695
4.84    0.0598305744311
4.86    0.0607675707583
4.88    0.0616096917809
4.9    0.0623539595583
4.92    0.0630025799233
4.94    0.063558804208
4.96    0.0640312151161
4.98    0.0644231795337
5.0    0.0647334188116
5.02    0.0649637867522
5.04    0.0651250878374
5.06    0.065230240227
5.08    0.0652862361143
5.1    0.0653408541061
5.12    0.0653550808787
5.14    0.0652990196135
5.16    0.065177375387
5.18    0.0650057417406
5.2    0.0648037656074
5.22    0.0645637433741
5.24    0.0643995130055
5.26    0.0642317297638
5.28    0.0640265060073
5.3    0.0637751418166
5.32    0.0634804114305
5.34    0.063147412198
5.36    0.0627861082709
5.38    0.0624053468637
5.4    0.0620087436031
5.42    0.0615995107532
5.44    0.0611821307337
5.46    0.0607632359167
5.48    0.0603495124541
5.5    0.0599481473313
5.52    0.0595660951999
5.54    0.0592100212898
5.56    0.0588862452469
5.58    0.058601553624
5.6    0.058361014379
5.62    0.0581704489131
5.64    0.0580350810557
5.66    0.0579595216559
5.68    0.0579477598843
5.7    0.0580039469324
5.72    0.058130407018
5.74    0.0583303480831
5.76    0.0586046149921
5.78    0.058954504545
5.8    0.059380548564
5.82    0.0598818296762
5.84    0.0604584233208
5.86    0.0611079571991
5.88    0.061829299057
5.9    0.0626192884721
5.92    0.063476150271
5.94    0.0643959029118
5.96    0.0653752990136
5.98    0.0664108518497
6.0    0.0674987548357
6.02    0.0686349208499
6.04    0.0698153704564
6.06    0.071035718978
6.08    0.0722915329618
6.1    0.0735797125382
6.12    0.0748949693967
6.14    0.0762340230119
6.16    0.0775928526473
6.18    0.0789675011778
6.2    0.0803544738307
6.22    0.0817513461555
6.24    0.0831553319695
6.26    0.0845653680256
6.28    0.0859805514415
6.3    0.0873970128465
6.32    0.0888110716053
6.34    0.0902188699495
6.36    0.0916179662929
6.38    0.093007458611
6.4    0.0944215767741
6.42    0.0958708929498
6.44    0.0973151009349
6.46    0.0987484870482
6.48    0.100168015728
6.5    0.10157188677
6.52    0.102957435451
6.54    0.104322636473
6.56    0.105666032003
6.58    0.106984006754
6.6    0.108275380067
6.62    0.109538130781
6.64    0.110771617982
6.66    0.111977360647
6.68    0.113157959384
6.7    0.114316240575
6.72    0.115453206344
6.74    0.116564552484
6.76    0.117647901864
6.78    0.118702016072
6.8    0.119725893586
6.82    0.120718262181
6.84    0.121678376666
6.86    0.122604268242
6.88    0.123496344944
6.9    0.124354258496
6.92    0.125179450382
6.94    0.125973175121
6.96    0.126736862451
6.98    0.127470190423
7.0    0.128170934912
7.02    0.128840130078
7.04    0.129477603315
7.06    0.130086627817
7.08    0.130671361206
7.1    0.131238030453
7.12    0.131785460234
7.14    0.132308246441
7.16    0.132802315613
7.18    0.133267269909
7.2    0.133703800362
7.22    0.134112222079
7.24    0.134493693078
7.26    0.134849369652
7.28    0.135180361765
7.3    0.13548656976
7.32    0.135767127852
7.34    0.136022063364
7.36    0.136252049514
7.38    0.136458424107
7.4    0.136643079783
7.42    0.13680852654
7.44    0.136959988719
7.46    0.137099144368
7.48    0.137223942731
7.5    0.137331198024
7.52    0.137420541416
7.54    0.137492010319
7.56    0.137549815972
7.58    0.1376036129
7.6    0.137657125126
7.62    0.137700608103
7.64    0.137726721501
7.66    0.137733348047
7.68    0.137720078294
7.7    0.137688862454
7.72    0.137649750764
7.74    0.13764418299
7.76    0.137641368387
7.78    0.137629048813
7.8    0.137640982226
7.82    0.137766558975
7.84    0.137952570672
7.86    0.138128836271
7.88    0.138288605576
7.9    0.138432219639
7.92    0.138563686075
7.94    0.13872557347
7.96    0.138907887799
7.98    0.13907628615
8.0    0.139228248061
8.02    0.139369866294
8.04    0.139519096609
8.06    0.139667206639
8.08    0.139801358655
8.1    0.1399210927
8.12    0.140030995866
8.14    0.140131103838
8.16    0.140215072622
8.18    0.140277466355
8.2    0.140316686322
8.22    0.140330938533
8.24    0.140321147276
8.26    0.140287924333
8.28    0.140231801644
8.3    0.140156281508
8.32    0.140075246749
8.34    0.140014320756
8.36    0.13994686032
8.38    0.139864507885
8.4    0.139790820157
8.42    0.139788322036
8.44    0.139780557092
8.46    0.13975450422
8.48    0.139706144891
8.5    0.139633076215
8.52    0.13953301607
8.54    0.139405484052
8.56    0.139254636401
8.58    0.139098559778
8.6    0.138949497903
8.62    0.138792197475
8.64    0.138618791509
8.66    0.138419284257
8.68    0.13818848855
8.7    0.137924167689
8.72    0.137675672293
8.74    0.137724591067
8.76    0.137748206291
8.78    0.137747386407
8.8    0.137721029822
8.82    0.137671251866
8.84    0.13759805691
8.86    0.137502715158
8.88    0.137385879011
8.9    0.137247925359
8.92    0.137089440791
8.94    0.136910152467
8.96    0.136710334077
8.98    0.136490518174
9.0    0.136252354844
9.02    0.135995162581
9.04    0.13571834167
9.06    0.135420552979
9.08    0.135099798153
9.1    0.134756846846
9.12    0.134390216197
9.14    0.134000080616
9.16    0.133586712198
9.18    0.133150493647
9.2    0.132691930171
9.22    0.13221164711
9.24    0.131710373764
9.26    0.131188921483
9.28    0.130648714645
9.3    0.130090671191
9.32    0.129515499436
9.34    0.128925475582
9.36    0.128321047629
9.38    0.127702744498
9.4    0.127071330327
9.42    0.126425965138
9.44    0.125767943696
9.46    0.125096798292
9.48    0.124413109787
9.5    0.123717531864
9.52    0.123010785433
9.54    0.122293660152
9.56    0.121567001021
9.58    0.120831732185
9.6    0.120089233807
9.62    0.119339939432
9.64    0.118584699613
9.66    0.117824922124
9.68    0.117061025951
9.7    0.116293474526
9.72    0.115523463916
9.74    0.11475090403
9.76    0.113976360267
9.78    0.11320040007
9.8    0.112423606909
9.82    0.111646589979
9.84    0.110869990193
9.86    0.110094675523
9.88    0.109321368943
9.9    0.108550564231
9.92    0.107782996135
9.94    0.107019405528
9.96    0.106260526372
9.98    0.105507074445
10.0    0.104759730088
