0.05    5.95357836643e-05
0.07    0.000132483190551
0.09    0.00029925372072
0.1    0.000375027363664
0.12    0.000490827789419
0.14    0.000817038101999
0.16    0.00114704221087
0.18    0.00160232729614
0.2    0.00165328294875
0.22    0.00142804271942
0.24    0.00150445399884
0.26    0.00201533708049
0.28    0.00240774412218
0.3    0.00331398042796
0.32    0.00428778956071
0.34    0.0040219871161
0.36    0.0045525116254
0.38    0.00598164916405
0.4    0.00773624603072
0.42    0.00784014288816
0.44    0.00856652004997
0.46    0.00959922165555
0.48    0.00973460158489
0.5    0.0119141197161
0.52    0.0127110085579
0.54    0.0125134429813
0.56    0.0121326816589
0.58    0.0114264766806
0.6    0.0122219870422
0.62    0.012992812277
0.64    0.0133147609519
0.66    0.0130438193294
0.68    0.0118972874066
0.7    0.012154128371
0.72    0.0150038988031
0.74    0.0176680993524
0.76    0.0200892224145
0.78    0.0222041934599
0.8    0.0238945553288
0.82    0.0252085692697
0.84    0.0261483720273
0.86    0.0266444636501
0.88    0.0267209437885
0.9    0.0268192292833
0.92    0.0288898172226
0.94    0.0305628504811
0.96    0.0318441109529
0.98    0.0327483179724
1.0    0.0332859328625
1.02    0.0334511861733
1.04    0.0332996798373
1.06    0.0328744040453
1.08    0.0322366500027
1.1    0.0314530704889
1.12    0.0305979202151
1.14    0.0297669634812
1.16    0.0290480585319
1.18    0.0284769182454
1.2    0.0280309849495
1.22    0.0276734516844
1.24    0.0273801999696
1.26    0.0271549601968
1.28    0.0269975475176
1.3    0.0269073337486
1.32    0.0268810023217
1.34    0.026913570036
1.36    0.0269976846942
1.38    0.0271178138307
1.4    0.0272610424521
1.42    0.0274158925588
1.44    0.0275826497144
1.46    0.0277748445639
1.48    0.0280213418334
1.5    0.028340400439
1.52    0.0287465651425
1.54    0.0292425740768
1.56    0.0298235541606
1.58    0.0304824037495
1.6    0.0312105607903
1.62    0.0319915702682
1.64    0.0328026682662
1.66    0.0336223612556
1.68    0.0344333985704
1.7    0.0352269659779
1.72    0.0360077642286
1.74    0.0367770677719
1.76    0.0375477964828
1.78    0.0383241636193
1.8    0.0391118215818
1.82    0.0399154707567
1.84    0.0407442156323
1.86    0.0416031508844
1.88    0.0424879789221
1.9    0.0433976174605
1.92    0.0443354669409
1.94    0.0452993674916
1.96    0.0462935855071
1.98    0.0473064576482
2.0    0.0483335476107
2.02    0.0493626720569
2.04    0.0503875308675
2.06    0.0514182072008
2.08    0.052522856521
2.1    0.0539197622342
2.12    0.0552238061666
2.14    0.0565787411427
2.16    0.0579702813349
2.18    0.0593758498718
2.2    0.0607824194662
2.22    0.0621592031773
2.24    0.0634727842419
2.26    0.0646994874997
2.28    0.0658246513439
2.3    0.0668465341658
2.32    0.0677693447518
2.34    0.0685937958682
2.36    0.0693264144119
2.38    0.0699692520568
2.4    0.0705347516255
2.42    0.0710357708029
2.44    0.0714843179486
2.46    0.0718897287455
2.48    0.0722953497281
2.5    0.0732237502137
2.52    0.0741679658963
2.54    0.0751228079775
2.56    0.0760803582129
2.58    0.0770358449261
2.6    0.0779764456512
2.62    0.0788872207077
2.64    0.0797639130657
2.66    0.0805962174952
2.68    0.0813734502222
2.7    0.0821012667594
2.72    0.0827727287623
2.74    0.0833873278224
2.76    0.0839602421329
2.78    0.0844852450124
2.8    0.084971506116
2.82    0.0854304074971
2.84    0.0858596967203
2.86    0.0862664544502
2.88    0.0866583084389
2.9    0.0870306923971
2.92    0.0873844643131
2.94    0.0877189430078
2.96    0.0880320389487
2.98    0.0883204780951
3.0    0.0885800843396
3.02    0.0888060787749
3.04    0.0889933912151
3.06    0.0891423737712
3.08    0.0892447347049
3.1    0.0893018362947
3.12    0.0893053887603
3.14    0.0892580797626
3.16    0.0891551423186
3.18    0.0889992283413
3.2    0.0887938192054
3.22    0.0885428170324
3.24    0.0882542855916
3.26    0.0879420269693
3.28    0.087902351051
3.3    0.0879547183096
3.32    0.0879678472241
3.34    0.0879435215782
3.36    0.0878840240444
3.38    0.0877947850225
3.4    0.0876799190119
3.42    0.0875458200116
3.44    0.0873940277436
3.46    0.0872305533511
3.48    0.0870538707208
3.5    0.0868672134361
3.52    0.0866684632419
3.54    0.0864623643956
3.56    0.0862468976506
3.58    0.0860225786146
3.6    0.085793705316
3.62    0.0855565739231
3.64    0.0853118577082
3.66    0.0850607294879
3.68    0.0847998594107
3.7    0.0845285727933
3.72    0.0842462331023
3.74    0.0839526847838
3.76    0.0836487314738
3.78    0.0833331866737
3.8    0.0830064903119
3.82    0.0826727660634
3.84    0.0823932271935
3.86    0.0822398050372
3.88    0.0820869373167
3.9    0.0819272339159
3.92    0.081759530788
3.94    0.0815789051655
3.96    0.0813883007423
3.98    0.0811845190513
4.0    0.0809730620317
4.02    0.0807581282423
4.04    0.0806583846355
4.06    0.0805766404641
4.08    0.0804834130683
4.1    0.0806007207908
4.12    0.0811032728203
4.14    0.081601638897
4.16    0.0821001475298
4.18    0.0825957909199
4.2    0.0830904203626
4.22    0.0835841191646
4.24    0.0840755212142
4.26    0.084566919711
4.28    0.085056860707
4.3    0.0855445268455
4.32    0.0860316955813
4.34    0.0865166403991
4.36    0.0869981713354
4.38    0.0874787692632
4.4    0.0879539258513
4.42    0.0884277452642
4.44    0.088894673135
4.46    0.0893598550785
4.48    0.0898175022643
4.5    0.0902710509832
4.52    0.0907179791662
4.54    0.0911571714352
4.56    0.0915919239131
4.58    0.0920172610495
4.6    0.0924352583399
4.62    0.0928463119213
4.64    0.09324694493
4.66    0.0936395507193
4.68    0.0940240310831
4.7    0.0943972436261
4.72    0.0947606432349
4.74    0.0951161884073
4.76    0.0954598243301
4.78    0.095791394216
4.8    0.0961156234931
4.82    0.0964281792258
4.84    0.0967283372966
4.86    0.0970172345345
4.88    0.0972978850836
4.9    0.0975660346334
4.92    0.0978217079632
4.94    0.0980666734222
4.96    0.098302846395
4.98    0.0986511852457
5.0    0.0995950528046
5.02    0.10051529341
5.04    0.101383661733
5.06    0.102191959105
5.08    0.102948530462
5.1    0.103680355915
5.12    0.104432054577
5.14    0.105206412118
5.16    0.105947013769
5.18    0.106629595437
5.2    0.107249034856
5.22    0.107928786188
5.24    0.108867467302
5.26    0.109805674707
5.28    0.110699634257
5.3    0.111537823369
5.32    0.112313595436
5.34    0.113023216673
5.36    0.113664236721
5.38    0.114234447442
5.4    0.114732532497
5.42    0.115162007569
5.44    0.115521102159
5.46    0.11581381335
5.48    0.116041019012
5.5    0.116204806794
5.52    0.116309510432
5.54    0.116355659776
5.56    0.116908585674
5.58    0.117842772134
5.6    0.118783535054
5.62    0.119732287188
5.64    0.120641745795
5.66    0.121754239092
5.68    0.123014616049
5.7    0.124324142788
5.72    0.125635715564
5.74    0.126893819841
5.76    0.128083281577
5.78    0.129197218773
5.8    0.130231881876
5.82    0.131187915023
5.84    0.132070976563
5.86    0.132883465197
5.88    0.133629980953
5.9    0.134311793196
5.92    0.13492601762
5.94    0.135475472242
5.96    0.135961785175
5.98    0.13639142463
6.0    0.136768904112
6.02    0.137096698972
6.04    0.13737447848
6.06    0.137604151413
6.08    0.137792235622
6.1    0.137952918417
6.12    0.138155174425
6.14    0.13845410359
6.16    0.138721518569
6.18    0.138956738587
6.2    0.139167833527
6.22    0.139348878558
6.24    0.139492317948
6.26    0.139595578725
6.28    0.139664734656
6.3    0.139729131793
6.32    0.139818878869
6.34    0.139903884408
6.36    0.139997147274
6.38    0.1400814939
6.4    0.140141501194
6.42    0.140176625802
6.44    0.140192909481
6.46    0.140207152985
6.48    0.140215180096
6.5    0.140204793273
6.52    0.140172353301
6.54    0.140118349458
6.56    0.140044512097
6.58    0.139953381255
6.6    0.139847584927
6.62    0.139730894655
6.64    0.139605191924
6.66    0.139474793088
6.68    0.139343972054
6.7    0.139218048567
6.72    0.139101353403
6.74    0.13901365759
6.76    0.139018687117
6.78    0.139035782628
6.8    0.139049852928
6.82    0.139062044027
6.84    0.13908791285
6.86    0.139147658098
6.88    0.139219866959
6.9    0.139302296872
6.92    0.13939327644
6.94    0.13948942561
6.96    0.13958801672
6.98    0.139687012791
7.0    0.139785908903
7.02    0.139884415297
7.04    0.139982285024
7.06    0.140079816047
7.08    0.140178335301
7.1    0.140278953672
7.12    0.140382951062
7.14    0.140492248398
7.16    0.140607161355
7.18    0.140727326784
7.2    0.140851882927
7.22    0.140981102669
7.24    0.141113745594
7.26    0.141250041278
7.28    0.141390346737
7.3    0.14153507463
7.32    0.14168428116
7.34    0.141838420661
7.36    0.141998002348
7.38    0.142163588663
7.4    0.14233579244
7.42    0.142515271265
7.44    0.14270271643
7.46    0.142898836056
7.48    0.143106184739
7.5    0.143331934236
7.52    0.14359352805
7.54    0.143879246557
7.56    0.144178084833
7.58    0.144487001423
7.6    0.144805334595
7.62    0.145132904049
7.64    0.145469547107
7.66    0.145815144045
7.68    0.14616964311
7.7    0.146534199512
7.72    0.146908260771
7.74    0.147291667947
7.76    0.147686196887
7.78    0.148090602298
7.8    0.14850561941
7.82    0.148932076365
7.84    0.149369299089
7.86    0.149818179097
7.88    0.150279119859
7.9    0.150751871743
7.92    0.151236856583
7.94    0.151734588506
7.96    0.152245428278
7.98    0.152769404623
8.0    0.153306823241
8.02    0.153857941837
8.04    0.154423006397
8.06    0.155002393649
8.08    0.155596045829
8.1    0.15620407564
8.12    0.156826575603
8.14    0.157463615084
8.16    0.158115253768
8.18    0.158781692163
8.2    0.159462646914
8.22    0.160158043196
8.24    0.160867760886
8.26    0.161591688861
8.28    0.162330038545
8.3    0.163082350372
8.32    0.163848388944
8.34    0.164628024478
8.36    0.165421907681
8.38    0.166228941095
8.4    0.167049404618
8.42    0.16788349502
8.44    0.168730141959
8.46    0.16959066916
8.48    0.170463527238
8.5    0.171349418555
8.52    0.172247941877
8.54    0.173158558621
8.56    0.174082182734
8.58    0.175017466237
8.6    0.175964908123
8.62    0.176924509328
8.64    0.177895595817
8.66    0.178878188521
8.68    0.179872444026
8.7    0.18087825378
8.72    0.181895283187
8.74    0.182923452454
8.76    0.183962649716
8.78    0.1850130967
8.8    0.186074457856
8.82    0.18714649592
8.84    0.188229306612
8.86    0.18932287029
8.88    0.190426389856
8.9    0.191540283147
8.92    0.19266339951
8.94    0.19379526052
8.96    0.194935384799
8.98    0.196083392562
9.0    0.197238327685
9.02    0.198399803196
9.04    0.199567252272
9.06    0.200739946446
9.08    0.201917237358
9.1    0.203098503405
9.12    0.204283527931
9.14    0.205472297727
9.16    0.206663520673
9.18    0.207856750247
9.2    0.209051909499
9.22    0.210249106958
9.24    0.211447252183
9.26    0.212646170612
9.28    0.213845766765
9.3    0.215046010878
9.32    0.216246917937
9.34    0.217449619734
9.36    0.218655191086
9.38    0.219868243554
9.4    0.221091478647
9.42    0.222321543962
9.44    0.223555451639
9.46    0.224793853544
9.48    0.226039846622
9.5    0.227305877326
9.52    0.228596752817
9.54    0.229977198452
9.56    0.231361152145
9.58    0.232746753668
9.6    0.234133103985
9.62    0.235519411527
9.64    0.236904787969
9.66    0.238288861037
9.68    0.239670582786
9.7    0.241049007199
9.72    0.242423990476
9.74    0.243794783951
9.76    0.245161982425
9.78    0.246525951387
9.8    0.247889218341
9.82    0.249257171536
9.84    0.250630695402
9.86    0.25200423534
9.88    0.253375247625
9.9    0.254742663992
9.92    0.256105517635
9.94    0.257462458833
9.96    0.258811922013
9.98    0.260153955726
10.0    0.261486792654
