0.05    0.000182958161729
0.07    0.000498628253545
0.09    0.00089843896569
0.1    0.0011924798779
0.12    0.00159838179156
0.14    0.00369544609307
0.16    0.00548874154308
0.18    0.00702027577735
0.2    0.00920874468279
0.22    0.010325083939
0.24    0.00903538981097
0.26    0.00710996925594
0.28    0.00710395339147
0.3    0.0109505695956
0.32    0.0133381882241
0.34    0.0149891276793
0.36    0.0132056735466
0.38    0.0131676793583
0.4    0.0155988257384
0.42    0.017628692919
0.44    0.0176118733171
0.46    0.0191094711782
0.48    0.0221935279032
0.5    0.0227191706054
0.52    0.0200490543638
0.54    0.017232644311
0.56    0.0150997792031
0.58    0.0153668391968
0.6    0.0165409990907
0.62    0.0174272677994
0.64    0.0193271587037
0.66    0.0210377345917
0.68    0.0205328552421
0.7    0.0195315817559
0.72    0.0191463747882
0.74    0.0211417444883
0.76    0.023422561341
0.78    0.0259424105263
0.8    0.0292471575487
0.82    0.0312873995173
0.84    0.03185339844
0.86    0.0311695065632
0.88    0.0300659995771
0.9    0.0348281180246
0.92    0.0389382739315
0.94    0.0408214520439
0.96    0.0405648274704
0.98    0.0386563959645
1.0    0.0360192376617
1.02    0.0344224455463
1.04    0.0355479309753
1.06    0.0367245494657
1.08    0.0375958695615
1.1    0.0374912867081
1.12    0.0360173594911
1.14    0.0357174942786
1.16    0.0346116566291
1.18    0.0329017954064
1.2    0.0312292366396
1.22    0.030426821562
1.24    0.0306921819963
1.26    0.031513932112
1.28    0.0326875534099
1.3    0.0336606278718
1.32    0.0341860209063
1.34    0.0342107242445
1.36    0.0338506628243
1.38    0.0330168142267
1.4    0.0326063146326
1.42    0.0342534752566
1.44    0.0361544758811
1.46    0.0378368461059
1.48    0.0392772188209
1.5    0.0405010627254
1.52    0.0414819873896
1.54    0.0422410194069
1.56    0.0427871285544
1.58    0.0430979427879
1.6    0.0432503041923
1.62    0.0437696091642
1.64    0.0449820863454
1.66    0.045873070442
1.68    0.0464968647195
1.7    0.0468784849069
1.72    0.047172794391
1.74    0.0474249238041
1.76    0.0488551872374
1.78    0.0499914863112
1.8    0.0508435011375
1.82    0.0514139185499
1.84    0.051736316459
1.86    0.0518314530001
1.88    0.0517219669418
1.9    0.0514316219859
1.92    0.0509959301324
1.94    0.0504581859597
1.96    0.049810377082
1.98    0.0491234248844
2.0    0.0483731082432
2.02    0.0476338897459
2.04    0.0468812941564
2.06    0.0462191302566
2.08    0.0466457421935
2.1    0.0470534495749
2.12    0.0474469631517
2.14    0.0478582319886
2.16    0.0483078380846
2.18    0.0488009082836
2.2    0.0493331357937
2.22    0.0498927521546
2.24    0.0504767684975
2.26    0.0510770703927
2.28    0.051681340088
2.3    0.0522787689404
2.32    0.0528881194036
2.34    0.0534711449074
2.36    0.0540554080313
2.38    0.054601287093
2.4    0.0551323150669
2.42    0.0556135557496
2.44    0.0560631015603
2.46    0.0564520213202
2.48    0.0567926930273
2.5    0.0570639165156
2.52    0.0572720977287
2.54    0.0574062902326
2.56    0.057464048806
2.58    0.0574508028635
2.6    0.0573496173591
2.62    0.0571849610826
2.64    0.056941646465
2.66    0.0576492382937
2.68    0.0588566507342
2.7    0.0599207041692
2.72    0.0608370866502
2.74    0.061602192857
2.76    0.0622163493646
2.78    0.0626872264984
2.8    0.0630038479037
2.82    0.0631661638386
2.84    0.0631838554842
2.86    0.0630749318441
2.88    0.0628328046408
2.9    0.0624725109614
2.92    0.0620102408986
2.94    0.0614618656097
2.96    0.0608529576047
2.98    0.0602524452722
3.0    0.059825222215
3.02    0.0593560932146
3.04    0.0588307500421
3.06    0.0586539341531
3.08    0.0588611353426
3.1    0.0589273429916
3.12    0.0588605159559
3.14    0.058670447763
3.16    0.0583693011676
3.18    0.0579707897317
3.2    0.057488315456
3.22    0.0573015202643
3.24    0.0574770353631
3.26    0.0575193733971
3.28    0.0574447250047
3.3    0.0572686417229
3.32    0.057011064503
3.34    0.0566696360444
3.36    0.0562536977692
3.38    0.0557724958965
3.4    0.0552351043072
3.42    0.0546503483262
3.44    0.0540266531467
3.46    0.0533718930602
3.48    0.0526933353554
3.5    0.0519978855901
3.52    0.0512928090037
3.54    0.0505872165466
3.56    0.0515914074376
3.58    0.0524961711342
3.6    0.0532871866548
3.62    0.0539568472407
3.64    0.0545077295927
3.66    0.0549443490486
3.68    0.0552649847158
3.7    0.0554692898485
3.72    0.0572842033291
3.74    0.05961970745
3.76    0.0618637546697
3.78    0.0640074208609
3.8    0.0660492846498
3.82    0.0679978722892
3.84    0.0698530116688
3.86    0.071605619637
3.88    0.0732452517339
3.9    0.0747612151006
3.92    0.076142658876
3.94    0.0773851848829
3.96    0.0784825378581
3.98    0.0794235669733
4.0    0.0802174287455
4.02    0.0808494337458
4.04    0.0813239086312
4.06    0.0816440175723
4.08    0.0818037953791
4.1    0.081801489012
4.12    0.0816349334973
4.14    0.0813007674449
4.16    0.080819488677
4.18    0.0801965081865
4.2    0.0794395827942
4.22    0.0785616054849
4.24    0.0775783033942
4.26    0.0766898022161
4.28    0.0767082038822
4.3    0.0765983895371
4.32    0.0763581890658
4.34    0.0760029399545
4.36    0.0755343609389
4.38    0.0749416395683
4.4    0.0742130614117
4.42    0.0733501580691
4.44    0.0723611146193
4.46    0.0712609183391
4.48    0.0700610589856
4.5    0.0687689751581
4.52    0.0693744241054
4.54    0.070051042795
4.56    0.0707040181823
4.58    0.0713260662649
4.6    0.0719105108733
4.62    0.0724629598989
4.64    0.0729881562832
4.66    0.0734735781431
4.68    0.0739193089198
4.7    0.0743422304322
4.72    0.0747239890724
4.74    0.0750642828884
4.76    0.0753777747781
4.78    0.0756532930572
4.8    0.0758869337096
4.82    0.0760914526436
4.84    0.0762600340339
4.86    0.076386958927
4.88    0.076485580041
4.9    0.0765482024868
4.92    0.0765699468858
4.94    0.076566851613
4.96    0.0765259497752
4.98    0.0764478558345
5.0    0.0763457326429
5.02    0.0762049779235
5.04    0.0760352672687
5.06    0.075836113337
5.08    0.0756012287456
5.1    0.0753457216701
5.12    0.0750547675857
5.14    0.0747411150937
5.16    0.0743974410083
5.18    0.0740297797384
5.2    0.0736358386091
5.22    0.0732192423519
5.24    0.0727775926824
5.26    0.0723170274752
5.28    0.0718319467821
5.3    0.0716998737197
5.32    0.0735498670202
5.34    0.0753854089606
5.36    0.0772177626458
5.38    0.0791754863036
5.4    0.0811865277907
5.42    0.0831704059984
5.44    0.0851113633046
5.46    0.0870036244221
5.48    0.0888384033479
5.5    0.090606803888
5.52    0.0923023178586
5.54    0.0939192728264
5.56    0.0954527128441
5.58    0.0969024562154
5.6    0.0982610362809
5.62    0.09952462739
5.64    0.100690696647
5.66    0.101766119368
5.68    0.102743097741
5.7    0.103632101512
5.72    0.104429018555
5.74    0.105134882519
5.76    0.105751881903
5.78    0.106280408781
5.8    0.106718761729
5.82    0.107067607713
5.84    0.107328148086
5.86    0.107502774032
5.88    0.107593923012
5.9    0.10760154428
5.92    0.107527427487
5.94    0.107374482111
5.96    0.107146485248
5.98    0.106847393176
6.0    0.106481438297
6.02    0.106057350666
6.04    0.105577257454
6.06    0.105051977138
6.08    0.104487060963
6.1    0.103885062012
6.12    0.103244274163
6.14    0.102566622619
6.16    0.102839208833
6.18    0.103176329264
6.2    0.103450883592
6.22    0.103670156481
6.24    0.103833267061
6.26    0.103935763291
6.28    0.103976848085
6.3    0.103956281468
6.32    0.103874604141
6.34    0.103733101257
6.36    0.10353352397
6.38    0.103277763052
6.4    0.102967688138
6.42    0.102605157195
6.44    0.102193613797
6.46    0.101735265243
6.48    0.101230377341
6.5    0.100680917905
6.52    0.100089064059
6.54    0.0994574310167
6.56    0.098789103106
6.58    0.0980882834685
6.6    0.0973564147405
6.62    0.0965959256571
6.64    0.0958086486038
6.66    0.0949954645763
6.68    0.0941567573876
6.7    0.0932928612164
6.72    0.0924099756043
6.74    0.0915054337361
6.76    0.0905799812229
6.78    0.089641466179
6.8    0.0886842436398
6.82    0.0877170114941
6.84    0.0867371017058
6.86    0.0857482751079
6.88    0.0847536679692
6.9    0.0837512193006
6.92    0.0827487293192
6.94    0.081741068371
6.96    0.080734969634
6.98    0.0797264082271
7.0    0.07872315843
7.02    0.0777203032216
7.04    0.0767228759842
7.06    0.0757319196174
7.08    0.0747461636177
7.1    0.0737692279186
7.12    0.0728031284277
7.14    0.0718463391128
7.16    0.070900200921
7.18    0.069967781835
7.2    0.0690498797984
7.22    0.06814582573
7.24    0.0672566467904
7.26    0.0663832915314
7.28    0.0655266314592
7.3    0.0646892721685
7.32    0.0638698807224
7.34    0.0631276893712
7.36    0.0625506959072
7.38    0.0619759577769
7.4    0.0614018816177
7.42    0.0608282083267
7.44    0.0602581625735
7.46    0.0596913966053
7.48    0.059127214779
7.5    0.0585663540912
7.52    0.0580123137174
7.54    0.0574630027956
7.56    0.0569188200768
7.58    0.0563803728366
7.6    0.0558494923523
7.62    0.0553263404079
7.64    0.0550885273003
7.66    0.0550904630087
7.68    0.0550903536092
7.7    0.0550882386756
7.72    0.0550841573032
7.74    0.0550781481077
7.76    0.0550702492258
7.78    0.0550604983153
7.8    0.0550489325558
7.82    0.0550355886501
7.84    0.0550205028239
7.86    0.0550037108291
7.88    0.0549852479432
7.9    0.0549651489725
7.92    0.0549434482534
7.94    0.0549201796547
7.96    0.0548953765795
7.98    0.0548693753752
8.0    0.0548435295095
8.02    0.0548162246071
8.04    0.054787492402
8.06    0.0547573641766
8.08    0.0547258707656
8.1    0.0546930425586
8.12    0.0546589095036
8.14    0.0546235011095
8.16    0.0545868464507
8.18    0.0545489741692
8.2    0.0545099124791
8.22    0.0544696891694
8.24    0.0544283316083
8.26    0.0543858667466
8.28    0.0543423211214
8.3    0.0542977208602
8.32    0.0542520916845
8.34    0.0542054589137
8.36    0.0541578474698
8.38    0.0541092818799
8.4    0.0540597862821
8.42    0.0540093844274
8.44    0.0539580996862
8.46    0.0539059550501
8.48    0.0538529731376
8.5    0.0537991761979
8.52    0.0537445861144
8.54    0.0536892244095
8.56    0.0536331122483
8.58    0.0535762704439
8.6    0.0535187194593
8.62    0.0534604794144
8.64    0.0534015700879
8.66    0.0533420109223
8.68    0.0532818210281
8.7    0.0532219174192
8.72    0.0531617820434
8.74    0.0531010554665
8.76    0.0530397556767
8.78    0.05297790035
8.8    0.052915506854
8.82    0.0528525922519
8.84    0.0527891733066
8.86    0.0527252664844
8.88    0.0526608879592
8.9    0.052596053617
8.92    0.0525307790589
8.94    0.0524650796048
8.96    0.0523989702982
8.98    0.0523324659101
9.0    0.0522655809414
9.02    0.0521983296279
9.04    0.0521307259444
9.06    0.0520627836063
9.08    0.0519945160765
9.1    0.0519259365659
9.12    0.0518570580391
9.14    0.0517878932167
9.16    0.0517184545803
9.18    0.0516487543743
9.2    0.0515788046105
9.22    0.0515086170719
9.24    0.051438203315
9.26    0.0513675746731
9.28    0.0512967422617
9.3    0.051225716979
9.32    0.0511545095115
9.34    0.0510831303363
9.36    0.0510115897233
9.38    0.0509398977404
9.4    0.0508680642554
9.42    0.0507960989389
9.44    0.0507240112687
9.46    0.050651810531
9.48    0.0505795058244
9.5    0.0505071060638
9.52    0.050434619981
9.54    0.0503620561297
9.56    0.0502894228872
9.58    0.0502167284585
9.6    0.0501439808763
9.62    0.0500711880074
9.64    0.0499983575526
9.66    0.0499254970513
9.68    0.0498526138821
9.7    0.0497797152674
9.72    0.049706808275
9.74    0.0496338998205
9.76    0.0495609966706
9.78    0.0494881054442
9.8    0.049415232617
9.82    0.0493423845212
9.84    0.0492695673505
9.86    0.0491967871602
9.88    0.0491240498716
9.9    0.0490513612718
9.92    0.0489787270197
9.94    0.0489969148631
9.96    0.0490938638844
9.98    0.0491889700718
10.0    0.0492818528698
