0.05    0.000194463059122
0.07    0.000431090722579
0.09    0.00095728828378
0.1    0.0010403387092
0.12    0.00178299283741
0.14    0.00320230172755
0.16    0.00418675046413
0.18    0.00693657624256
0.2    0.00959681494564
0.22    0.00907756894696
0.24    0.0141340812456
0.26    0.0182298263927
0.28    0.0200216627682
0.3    0.02424550936
0.32    0.0276234903221
0.34    0.0302212726389
0.36    0.0315470369924
0.38    0.0308449679635
0.4    0.0310186301441
0.42    0.0318113046544
0.44    0.0311962026289
0.46    0.0348768168497
0.48    0.041760739885
0.5    0.0464965303569
0.52    0.0462899240017
0.54    0.0557796166744
0.56    0.0512761334693
0.58    0.0411150864046
0.6    0.0399760652765
0.62    0.0398877867793
0.64    0.0384774311194
0.66    0.0401089945883
0.68    0.0485343315107
0.7    0.0545221742459
0.72    0.0568197291878
0.74    0.0548017046809
0.76    0.0548755721009
0.78    0.0615035958848
0.8    0.0693219773127
0.82    0.0765593735276
0.84    0.0817126708699
0.86    0.0822611689832
0.88    0.0758178190907
0.9    0.0646493662532
0.92    0.059024924126
0.94    0.0544744364683
0.96    0.0483844335517
0.98    0.0484231151356
1.0    0.0491115044131
1.02    0.0479912047149
1.04    0.0455695987427
1.06    0.0468005656216
1.08    0.0525281561245
1.1    0.0569896034504
1.12    0.0624605318648
1.14    0.0666544920685
1.16    0.0690048874259
1.18    0.069629348424
1.2    0.0688430186781
1.22    0.0669493295235
1.24    0.0641384777416
1.26    0.0605971761707
1.28    0.0570126392574
1.3    0.0620760362164
1.32    0.0664943663917
1.34    0.069472170933
1.36    0.0713184787751
1.38    0.0724764422855
1.4    0.0727486934565
1.42    0.0714674512733
1.44    0.0690542336937
1.46    0.066258945895
1.48    0.0634987836896
1.5    0.0626705143006
1.52    0.0641064422643
1.54    0.0663231753269
1.56    0.0690180869011
1.58    0.0719212846075
1.6    0.0748607531571
1.62    0.0777917160178
1.64    0.080443584366
1.66    0.0825923530685
1.68    0.0842382052369
1.7    0.0854490122128
1.72    0.0863323504058
1.74    0.0869911504261
1.76    0.0874699264927
1.78    0.087765008245
1.8    0.0879248211583
1.82    0.0878839082637
1.84    0.0875295955048
1.86    0.0868152454357
1.88    0.085698629115
1.9    0.0841262924213
1.92    0.0820834986872
1.94    0.0795804410174
1.96    0.0766513258579
1.98    0.0734254948593
2.0    0.0700790289248
2.02    0.066790478872
2.04    0.0637034752357
2.06    0.0613685516279
2.08    0.0604529082162
2.1    0.0595337767477
2.12    0.0593716122442
2.14    0.0596980414979
2.16    0.060096541788
2.18    0.0605104526023
2.2    0.0608918637623
2.22    0.061219234745
2.24    0.0614958507207
2.26    0.0617299588526
2.28    0.0619217074008
2.3    0.0620737563767
2.32    0.0621940209325
2.34    0.0622814556775
2.36    0.0623147823035
2.38    0.0622625729454
2.4    0.0620980102301
2.42    0.0617989852549
2.44    0.0613457829709
2.46    0.0607210921109
2.48    0.0599118446868
2.5    0.0589110496882
2.52    0.0577203460095
2.54    0.0579497858733
2.56    0.059178199148
2.58    0.0605200385015
2.6    0.0619566600652
2.62    0.0634679827174
2.64    0.0650340043535
2.66    0.0666340701926
2.68    0.0682518200119
2.7    0.0698724005453
2.72    0.0714859502121
2.74    0.0730878220066
2.76    0.0746771035672
2.78    0.0762576618762
2.8    0.0778385734948
2.82    0.0794309424256
2.84    0.081047833182
2.86    0.0827014230398
2.88    0.0844054962323
2.9    0.0861779496529
2.92    0.0880355675942
2.94    0.0899611783838
2.96    0.0919397975295
2.98    0.0939582971264
3.0    0.0960034764777
3.02    0.0980573951492
3.04    0.100100185368
3.06    0.102108070413
3.08    0.10405587876
3.1    0.105922481516
3.12    0.107684010555
3.14    0.109313955038
3.16    0.110783985055
3.18    0.112069201031
3.2    0.113153224305
3.22    0.114025846696
3.24    0.114679375135
3.26    0.115111099354
3.28    0.115322934778
3.3    0.115325874782
3.32    0.115137629692
3.34    0.114779417591
3.36    0.114277681717
3.38    0.113662982524
3.4    0.112969140399
3.42    0.113245604778
3.44    0.115035965845
3.46    0.116542090885
3.48    0.11778588822
3.5    0.118830357212
3.52    0.119770084032
3.54    0.12059852126
3.56    0.121303232623
3.58    0.121891121761
3.6    0.122388071242
3.62    0.122834139294
3.64    0.123302255196
3.66    0.123827886674
3.68    0.124396999845
3.7    0.12502060215
3.72    0.125732017988
3.74    0.126554675037
3.76    0.127484259402
3.78    0.129111399537
3.8    0.131725207785
3.82    0.134527336281
3.84    0.13747475906
3.86    0.140570077244
3.88    0.143813832229
3.9    0.147201682998
3.92    0.150727206532
3.94    0.15438319184
3.96    0.158159372771
3.98    0.162044976508
4.0    0.166029526513
4.02    0.170097777487
4.04    0.174236001131
4.06    0.178427284676
4.08    0.18265808552
4.1    0.186911897945
4.12    0.191176614599
4.14    0.195446397199
4.16    0.199733051668
4.18    0.20403741967
4.2    0.208336778572
4.22    0.212622858382
4.24    0.216882554221
4.26    0.221109373899
4.28    0.225306767968
4.3    0.229463986393
4.32    0.233562503605
4.34    0.237589510531
4.36    0.241552661198
4.38    0.2454440683
4.4    0.249241464358
4.42    0.252962827584
4.44    0.256682000472
4.46    0.260480784843
4.48    0.264286549768
4.5    0.268007395602
4.52    0.271629967118
4.54    0.275141276256
4.56    0.278528178232
4.58    0.281777133618
4.6    0.284882119161
4.62    0.28783784986
4.64    0.290637557043
4.66    0.29328503115
4.68    0.295779096405
4.7    0.298118665636
4.72    0.30030985241
4.74    0.302359574463
4.76    0.304279034772
4.78    0.30607289723
4.8    0.307743459525
4.82    0.309294283106
4.84    0.310739449197
4.86    0.312149738043
4.88    0.313547168503
4.9    0.314861743641
4.92    0.316031607126
4.94    0.317051313018
4.96    0.31793414569
4.98    0.318698954767
5.0    0.32137494515
5.02    0.324137731931
5.04    0.326803500942
5.06    0.329369936154
5.08    0.331836866656
5.1    0.334209171182
5.12    0.336490553326
5.14    0.338680794741
5.16    0.340782319606
5.18    0.342802337981
5.2    0.34474763031
5.22    0.34661977848
5.24    0.34842336835
5.26    0.35016175276
5.28    0.351831519026
5.3    0.35343639764
5.32    0.354978737233
5.34    0.356448478694
5.36    0.357839054062
5.38    0.359149763114
5.4    0.36038291678
5.42    0.361537543572
5.44    0.362617342418
5.46    0.363622971404
5.48    0.364557457584
5.5    0.365426112106
5.52    0.366230202174
5.54    0.366976140972
5.56    0.367666440279
5.58    0.368308487041
5.6    0.368911472822
5.62    0.369483950808
5.64    0.370029997386
5.66    0.370559166263
5.68    0.371104926327
5.7    0.371684842704
5.72    0.372273382306
5.74    0.372845007452
5.76    0.373393920828
5.78    0.373925420143
5.8    0.374446078578
5.82    0.374958271537
5.84    0.375463870796
5.86    0.375963720877
5.88    0.376458831273
5.9    0.376952166271
5.92    0.377447994411
5.94    0.377950185498
5.96    0.378474022382
5.98    0.379034932249
6.0    0.379703945253
6.02    0.380392989538
6.04    0.381074235273
6.06    0.381742158029
6.08    0.382395700354
6.1    0.3830314258
6.12    0.383647867808
6.14    0.384242495069
6.16    0.384814661041
6.18    0.38536382548
6.2    0.385888881925
6.22    0.386388365869
6.24    0.386860798733
6.26    0.387304869712
6.28    0.387720500592
6.3    0.388106923453
6.32    0.388464583425
6.34    0.388795624867
6.36    0.389099649259
6.38    0.389380329483
6.4    0.389644073
6.42    0.389901342251
6.44    0.39015627659
6.46    0.390419090091
6.48    0.39070334344
6.5    0.391004462144
6.52    0.391300858346
6.54    0.391589359952
6.56    0.391865259689
6.58    0.392126217058
6.6    0.392373823737
6.62    0.392601517088
6.64    0.39279759432
6.66    0.392956105287
6.68    0.393078502437
6.7    0.393171979577
6.72    0.39325247527
6.74    0.393328318167
6.76    0.393394543402
6.78    0.393452871259
6.8    0.393501811717
6.82    0.394258034671
6.84    0.395076059801
6.86    0.395882740232
6.88    0.39669203412
6.9    0.397481475361
6.92    0.398232382893
6.94    0.39894638886
6.96    0.399619388971
6.98    0.400239186906
7.0    0.400799507856
7.02    0.401300153606
7.04    0.40174372867
7.06    0.402128990835
7.08    0.402457472849
7.1    0.40273278331
7.12    0.402953074304
7.14    0.403110338007
7.16    0.403202714207
7.18    0.403232115183
7.2    0.403196806099
7.22    0.403096667129
7.24    0.402932565457
7.26    0.402702753307
7.28    0.402408914382
7.3    0.402050864189
7.32    0.401630120212
7.34    0.401143020777
7.36    0.400584749353
7.38    0.39995162746
7.4    0.39924499679
7.42    0.398469716896
7.44    0.39763239119
7.46    0.396743262146
7.48    0.395806128366
7.5    0.395750517978
7.52    0.396092745096
7.54    0.396390833896
7.56    0.396644816845
7.58    0.396854786383
7.6    0.397020859053
7.62    0.397143173711
7.64    0.39722189756
7.66    0.397258074878
7.68    0.397251869428
7.7    0.39720281979
7.72    0.397112776546
7.74    0.39698088305
7.76    0.396808541054
7.78    0.396594861904
7.8    0.396341531587
7.82    0.396048162436
7.84    0.395716831339
7.86    0.395349711722
7.88    0.394949013252
7.9    0.394517098033
7.92    0.394056334183
7.94    0.3935718024
7.96    0.393076079834
7.98    0.39256629804
8.0    0.392028820904
8.02    0.391457408673
8.04    0.390849093407
8.06    0.39020427955
8.08    0.389904579186
8.1    0.389689541197
8.12    0.389433126733
8.14    0.389138001554
8.16    0.388804271921
8.18    0.388434417561
8.2    0.3882125873
8.22    0.388110682466
8.24    0.387985031696
8.26    0.38782994517
8.28    0.387642263238
8.3    0.38742079087
8.32    0.387165222532
8.34    0.386875361505
8.36    0.386552507488
8.38    0.386204698263
8.4    0.386238888771
8.42    0.386357039535
8.44    0.38644074324
8.46    0.386492524388
8.48    0.386512534733
8.5    0.386503140632
8.52    0.386465446498
8.54    0.386395948615
8.56    0.386292430868
8.58    0.386154438154
8.6    0.385981886908
8.62    0.385774249256
8.64    0.38553149432
8.66    0.385252448363
8.68    0.384937741286
8.7    0.384586398356
8.72    0.384198726473
8.74    0.383775070924
8.76    0.383315793389
8.78    0.382821258704
8.8    0.382291841125
8.82    0.381727932572
8.84    0.381129952086
8.86    0.38049835802
8.88    0.37983365462
8.9    0.379136402628
8.92    0.37840722103
8.94    0.377646768615
8.96    0.376855734064
8.98    0.37603483646
9.0    0.375184822336
9.02    0.374306470176
9.04    0.373400594084
9.06    0.372468069786
9.08    0.371509865638
9.1    0.370527287067
9.12    0.369523200162
9.14    0.368501078648
9.16    0.367498283561
9.18    0.366898059727
9.2    0.366271599741
9.22    0.365619347781
9.24    0.364941517559
9.26    0.364239298167
9.28    0.363512014238
9.3    0.362761047901
9.32    0.361986508934
9.34    0.36118928978
9.36    0.360371325809
9.38    0.359535840155
9.4    0.358694699141
9.42    0.357859326738
9.44    0.357009303715
9.46    0.356141749622
9.48    0.355255356374
9.5    0.354349857144
9.52    0.353425641976
9.54    0.352483143685
9.56    0.351522201145
9.58    0.350544265903
9.6    0.349548591141
9.62    0.348535384609
9.64    0.347504863602
9.66    0.346457213989
9.68    0.345392633099
9.7    0.344311388277
9.72    0.343213851979
9.74    0.342100477399
9.76    0.340972183888
9.78    0.339829335211
9.8    0.338672093713
9.82    0.337500913053
9.84    0.336316224924
9.86    0.335118500604
9.88    0.333908968829
9.9    0.332687189681
9.92    0.331453535949
9.94    0.330208353297
9.96    0.328953027402
9.98    0.32768709058
10.0    0.326410605124
