0.05    0.000116183912451
0.07    0.000239665342061
0.09    0.000413744764977
0.1    0.000556128206304
0.12    0.00119500805649
0.14    0.0023927081254
0.16    0.00387859352895
0.18    0.00538158891381
0.2    0.00991005099293
0.22    0.00827247025983
0.24    0.00700965082844
0.26    0.00709053173765
0.28    0.0081681967142
0.3    0.00781442987956
0.32    0.00742245219033
0.34    0.00766791415136
0.36    0.00615113692772
0.38    0.00611966419427
0.4    0.00698013610112
0.42    0.00805304833113
0.44    0.0084156049393
0.46    0.0105927753365
0.48    0.012148054344
0.5    0.0119244787938
0.52    0.0157879739055
0.54    0.0187937501362
0.56    0.0219024953293
0.58    0.0251743230378
0.6    0.0260455647695
0.62    0.0270198820473
0.64    0.0285458577723
0.66    0.0291812780793
0.68    0.0301193945733
0.7    0.0344156455916
0.72    0.0383407071974
0.74    0.0390837815135
0.76    0.03770275513
0.78    0.0339070756399
0.8    0.0311039794348
0.82    0.0300126517338
0.84    0.0283216890972
0.86    0.026366116234
0.88    0.0244984354974
0.9    0.0235967074274
0.92    0.0240671627378
0.94    0.0250395992294
0.96    0.0274807153717
0.98    0.0292043386625
1.0    0.0300875793363
1.02    0.0304001916809
1.04    0.0304024322376
1.06    0.0302593920012
1.08    0.0296115194528
1.1    0.0305675371534
1.12    0.0313952619057
1.14    0.0319698334631
1.16    0.0345228440358
1.18    0.0366677007256
1.2    0.0381290931179
1.22    0.0386600113256
1.24    0.038102448709
1.26    0.0364372363893
1.28    0.0346235263725
1.3    0.0345819396777
1.32    0.0339968119639
1.34    0.033103097077
1.36    0.0326138649458
1.38    0.0323408812251
1.4    0.0320521374064
1.42    0.0317419875777
1.44    0.0313935262895
1.46    0.0309924059544
1.48    0.0308691373738
1.5    0.0317581078712
1.52    0.0322132491766
1.54    0.0323126637496
1.56    0.0321579161332
1.58    0.0324812924318
1.6    0.0331796471949
1.62    0.0334052382708
1.64    0.033226923469
1.66    0.0327214298822
1.68    0.0324954951293
1.7    0.0317107204459
1.72    0.030419933208
1.74    0.028709493426
1.76    0.0267010083811
1.78    0.0246823368074
1.8    0.0240657943976
1.82    0.0233715786883
1.84    0.0237124137652
1.86    0.0239810434612
1.88    0.0241733507562
1.9    0.0242868297114
1.92    0.0243221170927
1.94    0.0242842914917
1.96    0.0241801872486
1.98    0.0240175414062
2.0    0.0238042700524
2.02    0.0239492776618
2.04    0.0240016806542
2.06    0.0242446014746
2.08    0.0244791169011
2.1    0.0246973392255
2.12    0.0249011493206
2.14    0.0250928051384
2.16    0.0252752594358
2.18    0.0254460830659
2.2    0.0256089661617
2.22    0.02576138573
2.24    0.0259046785643
2.26    0.0260370519162
2.28    0.0261591197011
2.3    0.0262679363012
2.32    0.0263655332995
2.34    0.0268259438403
2.36    0.0281358137697
2.38    0.0294691841565
2.4    0.0307893307008
2.42    0.0320632644511
2.44    0.0332620898348
2.46    0.0343592158618
2.48    0.0353346128534
2.5    0.0361692816034
2.52    0.0368510175242
2.54    0.0373705726028
2.56    0.0377271384858
2.58    0.0379201179851
2.6    0.0379577950058
2.62    0.0378532255634
2.64    0.0376182424626
2.66    0.0372708066307
2.68    0.0368331780132
2.7    0.0363196222237
2.72    0.0357513351558
2.74    0.0351464105039
2.76    0.0345169095819
2.78    0.0338769172813
2.8    0.0332383539543
2.82    0.0326112243257
2.84    0.0319997947242
2.86    0.0314089642186
2.88    0.0312716969625
2.9    0.0329877485184
2.92    0.0350850148987
2.94    0.0371526114941
2.96    0.039161488075
2.98    0.0410863635248
3.0    0.0429061993145
3.02    0.0446045665029
3.04    0.0461712861775
3.06    0.0476010404965
3.08    0.0488942016366
3.1    0.0500565963743
3.12    0.0510985599374
3.14    0.0520352856335
3.16    0.0528835872833
3.18    0.0536613385172
3.2    0.0543893861718
3.22    0.0550887591361
3.24    0.0557765926795
3.26    0.056462760928
3.28    0.0571528401081
3.3    0.0578465018283
3.32    0.058539591236
3.34    0.0592192198317
3.36    0.0598686869967
3.38    0.0604699845873
3.4    0.0610092677467
3.42    0.0614769467345
3.44    0.0618815028053
3.46    0.0622754718943
3.48    0.062562261278
3.5    0.0638713885365
3.52    0.0653982241512
3.54    0.0667933268933
3.56    0.0680239805014
3.58    0.0690609286106
3.6    0.0698871463092
3.62    0.0704856734563
3.64    0.0708571632669
3.66    0.0710139780966
3.68    0.0709930574412
3.7    0.070795882382
3.72    0.0703774164615
3.74    0.069730457871
3.76    0.0688560564073
3.78    0.0677696438355
3.8    0.0664868702975
3.82    0.0650292366893
3.84    0.0634296823216
3.86    0.0619840523477
3.88    0.0606538613963
3.9    0.0592197959506
3.92    0.0587067895208
3.94    0.0586242137955
3.96    0.0585129048114
3.98    0.0583808737295
4.0    0.058236079159
4.02    0.0580863463632
4.04    0.0579392950726
4.06    0.0578022760428
4.08    0.057682316349
4.1    0.0575860732627
4.12    0.0575197964326
4.14    0.0574892980116
4.16    0.0574999302781
4.18    0.0575565702546
4.2    0.0576636107781
4.22    0.0578283642629
4.24    0.0580518593156
4.26    0.0583362964742
4.28    0.0586841126117
4.3    0.0591021724907
4.32    0.0595875563503
4.34    0.0601411092652
4.36    0.0607687547664
4.38    0.0614659409331
4.4    0.0622347900387
4.42    0.0630756135127
4.44    0.0639861350023
4.46    0.0649678041833
4.48    0.0660174290939
4.5    0.067134831006
4.52    0.0683183219187
4.54    0.0695646794127
4.56    0.0708743939276
4.58    0.0722428824973
4.6    0.0736681337215
4.62    0.075148899686
4.64    0.0766806849775
4.66    0.0782622601886
4.68    0.0798900941663
4.7    0.0815615717094
4.72    0.0832742326992
4.74    0.0850250877636
4.76    0.0868113055832
4.78    0.0886311371591
4.8    0.0904812265057
4.82    0.0923594166298
4.84    0.0942636035031
4.86    0.0961917394289
4.88    0.0981418355051
4.9    0.100111963345
4.92    0.102100256051
4.94    0.104105280052
4.96    0.106126173919
4.98    0.108160300962
5.0    0.110207296821
5.02    0.112265532506
5.04    0.114333481075
5.06    0.11641087022
5.08    0.118495343325
5.1    0.120587305376
5.12    0.122684215634
5.14    0.124786504678
5.16    0.126892060174
5.18    0.129000723382
5.2    0.131111334845
5.22    0.133222671059
5.24    0.135334800005
5.26    0.137445319969
5.28    0.139555304369
5.3    0.141661693713
5.32    0.143765632136
5.34    0.145864717934
5.36    0.147958471835
5.38    0.150047193159
5.4    0.152126495249
5.42    0.154201878148
5.44    0.156265903726
5.46    0.158321630692
5.48    0.160367791875
5.5    0.16240008071
5.52    0.164425024463
5.54    0.166435041988
5.56    0.168431116447
5.58    0.170416086247
5.6    0.1723831925
5.62    0.174337199243
5.64    0.176274982782
5.66    0.178192836216
5.68    0.180098589141
5.7    0.181982625429
5.72    0.183848940837
5.74    0.185696796453
5.76    0.187521383999
5.78    0.189330435528
5.8    0.191114075669
5.82    0.192879332892
5.84    0.194620192656
5.86    0.196339663888
5.88    0.198035249128
5.9    0.19970793783
5.92    0.201355819405
5.94    0.202980968039
5.96    0.204578791556
5.98    0.206155911127
6.0    0.207706217113
6.02    0.209484373577
6.04    0.21130066615
6.06    0.213102315733
6.08    0.214891972187
6.1    0.216673724873
6.12    0.218470067308
6.14    0.220308866151
6.16    0.222188169042
6.18    0.224110351703
6.2    0.226053952189
6.22    0.227990925018
6.24    0.229910531688
6.26    0.231810065684
6.28    0.233687512188
6.3    0.235540875486
6.32    0.237368164262
6.34    0.239167447028
6.36    0.240938555423
6.38    0.24268310963
6.4    0.24439597026
6.42    0.246078774046
6.44    0.247732515852
6.46    0.249352097533
6.48    0.250942814364
6.5    0.252500443302
6.52    0.25402374603
6.54    0.255518351562
6.56    0.256977910255
6.58    0.258403898255
6.6    0.259800336974
6.62    0.261163293515
6.64    0.262494235984
6.66    0.263794948301
6.68    0.265067456498
6.7    0.266486916934
6.72    0.268062804805
6.74    0.269615530622
6.76    0.271140351204
6.78    0.272636229914
6.8    0.274102437641
6.82    0.275538548163
6.84    0.276944448302
6.86    0.27832035594
6.88    0.279666809153
6.9    0.280984642212
6.92    0.282279676088
6.94    0.28356981933
6.96    0.285025559125
6.98    0.286462925115
7.0    0.287872513786
7.02    0.289252499448
7.04    0.290601143365
7.06    0.291916840078
7.08    0.293198277254
7.1    0.294444589849
7.12    0.295659677478
7.14    0.296839585656
7.16    0.297984182239
7.18    0.299094095719
7.2    0.300172901405
7.22    0.301218559847
7.24    0.302377592639
7.26    0.303716651539
7.28    0.305024512577
7.3    0.306299496978
7.32    0.307542312024
7.34    0.308752221678
7.36    0.309926697119
7.38    0.311065110706
7.4    0.312173092891
7.42    0.313245101107
7.44    0.314281262694
7.46    0.31528647264
7.48    0.316257757601
7.5    0.317195026662
7.52    0.318099622479
7.54    0.318974695951
7.56    0.319819342489
7.58    0.320634914676
7.6    0.321426023095
7.62    0.322268595473
7.64    0.323203921348
7.66    0.324123963879
7.68    0.325024792668
7.7    0.325903566333
7.72    0.326761992751
7.74    0.327596377441
7.76    0.328407118504
7.78    0.329195554721
7.8    0.329959537294
7.82    0.33069922075
7.84    0.331416463764
7.86    0.332111287184
7.88    0.332783299656
7.9    0.333437216201
7.92    0.334074434885
7.94    0.334828440613
7.96    0.335577778579
7.98    0.336306334894
8.0    0.337010926531
8.02    0.337691237884
8.04    0.33834727945
8.06    0.338979440652
8.08    0.339588419875
8.1    0.340175072835
8.12    0.34074230403
8.14    0.341290546784
8.16    0.341824038371
8.18    0.342370094094
8.2    0.342984806758
8.22    0.343591949541
8.24    0.344183947579
8.26    0.344756355421
8.28    0.345307982956
8.3    0.34583745343
8.32    0.34634319561
8.34    0.346823519592
8.36    0.347279106733
8.38    0.347711653237
8.4    0.348115994125
8.42    0.348499661138
8.44    0.348854841031
8.46    0.349188733139
8.48    0.349494811547
8.5    0.349780350787
8.52    0.350037736085
8.54    0.35027633725
8.56    0.350486941548
8.58    0.350678911566
8.6    0.350844754002
8.62    0.350990708046
8.64    0.351113172899
8.66    0.351214773171
8.68    0.351295227782
8.7    0.351354557402
8.72    0.351394349963
8.74    0.351413882351
8.76    0.3514143399
8.78    0.351396866579
8.8    0.351359357767
8.82    0.351307820762
8.84    0.351238868063
8.86    0.351154790632
8.88    0.351089992343
8.9    0.351125377159
8.92    0.351334471242
8.94    0.351675962096
8.96    0.351997663604
8.98    0.352302019735
9.0    0.352584175633
9.02    0.352851307271
9.04    0.353095734468
9.06    0.353325336314
9.08    0.353533184022
9.1    0.353726067809
9.12    0.353898643488
9.14    0.354055924785
9.16    0.354194950008
9.18    0.354317719239
9.2    0.354425175405
9.22    0.354515212155
9.24    0.35459248344
9.26    0.354654751402
9.28    0.354702837964
9.3    0.354738288143
9.32    0.354762670672
9.34    0.354777642065
9.36    0.354856957755
9.38    0.354964664388
9.4    0.355061986733
9.42    0.355147903012
9.44    0.35522167656
9.46    0.355283368356
9.48    0.355333824136
9.5    0.355371233984
9.52    0.355395222627
9.54    0.355407637237
9.56    0.355408011891
9.58    0.355394572836
9.6    0.355370019055
9.62    0.355333241283
9.64    0.355282666404
9.66    0.355222787146
9.68    0.355149686429
9.7    0.355064635118
9.72    0.354969868819
9.74    0.355071980316
9.76    0.355166593668
9.78    0.355249480371
9.8    0.35532209987
9.82    0.355381805284
9.84    0.355429532088
9.86    0.355467220776
9.88    0.355491963674
9.9    0.355505937474
9.92    0.355509419016
9.94    0.355500702625
9.96    0.355482257901
9.98    0.35545389601
10.0    0.355415110141
