0.05    1.54732927765e-05
0.07    3.05473107548e-05
0.09    5.08625518476e-05
0.1    6.29757657346e-05
0.12    9.40123146656e-05
0.14    0.000134515540915
0.16    0.000166852340552
0.18    0.000236395604914
0.2    0.000268498443631
0.22    0.000378324465305
0.24    0.000530046661349
0.26    0.000656811811049
0.28    0.00077168963236
0.3    0.00099165968133
0.32    0.00137544083384
0.34    0.00161974388639
0.36    0.00179040794001
0.38    0.00222755645952
0.4    0.00265975305184
0.42    0.00281505249541
0.44    0.00313649961194
0.46    0.00356794699755
0.48    0.00389597878389
0.5    0.00476981033937
0.52    0.00609477421826
0.54    0.00664882110474
0.56    0.00616503067815
0.58    0.0056792090077
0.6    0.00582020841819
0.62    0.00560764282467
0.64    0.00512327372931
0.66    0.00459537444276
0.68    0.00451769620631
0.7    0.00446019675477
0.72    0.00452950639302
0.74    0.00515731220705
0.76    0.00574690576889
0.78    0.00629438134823
0.8    0.00737156698812
0.82    0.0084353687459
0.84    0.00956230770808
0.86    0.0111509088524
0.88    0.013091696527
0.9    0.0148557862222
0.92    0.0162400877671
0.94    0.017224095463
0.96    0.0178035810899
0.98    0.0182520775303
1.0    0.0211230211479
1.02    0.0228866346366
1.04    0.0229345905651
1.06    0.0213787311476
1.08    0.0201085746629
1.1    0.0182919780078
1.12    0.0165765786729
1.14    0.0176297812847
1.16    0.019030257124
1.18    0.0199300399154
1.2    0.019900932647
1.22    0.0188289947925
1.24    0.0170936951791
1.26    0.0165771463569
1.28    0.0164269905114
1.3    0.0160273140166
1.32    0.0172053457574
1.34    0.0183932339023
1.36    0.0193450767282
1.38    0.0198234236282
1.4    0.0197818357635
1.42    0.0194586765156
1.44    0.0198115057442
1.46    0.020239691927
1.48    0.0205639648596
1.5    0.0208875163426
1.52    0.0211818400851
1.54    0.0213026925372
1.56    0.0226051498975
1.58    0.0237838662112
1.6    0.0246220887283
1.62    0.025210086813
1.64    0.0268650890183
1.66    0.0292167809564
1.68    0.0314839033542
1.7    0.0337290864636
1.72    0.0361811525086
1.74    0.0385266296639
1.76    0.0398205963464
1.78    0.0398300590085
1.8    0.0386985343587
1.82    0.0373489850008
1.84    0.0363250273399
1.86    0.0354123411364
1.88    0.0351588726481
1.9    0.0359995808776
1.92    0.0380795116927
1.94    0.041161369894
1.96    0.0447895309095
1.98    0.0485018127786
2.0    0.051928964385
2.02    0.0548372510664
2.04    0.0570741371007
2.06    0.0585985567977
2.08    0.0594280050724
2.1    0.0596875165002
2.12    0.0595966105168
2.14    0.0594345242582
2.16    0.0594540962545
2.18    0.0598487100511
2.2    0.0606639260977
2.22    0.0618609208194
2.24    0.0655834781528
2.26    0.0694230372067
2.28    0.0727610310745
2.3    0.0754122587484
2.32    0.0772137220276
2.34    0.078058214455
2.36    0.0784429448737
2.38    0.0822687215104
2.4    0.0848848433509
2.42    0.0862579571851
2.44    0.0864541323555
2.46    0.0856789296289
2.48    0.0842101157662
2.5    0.0824308635108
2.52    0.0807240786634
2.54    0.0821478683807
2.56    0.0834146658559
2.58    0.0843672922646
2.6    0.0852901501619
2.62    0.0861573866139
2.64    0.0866682087909
2.66    0.0873535800804
2.68    0.0892623504293
2.7    0.090539231771
2.72    0.0910245617268
2.74    0.0906450471069
2.76    0.0894107777492
2.78    0.0874002323677
2.8    0.0847710652817
2.82    0.0817272598675
2.84    0.0785102017998
2.86    0.0771341974514
2.88    0.0772170870203
2.9    0.0773284095463
2.92    0.0776392160175
2.94    0.0782693175592
2.96    0.0793037444322
2.98    0.0807775395845
3.0    0.0826902111015
3.02    0.0849937841439
3.04    0.0876271383108
3.06    0.0905167548384
3.08    0.0935853863867
3.1    0.0967554281149
3.12    0.0999347182603
3.14    0.103034503985
3.16    0.105960996941
3.18    0.108610905596
3.2    0.110891733723
3.22    0.11309905893
3.24    0.114977990572
3.26    0.116183189393
3.28    0.116669380441
3.3    0.116420607139
3.32    0.115457603854
3.34    0.115433985175
3.36    0.115316737228
3.38    0.11445610868
3.4    0.113319234824
3.42    0.113622656315
3.44    0.113351521716
3.46    0.11262425918
3.48    0.111560950241
3.5    0.110319512437
3.52    0.109043208926
3.54    0.107871981556
3.56    0.106930578253
3.58    0.106275301323
3.6    0.10593637281
3.62    0.105898143456
3.64    0.106092399831
3.66    0.106431008944
3.68    0.106820160177
3.7    0.108003977265
3.72    0.109206199244
3.74    0.110231449397
3.76    0.110996700893
3.78    0.111434733165
3.8    0.111505987902
3.82    0.111177037849
3.84    0.110440692013
3.86    0.109303424206
3.88    0.107782271652
3.9    0.10589939136
3.92    0.103676889293
3.94    0.101145131435
3.96    0.0983361970738
3.98    0.0961719228728
4.0    0.094651886892
4.02    0.0930840122087
4.04    0.0929974555177
4.06    0.0927630802479
4.08    0.0923815630919
4.1    0.0918384297829
4.12    0.091120673448
4.14    0.0902197467051
4.16    0.0910819438651
4.18    0.0935391328546
4.2    0.0960010413625
4.22    0.098451203027
4.24    0.100868610911
4.26    0.103228542282
4.28    0.105503676973
4.3    0.10766525121
4.32    0.109686245448
4.34    0.111545836657
4.36    0.11321167731
4.38    0.114669751238
4.4    0.115896757716
4.42    0.116875696733
4.44    0.117594494254
4.46    0.118041818222
4.48    0.118209353397
4.5    0.118089085249
4.52    0.117679572498
4.54    0.11698742873
4.56    0.116021341626
4.58    0.114791045145
4.6    0.115567199878
4.62    0.116030803002
4.64    0.116154057213
4.66    0.115932832538
4.68    0.115373834175
4.7    0.114487047193
4.72    0.113288460813
4.74    0.111795658519
4.76    0.110021386393
4.78    0.10798526788
4.8    0.105712956335
4.82    0.103227463081
4.84    0.101776704761
4.86    0.100703378372
4.88    0.099494824631
4.9    0.0996891924982
4.92    0.101270634223
4.94    0.102808705829
4.96    0.104301840971
4.98    0.105748905832
5.0    0.107149450333
5.02    0.108503663943
5.04    0.109814766399
5.06    0.111082429075
5.08    0.112307701209
5.1    0.113491645097
5.12    0.114637807933
5.14    0.115741437287
5.16    0.116802430335
5.18    0.117827134021
5.2    0.118814241702
5.22    0.119776586392
5.24    0.120724752033
5.26    0.121664661139
5.28    0.122589286898
5.3    0.123483352555
5.32    0.124335161775
5.34    0.125137532304
5.36    0.12588535434
5.38    0.126573807434
5.4    0.127199368923
5.42    0.127766241818
5.44    0.128268856939
5.46    0.128710304529
5.48    0.129087637046
5.5    0.12940596599
5.52    0.129659832429
5.54    0.129855962609
5.56    0.129993058564
5.58    0.130070388651
5.6    0.130089916728
5.62    0.130058380156
5.64    0.129972732716
5.66    0.129835184706
5.68    0.129648144911
5.7    0.129414113546
5.72    0.129135658639
5.74    0.128815384634
5.76    0.128457327736
5.78    0.128062893276
5.8    0.127633943569
5.82    0.127172832102
5.84    0.126681794311
5.86    0.126162939334
5.88    0.125618246987
5.9    0.125049570292
5.92    0.124458643038
5.94    0.123848564788
5.96    0.123221471504
5.98    0.122577458544
6.0    0.12191788872
6.02    0.121244055372
6.04    0.120560288319
6.06    0.119868384237
6.08    0.119166356813
6.1    0.118457347063
6.12    0.117746579581
6.14    0.117029225316
6.16    0.116311744736
6.18    0.115593542064
6.2    0.114874136686
6.22    0.114322048078
6.24    0.116473528206
6.26    0.118610263199
6.28    0.120726227455
6.3    0.122816737434
6.32    0.124880323745
6.34    0.126916069037
6.36    0.128925673926
6.38    0.130907696097
6.4    0.132862024206
6.42    0.134790879634
6.44    0.136694358308
6.46    0.138571483349
6.48    0.140426248738
6.5    0.142255721037
6.52    0.144062385932
6.54    0.145844849958
6.56    0.147605004043
6.58    0.149339946256
6.6    0.151052666395
6.62    0.152741473142
6.64    0.154405479292
6.66    0.156044822907
6.68    0.157659594024
6.7    0.159249850356
6.72    0.160815640205
6.74    0.162357029679
6.76    0.163874130218
6.78    0.165367121831
6.8    0.166836269269
6.82    0.168281930212
6.84    0.169704554813
6.86    0.171104676862
6.88    0.172482899701
6.9    0.173839881338
6.92    0.175176321861
6.94    0.176492954095
6.96    0.177790535726
6.98    0.179069840422
7.0    0.18033164632
7.02    0.181577494623
7.04    0.18280926183
7.06    0.184026017179
7.08    0.18522831813
7.1    0.186416634631
7.12    0.18759401956
7.14    0.188758571501
7.16    0.189909712561
7.18    0.191047429602
7.2    0.19217163238
7.22    0.193282167894
7.24    0.194379408096
7.26    0.195462116799
7.28    0.196529843781
7.3    0.19758305093
7.32    0.1986215417
7.34    0.199644710498
7.36    0.200652235972
7.38    0.201643805882
7.4    0.202619122565
7.42    0.20357790762
7.44    0.204523630178
7.46    0.205453893022
7.48    0.206367466811
7.5    0.207264163222
7.52    0.208148894715
7.54    0.209018229421
7.56    0.209870785498
7.58    0.210709751048
7.6    0.211536282877
7.62    0.212346351208
7.64    0.213143249022
7.66    0.213928907984
7.68    0.214698639771
7.7    0.21545734021
7.72    0.216204549841
7.74    0.216936604953
7.76    0.217661085094
7.78    0.218372773056
7.8    0.219071674615
7.82    0.219764606464
7.84    0.220444255465
7.86    0.221115646352
7.88    0.221779109289
7.9    0.222430784579
7.92    0.223078490714
7.94    0.223716764676
7.96    0.224345923013
7.98    0.224972592903
8.0    0.225590236565
8.02    0.226201640439
8.04    0.226810445144
8.06    0.227411924285
8.08    0.228008672814
8.1    0.228603825537
8.12    0.22919312609
8.14    0.229777962254
8.16    0.230363038137
8.18    0.230943395105
8.2    0.23151936165
8.22    0.232096432777
8.24    0.232670208431
8.26    0.233240164337
8.28    0.23381021084
8.3    0.234378861972
8.32    0.23494388177
8.34    0.235508399444
8.36    0.23607253028
8.38    0.23663290912
8.4    0.237193028911
8.42    0.237752563486
8.44    0.238308018549
8.46    0.238864516175
8.48    0.239418902857
8.5    0.239968920901
8.52    0.240522078684
8.54    0.241070491287
8.56    0.24161743615
8.58    0.24216415492
8.6    0.242705716993
8.62    0.243249458863
8.64    0.243788885794
8.66    0.24432598091
8.68    0.244863035378
8.7    0.245394683056
8.72    0.245927670554
8.74    0.246456764975
8.76    0.246982235521
8.78    0.247508665798
8.8    0.248030155728
8.82    0.248549811456
8.84    0.249068812334
8.86    0.24958358215
8.88    0.250096072042
8.9    0.25060867408
8.92    0.25111790104
8.94    0.251624285917
8.96    0.2521290785
8.98    0.252633990514
9.0    0.253136932274
9.02    0.255124000108
9.04    0.25744985542
9.06    0.259754307106
9.08    0.262036569854
9.1    0.264296254548
9.12    0.266537474184
9.14    0.268754638117
9.16    0.270946927202
9.18    0.273113528564
9.2    0.275259947772
9.22    0.277380540593
9.24    0.279473602481
9.26    0.281539877909
9.28    0.283584182447
9.3    0.285599259365
9.32    0.287584488959
9.34    0.289545830964
9.36    0.291478879166
9.38    0.293380755688
9.4    0.29525436181
9.42    0.297101898463
9.44    0.298917232
9.46    0.300700088146
9.48    0.302458983346
9.5    0.304185125179
9.52    0.305878111694
9.54    0.307541935671
9.56    0.309176707288
9.58    0.310777861189
9.6    0.312345385385
9.62    0.313885314028
9.64    0.315393158818
9.66    0.316867241301
9.68    0.318307692264
9.7    0.31971893868
9.72    0.321098755437
9.74    0.32244505233
9.76    0.32375804233
9.78    0.325037947771
9.8    0.326287905557
9.82    0.327506560586
9.84    0.328692354844
9.86    0.329845506622
9.88    0.330966226196
9.9    0.332054717118
9.92    0.333111180041
9.94    0.334135816651
9.96    0.335129323232
9.98    0.33609226853
10.0    0.337023605345
