0.05    0.000100180876511
0.07    0.000194761052317
0.09    0.000391598105737
0.1    0.000504403002535
0.12    0.000702372573109
0.14    0.00101175697836
0.16    0.00153183217814
0.18    0.00257321345982
0.2    0.00358745079146
0.22    0.00371960086089
0.24    0.00479272965412
0.26    0.00660568048721
0.28    0.00713825943741
0.3    0.00857817730525
0.32    0.010131194901
0.34    0.0120359314826
0.36    0.0122667847918
0.38    0.0143135144863
0.4    0.0137252634601
0.42    0.0110247639416
0.44    0.0100443808772
0.46    0.013416539015
0.48    0.0169406914344
0.5    0.0186552023546
0.52    0.0204496223665
0.54    0.0213086981168
0.56    0.0221987438523
0.58    0.0220518110063
0.6    0.0236638541744
0.62    0.0265004346137
0.64    0.0280981134162
0.66    0.0313976818731
0.68    0.0331554964762
0.7    0.0367911514468
0.72    0.0379761497811
0.74    0.0363827455037
0.76    0.0372683022131
0.78    0.0403892338994
0.8    0.0465216831358
0.82    0.0548690031305
0.84    0.0627466649935
0.86    0.0692941631075
0.88    0.0748467224664
0.9    0.0786917049769
0.92    0.0805500861788
0.94    0.0774573457551
0.96    0.0827063398777
0.98    0.0838331730154
1.0    0.0849003320964
1.02    0.0916564689575
1.04    0.0944975798795
1.06    0.0916921736806
1.08    0.0857214820901
1.1    0.0803578583087
1.12    0.0769960771278
1.14    0.0724673309681
1.16    0.0732251467353
1.18    0.0731540465699
1.2    0.071839910708
1.22    0.0738196100524
1.24    0.0776789266117
1.26    0.0795079124592
1.28    0.0797362963926
1.3    0.0830736653265
1.32    0.089928901266
1.34    0.0943567038344
1.36    0.0971823215466
1.38    0.0996587714961
1.4    0.102261058831
1.42    0.104131337947
1.44    0.104743274675
1.46    0.103975021562
1.48    0.102076689317
1.5    0.0987230066894
1.52    0.0930182461702
1.54    0.092506928215
1.56    0.093697660127
1.58    0.0919107033288
1.6    0.0956015355886
1.62    0.0990261299584
1.64    0.101874572309
1.66    0.103947162435
1.68    0.105111327406
1.7    0.107218420364
1.72    0.114731704185
1.74    0.120359033938
1.76    0.123999719786
1.78    0.125891582231
1.8    0.125826489973
1.82    0.126845036118
1.84    0.135430006465
1.86    0.140341130641
1.88    0.14182051224
1.9    0.145253990864
1.92    0.146755328652
1.94    0.146178943953
1.96    0.143263339364
1.98    0.138279356331
2.0    0.131358531746
2.02    0.122816817175
2.04    0.115190233074
2.06    0.11654587183
2.08    0.11700127447
2.1    0.116702016651
2.12    0.115832410249
2.14    0.114386908267
2.16    0.11248123218
2.18    0.110225823288
2.2    0.107612783744
2.22    0.104865075404
2.24    0.101995755747
2.26    0.0991478753437
2.28    0.0962783354777
2.3    0.0936030319834
2.32    0.0909900470673
2.34    0.0885047098394
2.36    0.0862358678964
2.38    0.0840903263205
2.4    0.0839148576165
2.42    0.0847940255214
2.44    0.0861870739215
2.46    0.0881738072059
2.48    0.0907360442007
2.5    0.0937571366254
2.52    0.09712961415
2.54    0.100584509768
2.56    0.103936699017
2.58    0.106900874103
2.6    0.109350152493
2.62    0.111097245992
2.64    0.112002091165
2.66    0.112045508438
2.68    0.111305883278
2.7    0.10983005287
2.72    0.110882081735
2.74    0.114009604173
2.76    0.116093107443
2.78    0.117071078413
2.8    0.116920762018
2.82    0.115645997697
2.84    0.113239426511
2.86    0.109673118831
2.88    0.104932379838
2.9    0.101716180531
2.92    0.10131479014
2.94    0.100933135378
2.96    0.102207366289
2.98    0.10623465162
3.0    0.110067798771
3.02    0.113459997603
3.04    0.116392627839
3.06    0.118729583354
3.08    0.120395405488
3.1    0.121416787298
3.12    0.121663485367
3.14    0.121118490446
3.16    0.119811205948
3.18    0.117804790108
3.2    0.115157617271
3.22    0.111922521455
3.24    0.108185642673
3.26    0.104063851987
3.28    0.103765585819
3.3    0.104154060715
3.32    0.104479622771
3.34    0.105187191578
3.36    0.107899522802
3.38    0.110475662945
3.4    0.112934505575
3.42    0.115173343527
3.44    0.117293816316
3.46    0.119161729736
3.48    0.12089594276
3.5    0.122409743413
3.52    0.123767067629
3.54    0.124929026619
3.56    0.125979499696
3.58    0.126856048381
3.6    0.127589871949
3.62    0.128209582519
3.64    0.128624229865
3.66    0.128964062982
3.68    0.129079491062
3.7    0.129127626344
3.72    0.128986668281
3.74    0.128765122287
3.76    0.128452386804
3.78    0.128080664153
3.8    0.129900260223
3.82    0.131669459277
3.84    0.133360104773
3.86    0.135011596595
3.88    0.136562391169
3.9    0.138015741389
3.92    0.13937494135
3.94    0.140728432653
3.96    0.141999185794
3.98    0.143184800842
4.0    0.146921391555
4.02    0.150644701585
4.04    0.153890541863
4.06    0.156585718688
4.08    0.158690540877
4.1    0.16329646509
4.12    0.16743117409
4.14    0.170920127441
4.16    0.17376085994
4.18    0.175988753483
4.2    0.177620847084
4.22    0.178633691224
4.24    0.179006327518
4.26    0.178744364951
4.28    0.177872375598
4.3    0.176441257826
4.32    0.178430581863
4.34    0.181247396259
4.36    0.183317203266
4.38    0.184863325754
4.4    0.185703547764
4.42    0.185935656217
4.44    0.185633354257
4.46    0.184703524632
4.48    0.183292766647
4.5    0.181431703805
4.52    0.179082504802
4.54    0.176322599295
4.56    0.173318488567
4.58    0.169993948426
4.6    0.166413000116
4.62    0.162640210644
4.64    0.15880703243
4.66    0.155951080295
4.68    0.155944659269
4.7    0.155938260918
4.72    0.155961283652
4.74    0.156024570463
4.76    0.156101898506
4.78    0.156158740191
4.8    0.156204161909
4.82    0.156224481765
4.84    0.156222790255
4.86    0.156215002152
4.88    0.156205881499
4.9    0.156193728882
4.92    0.156163328719
4.94    0.156107937869
4.96    0.156030042006
4.98    0.155896700132
5.0    0.155757403251
5.02    0.155578298078
5.04    0.155345813039
5.06    0.155102549996
5.08    0.154826643486
5.1    0.154973503521
5.12    0.155195066574
5.14    0.155306837408
5.16    0.155381747481
5.18    0.155341883995
5.2    0.155189772834
5.22    0.155853640454
5.24    0.159917068756
5.26    0.164018226738
5.28    0.168128554166
5.3    0.172197401993
5.32    0.176191238863
5.34    0.180077802329
5.36    0.183826306346
5.38    0.18740762396
5.4    0.190794445153
5.42    0.194048062389
5.44    0.197074555489
5.46    0.199842387453
5.48    0.202350581691
5.5    0.204662099026
5.52    0.206667230042
5.54    0.20845379017
5.56    0.209956561373
5.58    0.211236219886
5.6    0.212346762368
5.62    0.213295533928
5.64    0.214211980135
5.66    0.217839940538
5.68    0.221695578605
5.7    0.225310529075
5.72    0.228530488324
5.74    0.23140958763
5.76    0.233954086797
5.78    0.236069117049
5.8    0.237906795476
5.82    0.239312960797
5.84    0.240378817996
5.86    0.24107281428
5.88    0.241413809397
5.9    0.241404800447
5.92    0.241090545835
5.94    0.240419997447
5.96    0.239476951918
5.98    0.238191430167
6.0    0.236611361336
6.02    0.234702584456
6.04    0.232526947539
6.06    0.230002310827
6.08    0.227278803484
6.1    0.224234146375
6.12    0.220955263576
6.14    0.217447607658
6.16    0.213670907626
6.18    0.209757814867
6.2    0.205610353905
6.22    0.20235396547
6.24    0.201400731051
6.26    0.200279541899
6.28    0.198957780243
6.3    0.197442277281
6.32    0.195799793693
6.34    0.194012887388
6.36    0.192051427536
6.38    0.189941521478
6.4    0.187741187621
6.42    0.185386284076
6.44    0.182947809064
6.46    0.180387026656
6.48    0.177737980617
6.5    0.174991600119
6.52    0.172231459762
6.54    0.17092126297
6.56    0.16950287514
6.58    0.167988932411
6.6    0.166433085483
6.62    0.166073662429
6.64    0.166741103457
6.66    0.167360764136
6.68    0.1679204783
6.7    0.168399721594
6.72    0.168825643579
6.74    0.169204020763
6.76    0.169531688514
6.78    0.169813356955
6.8    0.170021059939
6.82    0.170185357215
6.84    0.170302779778
6.86    0.170350128842
6.88    0.170328881082
6.9    0.170242776849
6.92    0.170139677437
6.94    0.169971734804
6.96    0.169740392804
6.98    0.169447088938
7.0    0.169093253099
7.02    0.168715532062
7.04    0.168291967588
7.06    0.16781137108
7.08    0.167275121046
7.1    0.166684585195
7.12    0.166053433476
7.14    0.165402120255
7.16    0.164699785817
7.18    0.163947742708
7.2    0.163147291656
7.22    0.162299721402
7.24    0.161441780493
7.26    0.160543295904
7.28    0.159600691486
7.3    0.158615203391
7.32    0.15758805627
7.34    0.156532971811
7.36    0.155462147555
7.38    0.154352468605
7.4    0.153205112628
7.42    0.152021246782
7.44    0.150802027846
7.46    0.149553980154
7.48    0.148797261242
7.5    0.148780695009
7.52    0.148735264277
7.54    0.148641937746
7.56    0.14853278493
7.58    0.148371821099
7.6    0.148190622433
7.62    0.147968975406
7.64    0.147701090069
7.66    0.147420495365
7.68    0.147091527266
7.7    0.146733821726
7.72    0.146348892738
7.74    0.145921485428
7.76    0.145482296576
7.78    0.144998181631
7.8    0.144492843946
7.82    0.14395743214
7.84    0.143379286522
7.86    0.142790461495
7.88    0.142163980813
7.9    0.141496973328
7.92    0.140818999207
7.94    0.140106621855
7.96    0.139355938805
7.98    0.138587044335
8.0    0.137793962772
8.02    0.136964809264
8.04    0.136108675374
8.06    0.135240101815
8.08    0.134337700429
8.1    0.133644769507
8.12    0.133575502869
8.14    0.133497418258
8.16    0.134394171272
8.18    0.135395038405
8.2    0.136311582285
8.22    0.137143187582
8.24    0.13788940465
8.26    0.138549945747
8.28    0.139156368192
8.3    0.139677995857
8.32    0.140114132335
8.34    0.140465040913
8.36    0.140731126841
8.38    0.14091293275
8.4    0.14101113396
8.42    0.141026533704
8.44    0.140985656712
8.46    0.140870617147
8.48    0.140675634237
8.5    0.14040192965
8.52    0.140050829716
8.54    0.139623760357
8.56    0.139122241988
8.58    0.138547884417
8.6    0.137928299657
8.62    0.137242640611
8.64    0.136488895572
8.66    0.135668950143
8.68    0.134784755705
8.7    0.13383832444
8.72    0.132831724406
8.74    0.131767074659
8.76    0.131343177175
8.78    0.131124725795
8.8    0.130894832007
8.82    0.130642792825
8.84    0.130368917049
8.86    0.130073517592
8.88    0.129775739189
8.9    0.129457731786
8.92    0.129118923506
8.94    0.128776954672
8.96    0.128416444908
8.98    0.128160207147
9.0    0.128148689828
9.02    0.128135088193
9.04    0.128119379395
9.06    0.12810154166
9.08    0.128081554263
9.1    0.128059397525
9.12    0.128035052795
9.14    0.128008502434
9.16    0.127979729807
9.18    0.127948719262
9.2    0.127915456122
9.22    0.127879926665
9.24    0.127842118113
9.26    0.127802018618
9.28    0.127759617242
9.3    0.127714903947
9.32    0.12766786958
9.34    0.127618505852
9.36    0.127566805332
9.38    0.127512761424
9.4    0.127456368355
9.42    0.127397621159
9.44    0.127336515664
9.46    0.127273048475
9.48    0.127207216956
9.5    0.127139019222
9.52    0.127069864515
9.54    0.127001471979
9.56    0.12693069099
9.58    0.12692085566
9.6    0.127067503221
9.62    0.127210932078
9.64    0.127351133516
9.66    0.127488099592
9.68    0.127621823132
9.7    0.127752297719
9.72    0.127879517686
9.74    0.128003478102
9.76    0.128124174762
9.78    0.128241604183
9.8    0.128355763584
9.82    0.128466650884
9.84    0.128574264686
9.86    0.128678604269
9.88    0.128779669576
9.9    0.128877461203
9.92    0.12897198039
9.94    0.129067276336
9.96    0.129162131671
9.98    0.129253696063
10.0    0.129341972932
