0.05    8.29307695904e-05
0.07    0.000161922721928
0.09    0.000300471901679
0.1    0.000352004746246
0.12    0.000551089071993
0.14    0.00075737564914
0.16    0.000921750180132
0.18    0.00130815894476
0.2    0.00215709803026
0.22    0.00279560793211
0.24    0.00339275944983
0.26    0.0038048859295
0.28    0.00430025983513
0.3    0.00544509741766
0.32    0.00690691280507
0.34    0.00800696984628
0.36    0.00926066113592
0.38    0.0113418916382
0.4    0.0156178516443
0.42    0.0192957412414
0.44    0.0178605985045
0.46    0.0142934882739
0.48    0.0150689548363
0.5    0.0169393034746
0.52    0.0179893639181
0.54    0.0184859243963
0.56    0.0186127004619
0.58    0.0195512083648
0.6    0.020113802183
0.62    0.0190851827683
0.64    0.022216555788
0.66    0.0251875316508
0.68    0.0292033051344
0.7    0.0333533560585
0.72    0.0355445556904
0.74    0.0378076213892
0.76    0.035199130951
0.78    0.0304559415235
0.8    0.0314717726547
0.82    0.0336529917154
0.84    0.0351261776284
0.86    0.036253678682
0.88    0.0409758311316
0.9    0.0459955406121
0.92    0.0509119048652
0.94    0.0557745026294
0.96    0.0603940682625
0.98    0.0644298363167
1.0    0.0669207045143
1.02    0.0711561363133
1.04    0.0759341946167
1.06    0.0797012491476
1.08    0.082406938661
1.1    0.0841230976534
1.12    0.0850018690532
1.14    0.0852219839076
1.16    0.0849359102963
1.18    0.0842698708464
1.2    0.0833421870281
1.22    0.0822482065982
1.24    0.0810439693095
1.26    0.0797452207362
1.28    0.0790399785679
1.3    0.0790874566393
1.32    0.0792380547055
1.34    0.0792076511837
1.36    0.0792761235942
1.38    0.0790903459057
1.4    0.0790424793913
1.42    0.0787076666838
1.44    0.0784167605437
1.46    0.0778627327591
1.48    0.0772324937675
1.5    0.0763270935879
1.52    0.075251614122
1.54    0.0738330258093
1.56    0.0721880853167
1.58    0.0701758975316
1.6    0.0769129523727
1.62    0.0820064982036
1.64    0.0853831858068
1.66    0.0875437073384
1.68    0.0895831190979
1.7    0.0927338058119
1.72    0.0979568156653
1.74    0.105356074091
1.76    0.114439059752
1.78    0.124100999022
1.8    0.133426419181
1.82    0.141398959436
1.84    0.147596821624
1.86    0.151749001133
1.88    0.153741303739
1.9    0.153717431786
1.92    0.15404434459
1.94    0.154999724711
1.96    0.15456355575
1.98    0.155014256348
2.0    0.154894366739
2.02    0.154069344309
2.04    0.152755658762
2.06    0.151070874717
2.08    0.149296731206
2.1    0.147526249114
2.12    0.146113977005
2.14    0.145217127505
2.16    0.145020398371
2.18    0.145645532073
2.2    0.147135129131
2.22    0.149372900287
2.24    0.152124763794
2.26    0.155100835324
2.28    0.158063035181
2.3    0.160620501517
2.32    0.162453303495
2.34    0.163481394207
2.36    0.163408760484
2.38    0.162320810114
2.4    0.160074579189
2.42    0.156792417707
2.44    0.152668016519
2.46    0.149835691591
2.48    0.147529656259
2.5    0.144585434975
2.52    0.142197235863
2.54    0.139742978982
2.56    0.136892383847
2.58    0.133782101704
2.6    0.130551137692
2.62    0.127466170997
2.64    0.124566135253
2.66    0.122073474977
2.68    0.121308539682
2.7    0.123631708874
2.72    0.125915248136
2.74    0.128193481921
2.76    0.130492490245
2.78    0.132841590595
2.8    0.135303608902
2.82    0.137952445657
2.84    0.140727926528
2.86    0.143523662244
2.88    0.146303600623
2.9    0.14905500309
2.92    0.15178914166
2.94    0.154518625021
2.96    0.15724478415
2.98    0.160013910192
3.0    0.162781525128
3.02    0.166923580007
3.04    0.173752947268
3.06    0.180147879381
3.08    0.186015548204
3.1    0.19127214894
3.12    0.195843638688
3.14    0.199663766279
3.16    0.202727219798
3.18    0.205028338471
3.2    0.206460421039
3.22    0.207065748078
3.24    0.209363023696
3.26    0.21476537292
3.28    0.219708443082
3.3    0.223995949234
3.32    0.227668947478
3.34    0.23065430241
3.36    0.232897579736
3.38    0.23443928946
3.4    0.235379820027
3.42    0.235621458774
3.44    0.235327304164
3.46    0.234377294178
3.48    0.232794010997
3.5    0.233439346517
3.52    0.236662236873
3.54    0.239695739088
3.56    0.242545538444
3.58    0.245200840378
3.6    0.247647585551
3.62    0.24992836332
3.64    0.25201810741
3.66    0.253953421853
3.68    0.255877161617
3.7    0.257813773167
3.72    0.2598096836
3.74    0.26178130297
3.76    0.263740842968
3.78    0.265612277246
3.8    0.267367927267
3.82    0.26897093563
3.84    0.270395958192
3.86    0.271652139632
3.88    0.272781909892
3.9    0.273736517085
3.92    0.274517981254
3.94    0.275114062528
3.96    0.275561477262
3.98    0.27585876903
4.0    0.275944416182
4.02    0.275851552503
4.04    0.275638359888
4.06    0.275210317911
4.08    0.274621628758
4.1    0.273911461828
4.12    0.272997102928
4.14    0.27195499297
4.16    0.270780229846
4.18    0.269422863391
4.2    0.267967590489
4.22    0.266389732504
4.24    0.264657322876
4.26    0.262827103366
4.28    0.26090266698
4.3    0.258833935994
4.32    0.256665164159
4.34    0.254413592273
4.36    0.252028211147
4.38    0.249555721922
4.4    0.247021374879
4.42    0.244379546652
4.44    0.241636874153
4.46    0.238869001848
4.48    0.23600944413
4.5    0.233074841756
4.52    0.231882875008
4.54    0.232095770196
4.56    0.232160247821
4.58    0.232208935449
4.6    0.232122341974
4.62    0.231945881576
4.64    0.231712965413
4.66    0.231343263584
4.68    0.230942318144
4.7    0.230435388906
4.72    0.229805627956
4.74    0.229166427405
4.76    0.228402602963
4.78    0.227531450255
4.8    0.226644885494
4.82    0.225641803439
4.84    0.224533368052
4.86    0.22341736382
4.88    0.222193152436
4.9    0.22086449038
4.92    0.219536388835
4.94    0.218109605104
4.96    0.216586905571
4.98    0.215055132125
5.0    0.213444672845
5.02    0.211746930373
5.04    0.21001243075
5.06    0.210082566403
5.08    0.212538509116
5.1    0.214754504128
5.12    0.216755407238
5.14    0.218593950331
5.16    0.220225721334
5.18    0.221662122699
5.2    0.22294115282
5.22    0.224060342801
5.24    0.225009025101
5.26    0.225792551398
5.28    0.226435493971
5.3    0.226936294652
5.32    0.227256655525
5.34    0.227451172442
5.36    0.229058589228
5.38    0.231020989681
5.4    0.232755689183
5.42    0.23426087913
5.44    0.235593757488
5.46    0.236717351988
5.48    0.237629223839
5.5    0.23837862553
5.52    0.238956798687
5.54    0.23934842685
5.56    0.239591394053
5.58    0.239696286328
5.6    0.239640061682
5.62    0.239457014345
5.64    0.239168252535
5.66    0.238747766927
5.68    0.238219884913
5.7    0.237612176645
5.72    0.236885542132
5.74    0.236092506682
5.76    0.235207912794
5.78    0.234248222603
5.8    0.233224046491
5.82    0.232134516558
5.84    0.230987212768
5.86    0.22980285182
5.88    0.228548535816
5.9    0.2273022511
5.92    0.225999157052
5.94    0.224683796964
5.96    0.22336658464
5.98    0.222581009419
6.0    0.222319130671
6.02    0.222003145729
6.04    0.223331338883
6.06    0.225518033492
6.08    0.227653574365
6.1    0.229729160557
6.12    0.231750675777
6.14    0.233695758607
6.16    0.235561306385
6.18    0.237347307362
6.2    0.239071975364
6.22    0.240716125917
6.24    0.242276036082
6.26    0.243760861126
6.28    0.245203079386
6.3    0.246563406405
6.32    0.247864948651
6.34    0.249130827478
6.36    0.250324695239
6.38    0.251491250273
6.4    0.252615236623
6.42    0.253682074462
6.44    0.254749193465
6.46    0.25577036676
6.48    0.256751561785
6.5    0.257734432065
6.52    0.258672943336
6.54    0.259586037278
6.56    0.260496131233
6.58    0.261371033166
6.6    0.262218434162
6.62    0.263068278914
6.64    0.263884618826
6.66    0.264671205276
6.68    0.265449459597
6.7    0.26621140239
6.72    0.266943208175
6.74    0.267639722117
6.76    0.268315433804
6.78    0.268961324645
6.8    0.269556527058
6.82    0.270099963862
6.84    0.270624335744
6.86    0.271089939523
6.88    0.271493420642
6.9    0.271845261427
6.92    0.272148389476
6.94    0.272372114694
6.96    0.272516001118
6.98    0.272614131566
7.0    0.272623412265
7.02    0.272543761782
7.04    0.272392567577
7.06    0.272170445398
7.08    0.271860237041
7.1    0.273210215573
7.12    0.274618103502
7.14    0.276006657012
7.16    0.277372678674
7.18    0.278712942513
7.2    0.280023799293
7.22    0.281300765654
7.24    0.282535605526
7.26    0.283717489011
7.28    0.284865527449
7.3    0.285951458485
7.32    0.2869655812
7.34    0.287917051398
7.36    0.288811209138
7.38    0.289618542162
7.4    0.290350203078
7.42    0.291018060559
7.44    0.291587489832
7.46    0.292078871613
7.48    0.292494697726
7.5    0.292811074817
7.52    0.293044709814
7.54    0.293205546618
7.56    0.29326927924
7.58    0.293233044456
7.6    0.293132108998
7.62    0.292927561851
7.64    0.292613496475
7.66    0.292226387815
7.68    0.291733087508
7.7    0.29112467442
7.72    0.29044446169
7.74    0.289653294944
7.76    0.288747413672
7.78    0.287770324381
7.8    0.286680737778
7.82    0.285478180722
7.84    0.284203489518
7.86    0.282824482753
7.88    0.281738753994
7.9    0.283214866108
7.92    0.284611296514
7.94    0.285936206255
7.96    0.287189787625
7.98    0.288346684712
8.0    0.28945398937
8.02    0.290450344765
8.04    0.29138579765
8.06    0.292231641587
8.08    0.292970938656
8.1    0.293664277109
8.12    0.294243885498
8.14    0.294739738876
8.16    0.295164860253
8.18    0.295475675053
8.2    0.29572459053
8.22    0.295880247962
8.24    0.295924766585
8.26    0.295925381646
8.28    0.295812363436
8.3    0.295618553674
8.32    0.295351775615
8.34    0.294972774419
8.36    0.294549077551
8.38    0.294018695321
8.4    0.293411471106
8.42    0.292731578199
8.44    0.291946074765
8.46    0.291624625967
8.48    0.292677310276
8.5    0.29366176335
8.52    0.294586859137
8.54    0.295487392201
8.56    0.296319237653
8.58    0.297082314177
8.6    0.297800333069
8.62    0.298478918269
8.64    0.299088706255
8.66    0.299629780084
8.68    0.300137811899
8.7    0.300594681144
8.72    0.300983198145
8.74    0.301303595664
8.76    0.301598489662
8.78    0.30183574115
8.8    0.302005586519
8.82    0.302108393298
8.84    0.302189202706
8.86    0.302210607407
8.88    0.302165999503
8.9    0.302055866347
8.92    0.301920367021
8.94    0.30173117606
8.96    0.301477760195
8.98    0.301160711906
9.0    0.300809642017
9.02    0.300416397958
9.04    0.299961059011
9.06    0.299444308507
9.08    0.298884823166
9.1    0.298295177611
9.12    0.29764585955
9.14    0.296937629471
9.16    0.296178624926
9.18    0.2954011643
9.2    0.294566698358
9.22    0.293676051738
9.24    0.292730065972
9.26    0.291771278013
9.28    0.290761220779
9.3    0.289697901948
9.32    0.288582211631
9.34    0.287443481106
9.36    0.28626796342
9.38    0.285042249924
9.4    0.283767268139
9.42    0.282459906553
9.44    0.28112949376
9.46    0.279752059764
9.48    0.278328559203
9.5    0.276869125925
9.52    0.275394689778
9.54    0.274498536009
9.56    0.275325365563
9.58    0.276119209747
9.6    0.276897190252
9.62    0.277657186051
9.64    0.278384502641
9.66    0.279099265171
9.68    0.279793244914
9.7    0.280454898694
9.72    0.281101266161
9.74    0.281730150341
9.76    0.282327104748
9.78    0.282899648406
9.8    0.283464450331
9.82    0.283997757661
9.84    0.284499759039
9.86    0.284988547575
9.88    0.285459339685
9.9    0.285899311199
9.92    0.286308672166
9.94    0.286698953818
9.96    0.287078128283
9.98    0.287427220716
10.0    0.287746459757
