0.05    0.000447426297765
0.07    0.00122874349966
0.09    0.00142978420127
0.1    0.00217692909484
0.12    0.00331430597722
0.14    0.00451638970243
0.16    0.00486717362286
0.18    0.00567612101222
0.2    0.00639368219545
0.22    0.00887585156427
0.24    0.00591145981184
0.26    0.00666218462354
0.28    0.00693086890266
0.3    0.00848369649991
0.32    0.00961711270684
0.34    0.0115890200284
0.36    0.0136557135794
0.38    0.0131029793524
0.4    0.0115303486236
0.42    0.0111079488885
0.44    0.0116197861304
0.46    0.0119262364986
0.48    0.0111322499373
0.5    0.0104117968595
0.52    0.00984116731796
0.54    0.00936478485243
0.56    0.0111724448375
0.58    0.0148863923959
0.6    0.0187323022974
0.62    0.0199461328568
0.64    0.01837113737
0.66    0.0167962087978
0.68    0.0185364185646
0.7    0.0211734668377
0.72    0.0218408882767
0.74    0.0209740142401
0.76    0.0202618397103
0.78    0.0216384865737
0.8    0.024037585222
0.82    0.0254302163312
0.84    0.0263860749922
0.86    0.0266885960964
0.88    0.026367277771
0.9    0.0267539621633
0.92    0.0279274227669
0.94    0.0293842637417
0.96    0.0307047333752
0.98    0.032302907985
1.0    0.0331729726687
1.02    0.0331213159955
1.04    0.0337335943128
1.06    0.0324339582594
1.08    0.0323362839905
1.1    0.0320421975899
1.12    0.0318708154846
1.14    0.03203224706
1.16    0.0325854290826
1.18    0.033429890581
1.2    0.0343214782326
1.22    0.0349837261702
1.24    0.037186260433
1.26    0.0402268244715
1.28    0.0446305050802
1.3    0.0475412700713
1.32    0.0486788789316
1.34    0.048414854737
1.36    0.0473336332979
1.38    0.0462565377799
1.4    0.0457947197762
1.42    0.0460818421155
1.44    0.0468649508763
1.46    0.0482688739322
1.48    0.0489854847287
1.5    0.0487822366889
1.52    0.0480097398327
1.54    0.0481480591209
1.56    0.0473083449846
1.58    0.0456526150705
1.6    0.0435134146522
1.62    0.0413400419701
1.64    0.0396422592219
1.66    0.0389141895728
1.68    0.0394762372594
1.7    0.0413686241518
1.72    0.0443394853806
1.74    0.0479428408827
1.76    0.0517193562082
1.78    0.0553007105241
1.8    0.0584254779621
1.82    0.0609187164035
1.84    0.0627199059095
1.86    0.0638584143004
1.88    0.0644539860213
1.9    0.0646873286297
1.92    0.0648518370362
1.94    0.0650494324045
1.96    0.0654362772939
1.98    0.0662028243349
2.0    0.0674750613265
2.02    0.0693037812072
2.04    0.0716548563623
2.06    0.0744287610963
2.08    0.0774730051952
2.1    0.0806240382904
2.12    0.0837168490633
2.14    0.086616606128
2.16    0.0892247837661
2.18    0.0914925195052
2.2    0.0933797058564
2.22    0.0948828771093
2.24    0.0960350796014
2.26    0.0988399412433
2.28    0.104333289075
2.3    0.109328383611
2.32    0.113775440004
2.34    0.117740601638
2.36    0.122230968642
2.38    0.126140985037
2.4    0.129559035985
2.42    0.132460358228
2.44    0.134856908381
2.46    0.136659789132
2.48    0.137839888749
2.5    0.138377858979
2.52    0.139885455852
2.54    0.141220721873
2.56    0.141884486907
2.58    0.141746549146
2.6    0.140606313065
2.62    0.138479918445
2.64    0.136558227947
2.66    0.136814954272
2.68    0.139168133067
2.7    0.1409001209
2.72    0.14197605845
2.74    0.142421117968
2.76    0.142217656346
2.78    0.141230788822
2.8    0.139504405062
2.82    0.137128477004
2.84    0.134143017939
2.86    0.130596762787
2.88    0.126558287474
2.9    0.125683512296
2.92    0.128011163837
2.94    0.129966628626
2.96    0.131604997642
2.98    0.133022958825
3.0    0.134223604238
3.02    0.135905226712
3.04    0.137496364833
3.06    0.138997313796
3.08    0.140172626005
3.1    0.141396865046
3.12    0.14273267629
3.14    0.144138975042
3.16    0.145289148977
3.18    0.14600897919
3.2    0.146292458241
3.22    0.146158281205
3.24    0.146349382918
3.26    0.14677372034
3.28    0.14718342284
3.3    0.151528169739
3.32    0.15928127841
3.34    0.16688843832
3.36    0.174262478845
3.38    0.18131364757
3.4    0.187984817039
3.42    0.19427907275
3.44    0.200176800801
3.46    0.205612910219
3.48    0.210520314438
3.5    0.214869877113
3.52    0.218724156344
3.54    0.222111460408
3.56    0.224991467345
3.58    0.227395911076
3.6    0.229298331314
3.62    0.230650791556
3.64    0.23149187074
3.66    0.231926346079
3.68    0.231947740091
3.7    0.231516746535
3.72    0.230923949814
3.74    0.231472458224
3.76    0.231688716645
3.78    0.231595169878
3.8    0.231260425317
3.82    0.2307585965
3.84    0.230206810989
3.86    0.22955238706
3.88    0.228637727841
3.9    0.227431256651
3.92    0.225958487904
3.94    0.224271124833
3.96    0.222421434606
3.98    0.22043061862
4.0    0.218294424776
4.02    0.216011699766
4.04    0.213603595101
4.06    0.211108113776
4.08    0.208561017888
4.1    0.205999055656
4.12    0.203464943695
4.14    0.200989048613
4.16    0.198609565273
4.18    0.198313839167
4.2    0.19910338956
4.22    0.199827850783
4.24    0.200505539307
4.26    0.201116924216
4.28    0.201683721952
4.3    0.202185113156
4.32    0.202643336355
4.34    0.203040101649
4.36    0.203392213472
4.38    0.203688391692
4.4    0.204163899417
4.42    0.204901781702
4.44    0.205595008857
4.46    0.206242023996
4.48    0.20684716549
4.5    0.207458246699
4.52    0.210502414297
4.54    0.213755794625
4.56    0.217202376872
4.58    0.220814090342
4.6    0.2245762422
4.62    0.22846782418
4.64    0.232464980132
4.66    0.236537415133
4.68    0.240662909312
4.7    0.244827357708
4.72    0.249003634501
4.74    0.253173203981
4.76    0.258224757045
4.78    0.264030487368
4.8    0.269914812072
4.82    0.275866629636
4.84    0.281870203202
4.86    0.287903443357
4.88    0.293937956236
4.9    0.299950059768
4.92    0.305924580483
4.94    0.311845287978
4.96    0.31770728349
4.98    0.323504552108
5.0    0.329227483266
5.02    0.334867898219
5.04    0.340428536179
5.06    0.34594114215
5.08    0.351378945153
5.1    0.356692632083
5.12    0.361870272612
5.14    0.366900285363
5.16    0.371795422047
5.18    0.376552055053
5.2    0.381149689994
5.22    0.38558503488
5.24    0.389890257773
5.26    0.394087697003
5.28    0.398142312278
5.3    0.402028206583
5.32    0.405739856492
5.34    0.409269562423
5.36    0.412617457832
5.38    0.415805334712
5.4    0.418834974778
5.42    0.421683765611
5.44    0.424331870072
5.46    0.429893977804
5.48    0.436183726926
5.5    0.442359526617
5.52    0.448441070835
5.54    0.454435412418
5.56    0.460330309165
5.58    0.466101769448
5.6    0.471744057772
5.62    0.477241813385
5.64    0.482598001895
5.66    0.487812277418
5.68    0.492882444374
5.7    0.497814640039
5.72    0.502615997975
5.74    0.507289426035
5.76    0.511834095953
5.78    0.516252348246
5.8    0.520562738072
5.82    0.524779658951
5.84    0.528896505271
5.86    0.532902092454
5.88    0.536784862866
5.9    0.540540367261
5.92    0.544157791944
5.94    0.547623886567
5.96    0.550929465317
5.98    0.554085463845
6.0    0.557090773687
6.02    0.559959775325
6.04    0.562706344696
6.06    0.56533361136
6.08    0.567831982276
6.1    0.570199210882
6.12    0.572438847779
6.14    0.574565371306
6.16    0.576599342084
6.18    0.578544677511
6.2    0.580391613457
6.22    0.58211925003
6.24    0.583719123284
6.26    0.585182858805
6.28    0.586508513754
6.3    0.587693686199
6.32    0.588733838601
6.34    0.589642935007
6.36    0.590422312605
6.38    0.591080875007
6.4    0.591623191107
6.42    0.59205205109
6.44    0.592369043674
6.46    0.592574593021
6.48    0.592670051556
6.5    0.592670530784
6.52    0.592603841647
6.54    0.592485357367
6.56    0.592287502423
6.58    0.591996444719
6.6    0.591608884713
6.62    0.59113354179
6.64    0.590590543058
6.66    0.589987462812
6.68    0.58932042835
6.7    0.588593682979
6.72    0.58782951093
6.74    0.587042807804
6.76    0.586208836721
6.78    0.585311386472
6.8    0.584333138378
6.82    0.583257536534
6.84    0.582077604458
6.86    0.580789915109
6.88    0.579403300612
6.9    0.57792542645
6.92    0.57639400655
6.94    0.574879501216
6.96    0.573355593488
6.98    0.571807622863
7.0    0.570345645447
7.02    0.568883310612
7.04    0.567349514838
7.06    0.565737142498
7.08    0.5640547779
7.1    0.562318991663
7.12    0.56055057921
7.14    0.558741642086
7.16    0.556870286897
7.18    0.554931255419
7.2    0.552936754915
7.22    0.550984923436
7.24    0.549200426913
7.26    0.547473725918
7.28    0.545773171209
7.3    0.544073074726
7.32    0.54247232975
7.34    0.540904148843
7.36    0.539275075476
7.38    0.537579454951
7.4    0.535810648525
7.42    0.533977120925
7.44    0.532094327526
7.46    0.530184488615
7.48    0.528264751251
7.5    0.526325027766
7.52    0.524361631075
7.54    0.522382851232
7.56    0.520394444586
7.58    0.518400207228
7.6    0.516427832775
7.62    0.514491692163
7.64    0.513054736111
7.66    0.513439929472
7.68    0.513787827627
7.7    0.514098110612
7.72    0.514373238794
7.74    0.514637067379
7.76    0.515021158484
7.78    0.515377272453
7.8    0.515697971191
7.82    0.515983564421
7.84    0.516228592553
7.86    0.516431336172
7.88    0.51660023637
7.9    0.516723304993
7.92    0.51681407994
7.94    0.516860146278
7.96    0.516873815625
7.98    0.516844879742
8.0    0.516784201435
8.02    0.516682884183
8.04    0.516550565715
8.06    0.516379760806
8.08    0.516178457693
8.1    0.515941308566
8.12    0.515673623096
8.14    0.515373801806
8.16    0.51504228198
8.18    0.514684407156
8.2    0.514296583311
8.22    0.513884315738
8.24    0.513460316372
8.26    0.513126160049
8.28    0.512854537168
8.3    0.512699097871
8.32    0.512518871929
8.34    0.51230164522
8.36    0.512061585589
8.38    0.511785124347
8.4    0.511484227417
8.42    0.5111514884
8.44    0.510789894904
8.46    0.51040308434
8.48    0.509983079728
8.5    0.509544300332
8.52    0.509073580447
8.54    0.508581241228
8.56    0.508061880677
8.58    0.50752231192
8.6    0.506960157789
8.62    0.506384796808
8.64    0.505865791639
8.66    0.50533461863
8.68    0.504785904832
8.7    0.504218363111
8.72    0.503634983991
8.74    0.503031108912
8.76    0.502407030617
8.78    0.501767920969
8.8    0.501107472663
8.82    0.500430517185
8.84    0.499735806759
8.86    0.499021673608
8.88    0.498294062985
8.9    0.49754663334
8.92    0.496785506251
8.94    0.496007814879
8.96    0.495213497926
8.98    0.494407346895
9.0    0.493584422879
9.02    0.492748577532
9.04    0.491900375576
9.06    0.491038726033
9.08    0.490166465373
9.1    0.48928691241
9.12    0.488462180553
9.14    0.487718785777
9.16    0.487071230299
9.18    0.486484860611
9.2    0.485908446556
9.22    0.485320066466
9.24    0.484715704558
9.26    0.484099623919
9.28    0.483466658354
9.3    0.48282088213
9.32    0.482158877473
9.34    0.481484747806
9.36    0.480794499868
9.38    0.480093320129
9.4    0.479376627156
9.42    0.478649662624
9.44    0.477909408241
9.46    0.47715788671
9.48    0.476397824396
9.5    0.475628430946
9.52    0.474851982858
9.54    0.474069675857
9.56    0.473281886167
9.58    0.472488610081
9.6    0.471689833003
9.62    0.470886064728
9.64    0.470078523967
9.66    0.469267863293
9.68    0.468465320137
9.7    0.467678976396
9.72    0.466889264866
9.74    0.466092174861
9.76    0.465285177898
9.78    0.464471229366
9.8    0.463646658574
9.82    0.462811961222
9.84    0.461970762207
9.86    0.461117692624
9.88    0.460255655732
9.9    0.459387405246
9.92    0.458508124159
9.94    0.457618694487
9.96    0.456725609622
9.98    0.455822296052
10.0    0.454909043846
