0.05    6.3363744522e-05
0.07    0.000132591393588
0.09    0.000249553098847
0.1    0.000338582786608
0.12    0.000522455039876
0.14    0.000750613674373
0.16    0.00142902876875
0.18    0.00232251539042
0.2    0.00213110597173
0.22    0.0025430446665
0.24    0.00314550034968
0.26    0.00470364049626
0.28    0.00594358016792
0.3    0.00598935543398
0.32    0.00614150417213
0.34    0.00797413001768
0.36    0.0100603232793
0.38    0.00903097459286
0.4    0.0100835943753
0.42    0.0127145502841
0.44    0.0166095102732
0.46    0.0175208032607
0.48    0.0145748825868
0.5    0.0125432743802
0.52    0.0117762687939
0.54    0.0119188783157
0.56    0.0124796050569
0.58    0.0123099620015
0.6    0.013997131604
0.62    0.0143026031871
0.64    0.0167765890844
0.66    0.0184701488862
0.68    0.0177717437497
0.7    0.0175057751784
0.72    0.0164474690332
0.74    0.0164506325355
0.76    0.0183880927109
0.78    0.0214556210836
0.8    0.0248331801241
0.82    0.0274364729229
0.84    0.0284431835275
0.86    0.0281426069274
0.88    0.0273399821949
0.9    0.0266714042089
0.92    0.0264632960943
0.94    0.0266754098027
0.96    0.0283970938127
0.98    0.0296996481432
1.0    0.0299273750554
1.02    0.0299198998065
1.04    0.0287332549365
1.06    0.0286686035591
1.08    0.0291407254084
1.1    0.0288282392737
1.12    0.0282372642111
1.14    0.0280391573533
1.16    0.0286372250778
1.18    0.0299515468661
1.2    0.031649966957
1.22    0.0334446951894
1.24    0.0352293723288
1.26    0.036994691869
1.28    0.0386855445523
1.3    0.0400905895023
1.32    0.0409027177841
1.34    0.0408138172867
1.36    0.0396670220356
1.38    0.0384536358115
1.4    0.0385753334136
1.42    0.0379866447569
1.44    0.0368040559357
1.46    0.035185357212
1.48    0.035180189548
1.5    0.036515712522
1.52    0.0374723051545
1.54    0.0380589863524
1.56    0.0383167317211
1.58    0.0383014174713
1.6    0.038079601151
1.62    0.0377320493329
1.64    0.0376620036566
1.66    0.0406145410874
1.68    0.043595706001
1.7    0.0465383890819
1.72    0.0494019874613
1.74    0.052167282914
1.76    0.0548350964457
1.78    0.0574110716228
1.8    0.0599096359776
1.82    0.0623520983221
1.84    0.064767482375
1.86    0.0672036413213
1.88    0.0697720279254
1.9    0.0724898004385
1.92    0.0752128283875
1.94    0.0778432922339
1.96    0.0803134638165
1.98    0.0825681003996
2.0    0.0845701098466
2.02    0.0876819047924
2.04    0.0914139632955
2.06    0.0950507206294
2.08    0.0985630359273
2.1    0.101918584264
2.12    0.105091513953
2.14    0.108060377396
2.16    0.110815494449
2.18    0.113341094787
2.2    0.115626560344
2.22    0.117676227967
2.24    0.11949189861
2.26    0.121071255654
2.28    0.122427548619
2.3    0.123569512422
2.32    0.124497962656
2.34    0.125233279963
2.36    0.125776787114
2.38    0.12614050845
2.4    0.12633519205
2.42    0.126365451003
2.44    0.126241364497
2.46    0.12596526989
2.48    0.125539911002
2.5    0.124970346837
2.52    0.124249476969
2.54    0.123387910707
2.56    0.122370858604
2.58    0.121214032732
2.6    0.119905301034
2.62    0.120076532196
2.64    0.12025473251
2.66    0.12010804351
2.68    0.119647350218
2.7    0.118890847774
2.72    0.117866882985
2.74    0.116629658498
2.76    0.115296237415
2.78    0.114406240013
2.8    0.113772508711
2.82    0.113152268987
2.84    0.112490318869
2.86    0.111750760776
2.88    0.110931895484
2.9    0.11004838884
2.92    0.109139544843
2.94    0.108268163319
2.96    0.107422889878
2.98    0.106546581064
3.0    0.105619974381
3.02    0.104657838727
3.04    0.103694296707
3.06    0.102898460424
3.08    0.102321305088
3.1    0.101714939931
3.12    0.101047981912
3.14    0.100320267579
3.16    0.0995335390847
3.18    0.0986929279369
3.2    0.0978035551618
3.22    0.0968689963506
3.24    0.0958962520699
3.26    0.0948908307915
3.28    0.0938573856528
3.3    0.092805915831
3.32    0.0917427189327
3.34    0.0906740806398
3.36    0.0896082984057
3.38    0.0885533584534
3.4    0.0875118995938
3.42    0.0864825708886
3.44    0.0854650040125
3.46    0.0844596241762
3.48    0.0834687091123
3.5    0.0824922097963
3.52    0.0815376892263
3.54    0.0806075756599
3.56    0.0797304327488
3.58    0.0790654073359
3.6    0.07843632958
3.62    0.077832337167
3.64    0.0772508667298
3.66    0.0766931271755
3.68    0.0761601609487
3.7    0.0756550740785
3.72    0.07517854073
3.74    0.0747317750424
3.76    0.0743198321219
3.78    0.0739411325864
3.8    0.0735979832303
3.82    0.0732911157643
3.84    0.0732805885862
3.86    0.0734528563642
3.88    0.0736793434047
3.9    0.0739360682408
3.92    0.0742098290559
3.94    0.0744940909875
3.96    0.0747833280114
3.98    0.0750751653851
4.0    0.0753683867202
4.02    0.0756587980747
4.04    0.0759438216005
4.06    0.0762222507115
4.08    0.0764907185116
4.1    0.0767461586577
4.12    0.0769858244721
4.14    0.0772071389224
4.16    0.0774082605099
4.18    0.0775888098523
4.2    0.077744242544
4.22    0.077872693314
4.24    0.0779725790848
4.26    0.0780426423704
4.28    0.0780819285321
4.3    0.0780899228525
4.32    0.0780681340139
4.34    0.0785759499159
4.36    0.079069576003
4.38    0.0795391167077
4.4    0.0799803917479
4.42    0.0803911995168
4.44    0.080772257046
4.46    0.0811252705729
4.48    0.0814522672017
4.5    0.0817558553546
4.52    0.0820393128542
4.54    0.0823002839619
4.56    0.0825337356112
4.58    0.0827375943256
4.6    0.0829107241863
4.62    0.0830533173964
4.64    0.0831672730329
4.66    0.0832554782974
4.68    0.083327747277
4.7    0.0834978152901
4.72    0.0836648443341
4.74    0.0838131039859
4.76    0.0839398055588
4.78    0.0850559872161
4.8    0.0861921392186
4.82    0.0872781806736
4.84    0.0883140429992
4.86    0.0893005165559
4.88    0.0902409858985
4.9    0.0911376542501
4.92    0.0919971773904
4.94    0.0928277873906
4.96    0.0936361164953
4.98    0.0944241069246
5.0    0.0951949821354
5.02    0.0959566868947
5.04    0.0967117138451
5.06    0.0974596598119
5.08    0.0981897517114
5.1    0.0988904372649
5.12    0.0995576891399
5.14    0.100188491067
5.16    0.100782652325
5.18    0.101341410706
5.2    0.10186543286
5.22    0.102357229582
5.24    0.102820504292
5.26    0.103256866316
5.28    0.103671969315
5.3    0.104070448121
5.32    0.104454538289
5.34    0.104819721547
5.36    0.105162248221
5.38    0.105479866468
5.4    0.105770545328
5.42    0.106032681991
5.44    0.106265132701
5.46    0.106467104237
5.48    0.106636046489
5.5    0.106772669196
5.52    0.106876422873
5.54    0.10701578187
5.56    0.108631105974
5.58    0.111430820573
5.6    0.114169684741
5.62    0.116864135093
5.64    0.119612790749
5.66    0.122340432006
5.68    0.124951978437
5.7    0.127406139167
5.72    0.130015340311
5.74    0.132862011757
5.76    0.135542561377
5.78    0.138050261838
5.8    0.140377605094
5.82    0.142518378469
5.84    0.144474833753
5.86    0.146277153619
5.88    0.147994580561
5.9    0.149705939754
5.92    0.151344387412
5.94    0.152814214471
5.96    0.154079617502
5.98    0.155134432236
6.0    0.155986815229
6.02    0.156658569791
6.04    0.157168929
6.06    0.157541947468
6.08    0.157803963885
6.1    0.158005679609
6.12    0.158164429312
6.14    0.15821182724
6.16    0.158564051907
6.18    0.159110854155
6.2    0.15962809002
6.22    0.160073102083
6.24    0.160400518879
6.26    0.160597702596
6.28    0.160650605999
6.3    0.160727732811
6.32    0.161287324248
6.34    0.161731902705
6.36    0.162055619904
6.38    0.1622540614
6.4    0.162327057191
6.42    0.16227582709
6.44    0.162103149646
6.46    0.161813648811
6.48    0.161412510546
6.5    0.16090675726
6.52    0.160304856484
6.54    0.159622581492
6.56    0.158887277178
6.58    0.158133174606
6.6    0.157346681958
6.62    0.156509032384
6.64    0.15561298885
6.66    0.154655169338
6.68    0.153633798331
6.7    0.152554853381
6.72    0.15142980167
6.74    0.150266844141
6.76    0.149064008893
6.78    0.147820535701
6.8    0.146538646157
6.82    0.145222751141
6.84    0.143877159206
6.86    0.142510569877
6.88    0.141132798995
6.9    0.139750033184
6.92    0.138359560289
6.94    0.136955606622
6.96    0.135533397165
6.98    0.134091739304
7.0    0.132632170716
7.02    0.131156191492
7.04    0.129666379522
7.06    0.128165869871
7.08    0.126658733059
7.1    0.125149051273
7.12    0.123640075047
7.14    0.122135348058
7.16    0.120639265707
7.18    0.119154859987
7.2    0.117684667368
7.22    0.116232646296
7.24    0.114800435852
7.26    0.113390818446
7.28    0.11200665364
7.3    0.110650638225
7.32    0.109325300446
7.34    0.108032994906
7.36    0.106775883364
7.38    0.105555934714
7.4    0.104374964947
7.42    0.103234663756
7.44    0.102136926203
7.46    0.101083250415
7.48    0.100074302861
7.5    0.0991116495728
7.52    0.0981959378553
7.54    0.0973278116
7.56    0.0965079313697
7.58    0.0957366528992
7.6    0.0950138586802
7.62    0.0943402310174
7.64    0.0937152066095
7.66    0.0931385169944
7.68    0.0926098099223
7.7    0.092128703169
7.72    0.0916945502123
7.74    0.0913063749816
7.76    0.090963255258
7.78    0.090664144589
7.8    0.0904078809559
7.82    0.0901931953966
7.84    0.0900187205338
7.86    0.0898831415551
7.88    0.0897849591618
7.9    0.0897224249907
7.92    0.0896938682341
7.94    0.0896975597327
7.96    0.0897321589175
7.98    0.0897955952895
8.0    0.0898858945174
8.02    0.0900018450187
8.04    0.0901410757858
8.06    0.0903021032163
8.08    0.0904829431577
8.1    0.0906820209902
8.12    0.0908971291821
8.14    0.0911272896896
8.16    0.0913701728512
8.18    0.0916242140506
8.2    0.091887928789
8.22    0.0921599158691
8.24    0.0924388365328
8.26    0.092723483783
8.28    0.0930137868285
8.3    0.093309996911
8.32    0.0936134855764
8.34    0.0939215635033
8.36    0.0942316633962
8.38    0.0945417155379
8.4    0.0948499807527
8.42    0.095154767412
8.44    0.095454811665
8.46    0.095748176749
8.48    0.0960335763454
8.5    0.096309942653
8.52    0.0965755979613
8.54    0.0968294155958
8.56    0.0970703552472
8.58    0.0972974414971
8.6    0.0975097663192
8.62    0.0977065809234
8.64    0.0978877034143
8.66    0.0980521800117
8.68    0.0982002260398
8.7    0.0983329302568
8.72    0.0984533951317
8.74    0.0985701056941
8.76    0.0986871352553
8.78    0.0988062034966
8.8    0.0989255370171
8.82    0.0990340990065
8.84    0.0991272970054
8.86    0.0992038608057
8.88    0.099263093687
8.9    0.0993053678602
8.92    0.0993313602786
8.94    0.0993411705123
8.96    0.0993340128612
8.98    0.0997774103374
9.0    0.100370330681
9.02    0.100953922971
9.04    0.101527802542
9.06    0.102091720844
9.08    0.102645300057
9.1    0.103188042881
9.12    0.103719628352
9.14    0.104239771242
9.16    0.104748216082
9.18    0.105244736279
9.2    0.105729137567
9.22    0.106201399696
9.24    0.106661343412
9.26    0.107108592476
9.28    0.107542936616
9.3    0.107964166627
9.32    0.108372090782
9.34    0.108766557932
9.36    0.1091477099
9.38    0.109515365775
9.4    0.109869208079
9.42    0.110209057895
9.44    0.110534699047
9.46    0.11084589993
9.48    0.111142428317
9.5    0.111424053521
9.52    0.111690565352
9.54    0.111941806941
9.56    0.112177685528
9.58    0.11239879409
9.6    0.112604505461
9.62    0.112794843505
9.64    0.112969907036
9.66    0.113129865931
9.68    0.113274948405
9.7    0.113405442129
9.72    0.113521687981
9.74    0.113624039328
9.76    0.113713069886
9.78    0.113789861794
9.8    0.11385598472
9.82    0.113914869717
9.84    0.113987600423
9.86    0.114061547675
9.88    0.114132514184
9.9    0.114198119792
9.92    0.114256207158
9.94    0.114304587433
9.96    0.114342206289
9.98    0.114368852707
10.0    0.114384910301
