0.05    7.06541053408e-05
0.07    0.000146759243717
0.09    0.000217731934544
0.1    0.000282573840518
0.12    0.000452162488754
0.14    0.000623142854981
0.16    0.000870862083362
0.18    0.00103763122539
0.2    0.00138762798479
0.22    0.00186825580974
0.24    0.00242691273399
0.26    0.00340077128062
0.28    0.00383427739601
0.3    0.00389314646502
0.32    0.00455006700847
0.34    0.00566654481143
0.36    0.00654245302128
0.38    0.00792356877887
0.4    0.0101383003748
0.42    0.0124136095618
0.44    0.0144490822006
0.46    0.0154405693243
0.48    0.0164988746755
0.5    0.0167632463018
0.52    0.0166867637671
0.54    0.0171420700135
0.56    0.0193105457762
0.58    0.0245706202391
0.6    0.0307397296863
0.62    0.036645610211
0.64    0.0411079489158
0.66    0.0434336757926
0.68    0.0436192835325
0.7    0.0423671690394
0.72    0.0408363864252
0.74    0.0400599328339
0.76    0.0403970258327
0.78    0.0417755730695
0.8    0.0449189686536
0.82    0.0476456691222
0.84    0.0512527259231
0.86    0.0539862574507
0.88    0.0553301004262
0.9    0.0551826529689
0.92    0.0547144235011
0.94    0.0556744374815
0.96    0.0554378457076
0.98    0.0540414879656
1.0    0.0515311926553
1.02    0.0507777640732
1.04    0.0499625415475
1.06    0.0485504601637
1.08    0.047567826673
1.1    0.0474419754438
1.12    0.0469878914935
1.14    0.0462194219573
1.16    0.0451841284438
1.18    0.043902475463
1.2    0.0424251382971
1.22    0.040772849992
1.24    0.0389795488307
1.26    0.0370770638814
1.28    0.035094151628
1.3    0.0343074002731
1.32    0.0338372368424
1.34    0.0332744707189
1.36    0.0326369741212
1.38    0.0319267318277
1.4    0.0311577039126
1.42    0.0303425399724
1.44    0.0294858524041
1.46    0.0285968254106
1.48    0.0276835434961
1.5    0.026753050853
1.52    0.0261488779883
1.54    0.0256137345956
1.56    0.0250769592717
1.58    0.0245389899766
1.6    0.0240053298214
1.62    0.0234723530525
1.64    0.0229460215435
1.66    0.0224240135189
1.68    0.0219080559759
1.7    0.0214014808884
1.72    0.0210520338308
1.74    0.0208002800943
1.76    0.0204948978469
1.78    0.0201450616022
1.8    0.0197708885515
1.82    0.0193732882705
1.84    0.0189622910781
1.86    0.0187047750584
1.88    0.0185962274048
1.9    0.0184869929311
1.92    0.0183775169288
1.94    0.0182656250558
1.96    0.0181518005313
1.98    0.0180399568221
2.0    0.0179263929499
2.02    0.0178113729116
2.04    0.0176955872787
2.06    0.017581640798
2.08    0.0174667413712
2.1    0.0173510864945
2.12    0.0174741780657
2.14    0.0178405990624
2.16    0.0181214637339
2.18    0.0183190903423
2.2    0.018436888654
2.22    0.0184775006986
2.24    0.0184429037543
2.26    0.0183344449492
2.28    0.0181567153134
2.3    0.0179120512681
2.32    0.017604702661
2.34    0.0172405249298
2.36    0.0168272196702
2.38    0.0169982148611
2.4    0.017225082721
2.42    0.0174495670482
2.44    0.0176705594252
2.46    0.0178869627549
2.48    0.0180976985388
2.5    0.0184064459196
2.52    0.0191233612322
2.54    0.0196834066115
2.56    0.0200801923621
2.58    0.0203185356072
2.6    0.0204137555845
2.62    0.0203880048693
2.64    0.0202678503626
2.66    0.0200803620799
2.68    0.020244414449
2.7    0.0207886596473
2.72    0.0213277408695
2.74    0.0218621698172
2.76    0.0223902629998
2.78    0.0229096707879
2.8    0.0234213906523
2.82    0.0239241246309
2.84    0.0244155902226
2.86    0.0248988198468
2.88    0.0253694010028
2.9    0.0258300987952
2.92    0.0268008377901
2.94    0.0280924666981
2.96    0.0293869627272
2.98    0.0306535960794
3.0    0.0318641089996
3.02    0.0329911418786
3.04    0.0340102822854
3.06    0.0349017099541
3.08    0.0356469785922
3.1    0.0362296550776
3.12    0.036640686692
3.14    0.0377642972379
3.16    0.0388743866415
3.18    0.039899125779
3.2    0.040834752507
3.22    0.0416818030289
3.24    0.0424399882765
3.26    0.0431152944568
3.28    0.0437198879272
3.3    0.0442685646275
3.32    0.0447709696879
3.34    0.0452418301484
3.36    0.0457235293078
3.38    0.046319125667
3.4    0.0469560837709
3.42    0.0475901295171
3.44    0.0481809922296
3.46    0.0487083410783
3.48    0.0491591826697
3.5    0.0495241417476
3.52    0.0497964279959
3.54    0.0499764858994
3.56    0.0500648202923
3.58    0.050065056484
3.6    0.0499786968911
3.62    0.0498098086343
3.64    0.0495631473061
3.66    0.0492439643827
3.68    0.0488603062971
3.7    0.0484216453419
3.72    0.047933585784
3.74    0.0474034411443
3.76    0.046840263953
3.78    0.0462680866383
3.8    0.0458249884164
3.82    0.045682828763
3.84    0.0455278516885
3.86    0.0453285991948
3.88    0.0450764689991
3.9    0.044778692839
3.92    0.0444458367691
3.94    0.0440789984322
3.96    0.043673548394
3.98    0.0432314125117
4.0    0.0427567107478
4.02    0.0422445853346
4.04    0.0416918638792
4.06    0.0410983370709
4.08    0.0408592346352
4.1    0.041333087442
4.12    0.0417903511864
4.14    0.0422312028384
4.16    0.042657359352
4.18    0.0430675997008
4.2    0.0434619582086
4.22    0.0438405649424
4.24    0.0442046658685
4.26    0.0445542202591
4.28    0.0448884959933
4.3    0.0452076028971
4.32    0.0455134331626
4.34    0.0458049465762
4.36    0.0460817076235
4.38    0.0463447999909
4.4    0.0465950493362
4.42    0.0468310000763
4.44    0.0470533832273
4.46    0.04726393907
4.48    0.0474607255
4.5    0.0476443343319
4.52    0.0478168667081
4.54    0.0479761889161
4.56    0.0481228551222
4.58    0.0482590218922
4.6    0.048382503501
4.62    0.0484939524218
4.64    0.0485952872845
4.66    0.0486844030759
4.68    0.0487622551014
4.7    0.0488301420473
4.72    0.0488862301579
4.74    0.0489320052802
4.76    0.0489677139473
4.78    0.0489920213532
4.8    0.0490071457657
4.82    0.0490118942198
4.84    0.0490057435698
4.86    0.0489915046325
4.88    0.0489666592765
4.9    0.0489320955777
4.92    0.0488892636103
4.94    0.048836548771
4.96    0.0487747873989
4.98    0.0487052061189
5.0    0.0486265253553
5.02    0.0485390826348
5.04    0.0484442705315
5.06    0.0483414849551
5.08    0.0482306861181
5.1    0.0485443069347
5.12    0.0489084584849
5.14    0.0492667838828
5.16    0.0496184983589
5.18    0.0499630826866
5.2    0.0503011605378
5.22    0.0506311342027
5.24    0.0509534625267
5.26    0.0512677479603
5.28    0.0515733167824
5.3    0.0518700341011
5.32    0.0521578030159
5.34    0.0524365794749
5.36    0.0527063728506
5.38    0.0529672306935
5.4    0.0532192085169
5.42    0.0534623367905
5.44    0.0536966021914
5.46    0.0539219450595
5.48    0.0541382659294
5.5    0.0543454415064
5.52    0.0545433498167
5.54    0.054731891836
5.56    0.0549109907897
5.58    0.0550805664853
5.6    0.0552408210427
5.62    0.0553923707651
5.64    0.0562196476838
5.66    0.0570839990517
5.68    0.057936934708
5.7    0.0589114712947
5.72    0.0600374029532
5.74    0.0611544563938
5.76    0.0622624538699
5.78    0.0633620937471
5.8    0.0644537703076
5.82    0.0655385066937
5.84    0.0666163560929
5.86    0.0676865608808
5.88    0.0687480788229
5.9    0.0697998474689
5.92    0.0708413411464
5.94    0.071872878475
5.96    0.0728950602901
5.98    0.0739076909097
6.0    0.0749095098267
6.02    0.0758987477937
6.04    0.0768737338659
6.06    0.0778349035401
6.08    0.0787800837498
6.1    0.0797100089684
6.12    0.0806231866663
6.14    0.0815188511897
6.16    0.0823965442609
6.18    0.0832564498122
6.2    0.0840973061581
6.22    0.084918757165
6.24    0.0857204954814
6.26    0.0865022626776
6.28    0.087263856989
6.3    0.0880051339113
6.32    0.0887259949055
6.34    0.0894270347394
6.36    0.0901079290529
6.38    0.0907682932276
6.4    0.0914080381292
6.42    0.0920271349088
6.44    0.0926266560891
6.46    0.0932053571992
6.48    0.0937632085706
6.5    0.0943007183109
6.52    0.0948187333069
6.54    0.0953163000936
6.56    0.0957956305887
6.58    0.0962558835829
6.6    0.0966985029429
6.62    0.0973174408211
6.64    0.098998816865
6.66    0.100656449081
6.68    0.102286234728
6.7    0.10388095841
6.72    0.105437992995
6.74    0.10695514801
6.76    0.108427893936
6.78    0.109854320064
6.8    0.111233565117
6.82    0.112565136215
6.84    0.113850883756
6.86    0.115094214986
6.88    0.116296468135
6.9    0.11745972133
6.92    0.118584588456
6.94    0.119669616508
6.96    0.120713805137
6.98    0.121716237798
7.0    0.122676221273
7.02    0.1235933139
7.04    0.124467283269
7.06    0.1252980634
7.08    0.126086000125
7.1    0.126830561365
7.12    0.127531825315
7.14    0.128190433377
7.16    0.128806674377
7.18    0.129381558495
7.2    0.12991710849
7.22    0.130414132143
7.24    0.130874445714
7.26    0.1313001884
7.28    0.131693411991
7.3    0.132056197242
7.32    0.132635682419
7.34    0.133772526079
7.36    0.134881013672
7.38    0.135955890226
7.4    0.13699720149
7.42    0.138005306662
7.44    0.138980558913
7.46    0.13992910095
7.48    0.140855935625
7.5    0.141753851147
7.52    0.142614546402
7.54    0.143433817066
7.56    0.144208352711
7.58    0.144935965204
7.6    0.145616111955
7.62    0.146249813492
7.64    0.146838868829
7.66    0.147389404603
7.68    0.147914815325
7.7    0.14842398195
7.72    0.148916171666
7.74    0.149392220428
7.76    0.149851086706
7.78    0.150294082342
7.8    0.150731069183
7.82    0.151172174496
7.84    0.151619017527
7.86    0.152096485952
7.88    0.15260446027
7.9    0.153134499635
7.92    0.153688461652
7.94    0.154262661527
7.96    0.154853098096
7.98    0.155450107908
8.0    0.156029812063
8.02    0.156578905429
8.04    0.157087457334
8.06    0.157549521892
8.08    0.157963478623
8.1    0.158327856483
8.12    0.158641953739
8.14    0.158903842129
8.16    0.159114725856
8.18    0.159273600239
8.2    0.159382884517
8.22    0.159443079362
8.24    0.159454642822
8.26    0.159416782602
8.28    0.159329223338
8.3    0.159194766841
8.32    0.159013908928
8.34    0.15895356847
8.36    0.159000095275
8.38    0.159023639698
8.4    0.159027591958
8.42    0.15901847454
8.44    0.158994103726
8.46    0.158951782075
8.48    0.158891679501
8.5    0.158814592588
8.52    0.158723282322
8.54    0.158627419671
8.56    0.158576195165
8.58    0.158592931224
8.6    0.158628746761
8.62    0.158671213655
8.64    0.158709495421
8.66    0.158743737635
8.68    0.158771808269
8.7    0.158794055916
8.72    0.158824467952
8.74    0.158866896281
8.76    0.158921042427
8.78    0.158967453538
8.8    0.15899580745
8.82    0.159002645032
8.84    0.158986301281
8.86    0.158946294918
8.88    0.158882322604
8.9    0.158794358087
8.92    0.158682367687
8.94    0.158545936145
8.96    0.15838579614
8.98    0.158200493008
9.0    0.157989897262
9.02    0.157754910981
9.04    0.157494346071
9.06    0.157209817414
9.08    0.15690043894
9.1    0.156567689393
9.12    0.156211043996
9.14    0.155832033578
9.16    0.155430529671
9.18    0.15500888049
9.2    0.154568041669
9.22    0.154108798993
9.24    0.153631583265
9.26    0.153137017079
9.28    0.152626845456
9.3    0.152101811571
9.32    0.151562397972
9.34    0.151010717022
9.36    0.150448258381
9.38    0.149876056404
9.4    0.149294006797
9.42    0.148702409842
9.44    0.148103991
9.46    0.147635470384
9.48    0.147290606444
9.5    0.146936682074
9.52    0.146569688091
9.54    0.146187568561
9.56    0.14628664808
9.58    0.146418680255
9.6    0.146537582929
9.62    0.146643340821
9.64    0.146736753542
9.66    0.146817445522
9.68    0.146885112263
9.7    0.146939734378
9.72    0.146981972586
9.74    0.147012209087
9.76    0.147029476603
9.78    0.147033914009
9.8    0.147027318291
9.82    0.147007820146
9.84    0.146975915721
9.86    0.14693307841
9.88    0.146877425956
9.9    0.14681063082
9.92    0.146732213923
9.94    0.146641616278
9.96    0.146540921684
9.98    0.146427814351
10.0    0.146304750959
