0.05    5.61946012207e-05
0.07    0.000122256081678
0.09    0.000182612038325
0.1    0.00023927155982
0.12    0.000382721504329
0.14    0.000534335334931
0.16    0.000857812399798
0.18    0.0010454702441
0.2    0.00140265180143
0.22    0.00214142091725
0.24    0.00257755989847
0.26    0.0039054127559
0.28    0.00430626977729
0.3    0.00483969571715
0.32    0.00502422094759
0.34    0.00546428429736
0.36    0.00702053120413
0.38    0.00816843243636
0.4    0.0079936070052
0.42    0.00693623834886
0.44    0.0075791178024
0.46    0.00901222062075
0.48    0.0114631822283
0.5    0.0140019699103
0.52    0.0161446195138
0.54    0.0180676513645
0.56    0.0215017682823
0.58    0.0236477201156
0.6    0.0241763604758
0.62    0.0233196321191
0.64    0.0215509990484
0.66    0.0214637361878
0.68    0.0214453342261
0.7    0.021416031016
0.72    0.021456218828
0.74    0.0216058543783
0.76    0.0218955567986
0.78    0.022344668414
0.8    0.0254272604529
0.82    0.0287155932296
0.84    0.0321511129903
0.86    0.0356960541965
0.88    0.0393002433305
0.9    0.0428938215964
0.92    0.0463958491757
0.94    0.0497324930765
0.96    0.0538567230277
0.98    0.0580671699534
1.0    0.0612834121899
1.02    0.0632108508785
1.04    0.0637901141381
1.06    0.0650160486835
1.08    0.066576535116
1.1    0.0676356827028
1.12    0.0685303463068
1.14    0.0690064545428
1.16    0.0690678661232
1.18    0.0687156941746
1.2    0.0679783269207
1.22    0.0669011774682
1.24    0.0655384305881
1.26    0.0650334685499
1.28    0.0645331585972
1.3    0.0639395396324
1.32    0.0632727774144
1.34    0.0625499503686
1.36    0.0617851589436
1.38    0.0609910952828
1.4    0.0601880398325
1.42    0.0593763475329
1.44    0.0585674826243
1.46    0.0577773588635
1.48    0.0570013995704
1.5    0.0562576461388
1.52    0.0555374578766
1.54    0.0548512027506
1.56    0.0541951192777
1.58    0.0535654578632
1.6    0.0529693986498
1.62    0.0523966598603
1.64    0.0518440083952
1.66    0.0513083057877
1.68    0.0507894406905
1.7    0.0502809763818
1.72    0.0506184602642
1.74    0.0510246514398
1.76    0.0514621719446
1.78    0.051925644662
1.8    0.0524177968203
1.82    0.0529305361872
1.84    0.0534694056726
1.86    0.0540240645039
1.88    0.0546000507009
1.9    0.0551892682894
1.92    0.0557926108239
1.94    0.0564081629971
1.96    0.0570304042154
1.98    0.0576643880468
2.0    0.0583003905355
2.02    0.0589426316474
2.04    0.0595860428441
2.06    0.0602288824482
2.08    0.0608731788576
2.1    0.0615106975607
2.12    0.0621498749474
2.14    0.0627794783226
2.16    0.0634056410509
2.18    0.0640224033654
2.2    0.0646313797521
2.22    0.0652309979627
2.24    0.0658193143873
2.26    0.0663980640371
2.28    0.0669628903687
2.3    0.0675175703555
2.32    0.0680566605444
2.34    0.0685845354303
2.36    0.0690961666332
2.38    0.0695949163338
2.4    0.0700778289438
2.42    0.0705455102439
2.44    0.0709988504343
2.46    0.0714338626256
2.48    0.0718571284323
2.5    0.0722587544443
2.52    0.0726511703389
2.54    0.0730226165565
2.56    0.073380024415
2.58    0.0737214713497
2.6    0.0740432304265
2.62    0.0743550540133
2.64    0.0746461525488
2.66    0.0749235149646
2.68    0.0751859734182
2.7    0.0754284917651
2.72    0.0756619229398
2.74    0.075877065071
2.76    0.0760749318781
2.78    0.0762635593677
2.8    0.076433754631
2.82    0.0765892090443
2.84    0.0767344303656
2.86    0.0768622534731
2.88    0.0769766654303
2.9    0.0770811381811
2.92    0.0771692773638
2.94    0.0772442005975
2.96    0.0773106479114
2.98    0.0773618331912
3.0    0.077398954668
3.02    0.0774301046056
3.04    0.0774470527362
3.06    0.0774502103922
3.08    0.0774466774803
3.1    0.0774320505868
3.12    0.0774046562917
3.14    0.0773674224022
3.16    0.0773237977427
3.18    0.0772683910216
3.2    0.0772015800658
3.22    0.0771290155462
3.24    0.0770480237288
3.26    0.0769565516891
3.28    0.0768549527971
3.3    0.076749824581
3.32    0.0766359459642
3.34    0.0765127971057
3.36    0.0763807053873
3.38    0.0762455257557
3.4    0.0761028981342
3.42    0.0770665722053
3.44    0.0783044502499
3.46    0.0795324300885
3.48    0.0807490598776
3.5    0.0819542893502
3.52    0.0831508722645
3.54    0.0843557874844
3.56    0.0855847661747
3.58    0.0868129421501
3.6    0.0880216773224
3.62    0.0892018157147
3.64    0.0903497949198
3.66    0.0914646954532
3.68    0.0925415943051
3.7    0.0935817806554
3.72    0.0945831460008
3.74    0.0955438615231
3.76    0.0964636414746
3.78    0.0973423196776
3.8    0.0981798821515
3.82    0.0989764817684
3.84    0.0997324364899
3.86    0.100448222821
3.88    0.101124469193
3.9    0.101761935876
3.92    0.102361479524
3.94    0.102924022666
3.96    0.103450536456
3.98    0.103942121122
4.0    0.104401810607
4.02    0.104828851714
4.04    0.105224145995
4.06    0.10558850245
4.08    0.105924708042
4.1    0.106232423947
4.12    0.106511183004
4.14    0.106762576759
4.16    0.106989383521
4.18    0.107189720969
4.2    0.107367521659
4.22    0.107522015196
4.24    0.107656437239
4.26    0.107769186358
4.28    0.107863877817
4.3    0.107937413834
4.32    0.107991972481
4.34    0.108025754359
4.36    0.108041396635
4.38    0.108039028799
4.4    0.10802228478
4.42    0.107997202147
4.44    0.107976891001
4.46    0.10797244011
4.48    0.107986391363
4.5    0.10801607973
4.52    0.108061003303
4.54    0.10812866915
4.56    0.10839242687
4.58    0.108716626499
4.6    0.109031922394
4.62    0.109332179926
4.64    0.109617302647
4.66    0.109884838507
4.68    0.110135492659
4.7    0.110409331692
4.72    0.111235628689
4.74    0.112044466196
4.76    0.112832650199
4.78    0.113600203096
4.8    0.114344446199
4.82    0.115064455144
4.84    0.115760743891
4.86    0.116433896114
4.88    0.117082798971
4.9    0.117707771832
4.92    0.118309210957
4.94    0.118887585855
4.96    0.119443431584
4.98    0.11997942679
5.0    0.120494278094
5.02    0.120988561099
5.04    0.121464267147
5.06    0.12192229237
5.08    0.122361907697
5.1    0.122786433338
5.12    0.123193033293
5.14    0.123584728245
5.16    0.123958710568
5.18    0.124314717623
5.2    0.124653913669
5.22    0.124975458587
5.24    0.125278892306
5.26    0.125564359224
5.28    0.125832025798
5.3    0.126082081504
5.32    0.126314741208
5.34    0.127545387079
5.36    0.128762826773
5.38    0.129944651966
5.4    0.131089918489
5.42    0.132195890659
5.44    0.133261024322
5.46    0.134283564796
5.48    0.135261272772
5.5    0.136191443403
5.52    0.137075158457
5.54    0.137908874156
5.56    0.13869534576
5.58    0.139431111446
5.6    0.140118166184
5.62    0.140756887199
5.64    0.141345741705
5.66    0.141885255508
5.68    0.142377291823
5.7    0.142823178726
5.72    0.143222302579
5.74    0.143576387384
5.76    0.143890344466
5.78    0.144164497621
5.8    0.144404852572
5.82    0.14506442346
5.84    0.145831900152
5.86    0.146591717883
5.88    0.147340699302
5.9    0.148083036405
5.92    0.148870328558
5.94    0.149790608733
5.96    0.150702467061
5.98    0.151593748974
6.0    0.152462191798
6.02    0.153308621567
6.04    0.154134226079
6.06    0.154937639796
6.08    0.155719229181
6.1    0.156483967141
6.12    0.157241468626
6.14    0.157996270294
6.16    0.158747388885
6.18    0.159493647547
6.2    0.160229373822
6.22    0.160953034917
6.24    0.161662307354
6.26    0.162352187552
6.28    0.163018168423
6.3    0.163657545656
6.32    0.164269079209
6.34    0.164853040359
6.36    0.165409968536
6.38    0.165940313034
6.4    0.166444390005
6.42    0.166922302619
6.44    0.167373480337
6.46    0.167797958215
6.48    0.168194242163
6.5    0.168561242288
6.52    0.168900695735
6.54    0.169212734895
6.56    0.169497855499
6.58    0.169758252433
6.6    0.169996297267
6.62    0.170214353619
6.64    0.170414670939
6.66    0.170602228615
6.68    0.170777334561
6.7    0.170938121333
6.72    0.171085192538
6.74    0.171216703832
6.76    0.171333882847
6.78    0.171434573564
6.8    0.171517620334
6.82    0.171582306426
6.84    0.171628246079
6.86    0.171655496399
6.88    0.171664395921
6.9    0.171655162386
6.92    0.171627168205
6.94    0.171580769234
6.96    0.171513595883
6.98    0.17142576587
7.0    0.17195245566
7.02    0.172565052683
7.04    0.173133349848
7.06    0.173659431805
7.08    0.174143441779
7.1    0.17458510008
7.12    0.174983246911
7.14    0.17533620494
7.16    0.175642692111
7.18    0.175903365268
7.2    0.176119182237
7.22    0.176290959649
7.24    0.176419338765
7.26    0.176941745398
7.28    0.17965441248
7.3    0.182271411556
7.32    0.184789571003
7.34    0.187205808995
7.36    0.189514867015
7.38    0.191718330365
7.4    0.193813772996
7.42    0.195802536051
7.44    0.197686674021
7.46    0.19946681254
7.48    0.201150913901
7.5    0.202747211164
7.52    0.204270412144
7.54    0.205752889375
7.56    0.207349958691
7.58    0.209147607444
7.6    0.210959726946
7.62    0.212784277741
7.64    0.214613240686
7.66    0.216421367136
7.68    0.218190312243
7.7    0.219905470014
7.72    0.221557816585
7.74    0.223140858199
7.76    0.224647968285
7.78    0.226071811624
7.8    0.227406404225
7.82    0.22865052434
7.84    0.229804228691
7.86    0.230874197743
7.88    0.231862739487
7.9    0.232771722244
7.92    0.233607512707
7.94    0.234384222467
7.96    0.235106554807
7.98    0.235775786366
8.0    0.236393917942
8.02    0.236962863929
8.04    0.237494394725
8.06    0.23801628293
8.08    0.238573099376
8.1    0.23918624636
8.12    0.239804713891
8.14    0.240408187845
8.16    0.240969996418
8.18    0.241477949524
8.2    0.241930377251
8.22    0.24233260781
8.24    0.242693579554
8.26    0.243015717219
8.28    0.243298358172
8.3    0.243545215921
8.32    0.243747895316
8.34    0.24390127752
8.36    0.244001439472
8.38    0.244048702191
8.4    0.244042383615
8.42    0.243985406173
8.44    0.243881003963
8.46    0.243734945916
8.48    0.244352245479
8.5    0.245153858273
8.52    0.245919976918
8.54    0.246646201425
8.56    0.247329630269
8.58    0.247968522501
8.6    0.248560847077
8.62    0.249106526866
8.64    0.24960187784
8.66    0.250046621951
8.68    0.250440445286
8.7    0.250782738645
8.72    0.251072699255
8.74    0.251309557928
8.76    0.251492674883
8.78    0.251623195998
8.8    0.251700984989
8.82    0.251724978196
8.84    0.251698760755
8.86    0.251619647147
8.88    0.25149163444
8.9    0.251313668565
8.92    0.251087684382
8.94    0.250815620408
8.96    0.25049747716
8.98    0.250135555054
9.0    0.249732750546
9.02    0.24929012522
9.04    0.24881158237
9.06    0.248301678914
9.08    0.247770656723
9.1    0.24723121109
9.12    0.247048687701
9.14    0.247345749707
9.16    0.247612425741
9.18    0.247845098619
9.2    0.248042811027
9.22    0.248203224115
9.24    0.248325960319
9.26    0.248410727957
9.28    0.248457194363
9.3    0.248465037426
9.32    0.248434525452
9.34    0.248366896615
9.36    0.248263684368
9.38    0.248125590476
9.4    0.247952328104
9.42    0.24774353341
9.44    0.247500638129
9.46    0.247223095845
9.48    0.246910703313
9.5    0.246564068538
9.52    0.24618267587
9.54    0.245766648051
9.56    0.245315897319
9.58    0.244832332554
9.6    0.244314445029
9.62    0.243763559235
9.64    0.243180528452
9.66    0.242564608223
9.68    0.241916445246
9.7    0.24123672154
9.72    0.240526124794
9.74    0.239785854165
9.76    0.239016199467
9.78    0.238217455468
9.8    0.23739027554
9.82    0.236535333731
9.84    0.235653323939
9.86    0.234744953099
9.88    0.233810931228
9.9    0.23285196251
9.92    0.23186874172
9.94    0.230861962409
9.96    0.22983233333
9.98    0.228780589414
10.0    0.227707486329
