0.05    4.42560159932e-05
0.07    8.69025738227e-05
0.09    0.000146808335831
0.1    0.000177513190753
0.12    0.000287834278277
0.14    0.000414029015294
0.16    0.000593173940966
0.18    0.00100736737599
0.2    0.00138413662575
0.22    0.00134341420751
0.24    0.00146391555689
0.26    0.0017980662184
0.28    0.00249433288862
0.3    0.00288237403693
0.32    0.00412747065225
0.34    0.00541019239037
0.36    0.00511918921854
0.38    0.00488774651925
0.4    0.00554219867434
0.42    0.00638460061736
0.44    0.00844881442631
0.46    0.00980602780973
0.48    0.00985249277174
0.5    0.0104575833003
0.52    0.0119411861289
0.54    0.0112276782724
0.56    0.0118996118081
0.58    0.0133439505777
0.6    0.0147739069036
0.62    0.0166551263739
0.64    0.0185333095941
0.66    0.0194276876948
0.68    0.0188457513651
0.7    0.0176753993576
0.72    0.0171444049059
0.74    0.0160655494535
0.76    0.0152834090997
0.78    0.0149306055637
0.8    0.0154557089851
0.82    0.0169082417518
0.84    0.0194115487953
0.86    0.0209243554774
0.88    0.0233750787884
0.9    0.027375175608
0.92    0.0321053131931
0.94    0.0360578260704
0.96    0.0388996306714
0.98    0.0410197459569
1.0    0.0425675268738
1.02    0.0442817150037
1.04    0.0464663433096
1.06    0.0503624946724
1.08    0.0546769490526
1.1    0.0589242661608
1.12    0.0623307044313
1.14    0.0648584916701
1.16    0.0665104683874
1.18    0.0678198048605
1.2    0.0694817965508
1.22    0.0718518950135
1.24    0.0746445366361
1.26    0.0776688495015
1.28    0.0804111560036
1.3    0.0822775164485
1.32    0.0828865363798
1.34    0.0820241780161
1.36    0.0798736160169
1.38    0.0822060601555
1.4    0.087586338715
1.42    0.0907237155055
1.44    0.0917531650754
1.46    0.0913192142762
1.48    0.0896954184018
1.5    0.0873001538535
1.52    0.0844917036469
1.54    0.0813798429278
1.56    0.0781583049212
1.58    0.0749054914441
1.6    0.0715905161753
1.62    0.0686749222125
1.64    0.0703579928806
1.66    0.0724526671609
1.68    0.0748147808496
1.7    0.0771851617286
1.72    0.0794982748284
1.74    0.0827117336044
1.76    0.0854342784333
1.78    0.0875846394255
1.8    0.0891191588779
1.82    0.0900365498585
1.84    0.0904032208127
1.86    0.0903626785592
1.88    0.090117712321
1.9    0.0898867790365
1.92    0.0898475068639
1.94    0.0902273829613
1.96    0.0908614217105
1.98    0.0916090296399
2.0    0.0956135316883
2.02    0.104570358213
2.04    0.113131686877
2.06    0.120930143662
2.08    0.127453706087
2.1    0.132594593927
2.12    0.136089367616
2.14    0.137828712568
2.16    0.137958898413
2.18    0.136610556577
2.2    0.134135277763
2.22    0.13079319124
2.24    0.126935626332
2.26    0.122836343201
2.28    0.118681956822
2.3    0.114658287205
2.32    0.110922454145
2.34    0.107567391324
2.36    0.104715893329
2.38    0.102535786211
2.4    0.101142821044
2.42    0.100539663408
2.44    0.100683813768
2.46    0.101451907938
2.48    0.102664624194
2.5    0.104120041547
2.52    0.105624606936
2.54    0.107071295556
2.56    0.108345410486
2.58    0.109309188577
2.6    0.110052247825
2.62    0.110438758862
2.64    0.110610164266
2.66    0.110579302666
2.68    0.110481251133
2.7    0.110545908503
2.72    0.110919902733
2.74    0.111820800952
2.76    0.113433222412
2.78    0.115879388413
2.8    0.119198011119
2.82    0.123335256014
2.84    0.128148717469
2.86    0.133488073639
2.88    0.13910936166
2.9    0.144822855383
2.92    0.15040058766
2.94    0.155685429879
2.96    0.160537564708
2.98    0.164844300418
3.0    0.168527546787
3.02    0.171550246026
3.04    0.174014111239
3.06    0.175899700454
3.08    0.177330913898
3.1    0.178906836535
3.12    0.181279008363
3.14    0.18311656244
3.16    0.184489411337
3.18    0.185515762919
3.2    0.186243127278
3.22    0.186739314661
3.24    0.187234969823
3.26    0.187665015554
3.28    0.188279269597
3.3    0.189002135912
3.32    0.189910727964
3.34    0.191076425698
3.36    0.192389583456
3.38    0.193836524222
3.4    0.195452414843
3.42    0.197061802401
3.44    0.198626702734
3.46    0.200170932045
3.48    0.201512611673
3.5    0.202691002317
3.52    0.203654862965
3.54    0.204305021951
3.56    0.204786371136
3.58    0.204923040606
3.6    0.204826386473
3.62    0.204459868155
3.64    0.203806407538
3.66    0.202977006886
3.68    0.201859236347
3.7    0.200580051046
3.72    0.199098203519
3.74    0.197396088853
3.76    0.19561691428
3.78    0.193682774273
3.8    0.191620412422
3.82    0.18951247054
3.84    0.187403642593
3.86    0.18529042021
3.88    0.183223632008
3.9    0.181254890981
3.92    0.179516332657
3.94    0.178859130512
3.96    0.178323777203
3.98    0.177889374956
4.0    0.177584242375
4.02    0.177494892436
4.04    0.177555658964
4.06    0.17783448309
4.08    0.178300720637
4.1    0.178926530684
4.12    0.179723923805
4.14    0.180677724999
4.16    0.181780945129
4.18    0.183475586759
4.2    0.185264789171
4.22    0.187069932747
4.24    0.188855988603
4.26    0.190633812442
4.28    0.192335285445
4.3    0.194111409606
4.32    0.197148795295
4.34    0.199964454314
4.36    0.202547720805
4.38    0.204951962466
4.4    0.20712051314
4.42    0.209112185792
4.44    0.210952617196
4.46    0.212726791526
4.48    0.214462329161
4.5    0.216109203378
4.52    0.217614811422
4.54    0.219006678746
4.56    0.220246720853
4.58    0.221361810867
4.6    0.222359014506
4.62    0.22319933447
4.64    0.223934976827
4.66    0.224552183393
4.68    0.225130480511
4.7    0.225701128033
4.72    0.226269554372
4.74    0.226817508282
4.76    0.227339011415
4.78    0.227820387845
4.8    0.228271748249
4.82    0.228694175093
4.84    0.228995282447
4.86    0.229182533637
4.88    0.229201266634
4.9    0.22903701212
4.92    0.228685543151
4.94    0.228145336256
4.96    0.227419154543
4.98    0.226512324509
5.0    0.22542971014
5.02    0.224192848402
5.04    0.222807921956
5.06    0.221274079544
5.08    0.219606406147
5.1    0.217824463596
5.12    0.215949105424
5.14    0.214003100431
5.16    0.212958267944
5.18    0.212773472092
5.2    0.212536893685
5.22    0.212267082456
5.24    0.211919831008
5.26    0.211570617611
5.28    0.211154282441
5.3    0.210756449187
5.32    0.210302169073
5.34    0.209887136072
5.36    0.209449740304
5.38    0.209011774238
5.4    0.208619393045
5.42    0.20821384448
5.44    0.207833686951
5.46    0.207496021811
5.48    0.207152783554
5.5    0.206830274481
5.52    0.206552893081
5.54    0.20626500577
5.56    0.205976256998
5.58    0.205732201638
5.6    0.205463354441
5.62    0.205168887135
5.64    0.20490836702
5.66    0.204603091052
5.68    0.204256947807
5.7    0.203917711444
5.72    0.203511567509
5.74    0.203069154587
5.76    0.202585817121
5.78    0.202019888824
5.8    0.201432518374
5.82    0.200743851657
5.84    0.200012511387
5.86    0.199183948202
5.88    0.198287173334
5.9    0.1972989105
5.92    0.196223537703
5.94    0.195059150639
5.96    0.193794880217
5.98    0.192441408979
6.0    0.190981518228
6.02    0.189429451223
6.04    0.187773796006
6.06    0.186016991188
6.08    0.184170149376
6.1    0.182205724375
6.12    0.180170386156
6.14    0.178015057049
6.16    0.175775935609
6.18    0.17343466914
6.2    0.170992617162
6.22    0.168465541608
6.24    0.165827974329
6.26    0.163114228747
6.28    0.161390486175
6.3    0.163119259131
6.32    0.164848787637
6.34    0.166575184985
6.36    0.168296502575
6.38    0.170030025725
6.4    0.171750071205
6.42    0.173452686754
6.44    0.175133922911
6.46    0.17681671795
6.48    0.178475190474
6.5    0.180101868742
6.52    0.181698566695
6.54    0.1832855146
6.56    0.18483044919
6.58    0.18632964602
6.6    0.187800791508
6.62    0.189237614321
6.64    0.190619147702
6.66    0.191942022764
6.68    0.19323897744
6.7    0.194478740146
6.72    0.195651423129
6.74    0.196754177334
6.76    0.197828384625
6.78    0.198830273019
6.8    0.199755366173
6.82    0.200601473615
6.84    0.201410341331
6.86    0.202141740273
6.88    0.20278917383
6.9    0.203351207271
6.92    0.2038627765
6.94    0.204300828661
6.96    0.204650591423
6.98    0.204911432616
7.0    0.20510538263
7.02    0.20523786989
7.04    0.205280697512
7.06    0.205234030824
7.08    0.205100978161
7.1    0.204926474016
7.12    0.204663811109
7.14    0.204313899791
7.16    0.203877839323
7.18    0.20338062185
7.2    0.202823919254
7.22    0.202184744535
7.24    0.201464821139
7.26    0.200666022681
7.28    0.199818322141
7.3    0.198912219857
7.32    0.19793276868
7.34    0.19688230641
7.36    0.195763274951
7.38    0.1945873534
7.4    0.193378866592
7.42    0.192108599668
7.44    0.190779283141
7.46    0.189393704244
7.48    0.187954697174
7.5    0.186465133514
7.52    0.184958382782
7.54    0.183409197843
7.56    0.181817024338
7.58    0.180184784814
7.6    0.17851539794
7.62    0.176811770636
7.64    0.175076790568
7.66    0.173313319041
7.68    0.171543771654
7.7    0.16975570337
7.72    0.16794632939
7.74    0.166118351727
7.76    0.16427441832
7.78    0.162417118272
7.8    0.160548977479
7.82    0.15867245469
7.84    0.156789937955
7.86    0.154903741472
7.88    0.153016102842
7.9    0.15112918067
7.92    0.149245052564
7.94    0.147369676893
7.96    0.145507524421
7.98    0.143652951611
8.0    0.141807723599
8.02    0.13997352009
8.04    0.138151935184
8.06    0.138076252795
8.08    0.13813221717
8.1    0.13815067161
8.12    0.138149495675
8.14    0.138122505915
8.16    0.138061198877
8.18    0.137966773335
8.2    0.137840428033
8.22    0.137683359079
8.24    0.137496757476
8.26    0.137281806806
8.28    0.137039681052
8.3    0.136785915157
8.32    0.13651519301
8.34    0.136220294499
8.36    0.135902335231
8.38    0.135562413118
8.4    0.135201606987
8.42    0.134820975317
8.44    0.134421555104
8.46    0.13400436084
8.48    0.133570383613
8.5    0.13312059032
8.52    0.132668151058
8.54    0.132207159861
8.56    0.131732678466
8.58    0.13124557568
8.6    0.130746694045
8.62    0.130236849604
8.64    0.129716831748
8.66    0.12918740314
8.68    0.128649299716
8.7    0.128103230747
8.72    0.127549878973
8.74    0.126989900792
8.76    0.126423926507
8.78    0.125852560624
8.8    0.125281589786
8.82    0.124713577436
8.84    0.124141495599
8.86    0.123565856256
8.88    0.122987147741
8.9    0.122405835245
8.92    0.121822361356
8.94    0.121237146616
8.96    0.120650590094
8.98    0.120063069989
9.0    0.11947494423
9.02    0.118886551104
9.04    0.118298209881
9.06    0.11771022145
9.08    0.117122868961
9.1    0.116536418468
9.12    0.115951119568
9.14    0.115367206043
9.16    0.114784896502
9.18    0.114204395008
9.2    0.113625891707
9.22    0.113051447787
9.24    0.11248432402
9.26    0.111919484143
9.28    0.1113570741
9.3    0.110797228785
9.32    0.110240072612
9.34    0.109685720058
9.36    0.1091342762
9.38    0.108585837235
9.4    0.108040490987
9.42    0.107498317396
9.44    0.106959388994
9.46    0.106423771361
9.48    0.10589152357
9.5    0.10536269861
9.52    0.104837343802
9.54    0.104315501186
9.56    0.103797207898
9.58    0.103282496537
9.6    0.102771395503
9.62    0.10226392933
9.64    0.101760118994
9.66    0.101259982215
9.68    0.100763533735
9.7    0.100270785587
9.72    0.0997817473482
9.74    0.0992964263714
9.76    0.0988148280143
9.78    0.0983369558485
9.8    0.0978628118526
9.82    0.0973923966005
9.84    0.0969257094263
9.86    0.0964627485907
9.88    0.0960035114213
9.9    0.0955479944523
9.92    0.0950961935496
9.94    0.094648104024
9.96    0.0942037207365
9.98    0.0937630381957
10.0    0.0933260506408
