0.05    0.000134527777086
0.07    0.000341459052714
0.09    0.000547759490995
0.1    0.000626541130739
0.12    0.00122662393325
0.14    0.00187308837603
0.16    0.00291892976827
0.18    0.00390566336017
0.2    0.00478095393134
0.22    0.00505687661179
0.24    0.00697889087893
0.26    0.00908382944448
0.28    0.00964998004043
0.3    0.0105491332934
0.32    0.0116105661081
0.34    0.0162258505678
0.36    0.0226625718704
0.38    0.0253643183856
0.4    0.0252717699941
0.42    0.0231057039018
0.44    0.0240444160354
0.46    0.0242358376378
0.48    0.0216501899623
0.5    0.0210192742512
0.52    0.0270590304133
0.54    0.033594954118
0.56    0.0361658358411
0.58    0.0388530271707
0.6    0.0414141261848
0.62    0.0406265776264
0.64    0.0351991910753
0.66    0.0304018532997
0.68    0.0286052760004
0.7    0.0287871708349
0.72    0.0272428741343
0.74    0.0241836239213
0.76    0.0214891742914
0.78    0.0204116193789
0.8    0.0185351762852
0.82    0.0166409922994
0.84    0.0150099688427
0.86    0.0142143743991
0.88    0.0137284053953
0.9    0.0142080169778
0.92    0.014300079379
0.94    0.013856212096
0.96    0.0136612918543
0.98    0.0139494862903
1.0    0.0143994866429
1.02    0.0146114721544
1.04    0.0144600332296
1.06    0.0142566252009
1.08    0.0144190547458
1.1    0.0152298651329
1.12    0.0158032076111
1.14    0.0160037951126
1.16    0.0170852852637
1.18    0.0184349995258
1.2    0.0201281989547
1.22    0.0215092648378
1.24    0.0223065888923
1.26    0.0226253024123
1.28    0.0225519253927
1.3    0.0239745010096
1.32    0.0255049707506
1.34    0.0262886858807
1.36    0.0264272851159
1.38    0.0260876000153
1.4    0.0254458995519
1.42    0.0246493308301
1.44    0.0237909055995
1.46    0.0229291612475
1.48    0.0221037863192
1.5    0.0213739181546
1.52    0.020812859983
1.54    0.020504046885
1.56    0.0204971469754
1.58    0.0207775421366
1.6    0.0212578004363
1.62    0.0217985476638
1.64    0.022262301635
1.66    0.0225359913988
1.68    0.0225826332108
1.7    0.0224348506613
1.72    0.0221708661485
1.74    0.0219072161318
1.76    0.021733241648
1.78    0.0217039429823
1.8    0.0218182457916
1.82    0.0220225676503
1.84    0.022224291309
1.86    0.0223361144227
1.88    0.0222740959254
1.9    0.0219931995828
1.92    0.0214879120889
1.94    0.0207839341158
1.96    0.020853511025
1.98    0.0208411163449
2.0    0.0206546094537
2.02    0.0203529852772
2.04    0.0208478703445
2.06    0.0215903593587
2.08    0.0228685487267
2.1    0.0241569053016
2.12    0.0253659267124
2.14    0.0265187329908
2.16    0.0276373132081
2.18    0.0287421747688
2.2    0.0298350901207
2.22    0.0308586883831
2.24    0.031760382513
2.26    0.0324994136343
2.28    0.0330509273109
2.3    0.0334056403935
2.32    0.033582352038
2.34    0.0336057865344
2.36    0.0342249380534
2.38    0.0349043332346
2.4    0.0354076551584
2.42    0.0357958683271
2.44    0.0361461173568
2.46    0.036542456702
2.48    0.0370715121059
2.5    0.037806610962
2.52    0.0388066549144
2.54    0.0401071563256
2.56    0.0417173593542
2.58    0.0436198940198
2.6    0.0457728154763
2.62    0.0481136534561
2.64    0.0505728965585
2.66    0.0530699945627
2.68    0.0555293514299
2.7    0.0578791150054
2.72    0.0600582336496
2.74    0.0620267779001
2.76    0.0637608213145
2.78    0.0652586563819
2.8    0.0665327476685
2.82    0.0675884004764
2.84    0.0684107975839
2.86    0.0690376686899
2.88    0.0694862406175
2.9    0.0697619646273
2.92    0.0698973785746
2.94    0.0700012558607
2.96    0.0700465869307
2.98    0.0699997774639
3.0    0.0700371110956
3.02    0.0704388312304
3.04    0.0707905788698
3.06    0.071066331863
3.08    0.0712445888154
3.1    0.0713177111502
3.12    0.0712799123092
3.14    0.0711220991862
3.16    0.0708339401359
3.18    0.0704061936459
3.2    0.069822931145
3.22    0.0690810147997
3.24    0.0681836358843
3.26    0.0671487179623
3.28    0.0660047267434
3.3    0.065193261204
3.32    0.0654012437452
3.34    0.0654055662857
3.36    0.0652045849812
3.38    0.06482573553
3.4    0.0643107153783
3.42    0.0636789273113
3.44    0.0629200747511
3.46    0.0620442965902
3.48    0.0610775744684
3.5    0.0600457029023
3.52    0.058973480867
3.54    0.0578880801629
3.56    0.0568155201863
3.58    0.0557829712007
3.6    0.0548139783799
3.62    0.0539296156461
3.64    0.0531474576118
3.66    0.0524758393188
3.68    0.0519244628779
3.7    0.0514922144146
3.72    0.0511751431985
3.74    0.0509680950365
3.76    0.0508549964486
3.78    0.0508234108891
3.8    0.0508536818176
3.82    0.0509273549688
3.84    0.0510221242728
3.86    0.0511205067052
3.88    0.0512005979023
3.9    0.0515530194971
3.92    0.0521322710476
3.94    0.0526812953466
3.96    0.053182380662
3.98    0.0536203344921
4.0    0.0539781818399
4.02    0.0542447207562
4.04    0.0544045768659
4.06    0.0544502731025
4.08    0.0543747638257
4.1    0.0541722345301
4.12    0.0538424973769
4.14    0.0533849730144
4.16    0.052800987586
4.18    0.052095361664
4.2    0.0512751273737
4.22    0.0505270823984
4.24    0.0515667278306
4.26    0.0525704370297
4.28    0.0535270537605
4.3    0.0544298123523
4.32    0.055273501445
4.34    0.0560501988105
4.36    0.0567577374601
4.38    0.0573904654385
4.4    0.0579456151021
4.42    0.0584233054628
4.44    0.0588187349392
4.46    0.0591346195252
4.48    0.0593699693441
4.5    0.0595234352837
4.52    0.0596009273107
4.54    0.0596005551555
4.56    0.0595259150215
4.58    0.0593821239116
4.6    0.0591688445905
4.62    0.0588962364105
4.64    0.0585623997243
4.66    0.058178159815
4.68    0.0577434017107
4.7    0.0572687285819
4.72    0.0567547951547
4.74    0.0562127860774
4.76    0.0556436471924
4.78    0.0550575144913
4.8    0.054457581531
4.82    0.0538507399925
4.84    0.0532439568996
4.86    0.0526412391414
4.88    0.0520488939887
4.9    0.0514739670759
4.92    0.0509202889084
4.94    0.0503932574395
4.96    0.049897980436
4.98    0.0494392530496
5.0    0.0490215386169
5.02    0.0486489525961
5.04    0.0483252495341
5.06    0.0480538129366
5.08    0.0478381903276
5.1    0.0476815551304
5.12    0.0475852155355
5.14    0.0475509915225
5.16    0.0475803200953
5.18    0.0476763334158
5.2    0.0478377290689
5.22    0.0480647517593
5.24    0.0483573393685
5.26    0.0487165757525
5.28    0.0491407596729
5.3    0.0496282067689
5.32    0.0501775360103
5.34    0.0507870801071
5.36    0.0514549014854
5.38    0.052179710516
5.4    0.0529582548456
5.42    0.0537875616286
5.44    0.0546647633346
5.46    0.0555868095554
5.48    0.0565504847253
5.5    0.0575524257417
5.52    0.0585891394933
5.54    0.0596570201506
5.56    0.0607528827172
5.58    0.0618736816244
5.6    0.0630146768491
5.62    0.0641719828519
5.64    0.0653416812668
5.66    0.0665219793606
5.68    0.0677081984937
5.7    0.0688954652458
5.72    0.0700839261815
5.74    0.0712664925126
5.76    0.072443116221
5.78    0.0736092899273
5.8    0.0747623463315
5.82    0.0759002041288
5.84    0.0770298663092
5.86    0.0782948842157
5.88    0.0795523163729
5.9    0.0807959017573
5.92    0.0820217135171
5.94    0.0832274279891
5.96    0.0844097033394
5.98    0.0855686120726
6.0    0.0867008917762
6.02    0.0878099101362
6.04    0.0889859411355
6.06    0.0901415925341
6.08    0.0912736090274
6.1    0.0923803271496
6.12    0.0934545371156
6.14    0.094489819188
6.16    0.0954827127073
6.18    0.0964298290213
6.2    0.0973281528483
6.22    0.0981751313374
6.24    0.0989687158745
6.26    0.0997084969225
6.28    0.100393962348
6.3    0.10152332836
6.32    0.102903896878
6.34    0.10425788138
6.36    0.105578665584
6.38    0.106866656402
6.4    0.108123810366
6.42    0.109344556481
6.44    0.110533291441
6.46    0.111685357813
6.48    0.112801912008
6.5    0.113927800119
6.52    0.115884132349
6.54    0.118054804413
6.56    0.12017730407
6.58    0.122248729386
6.6    0.124266628723
6.62    0.12622997755
6.64    0.128140048051
6.66    0.130002613514
6.68    0.13184344551
6.7    0.133824352663
6.72    0.135902850521
6.74    0.137940017986
6.76    0.139980404617
6.78    0.141994626717
6.8    0.14395552115
6.82    0.145856397282
6.84    0.147692233249
6.86    0.149460496511
6.88    0.151159942597
6.9    0.152789407128
6.92    0.154347747141
6.94    0.155834490365
6.96    0.157249359459
6.98    0.158591908811
7.0    0.159863649504
7.02    0.161068204309
7.04    0.162203026256
7.06    0.163265412188
7.08    0.164252651757
7.1    0.165165322063
7.12    0.166006230994
7.14    0.166777671752
7.16    0.167642986855
7.18    0.169215350632
7.2    0.170860658339
7.22    0.172428310219
7.24    0.173919607391
7.26    0.175342117085
7.28    0.176696628567
7.3    0.177984073548
7.32    0.1792042968
7.34    0.180349908362
7.36    0.181416928238
7.38    0.182403720559
7.4    0.183310001741
7.42    0.184136727193
7.44    0.185006670063
7.46    0.186084098871
7.48    0.187102007264
7.5    0.188061318044
7.52    0.188964593137
7.54    0.189811746195
7.56    0.19060783057
7.58    0.191421341321
7.6    0.192613903309
7.62    0.193753264639
7.64    0.194839743572
7.66    0.195874082149
7.68    0.19685709088
7.7    0.197789024633
7.72    0.198670839312
7.74    0.199503397204
7.76    0.200289748131
7.78    0.201029486897
7.8    0.201730352953
7.82    0.202401134538
7.84    0.203053435512
7.86    0.203703711651
7.88    0.204318623082
7.9    0.20489247065
7.92    0.205424226419
7.94    0.205917191215
7.96    0.206373184758
7.98    0.206811722953
8.0    0.207253535736
8.02    0.20766675744
8.04    0.208044866953
8.06    0.208386237086
8.08    0.20869172338
8.1    0.208960613993
8.12    0.209194238773
8.14    0.209395967935
8.16    0.209565434778
8.18    0.209705330528
8.2    0.209813826992
8.22    0.209892967637
8.24    0.209942683005
8.26    0.209962974085
8.28    0.20995531731
8.3    0.209923523522
8.32    0.209866375296
8.34    0.209786416467
8.36    0.20968238676
8.38    0.209555095021
8.4    0.209407645641
8.42    0.209239351918
8.44    0.209050520307
8.46    0.208841652422
8.48    0.208613162174
8.5    0.208365257663
8.52    0.20809802478
8.54    0.20781169548
8.56    0.207506864594
8.58    0.207185309711
8.6    0.207113677727
8.62    0.207245445807
8.64    0.207384927237
8.66    0.207504545398
8.68    0.20760520054
8.7    0.20768789525
8.72    0.207753862705
8.74    0.207804713331
8.76    0.207845046091
8.78    0.207878099767
8.8    0.207899238466
8.82    0.207907842047
8.84    0.207903204148
8.86    0.207884507543
8.88    0.207852217281
8.9    0.207808646072
8.92    0.207751612931
8.94    0.207684494315
8.96    0.207606242876
8.98    0.207516547544
9.0    0.207420479436
9.02    0.207314187203
9.04    0.207198673505
9.06    0.207079521115
9.08    0.206952695994
9.1    0.206819045085
9.12    0.206681607555
9.14    0.206541268925
9.16    0.206396426387
9.18    0.206247846126
9.2    0.206098631569
9.22    0.20594892669
9.24    0.205797564683
9.26    0.205645227772
9.28    0.205493653371
9.3    0.205345124349
9.32    0.205197453573
9.34    0.205051237907
9.36    0.204907052364
9.38    0.204767677431
9.4    0.204632603173
9.42    0.204501080161
9.44    0.204373598468
9.46    0.204250626703
9.48    0.204134657191
9.5    0.204025102863
9.52    0.203921273479
9.54    0.203823555181
9.56    0.203732313441
9.58    0.203648867635
9.6    0.20357438421
9.62    0.203507298767
9.64    0.203447898404
9.66    0.203396450742
9.68    0.203353204214
9.7    0.203320323287
9.72    0.203296657948
9.74    0.203281785233
9.76    0.20327588167
9.78    0.2032791061
9.8    0.203291600006
9.82    0.203315780288
9.84    0.203349465173
9.86    0.203392712678
9.88    0.203445600036
9.9    0.20350818882
9.92    0.203580927999
9.94    0.203665210458
9.96    0.203759266705
9.98    0.20386310095
10.0    0.203976703541
