0.05    7.2485749806e-05
0.07    0.000143606678677
0.09    0.000280682977017
0.1    0.000404302365187
0.12    0.000743085708774
0.14    0.00137164270105
0.16    0.00194033405052
0.18    0.00165827726513
0.2    0.00249557521326
0.22    0.00291850610597
0.24    0.00460599940478
0.26    0.00540368799949
0.28    0.00558166403343
0.3    0.00514054874545
0.32    0.0044802911639
0.34    0.00534129387082
0.36    0.00628395494595
0.38    0.0090626977832
0.4    0.0112886198594
0.42    0.0125533237899
0.44    0.013285606698
0.46    0.014098099692
0.48    0.0152989431932
0.5    0.0165170910408
0.52    0.0172294623485
0.54    0.017527333027
0.56    0.017265331765
0.58    0.0176549318359
0.6    0.0185798539732
0.62    0.0203035099846
0.64    0.0210678921107
0.66    0.0206260438391
0.68    0.0192719746059
0.7    0.023208128813
0.72    0.0268224935432
0.74    0.0306692714637
0.76    0.0326488737448
0.78    0.0331835923818
0.8    0.0340002704593
0.82    0.0367797899756
0.84    0.0410001828655
0.86    0.0442972529535
0.88    0.0445374043754
0.9    0.0413238237467
0.92    0.0433824110179
0.94    0.0448190477848
0.96    0.0456846461035
0.98    0.0460739341879
1.0    0.0457612601643
1.02    0.0532835142392
1.04    0.0594303318433
1.06    0.0626056250883
1.08    0.0629151151084
1.1    0.0614933132112
1.12    0.0596431644323
1.14    0.0586526146475
1.16    0.0591095730754
1.18    0.0610657454982
1.2    0.0638747430859
1.22    0.0667003289307
1.24    0.0691533680339
1.26    0.0708831758163
1.28    0.0717485561889
1.3    0.0719394066206
1.32    0.0717395783049
1.34    0.0711779377754
1.36    0.0707243255061
1.38    0.0702301919459
1.4    0.0699229584223
1.42    0.0695027433825
1.44    0.0689771660191
1.46    0.068075301399
1.48    0.0666510847262
1.5    0.0648122592154
1.52    0.0624490882494
1.54    0.0596963395005
1.56    0.0572162437565
1.58    0.0569919702694
1.6    0.0597244353075
1.62    0.0621195344447
1.64    0.0640344181856
1.66    0.0654260167815
1.68    0.066292046284
1.7    0.0666600640286
1.72    0.0666583265407
1.74    0.0722897899319
1.76    0.0780974457602
1.78    0.0836986749457
1.8    0.0889794922064
1.82    0.0938232264317
1.84    0.0981340601377
1.86    0.101854495287
1.88    0.105054132558
1.9    0.107732190992
1.92    0.109783102756
1.94    0.112628497502
1.96    0.115165088201
1.98    0.116839597642
2.0    0.117908492313
2.02    0.124980517458
2.04    0.133476277701
2.06    0.140774607663
2.08    0.146967396707
2.1    0.151995872165
2.12    0.15581731359
2.14    0.158492016609
2.16    0.160180148246
2.18    0.161022523164
2.2    0.161093291542
2.22    0.16071987887
2.24    0.16005679486
2.26    0.159000108214
2.28    0.157551099158
2.3    0.155672970148
2.32    0.153491763239
2.34    0.150855805231
2.36    0.147821885635
2.38    0.146756520328
2.4    0.151620932216
2.42    0.156789039946
2.44    0.162263617392
2.46    0.167897982906
2.48    0.173634019567
2.5    0.179387183442
2.52    0.185060754597
2.54    0.190567260031
2.56    0.195836378843
2.58    0.200846545002
2.6    0.205629487546
2.62    0.209992121411
2.64    0.213839580984
2.66    0.21728452194
2.68    0.220146190991
2.7    0.22502667735
2.72    0.232206780269
2.74    0.239318756974
2.76    0.246066480804
2.78    0.252670987234
2.8    0.258881119016
2.82    0.264983016138
2.84    0.270724897613
2.86    0.276176966005
2.88    0.28145640556
2.9    0.286431143602
2.92    0.29109403498
2.94    0.295522767013
2.96    0.299666919166
2.98    0.303406121777
3.0    0.306892471161
3.02    0.310043009367
3.04    0.312761828298
3.06    0.31528477042
3.08    0.317410649226
3.1    0.319140022074
3.12    0.320700565029
3.14    0.321885469995
3.16    0.322725831492
3.18    0.32337459433
3.2    0.323769484767
3.22    0.323926423858
3.24    0.323907728551
3.26    0.323762055005
3.28    0.323510530403
3.3    0.323154277214
3.32    0.322700276881
3.34    0.322172447527
3.36    0.321645059515
3.38    0.321193794513
3.4    0.320756656811
3.42    0.32036991992
3.44    0.319940329146
3.46    0.319381539901
3.48    0.318711188357
3.5    0.317918664679
3.52    0.316983803123
3.54    0.315913333587
3.56    0.314701768544
3.58    0.313329551872
3.6    0.311857473699
3.62    0.310256054954
3.64    0.308494052825
3.66    0.306600333098
3.68    0.304603306948
3.7    0.302568285613
3.72    0.3004389308
3.74    0.298219309711
3.76    0.295918186643
3.78    0.294345482763
3.8    0.294637736575
3.82    0.294824447724
3.84    0.294947960782
3.86    0.29495101947
3.88    0.294919415467
3.9    0.294733593122
3.92    0.294559961413
3.94    0.294226483666
3.96    0.293889434122
3.98    0.29343582064
4.0    0.29292358326
4.02    0.29236140845
4.04    0.291664475865
4.06    0.291003803913
4.08    0.29021769565
4.1    0.289346709578
4.12    0.288481390113
4.14    0.287503918264
4.16    0.286429051644
4.18    0.285389152246
4.2    0.284250293803
4.22    0.283018108113
4.24    0.281753752454
4.26    0.280480903409
4.28    0.279126543697
4.3    0.277695780247
4.32    0.276222924198
4.34    0.274770292353
4.36    0.273251716463
4.38    0.271671781073
4.4    0.270034927268
4.42    0.268395462619
4.44    0.266757471549
4.46    0.265071365817
4.48    0.26334108744
4.5    0.261570441134
4.52    0.259763095792
4.54    0.25800090708
4.56    0.256212601342
4.58    0.254394560388
4.6    0.252550001767
4.62    0.252204091434
4.64    0.25260408434
4.66    0.252925928326
4.68    0.253102289481
4.7    0.253167151499
4.72    0.253155007665
4.74    0.253066450599
4.76    0.252852379888
4.78    0.252429713387
4.8    0.251782626973
4.82    0.250905484536
4.84    0.249802953207
4.86    0.248488499354
4.88    0.24697982705
4.9    0.245638679949
4.92    0.245569968973
4.94    0.245348172543
4.96    0.245017580972
4.98    0.244547789046
5.0    0.243951955318
5.02    0.24322868548
5.04    0.242420084914
5.06    0.241489354964
5.08    0.240403323217
5.1    0.239264023824
5.12    0.237959394646
5.14    0.236587278659
5.16    0.235070502579
5.18    0.233495879012
5.2    0.231775494552
5.22    0.230026698513
5.24    0.228139458295
5.26    0.22621573365
5.28    0.224196356784
5.3    0.222102487011
5.32    0.219973984005
5.34    0.21774628235
5.36    0.21552444078
5.38    0.213221261259
5.4    0.210919333712
5.42    0.20857162215
5.44    0.206232942863
5.46    0.203893931808
5.48    0.201543164294
5.5    0.199194696283
5.52    0.196840588899
5.54    0.194470940906
5.56    0.192092554492
5.58    0.189712382743
5.6    0.187301060481
5.62    0.184919447056
5.64    0.182506254636
5.66    0.180108843618
5.68    0.179181794508
5.7    0.179219952699
5.72    0.17925880918
5.74    0.179257892152
5.76    0.179259238125
5.78    0.179245351325
5.8    0.179198181588
5.82    0.179167807166
5.84    0.179116167018
5.86    0.17904239273
5.88    0.178990414558
5.9    0.178913401726
5.92    0.17882393295
5.94    0.178752554094
5.96    0.178660158152
5.98    0.178548234168
6.0    0.178457783457
6.02    0.178357828529
6.04    0.178241282975
6.06    0.178109256468
6.08    0.178001251784
6.1    0.177885280876
6.12    0.177755834376
6.14    0.177613694929
6.16    0.177488149134
6.18    0.177364261698
6.2    0.177228900824
6.22    0.177086092973
6.24    0.176969396662
6.26    0.176841968115
6.28    0.176731578972
6.3    0.176636501752
6.32    0.17657325259
6.34    0.176540382538
6.36    0.176529153265
6.38    0.176531449945
6.4    0.176555712415
6.42    0.176572908075
6.44    0.176609293861
6.46    0.176640375167
6.48    0.17665921912
6.5    0.176694831937
6.52    0.176726008224
6.54    0.176744445756
6.56    0.176750040152
6.58    0.176761526418
6.6    0.176777067846
6.62    0.176779038167
6.64    0.176767256327
6.66    0.176741524456
6.68    0.176708618485
6.7    0.176689413649
6.72    0.176655349645
6.74    0.176606186188
6.76    0.176541674677
6.78    0.176461559794
6.8    0.176377598472
6.82    0.176299571744
6.84    0.176204946005
6.86    0.176093456291
6.88    0.175964837358
6.9    0.175818824874
6.92    0.175676164689
6.94    0.175527799439
6.96    0.175361071802
6.98    0.175175731716
7.0    0.17497153462
7.02    0.174766091653
7.04    0.17455606497
7.06    0.174326296589
7.08    0.174076570052
7.1    0.173828359897
7.12    0.173570256944
7.14    0.17337244548
7.16    0.173201068345
7.18    0.173009706312
7.2    0.172796304355
7.22    0.172560701768
7.24    0.172320994049
7.26    0.172718260053
7.28    0.173216343933
7.3    0.173712316419
7.32    0.174205898646
7.34    0.174696816125
7.36    0.175199113384
7.38    0.175699563619
7.4    0.176196600728
7.42    0.176699846925
7.44    0.177205206593
7.46    0.17770644469
7.48    0.178207159572
7.5    0.178715580772
7.52    0.179219212216
7.54    0.179717826302
7.56    0.180211200736
7.58    0.18071012813
7.6    0.181208824369
7.62    0.181701682217
7.64    0.182188499455
7.66    0.182669079342
7.68    0.183146058464
7.7    0.183630305204
7.72    0.184107785105
7.74    0.184578321557
7.76    0.185041743452
7.78    0.185497885184
7.8    0.185961926773
7.82    0.186419983602
7.84    0.186870312751
7.86    0.1873127683
7.88    0.187756329214
7.9    0.188199730389
7.92    0.188634861314
7.94    0.189061595168
7.96    0.189489992868
7.98    0.189916811811
8.0    0.190334885721
8.02    0.190744106165
8.04    0.19115072453
8.06    0.19155927219
8.08    0.191958664717
8.1    0.192348811253
8.12    0.192729625778
8.14    0.193113795857
8.16    0.193493104042
8.18    0.193862834165
8.2    0.194222916661
8.22    0.194573286504
8.24    0.194926417345
8.26    0.195274592955
8.28    0.195612861278
8.3    0.195941172542
8.32    0.196259481193
8.34    0.19656774582
8.36    0.196881766096
8.38    0.197187175013
8.4    0.197482402259
8.42    0.197767420174
8.44    0.198042204902
8.46    0.198306736315
8.48    0.198560997947
8.5    0.198816367215
8.52    0.199067216496
8.54    0.200303652301
8.56    0.202188500917
8.58    0.204019084176
8.6    0.205803600921
8.62    0.207525527982
8.64    0.209187886785
8.66    0.210802606397
8.68    0.212364049235
8.7    0.21386907466
8.72    0.215318389571
8.74    0.216715439514
8.76    0.218064073261
8.78    0.219365426765
8.8    0.220619701366
8.82    0.221827444695
8.84    0.222988767971
8.86    0.22410700535
8.88    0.225177862631
8.9    0.226200109338
8.92    0.227176764762
8.94    0.228114908524
8.96    0.229041675307
8.98    0.230053289841
9.0    0.231175337319
9.02    0.232317968141
9.04    0.233465994344
9.06    0.234612584047
9.08    0.235739211184
9.1    0.236825312823
9.12    0.237880107745
9.14    0.238882850493
9.16    0.239826843891
9.18    0.240708246917
9.2    0.241525803034
9.22    0.242278424644
9.24    0.243330713201
9.26    0.244630437469
9.28    0.24590343023
9.3    0.247142856966
9.32    0.248340242751
9.34    0.249489191337
9.36    0.250587737969
9.38    0.251644067124
9.4    0.252657439339
9.42    0.253617542287
9.44    0.254621603842
9.46    0.256247726362
9.48    0.257848951579
9.5    0.259385293222
9.52    0.260827949012
9.54    0.262167633669
9.56    0.263398905885
9.58    0.264521491156
9.6    0.265541034756
9.62    0.266459687406
9.64    0.267282799117
9.66    0.268016909043
9.68    0.26866090085
9.7    0.269215183704
9.72    0.269683033236
9.74    0.270080672112
9.76    0.270417885419
9.78    0.270678302254
9.8    0.270872768591
9.82    0.270987873544
9.84    0.271020364696
9.86    0.270968870728
9.88    0.270833791665
9.9    0.27062137513
9.92    0.270323537583
9.94    0.269941187274
9.96    0.26947497512
9.98    0.268924083262
10.0    0.268288467979
