0.05    0.000161208040401
0.07    0.000282315998361
0.09    0.000728247047625
0.1    0.000872208316756
0.12    0.000879651116494
0.14    0.00148610535562
0.16    0.00154403145438
0.18    0.00245779928216
0.2    0.00263628713304
0.22    0.00209067297399
0.24    0.00210805661903
0.26    0.00224595147496
0.28    0.00252177599514
0.3    0.00208435611707
0.32    0.00247214231189
0.34    0.00242951971625
0.36    0.00226229951533
0.38    0.00260006483766
0.4    0.00301463710412
0.42    0.00280338243107
0.44    0.00223709868387
0.46    0.00281167425236
0.48    0.00290379788876
0.5    0.00349805690504
0.52    0.00376393700381
0.54    0.00371745173407
0.56    0.0037083696089
0.58    0.00401609953843
0.6    0.00461185599121
0.62    0.00525790260789
0.64    0.00574248784966
0.66    0.00593741938766
0.68    0.00631926304711
0.7    0.00688390310554
0.72    0.00722665795126
0.74    0.00765889855082
0.76    0.00807296564323
0.78    0.00852262616276
0.8    0.00892857567962
0.82    0.00922463913357
0.84    0.00955722728552
0.86    0.00984862339436
0.88    0.0100471235274
0.9    0.0103284125471
0.92    0.0104685558403
0.94    0.0104496602358
0.96    0.0102421164745
0.98    0.0104408811315
1.0    0.0105754552096
1.02    0.0106014878264
1.04    0.0105155739985
1.06    0.0103335976007
1.08    0.0100709595087
1.1    0.00974079228852
1.12    0.00934370533569
1.14    0.00888293987887
1.16    0.0083708480617
1.18    0.00786775940864
1.2    0.00752195077748
1.22    0.00721352244738
1.24    0.00707134736763
1.26    0.00691087131684
1.28    0.00674551283895
1.3    0.00662078016696
1.32    0.00648181896917
1.34    0.0066991161473
1.36    0.00710101423307
1.38    0.0074203698247
1.4    0.00765097947788
1.42    0.00780152145291
1.44    0.00790199197298
1.46    0.00798707859384
1.48    0.00805605177162
1.5    0.0081292421348
1.52    0.00825057124934
1.54    0.00838438720283
1.56    0.00853767168432
1.58    0.00871470352674
1.6    0.00891917966923
1.62    0.0091532650598
1.64    0.0094140709534
1.66    0.0096942050513
1.68    0.00998340667292
1.7    0.0102737022158
1.72    0.0105561698337
1.74    0.010819913406
1.76    0.0110576304955
1.78    0.0112596309904
1.8    0.011418007192
1.82    0.0115286042875
1.84    0.0115921594299
1.86    0.0116982754517
1.88    0.0120993957338
1.9    0.012493908101
1.92    0.0128741096937
1.94    0.0132318691473
1.96    0.0135610049116
1.98    0.0138610286916
2.0    0.0141291645274
2.02    0.0143682391066
2.04    0.0145882888323
2.06    0.0147914952205
2.08    0.0149658058982
2.1    0.0151069527944
2.12    0.0152145045804
2.14    0.0152887877565
2.16    0.0153308390331
2.18    0.0153420803623
2.2    0.0153241008694
2.22    0.0152786486342
2.24    0.0152076948002
2.26    0.0151133118547
2.28    0.0149974128841
2.3    0.0148622162843
2.32    0.0147094211842
2.34    0.0145402128904
2.36    0.0143569809199
2.38    0.0142290788383
2.4    0.0142460203444
2.42    0.0142218695007
2.44    0.0141577848839
2.46    0.0140552380351
2.48    0.013916171951
2.5    0.0137761772064
2.52    0.0138319498417
2.54    0.01383867926
2.56    0.0137948497482
2.58    0.0137040986628
2.6    0.013573489148
2.62    0.0134113565746
2.64    0.013225675818
2.66    0.0130236532013
2.68    0.0128344600338
2.7    0.0126445714063
2.72    0.0124290925143
2.74    0.012191398311
2.76    0.0119388529895
2.78    0.0116889618782
2.8    0.01144550145
2.82    0.0111942410695
2.84    0.0110945493854
2.86    0.0110573531886
2.88    0.0110156715684
2.9    0.0109703034751
2.92    0.0109228201226
2.94    0.0108718251673
2.96    0.0108176392216
2.98    0.0107612657755
3.0    0.010703354286
3.02    0.0106430370994
3.04    0.0105805725305
3.06    0.0105162039739
3.08    0.0104514042849
3.1    0.0103853211136
3.12    0.0103179147581
3.14    0.0102493766577
3.16    0.0101798860109
3.18    0.0101096462347
3.2    0.010039876968
3.22    0.00996957042868
3.24    0.00989886425683
3.26    0.00982788639812
3.28    0.00975675558859
3.3    0.00968558182462
3.32    0.00961446681896
3.34    0.00954358205933
3.36    0.00947363207333
3.38    0.00940396152788
3.4    0.00933464493533
3.42    0.00926575051912
3.44    0.0091973405772
3.46    0.00912947182998
3.48    0.00906219575325
3.5    0.00899555889615
3.52    0.00892960318437
3.54    0.00886436620917
3.56    0.00879988150243
3.58    0.00873619123612
3.6    0.00867371161565
3.62    0.00861204030435
3.64    0.00855119815103
3.66    0.00849120308242
3.68    0.00843207030471
3.7    0.0083738124941
3.72    0.00831643997757
3.74    0.00825996090265
3.76    0.00820438139849
3.78    0.0081497057269
3.8    0.00809593642551
3.82    0.00804307444206
3.84    0.00799111926065
3.86    0.00794006902085
3.88    0.00788992062938
3.9    0.00784066986478
3.92    0.00779231147587
3.94    0.00774483927391
3.96    0.00769824621873
3.98    0.00765252449993
4.0    0.00760766561213
4.02    0.00756366042546
4.04    0.00752049925187
4.06    0.00747817190632
4.08    0.00743666776396
4.1    0.00739597581393
4.12    0.00735608470849
4.14    0.00731698280953
4.16    0.00727865823113
4.18    0.00724109887943
4.2    0.00720432888109
4.22    0.00716831863708
4.24    0.00713303186981
4.26    0.00709845624878
4.28    0.00706457938092
4.3    0.00703138883608
4.32    0.00699887217
4.34    0.00696701694551
4.36    0.0069358107523
4.38    0.0069052412243
4.4    0.00687529605651
4.42    0.0068459630192
4.44    0.00681722997165
4.46    0.00678908487445
4.48    0.00676151580014
4.5    0.00673451094337
4.52    0.00670805862952
4.54    0.00668214732274
4.56    0.00665676563294
4.58    0.00663190232179
4.6    0.00660754630819
4.62    0.00658368667309
4.64    0.00656031266313
4.66    0.00653741369437
4.68    0.00651497935507
4.7    0.00649299940775
4.72    0.0064714637912
4.74    0.00645036262183
4.76    0.00642968619456
4.78    0.00640942498333
4.8    0.00638956964152
4.82    0.00637011100163
4.84    0.00635104007507
4.86    0.00633234805134
4.88    0.0063140262973
4.9    0.00629606635594
4.92    0.00627845994508
4.94    0.00626119895589
4.96    0.00624427545121
4.98    0.00622768166377
5.0    0.00621140999426
5.02    0.00619545300921
5.04    0.00617980343894
5.06    0.0061644541752
5.08    0.00614939826891
5.1    0.00613462892773
5.12    0.00612013951373
5.14    0.00610592354072
5.16    0.00609197467174
5.18    0.00607828671674
5.2    0.00606485362951
5.22    0.00605166950556
5.24    0.00603872857908
5.26    0.00602602522067
5.28    0.00601355393437
5.3    0.0060013093553
5.32    0.00598928624676
5.34    0.00597747949794
5.36    0.00596588412103
5.38    0.00595449524875
5.4    0.0059433081318
5.42    0.00593231813636
5.44    0.00592152074136
5.46    0.00591091153633
5.48    0.00590048621863
5.5    0.00589024433488
5.52    0.00588018812669
5.54    0.00587030340145
5.56    0.00586058626013
5.58    0.00585103290033
5.6    0.00584163961387
5.62    0.00583240278474
5.64    0.00582331888673
5.66    0.00581438448135
5.68    0.00580559621574
5.7    0.00579695082046
5.72    0.00578844510767
5.74    0.00578007596897
5.76    0.00577184037339
5.78    0.00576373536569
5.8    0.0057557580643
5.82    0.00574790565954
5.84    0.00574017541182
5.86    0.00573256464986
5.88    0.00572507076908
5.9    0.00571769122966
5.92    0.00571042355524
5.94    0.00570326533106
5.96    0.00569621420243
5.98    0.0056892678733
6.0    0.00568242410462
6.02    0.00567568071303
6.04    0.00566903556932
6.06    0.00566248659704
6.08    0.0056560317712
6.1    0.00564966911691
6.12    0.00564339670807
6.14    0.00563721266615
6.16    0.00563111515891
6.18    0.00562510239923
6.2    0.00561917264396
6.22    0.00561332419265
6.24    0.00560755538668
6.26    0.00560186460793
6.28    0.00559625027779
6.3    0.0055907108563
6.32    0.00558524484089
6.34    0.00557985076556
6.36    0.00557452719992
6.38    0.00556927274814
6.4    0.00556408604826
6.42    0.00555896577107
6.44    0.00555391061942
6.46    0.00554891932737
6.48    0.00554399065924
6.5    0.005539123409
6.52    0.00553431639942
6.54    0.00552956848122
6.56    0.00552487853254
6.58    0.00552024545809
6.6    0.00551566818849
6.62    0.00551114567954
6.64    0.0055066769117
6.66    0.00550226088934
6.68    0.00549789664012
6.7    0.00549358321448
6.72    0.0054893196849
6.74    0.00548510514549
6.76    0.00548093871131
6.78    0.00547681951788
6.8    0.00547274672062
6.82    0.00546871949438
6.84    0.00546473703294
6.86    0.00546079854849
6.88    0.00545690327111
6.9    0.00545305044842
6.92    0.00544923934506
6.94    0.00544546924227
6.96    0.00544173943753
6.98    0.00543804924395
7.0    0.00543439799008
7.02    0.00543078501944
7.04    0.00542720969012
7.06    0.00542367137443
7.08    0.00542016945852
7.1    0.00541670334208
7.12    0.00541327243795
7.14    0.00540987617177
7.16    0.00540651398173
7.18    0.00540318531814
7.2    0.0053998896433
7.22    0.00539662643102
7.24    0.00539339516644
7.26    0.00539019534573
7.28    0.00538702647571
7.3    0.0053838880738
7.32    0.00538077966753
7.34    0.00537770079444
7.36    0.0053746510018
7.38    0.00537162984634
7.4    0.00536863689398
7.42    0.00536567171973
7.44    0.0053627339073
7.46    0.00535982304905
7.48    0.00535693874571
7.5    0.00535408060615
7.52    0.00535124824711
7.54    0.00534844129332
7.56    0.0053456593769
7.58    0.0053429021374
7.6    0.00534016922168
7.62    0.00533746028355
7.64    0.00533477498379
7.66    0.00533211298979
7.68    0.00532947397558
7.7    0.00532685762151
7.72    0.00532426361426
7.74    0.00532169164656
7.76    0.00531914141707
7.78    0.0053166126303
7.8    0.00531410499643
7.82    0.00531161823117
7.84    0.00530915205568
7.86    0.00530670619635
7.88    0.00530428038474
7.9    0.00530187435752
7.92    0.00529948785624
7.94    0.00529712062722
7.96    0.00529477242155
7.98    0.00529244299492
8.0    0.00529013210744
8.02    0.00528783952371
8.04    0.00528556501252
8.06    0.00528330834686
8.08    0.00528106930392
8.1    0.00527884766475
8.12    0.00527664321441
8.14    0.00527445574176
8.16    0.00527228503934
8.18    0.00527013090348
8.2    0.00526799313396
8.22    0.0052658715341
8.24    0.00526376591068
8.26    0.00526167607374
8.28    0.00525960183666
8.3    0.00525754301598
8.32    0.00525549943143
8.34    0.00525347090572
8.36    0.00525145726459
8.38    0.00524945833669
8.4    0.0052474739536
8.42    0.00524550394964
8.44    0.00524354816192
8.46    0.00524160643016
8.48    0.00523967859683
8.5    0.00523776450691
8.52    0.00523586400784
8.54    0.00523397694966
8.56    0.00523210318469
8.58    0.00523024256774
8.6    0.00522839495586
8.62    0.00522656020835
8.64    0.00522473818679
8.66    0.00522292875494
8.68    0.0052211317786
8.7    0.00521934712574
8.72    0.00521757466639
8.74    0.0052158142725
8.76    0.00521406581807
8.78    0.00521232917898
8.8    0.00521060423298
8.82    0.00520889085967
8.84    0.00520718894051
8.86    0.00520549835869
8.88    0.00520381899915
8.9    0.00520215074854
8.92    0.00520049349516
8.94    0.00519884712899
8.96    0.0051972115416
8.98    0.00519558662607
9.0    0.00519397227715
9.02    0.005192368391
9.04    0.00519077486532
9.06    0.00518919159927
9.08    0.00518761849343
9.1    0.00518605544973
9.12    0.00518450237157
9.14    0.00518295916362
9.16    0.00518142573196
9.18    0.0051799019839
9.2    0.00517838782806
9.22    0.00517688317428
9.24    0.00517538793367
9.26    0.00517390201854
9.28    0.00517242534236
9.3    0.0051709578198
9.32    0.00516949936663
9.34    0.00516804989978
9.36    0.00516660933728
9.38    0.00516517759819
9.4    0.00516375460268
9.42    0.005162340272
9.44    0.00516093452831
9.46    0.00515953729494
9.48    0.00515814849606
9.5    0.00515676805685
9.52    0.0051553959035
9.54    0.0051540319631
9.56    0.00515267616369
9.58    0.00515132843414
9.6    0.0051499887043
9.62    0.00514865690487
9.64    0.00514733296739
9.66    0.00514601682423
9.68    0.00514470840867
9.7    0.00514340765473
9.72    0.00514211449728
9.74    0.00514082887196
9.76    0.00513955071521
9.78    0.00513827996419
9.8    0.00513701655683
9.82    0.00513576043185
9.84    0.00513451152865
9.86    0.00513326978735
9.88    0.00513203514877
9.9    0.00513080755449
9.92    0.00512958694662
9.94    0.00512837326814
9.96    0.00512716646254
9.98    0.00512596647402
10.0    0.00512477324743
