0.1    0.00310600440879
0.12    0.0042457255123
0.14    0.00394539647937
0.16    0.00460498293363
0.18    0.00559109712944
0.2    0.00638385754451
0.22    0.00626428373231
0.24    0.00591524045459
0.26    0.00585659889247
0.28    0.0059143880269
0.3    0.00605051247081
0.32    0.00603407399973
0.34    0.00589949775306
0.36    0.00803918954541
0.38    0.0103804512799
0.4    0.0103688347631
0.42    0.00960413133875
0.44    0.00899628924458
0.46    0.00983217095217
0.48    0.0113249511329
0.5    0.012144258046
0.52    0.0117332234036
0.54    0.0108782032249
0.56    0.00930639691904
0.58    0.00842051267298
0.6    0.00757176506656
0.62    0.00705900592214
0.64    0.00755150985838
0.66    0.00775882865623
0.68    0.00842938256121
0.7    0.00887578918916
0.72    0.0084425842498
0.74    0.00914443647758
0.76    0.00962353132456
0.78    0.00984466623345
0.8    0.0106907448486
0.82    0.0116557679967
0.84    0.0124143289781
0.86    0.012947751156
0.88    0.0136240942433
0.9    0.0154835429134
0.92    0.0161828506575
0.94    0.0162018634704
0.96    0.0156758414434
0.98    0.0147436987405
1.0    0.0144141961531
1.02    0.0149147877065
1.04    0.0161171638637
1.06    0.0171526787488
1.08    0.0172989732389
1.1    0.0168166309763
1.12    0.0162031540898
1.14    0.0161093325425
1.16    0.0164092782707
1.18    0.0179644609948
1.2    0.0200898746751
1.22    0.0224120529389
1.24    0.024662337362
1.26    0.0267065376198
1.28    0.0295095225878
1.3    0.0317968828233
1.32    0.0335155489359
1.34    0.0347371988492
1.36    0.0356320393272
1.38    0.0363258627632
1.4    0.0369408957293
1.42    0.0376400101594
1.44    0.0394006910141
1.46    0.0416456457352
1.48    0.0438206069208
1.5    0.0458579000792
1.52    0.047659338438
1.54    0.0491081439098
1.56    0.0501429454271
1.58    0.0507764491723
1.6    0.0510633827033
1.62    0.0510894943997
1.64    0.0509446881866
1.66    0.0507230482425
1.68    0.0505092291113
1.7    0.0503485145395
1.72    0.0502674333485
1.74    0.0502563141223
1.76    0.0502832519898
1.78    0.0503002727052
1.8    0.0502595092488
1.82    0.0501215954113
1.84    0.0498697746489
1.86    0.0495034650021
1.88    0.0490229605281
1.9    0.0484259667582
1.92    0.0477308841997
1.94    0.0469780404774
1.96    0.0462156998805
1.98    0.0454881750579
2.0    0.0448370429085
2.02    0.0442987207981
2.04    0.0439046108296
2.06    0.0436732858479
2.08    0.0436124062225
2.1    0.0437191101535
2.12    0.0439800469825
2.14    0.044379999131
2.16    0.0448955608553
2.18    0.0454926871036
2.2    0.0461289715528
2.22    0.0467703682728
2.24    0.0474701631595
2.26    0.048668654511
2.28    0.0498646641433
2.3    0.0510402580709
2.32    0.0521811877066
2.34    0.0532727328741
2.36    0.0543044313334
2.38    0.0552698668542
2.4    0.0561637489847
2.42    0.0569752291132
2.44    0.0577010685477
2.46    0.0583410641645
2.48    0.0588974636728
2.5    0.0593734811106
2.52    0.0597737070907
2.54    0.0601035243493
2.56    0.0603672160397
2.58    0.0605689017101
2.6    0.0607119319548
2.62    0.0607978574749
2.64    0.0608260023675
2.66    0.0607950286652
2.68    0.0607043066408
2.7    0.0605542242574
2.72    0.0603414849388
2.74    0.060070124294
2.76    0.0597380816236
2.78    0.0593425031167
2.8    0.0588882841802
2.82    0.0583700844015
2.84    0.0577887608795
2.86    0.057146606801
2.88    0.0564390216308
2.9    0.0559248008838
2.92    0.0563366372717
2.94    0.0567173722171
2.96    0.0570600141595
2.98    0.057368330124
3.0    0.0576382757445
3.02    0.0578714323166
3.04    0.0580684857481
3.06    0.0582276488152
3.08    0.0583435521633
3.1    0.0584145348257
3.12    0.0584398757642
3.14    0.0584169556299
3.16    0.0583444625992
3.18    0.0582242503322
3.2    0.0580539385317
3.22    0.0578398956896
3.24    0.057580562284
3.26    0.0572799671252
3.28    0.0569402525319
3.3    0.0565616876917
3.32    0.0561427037946
3.34    0.0556846356552
3.36    0.0551891790921
3.38    0.0546557103355
3.4    0.0540884115519
3.42    0.0534858624839
3.44    0.0528523898912
3.46    0.0521875074264
3.48    0.0514934037597
3.5    0.0507722371838
3.52    0.0500240273617
3.54    0.0492506822622
3.56    0.0484540708902
3.58    0.0476360540976
3.6    0.0467985151609
3.62    0.046584532809
3.64    0.0466885390739
3.66    0.0467672026022
3.68    0.0468205621074
3.7    0.0468489256052
3.72    0.0468537417808
3.74    0.046836687423
3.76    0.0467973027989
3.78    0.0467369174211
3.8    0.0466570779317
3.82    0.0465593547748
3.84    0.046445117364
3.86    0.0463155697315
3.88    0.0461718959606
3.9    0.0460153131212
3.92    0.0458476014971
3.94    0.0456703256712
3.96    0.0454828630303
3.98    0.0452856486445
4.0    0.0450789661605
4.02    0.0448629146034
4.04    0.0446375258519
4.06    0.0444029569746
4.08    0.0441595086407
4.1    0.0439081008131
4.12    0.0436502957808
4.14    0.0433850827879
4.16    0.0431135834931
4.18    0.0428375814553
4.2    0.0425560625313
4.22    0.0422703496665
4.24    0.0419819743779
4.26    0.0416906565076
4.28    0.0413975662259
4.3    0.0411037055676
4.32    0.0408097086244
4.34    0.0405158297695
4.36    0.0402220895271
4.38    0.0399283785694
4.4    0.039634432333
4.42    0.039340600083
4.44    0.0390472658601
4.46    0.0387537483045
4.48    0.0384611027063
4.5    0.0381691392669
4.52    0.0378772253678
4.54    0.0375876556545
4.56    0.0372989206363
4.58    0.0370110895851
4.6    0.0367252290598
4.62    0.0364418375118
4.64    0.0361600190487
4.66    0.0358799869406
4.68    0.0356019352808
4.7    0.0353274679192
4.72    0.035055354992
4.74    0.0347856295777
4.76    0.0345184211518
4.78    0.0342538444261
4.8    0.033992000191
4.82    0.0337341405598
4.84    0.0334791267557
4.86    0.0332270185436
4.88    0.0329778712974
4.9    0.032731730204
4.92    0.0324886309518
4.94    0.0322486003894
4.96    0.0320116571595
4.98    0.0317784415859
5.0    0.0315484641988
5.02    0.0313215492781
5.04    0.0310976901657
5.06    0.0308768746915
5.08    0.0306590856515
5.1    0.0304443012619
5.12    0.0302324955906
5.14    0.0300236389609
5.16    0.0298176983371
5.18    0.0296146376896
5.2    0.0294144183288
5.22    0.0292171299432
5.24    0.0290228969887
5.26    0.0288313550059
5.28    0.0286424586838
5.3    0.0284561614211
5.32    0.0282724155515
5.34    0.0280911725645
5.36    0.0279123833011
5.38    0.0277359981379
5.4    0.0275619671599
5.42    0.0273902403169
5.44    0.0272207675665
5.46    0.0270534990092
5.48    0.0268883850066
5.5    0.0267253762951
5.52    0.0265644240821
5.54    0.026405480139
5.56    0.0262484968818
5.58    0.0260934274443
5.6    0.0259402257417
5.62    0.0257888465293
5.64    0.0256392454516
5.66    0.0254913790855
5.68    0.025345204979
5.7    0.025200681681
5.72    0.0250577687697
5.74    0.0249164268722
5.76    0.0247766176803
5.78    0.0246383039658
5.8    0.0245014653627
5.82    0.0243661169185
5.84    0.0242321522431
5.86    0.0240995386736
5.88    0.0239682446246
5.9    0.0238382395764
5.92    0.0237094940715
5.94    0.0235819797007
5.96    0.0234556690892
5.98    0.0233305358848
6.0    0.0232065547392
6.02    0.0230837012924
6.04    0.0229619521518
6.06    0.0228412848733
6.08    0.0227216779402
6.1    0.0226031107418
6.12    0.0224855635509
6.14    0.0223690175008
6.16    0.0222534545618
6.18    0.0221388575174
6.2    0.0220252099417
6.22    0.021912496172
6.24    0.0218007012883
6.26    0.0216898110869
6.28    0.0215798120551
6.3    0.0214706913503
6.32    0.0213624367729
6.34    0.0212550367432
6.36    0.0211484802798
6.38    0.0210427569716
6.4    0.0209378569613
6.42    0.0208337709163
6.44    0.0207304900104
6.46    0.0206280059015
6.48    0.020526321935
6.5    0.0204254760796
6.52    0.0203254076258
6.54    0.0202261098966
6.56    0.020127576599
6.58    0.0200298018007
6.6    0.0199327799143
6.62    0.0198365056767
6.64    0.0197409741347
6.66    0.0196461806248
6.68    0.0195521207591
6.7    0.0194587904075
6.72    0.019366185683
6.74    0.0192743029269
6.76    0.0191831386935
6.78    0.0190926897377
6.8    0.0190029529995
6.82    0.0189628511355
6.84    0.0189480167566
6.86    0.0189318523148
6.88    0.0189143789813
6.9    0.0189002581583
6.92    0.0189852391121
6.94    0.0190600618866
6.96    0.0191244036367
6.98    0.0191781129887
7.0    0.0192210472051
7.02    0.0192529811447
7.04    0.0192737236261
7.06    0.0192832145308
7.08    0.0192814879563
7.1    0.0192686033944
7.12    0.0192446275017
7.14    0.0192096559382
7.16    0.019163832014
7.18    0.0191073445207
7.2    0.0190404157934
7.22    0.0189632943326
7.24    0.0188762550308
7.26    0.0187796014785
7.28    0.0186738695986
7.3    0.0185592601373
7.32    0.018495304372
7.34    0.0184846658109
7.36    0.0184738669273
7.38    0.0184629074639
7.4    0.0184517872547
7.42    0.0184405062236
7.44    0.0184290802557
7.46    0.0184177478989
7.48    0.018408773891
7.5    0.0184031934277
7.52    0.0183976001499
7.54    0.0183917882638
7.56    0.0183857587024
7.58    0.0183795124627
7.6    0.0183730506043
7.62    0.0183663742467
7.64    0.0183594845684
7.66    0.0183523924902
7.68    0.0183453619241
7.7    0.0183381193724
7.72    0.0183306662466
7.74    0.0183230040066
7.76    0.0183151341595
7.78    0.0183070582576
7.8    0.0182987778966
7.82    0.0182903930887
7.84    0.0182819725586
7.86    0.0182733502033
7.88    0.018264527792
7.9    0.0182555071288
7.92    0.0182462900504
7.94    0.0182368784254
7.96    0.018227478592
7.98    0.0182179324522
8.0    0.0182081952576
8.02    0.0181982690038
8.04    0.0181881557098
8.06    0.0181778574171
8.08    0.0181675864002
8.1    0.0181571611182
8.12    0.0181465548849
8.14    0.0181357698329
8.16    0.0181248081111
8.18    0.0181136718828
8.2    0.018102522027
8.22    0.0180912685495
8.24    0.0180798450174
8.26    0.0180682536541
8.28    0.0180564966922
8.3    0.0180445763716
8.32    0.0180324949386
8.34    0.0180203526697
8.36    0.0180081678542
8.38    0.0179958266807
8.4    0.0179833314258
8.42    0.0179706843678
8.44    0.0179578877856
8.46    0.0179449439572
8.48    0.0179318551607
8.5    0.0179186236715
8.52    0.0179053488501
8.54    0.0178920345522
8.56    0.017878582483
8.58    0.0178649949184
8.6    0.0178512741275
8.62    0.0178374223737
8.64    0.0178234419134
8.66    0.0178093349959
8.68    0.0177951038616
8.7    0.0177807507433
8.72    0.0177662778642
8.74    0.0177517192085
8.76    0.017737190413
8.78    0.0177225467297
8.8    0.0177077903539
8.82    0.0176929234696
8.84    0.0176779482482
8.86    0.0176628668493
8.88    0.0176476814188
8.9    0.0176323940902
8.92    0.0176170069826
8.94    0.0176274880348
8.96    0.0177654619164
8.98    0.0179055956858
9.0    0.0180473169872
9.02    0.0181903486753
9.04    0.0183344110473
9.06    0.0184795176202
9.08    0.0186252188599
9.1    0.0187711224223
9.12    0.0189169575949
9.14    0.0190628974929
9.16    0.0192082117505
9.18    0.019352620587
9.2    0.019496226493
9.22    0.0196385518087
9.24    0.0197791668558
9.26    0.0199182019628
9.28    0.0200552090396
9.3    0.0201897330331
9.32    0.0203220653035
9.34    0.0204515297513
9.36    0.0205779432516
9.38    0.0207014413635
9.4    0.0208212732542
9.42    0.0209378527078
9.44    0.0210504275168
9.46    0.0211592376397
9.48    0.0212637679332
9.5    0.0213641724917
9.52    0.0214599241381
9.54    0.0215513276939
9.56    0.0216376593927
9.58    0.0217194062174
9.6    0.0217957215975
9.62    0.0218671128543
9.64    0.0219327216486
9.66    0.0219932245195
9.68    0.0220476615261
9.7    0.0220967459661
9.72    0.0221396013093
9.74    0.0221769605711
9.76    0.0222080161322
9.78    0.0222332610862
9.8    0.0222521624986
9.82    0.0222649916944
9.84    0.0222713586485
9.86    0.0222715396458
9.88    0.0223378810745
9.9    0.022440803189
9.92    0.0225398615243
9.94    0.0226353460898
9.96    0.0227269472089
9.98    0.022814632695
10.0    0.022898573994
