0.1    33369464.0271
0.12    29679.1566936
0.14    46911.7982524
0.16    3247.8991659
0.18    549.072782419
0.2    140.950653605
0.22    83.4536218066
0.24    37.2302409913
0.26    10.360100432
0.28    4.14840623635
0.3    1.40624437485
0.32    0.950476381148
0.34    0.394280294083
0.36    0.24272310095
0.38    0.0398735257007
0.4    0.107987195401
0.42    0.129577808328
0.44    0.233632190303
0.46    0.197358479168
0.48    0.101967860943
0.5    0.0734965340951
0.52    0.0875755459883
0.54    0.119317682475
0.56    0.134737478328
0.58    0.132187927329
0.6    0.12110611679
0.62    0.129892252396
0.64    0.122400105957
0.66    0.113525175275
0.68    0.119733424636
0.7    0.105872569031
0.72    0.104430025811
0.74    0.0884999264108
0.76    0.0820237926541
0.78    0.0641668318502
0.8    0.0577458069898
0.82    0.0446931777056
0.84    0.0413013921648
0.86    0.035506107644
0.88    0.0318471990162
0.9    0.0303053977131
0.92    0.0255960940962
0.94    0.0220134659907
0.96    0.0195059582846
0.98    0.0168961050246
1.0    0.0123858788725
1.02    0.010891265704
1.04    0.00999854404627
1.06    0.00905678465336
1.08    0.00844368615724
1.1    0.00868305336981
1.12    0.00891499284733
1.14    0.00901728326342
1.16    0.00770847797913
1.18    0.0075126538497
1.2    0.00732630672938
1.22    0.00697862554709
1.24    0.0065832434395
1.26    0.00613609914714
1.28    0.00496781801263
1.3    0.00448241877459
1.32    0.00405944281208
1.34    0.003582546466
1.36    0.00321408543281
1.38    0.00286253673015
1.4    0.00255221008996
1.42    0.00221815924046
1.44    0.00199611639647
1.46    0.00194555549513
1.48    0.00193284879681
1.5    0.00192056429635
1.52    0.00190866084929
1.54    0.00189710294881
1.56    0.00188586002705
1.58    0.00187490748654
1.6    0.00186423957166
1.62    0.00185381700366
1.64    0.00184362336736
1.66    0.00183364463718
1.68    0.00182386883182
1.7    0.00181428571257
1.72    0.00180488652045
1.74    0.00179566374832
1.76    0.00178661094387
1.78    0.00177772253977
1.8    0.00176899370808
1.82    0.0017604202353
1.84    0.00175199841627
1.86    0.00174372496359
1.88    0.00173559693117
1.9    0.00172761164976
1.92    0.00179508799792
1.94    0.00189538685458
1.96    0.00199500163779
1.98    0.00209249629101
2.0    0.00218652894428
2.02    0.00227504935162
2.04    0.00233740042505
2.06    0.00236171784508
2.08    0.00234605313071
2.1    0.00229000355489
2.12    0.00227103904944
2.14    0.00226317921144
2.16    0.00223633177109
2.18    0.00230006578463
2.2    0.00240734132031
2.22    0.00249607247035
2.24    0.00256523146438
2.26    0.00261377843316
2.28    0.00264143719848
2.3    0.00264842769116
2.32    0.00263558907526
2.34    0.00260401406204
2.36    0.0025550115585
2.38    0.00249008372166
2.4    0.00241087004474
2.42    0.00231901284319
2.44    0.0022503470623
2.46    0.00223036419738
2.48    0.00219828863996
2.5    0.00215604329633
2.52    0.00210770109984
2.54    0.00205918487122
2.56    0.00201390080017
2.58    0.0019696668002
2.6    0.00192501136713
2.62    0.00187949719144
2.64    0.00183321624023
2.66    0.0017861985399
2.68    0.00173134321362
2.7    0.00166689995757
2.72    0.00159439452725
2.74    0.00156242830413
2.76    0.00154921196072
2.78    0.001533932539
2.8    0.00151679555392
2.82    0.00149799026299
2.84    0.00147874610059
2.86    0.00147548228163
2.88    0.0014722781022
2.9    0.00146913231403
2.92    0.00146604369327
2.94    0.00146301104067
2.96    0.00146003318105
2.98    0.0014571089633
3.0    0.00145423725998
3.02    0.00145141696722
3.04    0.00144864700426
3.06    0.00144592631325
3.08    0.00144325385891
3.1    0.00144062862824
3.12    0.00143804963004
3.14    0.00143551589478
3.16    0.00143302647405
3.18    0.00143058044033
3.2    0.00142817688654
3.22    0.00142581492568
3.24    0.00142349369057
3.26    0.00142121233328
3.28    0.00141897002499
3.3    0.00141676595536
3.32    0.00141459933237
3.34    0.00141246938184
3.36    0.00141037534714
3.38    0.00140831648866
3.4    0.00140629208369
3.42    0.0014043014258
3.44    0.00140234382475
3.46    0.00140041860584
3.48    0.00139852510988
3.5    0.00139666269257
3.52    0.00139483072437
3.54    0.00139302859001
3.56    0.00139125568829
3.58    0.00138951143165
3.6    0.00138779524594
3.62    0.00138610657005
3.64    0.0013844448557
3.66    0.00138280956695
3.68    0.00138120018012
3.7    0.00137961618337
3.72    0.00137805707648
3.74    0.00137652237059
3.76    0.00137501158776
3.78    0.00137352426102
3.8    0.00137205993375
3.82    0.0013706181598
3.84    0.00136919850286
3.86    0.00136780053655
3.88    0.001366423844
3.9    0.00136506801762
3.92    0.00136373265895
3.94    0.00136241737843
3.96    0.00136112179517
3.98    0.00135984553669
4.0    0.00135858823874
4.02    0.00135734954519
4.04    0.00135612910774
4.06    0.00135492658571
4.08    0.00135374164595
4.1    0.00135257396258
4.12    0.00135142321686
4.14    0.00135028935528
4.16    0.00134917456272
4.18    0.00134807576069
4.2    0.00134699265756
4.22    0.00134592496807
4.24    0.00134487241311
4.26    0.00134383471957
4.28    0.00134281162017
4.3    0.0013418028533
4.32    0.00134080816306
4.34    0.00133982729881
4.36    0.0013388600154
4.38    0.00133790607277
4.4    0.00133696523591
4.42    0.00133603727481
4.44    0.00133512196422
4.46    0.00133421908361
4.48    0.00133332841713
4.5    0.0013324497533
4.52    0.00133158288512
4.54    0.00133072760979
4.56    0.00132988372878
4.58    0.00132905104751
4.6    0.00132822937551
4.62    0.00132741852614
4.64    0.00132661831656
4.66    0.0013258285677
4.68    0.00132504910401
4.7    0.00132427975362
4.72    0.00132352034797
4.74    0.00132277072201
4.76    0.0013220307139
4.78    0.0013213001651
4.8    0.00132057892018
4.82    0.00131986682678
4.84    0.00131916373561
4.86    0.00131846950021
4.88    0.00131778397717
4.9    0.0013171070257
4.92    0.00131643850791
4.94    0.00131577828846
4.96    0.00131512623478
4.98    0.00131448221676
5.0    0.0013138461068
5.02    0.00131321777986
5.04    0.00131259711313
5.06    0.00131198398631
5.08    0.00131137828127
5.1    0.00131077988221
5.12    0.00131018867545
5.14    0.0013096045495
5.16    0.00130902739497
5.18    0.00130845710451
5.2    0.00130789357274
5.22    0.00130733669634
5.24    0.00130678637379
5.26    0.00130624250557
5.28    0.0013057049939
5.3    0.00130517374286
5.32    0.00130464865827
5.34    0.00130412964769
5.36    0.00130361662034
5.38    0.00130310948706
5.4    0.00130260816042
5.42    0.00130211255448
5.44    0.00130162258487
5.46    0.00130113816873
5.48    0.00130065922468
5.5    0.0013001856728
5.52    0.00129971743463
5.54    0.00129925443305
5.56    0.00129879659231
5.58    0.00129834383804
5.6    0.00129789609713
5.62    0.00129745329778
5.64    0.00129701536941
5.66    0.00129658224271
5.68    0.00129615384958
5.7    0.00129573012307
5.72    0.00129531099737
5.74    0.00129489640784
5.76    0.00129448629096
5.78    0.00129408058425
5.8    0.00129367922635
5.82    0.00129328215692
5.84    0.00129288931657
5.86    0.00129250064706
5.88    0.00129211609101
5.9    0.0012917355921
5.92    0.00129135909485
5.94    0.00129098654483
5.96    0.00129061788835
5.98    0.0012902530728
6.0    0.0012898920463
6.02    0.00128953475792
6.04    0.00128918115751
6.06    0.00128883119574
6.08    0.00128848482413
6.1    0.001288141995
6.12    0.00128780266131
6.14    0.00128746677702
6.16    0.00128713429665
6.18    0.00128680517548
6.2    0.00128647936956
6.22    0.00128615683567
6.24    0.00128583753117
6.26    0.00128552141415
6.28    0.00128520844344
6.3    0.00128489857844
6.32    0.00128459177921
6.34    0.00128428800644
6.36    0.00128398722144
6.38    0.00128368938621
6.4    0.00128339446312
6.42    0.00128310241536
6.44    0.00128281320657
6.46    0.00128252680102
6.48    0.00128224316349
6.5    0.0012819622593
6.52    0.00128168405432
6.54    0.00128140851489
6.56    0.00128113560797
6.58    0.00128086530096
6.6    0.00128059756172
6.62    0.00128033235869
6.64    0.00128006966067
6.66    0.00127980943704
6.68    0.00127955165763
6.7    0.0012792962926
6.72    0.00127904331269
6.74    0.001278792689
6.76    0.00127854439316
6.78    0.0012782983971
6.8    0.00127805467319
6.82    0.00127781319427
6.84    0.00127757393354
6.86    0.00127733686454
6.88    0.00127710196133
6.9    0.00127686919824
6.92    0.00127663854999
6.94    0.00127640999169
6.96    0.00127618349875
6.98    0.00127595904705
7.0    0.00127573661274
7.02    0.00127551617233
7.04    0.0012752977026
7.06    0.0012750811808
7.08    0.00127486658438
7.1    0.00127465389117
7.12    0.00127444307929
7.14    0.00127423412721
7.16    0.00127402701359
7.18    0.00127382171759
7.2    0.00127361821843
7.22    0.0012734164958
7.24    0.00127321652961
7.26    0.00127301830003
7.28    0.00127282178752
7.3    0.00127262697281
7.32    0.0012724338369
7.34    0.00127224236108
7.36    0.0012720525268
7.38    0.00127186431589
7.4    0.00127167771034
7.42    0.00127149269244
7.44    0.00127130924468
7.46    0.00127112734977
7.48    0.00127094699075
7.5    0.00127076815078
7.52    0.0012705908133
7.54    0.00127041505926
7.56    0.00127024137588
7.58    0.0012700691419
7.6    0.00126989834171
7.62    0.00126972895983
7.64    0.001269560981
7.66    0.00126939439022
7.68    0.00126922917261
7.7    0.00126906531354
7.72    0.00126890279852
7.74    0.00126874161334
7.76    0.00126858174387
7.78    0.00126842317627
7.8    0.00126826589674
7.82    0.00126810989182
7.84    0.00126795514809
7.86    0.0012678016524
7.88    0.0012676493917
7.9    0.00126749835312
7.92    0.00126734852401
7.94    0.00126719989184
7.96    0.00126705244419
7.98    0.00126690616891
8.0    0.00126676105391
8.02    0.00126661708732
8.04    0.00126647425734
8.06    0.00126633255237
8.08    0.00126619196101
8.1    0.00126605247187
8.12    0.00126591407381
8.14    0.00126577675581
8.16    0.00126564050696
8.18    0.00126550531646
8.2    0.00126537117375
8.22    0.00126523806831
8.24    0.00126510598974
8.26    0.00126497492781
8.28    0.00126484487241
8.3    0.00126471581355
8.32    0.00126458774138
8.34    0.00126446064616
8.36    0.00126433451817
8.38    0.00126420934801
8.4    0.00126408512623
8.42    0.00126396184354
8.44    0.00126383949079
8.46    0.00126371805891
8.48    0.00126359753893
8.5    0.001263477922
8.52    0.00126335919941
8.54    0.00126324136249
8.56    0.00126312440273
8.58    0.00126300831171
8.6    0.00126289308104
8.62    0.00126277870255
8.64    0.00126266516808
8.66    0.00126255246955
8.68    0.00126244059907
8.7    0.00126232954875
8.72    0.00126221931085
8.74    0.00126210987765
8.76    0.00126200124163
8.78    0.00126189339527
8.8    0.00126178633112
8.82    0.0012616800419
8.84    0.0012615745204
8.86    0.00126146975939
8.88    0.00126136575188
8.9    0.00126126249079
8.92    0.00126115996926
8.94    0.00126105818047
8.96    0.0012609571176
8.98    0.00126085677402
9.0    0.00126075714315
9.02    0.00126065821838
9.04    0.00126055999335
9.06    0.00126046246159
9.08    0.00126036561686
9.1    0.00126026945287
9.12    0.00126017396345
9.14    0.00126007914253
9.16    0.00125998498406
9.18    0.00125989148208
9.2    0.00125979863066
9.22    0.001259706424
9.24    0.0012596148563
9.26    0.0012595239219
9.28    0.00125943361512
9.3    0.00125934393038
9.32    0.00125925486212
9.34    0.00125916640496
9.36    0.00125907855344
9.38    0.00125899130223
9.4    0.00125890464604
9.42    0.00125881857968
9.44    0.00125873309792
9.46    0.00125864819568
9.48    0.00125856386789
9.5    0.00125848010955
9.52    0.0012583969157
9.54    0.00125831428143
9.56    0.00125823220193
9.58    0.00125815067235
9.6    0.00125806968803
9.62    0.00125798924415
9.64    0.00125790933621
9.66    0.0012578299595
9.68    0.00125775110952
9.7    0.00125767278178
9.72    0.00125759497183
9.74    0.00125751767525
9.76    0.00125744088767
9.78    0.00125736460475
9.8    0.00125728882231
9.82    0.00125721353608
9.84    0.00125713874187
9.86    0.00125706443552
9.88    0.00125699061302
9.9    0.00125691727024
9.92    0.00125684440318
9.94    0.0012567720079
9.96    0.00125670008044
9.98    0.00125662861695
10.0    0.00125655761356
