0.05    0.000281156014482
0.07    0.000528284189648
0.09    0.00105913779127
0.1    0.00117805880488
0.12    0.00168567998118
0.14    0.00226911250665
0.16    0.00376164609472
0.18    0.00541411130846
0.2    0.00700587479652
0.22    0.00768903196422
0.24    0.00761528439203
0.26    0.0110806137
0.28    0.0114380474478
0.3    0.0138929701843
0.32    0.0159480058707
0.34    0.0170840145629
0.36    0.0206461317044
0.38    0.0244202996139
0.4    0.028275094308
0.42    0.0317251636114
0.44    0.0346311255158
0.46    0.0373462698072
0.48    0.0404524727841
0.5    0.0443419089143
0.52    0.0491157606413
0.54    0.0546450990531
0.56    0.0605610161487
0.58    0.0665789397072
0.6    0.0725655537335
0.62    0.0784524288332
0.64    0.0842402777528
0.66    0.0900107435213
0.68    0.0957541542518
0.7    0.101443423979
0.72    0.10702874675
0.74    0.112420334817
0.76    0.117507304688
0.78    0.122183892372
0.8    0.126371866202
0.82    0.130043641713
0.84    0.133228833816
0.86    0.135875990263
0.88    0.138081415826
0.9    0.139780625912
0.92    0.141073527722
0.94    0.141920086216
0.96    0.142432684006
0.98    0.142584133329
1.0    0.142463973567
1.02    0.142111500443
1.04    0.142623629981
1.06    0.143637181693
1.08    0.144373051257
1.1    0.144827195929
1.12    0.14497879057
1.14    0.14484182847
1.16    0.144363630326
1.18    0.143540149369
1.2    0.14236890016
1.22    0.140987840314
1.24    0.141136921571
1.26    0.141253971851
1.28    0.141334680678
1.3    0.141411233262
1.32    0.141447984259
1.34    0.141465151154
1.36    0.141463402759
1.38    0.141432902211
1.4    0.141391076294
1.42    0.141317532377
1.44    0.141245693907
1.46    0.141154837911
1.48    0.141056977044
1.5    0.140959624342
1.52    0.140837391974
1.54    0.14069253378
1.56    0.140526158976
1.58    0.140320646405
1.6    0.140093754117
1.62    0.139826998339
1.64    0.139517665739
1.66    0.139168219525
1.68    0.138761770484
1.7    0.138304421973
1.72    0.137788780149
1.74    0.137208430305
1.76    0.136579747787
1.78    0.135883122145
1.8    0.135133285548
1.82    0.134326147839
1.84    0.133454415724
1.86    0.13253479464
1.88    0.13290302659
1.9    0.133396946448
1.92    0.133860188429
1.94    0.134292668491
1.96    0.134694423722
1.98    0.13508180151
2.0    0.135450404169
2.02    0.135788368535
2.04    0.136096100212
2.06    0.136374073721
2.08    0.13664235942
2.1    0.136887678185
2.12    0.13710438594
2.14    0.137293160043
2.16    0.137454710601
2.18    0.137599762948
2.2    0.137731781247
2.22    0.13783826346
2.24    0.137920004577
2.26    0.137977807937
2.28    0.138012481509
2.3    0.138033237453
2.32    0.138043806467
2.34    0.138033128993
2.36    0.138002011198
2.38    0.137951250607
2.4    0.137881634248
2.42    0.137793937048
2.44    0.137696494457
2.46    0.137591456557
2.48    0.137470105246
2.5    0.137333165514
2.52    0.137181345162
2.54    0.137015334242
2.56    0.136835804629
2.58    0.136643409695
2.6    0.13644001231
2.62    0.136237157138
2.64    0.136022888788
2.66    0.135797795284
2.68    0.135562445769
2.7    0.13531739064
2.72    0.135063161746
2.74    0.134800272615
2.76    0.134529218727
2.78    0.13425047782
2.8    0.133964510217
2.82    0.133677419432
2.84    0.133388130225
2.86    0.133092595471
2.88    0.132791217803
2.9    0.132484384183
2.92    0.132172466321
2.94    0.131855821094
2.96    0.131534790966
2.98    0.131209704417
3.0    0.130880876359
3.02    0.13054860856
3.04    0.130213190062
3.06    0.129874897592
3.08    0.129533995969
3.1    0.129191860633
3.12    0.128853007648
3.14    0.128512069404
3.16    0.128169272932
3.18    0.127824835127
3.2    0.127478963114
3.22    0.1271318546
3.24    0.126783698224
3.26    0.126434673891
3.28    0.126084953102
3.3    0.125734699273
3.32    0.125384068041
3.34    0.125033207567
3.36    0.124682258824
3.38    0.124331355884
3.4    0.123980626181
3.42    0.123630190785
3.44    0.123280164648
3.46    0.122930656857
3.48    0.122581770866
3.5    0.122233604731
3.52    0.121886251326
3.54    0.121539798561
3.56    0.121194329584
3.58    0.120851719512
3.6    0.120511562753
3.62    0.12017251155
3.64    0.119834634916
3.66    0.119497997936
3.68    0.119162661937
3.7    0.11882868464
3.72    0.118496120323
3.74    0.118165019964
3.76    0.117835431385
3.78    0.117507399389
3.8    0.11718096589
3.82    0.116856170043
3.84    0.11653304836
3.86    0.116211634832
3.88    0.115891961037
3.9    0.11557405625
3.92    0.115257947547
3.94    0.114943659901
3.96    0.114631216276
3.98    0.114320637725
4.0    0.114011943472
4.02    0.113705150995
4.04    0.113400276111
4.06    0.113097333052
4.08    0.112796334535
4.1    0.112497291837
4.12    0.112200214864
4.14    0.111905112213
4.16    0.111611991234
4.18    0.111320858094
4.2    0.111031717833
4.22    0.110744574416
4.24    0.110459430788
4.26    0.110176288926
4.28    0.109895149885
4.3    0.109616013846
4.32    0.109338880158
4.34    0.109063747382
4.36    0.108790613334
4.38    0.108519475117
4.4    0.108250329169
4.42    0.107983171288
4.44    0.107717996672
4.46    0.10745479995
4.48    0.107193575214
4.5    0.10693431605
4.52    0.106677015562
4.54    0.106421666405
4.56    0.106168260808
4.58    0.1059167906
4.6    0.105667247232
4.62    0.105419621806
4.64    0.105173905086
4.66    0.104930087531
4.68    0.104688159307
4.7    0.104448110307
4.72    0.104209930174
4.74    0.103973608313
4.76    0.103739133909
4.78    0.103506495946
4.8    0.103275683217
4.82    0.103046684343
4.84    0.102819487786
4.86    0.102594081859
4.88    0.102370454741
4.9    0.102148594491
4.92    0.101928489056
4.94    0.101710126282
4.96    0.101493493927
4.98    0.10127857967
5.0    0.101065371117
5.02    0.100853855817
5.04    0.100644021263
5.06    0.100435854906
5.08    0.100229344158
5.1    0.100024476404
5.12    0.0998212390047
5.14    0.0996196193065
5.16    0.0994196046453
5.18    0.0992211823562
5.2    0.0990243397727
5.22    0.09882906424
5.24    0.0986353431129
5.26    0.0984431637668
5.28    0.0982525135972
5.3    0.0980633800288
5.32    0.0978757505141
5.34    0.0976896125432
5.36    0.0975049536435
5.38    0.0973217613839
5.4    0.0971400233792
5.42    0.0969597272929
5.44    0.0967808608382
5.46    0.0966034117843
5.48    0.0964273679551
5.5    0.0962527172355
5.52    0.0960794475702
5.54    0.0959075469674
5.56    0.0957370035013
5.58    0.0955678053135
5.6    0.0953999406139
5.62    0.0952333976838
5.64    0.0950681648764
5.66    0.0949042306182
5.68    0.0947415834106
5.7    0.0945802118307
5.72    0.0944201045335
5.74    0.0942612502524
5.76    0.0941036377979
5.78    0.0939472560626
5.8    0.0937920940183
5.82    0.0936381407191
5.84    0.0934853853005
5.86    0.0933338169797
5.88    0.0931834250591
5.9    0.0930341989213
5.92    0.0928861280355
5.94    0.092739201954
5.96    0.0925934103123
5.98    0.0924487428317
6.0    0.092305189317
6.02    0.092162739659
6.04    0.0920213838327
6.06    0.0918811118974
6.08    0.0917419139974
6.1    0.0916037803619
6.12    0.0914667013046
6.14    0.091330667224
6.16    0.0911956686023
6.18    0.0910616960059
6.2    0.0909287400865
6.22    0.0907967915769
6.24    0.0906658412953
6.26    0.0905358801427
6.28    0.0904068991015
6.3    0.0902788892383
6.32    0.0901518417012
6.34    0.090025747719
6.36    0.089900598604
6.38    0.089776385746
6.4    0.0896531006193
6.42    0.0895307347748
6.44    0.0894092798441
6.46    0.0892887275389
6.48    0.0891690696478
6.5    0.0890502980387
6.52    0.088932404657
6.54    0.0888153815234
6.56    0.0886992207381
6.58    0.0885839144755
6.6    0.088469454986
6.62    0.0883558345937
6.64    0.0882430456991
6.66    0.0881310807746
6.68    0.0880199323675
6.7    0.0879095930971
6.72    0.0878000556543
6.74    0.0876913128024
6.76    0.087583357375
6.78    0.0874761822767
6.8    0.0873697804813
6.82    0.0872641450315
6.84    0.08715926904
6.86    0.0870551456873
6.88    0.0869517682196
6.9    0.0868491299517
6.92    0.0867472242636
6.94    0.0866460446019
6.96    0.0865455844787
6.98    0.0864458374684
7.0    0.0863467972112
7.02    0.0862484574104
7.04    0.0861508118313
7.06    0.0860538543021
7.08    0.0859575787115
7.1    0.085861979011
7.12    0.0857670492111
7.14    0.0856727833824
7.16    0.0855791756549
7.18    0.0854862202166
7.2    0.0853939113154
7.22    0.0853022432544
7.24    0.0852112103958
7.26    0.0851208071573
7.28    0.0850310280114
7.3    0.0849418674878
7.32    0.0848533201697
7.34    0.0847653806945
7.36    0.0846780437547
7.38    0.0845913040951
7.4    0.0845051565116
7.42    0.0844195958549
7.44    0.0843346170243
7.46    0.0842502149722
7.48    0.0841663847016
7.5    0.0840831212642
7.52    0.0840004197602
7.54    0.0839182753425
7.56    0.0838366832094
7.58    0.0837556386068
7.6    0.0836751368302
7.62    0.0835951732202
7.64    0.0835157431658
7.66    0.0834368420998
7.68    0.0833584655013
7.7    0.0832806088946
7.72    0.0832032678491
7.74    0.0831264379774
7.76    0.0830501149353
7.78    0.0829742944227
7.8    0.0828989721819
7.82    0.0828241439979
7.84    0.0827498056969
7.86    0.0826759531457
7.88    0.0826025822531
7.9    0.0825296889689
7.92    0.0824572692816
7.94    0.0823853192193
7.96    0.0823138348502
7.98    0.0822428122821
8.0    0.0821722476578
8.02    0.0821021371623
8.04    0.0820324770153
8.06    0.0819632634745
8.08    0.0818944928343
8.1    0.0818261614248
8.12    0.0817582656143
8.14    0.0816908018038
8.16    0.0816237664304
8.18    0.0815571559684
8.2    0.0814909669224
8.22    0.0814251958342
8.24    0.0813598392789
8.26    0.0812948938633
8.28    0.0812303562287
8.3    0.0811662230491
8.32    0.0811024910306
8.34    0.0810391569102
8.36    0.0809762174578
8.38    0.0809136694737
8.4    0.0808515097895
8.42    0.0807897352674
8.44    0.0807283428009
8.46    0.0806673293101
8.48    0.0806066917491
8.5    0.0805464270992
8.52    0.0804865323687
8.54    0.0804270045991
8.56    0.0803678408552
8.58    0.080309038235
8.6    0.0802505938603
8.62    0.0801925048817
8.64    0.0801347684771
8.66    0.0800773818523
8.68    0.0800203422367
8.7    0.079963646889
8.72    0.0799072930934
8.74    0.0798512781581
8.76    0.079795599419
8.78    0.079740254236
8.8    0.0796852399935
8.82    0.0796305541017
8.84    0.0795761939944
8.86    0.0795221571309
8.88    0.0794684409919
8.9    0.0794150430842
8.92    0.0793619609365
8.94    0.0793091921013
8.96    0.0792567341544
8.98    0.0792045846918
9.0    0.0791527413358
9.02    0.0791012017282
9.04    0.0790499635324
9.06    0.078999024436
9.08    0.0789483821457
9.1    0.0788980343903
9.12    0.0788479789195
9.14    0.0787982135038
9.16    0.0787487359356
9.18    0.0786995440254
9.2    0.0786506356053
9.22    0.0786020085267
9.24    0.0785536606608
9.26    0.0785055898997
9.28    0.0784577941518
9.3    0.0784102713483
9.32    0.0783630194361
9.34    0.078316036383
9.36    0.0782693201747
9.38    0.0782228688139
9.4    0.0781766803228
9.42    0.0781307527432
9.44    0.0780850841294
9.46    0.0780396725599
9.48    0.0779945161263
9.5    0.0779496129376
9.52    0.0779049611209
9.54    0.0778605588212
9.56    0.0778164041978
9.58    0.0777724954272
9.6    0.0777288307039
9.62    0.077685408237
9.64    0.0776422262521
9.66    0.0775992829895
9.68    0.0775565767072
9.7    0.0775141056777
9.72    0.0774718681886
9.74    0.0774298625428
9.76    0.0773880870588
9.78    0.0773465400691
9.8    0.0773052199212
9.82    0.0772641249783
9.84    0.0772232536161
9.86    0.0771826042266
9.88    0.0771421752138
9.9    0.0771019649987
9.92    0.0770619720121
9.94    0.0770221947024
9.96    0.0769826315291
9.98    0.0769432809667
10.0    0.0769041415016
