0.05    0.000161112055438
0.07    0.000337282739264
0.09    0.000645042080877
0.1    0.0010572333545
0.12    0.00159014112132
0.14    0.00221459972608
0.16    0.00228889474035
0.18    0.00362250471063
0.2    0.00477737318786
0.22    0.00430405138764
0.24    0.00615081588828
0.26    0.00631608428695
0.28    0.00881529796275
0.3    0.0109252258448
0.32    0.0108397164999
0.34    0.0158510919871
0.36    0.0151368971246
0.38    0.0188827068063
0.4    0.0220150443004
0.42    0.0239314436719
0.44    0.0226834783352
0.46    0.0236056011604
0.48    0.0234851679732
0.5    0.0314542083925
0.52    0.03476160418
0.54    0.0384186504464
0.56    0.0351690333016
0.58    0.0357630144332
0.6    0.0383061333101
0.62    0.0382777605306
0.64    0.0354937056945
0.66    0.0308146211245
0.68    0.026325252267
0.7    0.0276890246355
0.72    0.0301268238117
0.74    0.0326242994388
0.76    0.0350649117694
0.78    0.0398889827438
0.8    0.045131354046
0.82    0.0506478361029
0.84    0.0567919933165
0.86    0.0611697923467
0.88    0.0638323653908
0.9    0.0650480545952
0.92    0.065095203459
0.94    0.0642096827635
0.96    0.0624911444452
0.98    0.0600052788482
1.0    0.0567560677496
1.02    0.0528003410974
1.04    0.0482645169064
1.06    0.0433699945623
1.08    0.0436051937095
1.1    0.0445017481749
1.12    0.0452626033015
1.14    0.045913038362
1.16    0.0464548759309
1.18    0.0469121302909
1.2    0.0473096657184
1.22    0.0476540908877
1.24    0.0479627667074
1.26    0.0482462826418
1.28    0.0488094182629
1.3    0.0540629328968
1.32    0.0591425813188
1.34    0.063961646322
1.36    0.068452177502
1.38    0.0725821549383
1.4    0.0763113944883
1.42    0.0796170532072
1.44    0.0824662368033
1.46    0.084855299452
1.48    0.0867568034493
1.5    0.0881731491226
1.52    0.0891203405351
1.54    0.0896264445693
1.56    0.0897244775477
1.58    0.0894456585796
1.6    0.088818384699
1.62    0.0878702203541
1.64    0.0866264183588
1.66    0.0851088122663
1.68    0.0842255101671
1.7    0.0865058303494
1.72    0.0885505981983
1.74    0.090671477876
1.76    0.0926439796204
1.78    0.094277669024
1.8    0.0956973132371
1.82    0.0970224463794
1.84    0.0980134945137
1.86    0.0985843336813
1.88    0.0987383187179
1.9    0.0985129447967
1.92    0.0979610824938
1.94    0.0971549878673
1.96    0.0961665566334
1.98    0.0950462337541
2.0    0.0938442937333
2.02    0.0926099426141
2.04    0.0914600096031
2.06    0.0918926379163
2.08    0.0921594027573
2.1    0.0922653560708
2.12    0.0922629873435
2.14    0.0922104955215
2.16    0.0921779620607
2.18    0.0922280282891
2.2    0.0929024569154
2.22    0.0941625945725
2.24    0.0953551941153
2.26    0.0965133220034
2.28    0.0977112091981
2.3    0.10021939196
2.32    0.103524669979
2.34    0.10712368914
2.36    0.110974129656
2.38    0.115043449788
2.4    0.119300128652
2.42    0.123713517866
2.44    0.128254274105
2.46    0.132903996815
2.48    0.137639280454
2.5    0.14244608945
2.52    0.147311356608
2.54    0.152223221962
2.56    0.157171182424
2.58    0.162154328266
2.6    0.16715905733
2.62    0.172187937757
2.64    0.177229672562
2.66    0.182288224719
2.68    0.188412887303
2.7    0.194739710186
2.72    0.201133570847
2.74    0.207604896934
2.76    0.214168368251
2.78    0.220818969286
2.8    0.227533679967
2.82    0.23430316318
2.84    0.241108723883
2.86    0.247939835599
2.88    0.254786769755
2.9    0.26163967763
2.92    0.268489025011
2.94    0.275326080813
2.96    0.282143379666
2.98    0.288939313169
3.0    0.295716702877
3.02    0.302490604442
3.04    0.309401498334
3.06    0.316459127786
3.08    0.323544424808
3.1    0.330618485425
3.12    0.337650592753
3.14    0.344637255521
3.16    0.351551941936
3.18    0.358400576217
3.2    0.36516196644
3.22    0.371830988583
3.24    0.378410877888
3.26    0.384888638149
3.28    0.391277451385
3.3    0.397619785754
3.32    0.404244567001
3.34    0.411231564634
3.36    0.418664943054
3.38    0.426186309302
3.4    0.433624730347
3.42    0.440958252152
3.44    0.448166793145
3.46    0.455253095556
3.48    0.462237687267
3.5    0.469156525062
3.52    0.476146247535
3.54    0.483417992161
3.56    0.490752807002
3.58    0.498014340685
3.6    0.505169452681
3.62    0.512210180374
3.64    0.519126155838
3.66    0.525896768859
3.68    0.532495628442
3.7    0.538930152351
3.72    0.545166185035
3.74    0.551213775857
3.76    0.557065754662
3.78    0.562713703157
3.8    0.568184414685
3.82    0.573464659596
3.84    0.578574700155
3.86    0.583524365354
3.88    0.588297941578
3.9    0.592889146472
3.92    0.597291462548
3.94    0.601501336697
3.96    0.605506730783
3.98    0.609329858245
4.0    0.61295679092
4.02    0.616398046632
4.04    0.619664220595
4.06    0.622755863248
4.08    0.62568589751
4.1    0.628483039131
4.12    0.631187124551
4.14    0.633833327532
4.16    0.636428127635
4.18    0.638970953072
4.2    0.641482356661
4.22    0.643982317549
4.24    0.646478495714
4.26    0.648994448048
4.28    0.651547345808
4.3    0.654191317204
4.32    0.657041812742
4.34    0.659978811163
4.36    0.662890846441
4.38    0.665733447278
4.4    0.668536180781
4.42    0.671347747387
4.44    0.674158382755
4.46    0.676922973692
4.48    0.679617583182
4.5    0.682224736425
4.52    0.684730772434
4.54    0.687124430787
4.56    0.689411866862
4.58    0.691595531215
4.6    0.693674661541
4.62    0.695668130181
4.64    0.697583038576
4.66    0.699421849552
4.68    0.701180733639
4.7    0.702855513241
4.72    0.704454537645
4.74    0.705961189206
4.76    0.707391103256
4.78    0.708726282994
4.8    0.70998297253
4.82    0.711148175144
4.84    0.712220478774
4.86    0.713200751276
4.88    0.714090290195
4.9    0.714897461167
4.92    0.715621254877
4.94    0.716268261782
4.96    0.716851065307
4.98    0.717400920344
5.0    0.717960926951
5.02    0.718609418799
5.04    0.71952381147
5.06    0.720691194106
5.08    0.721909526106
5.1    0.72312950103
5.12    0.724333927724
5.14    0.725515889155
5.16    0.726663321666
5.18    0.727778741744
5.2    0.728841890977
5.22    0.729866228154
5.24    0.730842784244
5.26    0.73178236844
5.28    0.732687500015
5.3    0.733575022826
5.32    0.734441599177
5.34    0.735279609638
5.36    0.736092467316
5.38    0.736862451238
5.4    0.737587954614
5.42    0.738267766969
5.44    0.738901397941
5.46    0.739489412331
5.48    0.740033762898
5.5    0.740542095864
5.52    0.741025216715
5.54    0.741554879316
5.56    0.742367188542
5.58    0.743205047058
5.6    0.74404325626
5.62    0.744877063904
5.64    0.745717597441
5.66    0.746627419658
5.68    0.747840913539
5.7    0.749196460893
5.72    0.750545562556
5.74    0.751859685926
5.76    0.753132862096
5.78    0.754360212681
5.8    0.755538302611
5.82    0.756673445941
5.84    0.757763755921
5.86    0.758802835281
5.88    0.759790819316
5.9    0.76074495449
5.92    0.761648673174
5.94    0.762502202476
5.96    0.763321826364
5.98    0.764095083961
6.0    0.764819129235
6.02    0.765512295733
6.04    0.766159185053
6.06    0.766759951094
6.08    0.767331806605
6.1    0.767855912184
6.12    0.768342430323
6.14    0.768793977211
6.16    0.769198434358
6.18    0.769576718494
6.2    0.769910862361
6.22    0.770208630684
6.24    0.770474079338
6.26    0.770693929787
6.28    0.770892225294
6.3    0.771045485099
6.32    0.771169125967
6.34    0.77125717101
6.36    0.771308270299
6.38    0.77133229958
6.4    0.771312855532
6.42    0.771274053284
6.44    0.771192291037
6.46    0.771085657266
6.48    0.770943704456
6.5    0.770770644394
6.52    0.770571046364
6.54    0.770334569337
6.56    0.770079279839
6.58    0.769792360815
6.6    0.769476618497
6.62    0.769141508891
6.64    0.768784457631
6.66    0.768406638735
6.68    0.768010807405
6.7    0.767598682624
6.72    0.767171087762
6.74    0.766728200026
6.76    0.766269813635
6.78    0.765795578281
6.8    0.765305194546
6.82    0.764798550279
6.84    0.764275786689
6.86    0.763737300635
6.88    0.765782211983
6.9    0.768282801745
6.92    0.770764067901
6.94    0.773224208126
6.96    0.775673316545
6.98    0.778130678073
7.0    0.780631921665
7.02    0.783183873114
7.04    0.785760690553
7.06    0.788372871017
7.08    0.791027249932
7.1    0.793707721481
7.12    0.796410061749
7.14    0.799126044867
7.16    0.801815947572
7.18    0.80445799911
7.2    0.807043555526
7.22    0.809576228354
7.24    0.812066397625
7.26    0.814527099922
7.28    0.816975110653
7.3    0.819447604531
7.32    0.821995971307
7.34    0.82458501866
7.36    0.827153341919
7.38    0.829673665059
7.4    0.832136707363
7.42    0.834543819246
7.44    0.836897632513
7.46    0.839201886218
7.48    0.84146112732
7.5    0.843676171235
7.52    0.845844910249
7.54    0.847970968333
7.56    0.850064264545
7.58    0.852128102429
7.6    0.854154405138
7.62    0.856132987809
7.64    0.858058350543
7.66    0.859931507743
7.68    0.861761919
7.7    0.863563227295
7.72    0.865348119911
7.74    0.867117343432
7.76    0.868854651898
7.78    0.870558900729
7.8    0.872252216368
7.82    0.873970285934
7.84    0.87573371365
7.86    0.877533074
7.88    0.879352133531
7.9    0.881182814498
7.92    0.88302544396
7.94    0.884892608152
7.96    0.886770348718
7.98    0.888632771529
8.0    0.890466346523
8.02    0.892273174254
8.04    0.894064510708
8.06    0.895846051742
8.08    0.897615231359
8.1    0.899379734605
8.12    0.901166526778
8.14    0.902995550352
8.16    0.904835339845
8.18    0.906633285848
8.2    0.908370166712
8.22    0.91003780472
8.24    0.911637921201
8.26    0.913181931922
8.28    0.914680907354
8.3    0.916152311394
8.32    0.917604396249
8.34    0.919046683731
8.36    0.920484546036
8.38    0.921915522066
8.4    0.923340068856
8.42    0.924767205365
8.44    0.926224527925
8.46    0.92768951242
8.48    0.92913010169
8.5    0.930531704005
8.52    0.931892153058
8.54    0.933212151135
8.56    0.93448960543
8.58    0.935710816691
8.6    0.93687423916
8.62    0.937981072301
8.64    0.939040965135
8.66    0.940832133901
8.68    0.942768376555
8.7    0.944684146421
8.72    0.94656735899
8.74    0.948440042055
8.76    0.95031575024
8.78    0.952172555213
8.8    0.953983810819
8.82    0.955750395642
8.84    0.957477150464
8.86    0.959194230904
8.88    0.960905950096
8.9    0.962569999268
8.92    0.964158868839
8.94    0.965665333462
8.96    0.967091928621
8.98    0.968453336427
9.0    0.969776366617
9.02    0.971076952244
9.04    0.972372934937
9.06    0.973688864556
9.08    0.975013332988
9.1    0.976289759812
9.12    0.977482926385
9.14    0.978593358762
9.16    0.979639468462
9.18    0.980635646982
9.2    0.981601940277
9.22    0.982591144387
9.24    0.983639901869
9.26    0.984721261832
9.28    0.985813237588
9.3    0.98692074613
9.32    0.988049825884
9.34    0.989216046662
9.36    0.990417867549
9.38    0.99161152883
9.4    0.992777816942
9.42    0.993903535873
9.44    0.99498058781
9.46    0.995993433855
9.48    0.996938586818
9.5    0.997826414875
9.52    0.998655890709
9.54    0.999414775755
9.56    1.00009117703
9.58    1.00067457629
9.6    1.00116859012
9.62    1.00158231052
9.64    1.00192044913
9.66    1.00218071884
9.68    1.0023775264
9.7    1.0025400638
9.72    1.00268434729
9.74    1.00281096259
9.76    1.00292765831
9.78    1.00303213211
9.8    1.0031062993
9.82    1.00315845809
9.84    1.00319504778
9.86    1.00321059181
9.88    1.00319438981
9.9    1.00313434728
9.92    1.00302375817
9.94    1.00287451273
9.96    1.0027097104
9.98    1.00253266018
10.0    1.00234918681
