0.05    5.85740926731e-05
0.07    0.000119326872241
0.09    0.000206261307018
0.1    0.000328141056519
0.12    0.000498131562925
0.14    0.00077075663464
0.16    0.0010150904366
0.18    0.00182351847771
0.2    0.00290587450192
0.22    0.00268817035119
0.24    0.00285498986992
0.26    0.00337477164574
0.28    0.00449786863703
0.3    0.0052362687924
0.32    0.0058191453535
0.34    0.00603587594534
0.36    0.00693339625603
0.38    0.00758783453943
0.4    0.0078563973937
0.42    0.00784641812978
0.44    0.00750512274224
0.46    0.00690355761499
0.48    0.00704525670533
0.5    0.00665342779723
0.52    0.0071839954266
0.54    0.00799408947239
0.56    0.0089370511254
0.58    0.0096910853037
0.6    0.0102740539176
0.62    0.0109337962815
0.64    0.0118539282321
0.66    0.0129812353494
0.68    0.0140934817312
0.7    0.015096388059
0.72    0.0159900512515
0.74    0.0167279134634
0.76    0.017277036346
0.78    0.0176722379955
0.8    0.0179769734501
0.82    0.0182695946043
0.84    0.0186039854253
0.86    0.0189924621312
0.88    0.0200308218035
0.9    0.0216933502501
0.92    0.0231312175163
0.94    0.0243462964678
0.96    0.0253887801708
0.98    0.0262473867054
1.0    0.0269980334792
1.02    0.0276750306732
1.04    0.0282281649058
1.06    0.0307093797191
1.08    0.0332353111184
1.1    0.0348256603833
1.12    0.0355530167997
1.14    0.0359332706884
1.16    0.0365347592526
1.18    0.0368835776333
1.2    0.0370102027035
1.22    0.0367194312477
1.24    0.0359664017313
1.26    0.0355546616304
1.28    0.0359690720097
1.3    0.0363330604773
1.32    0.0366870997517
1.34    0.037063926427
1.36    0.0374932719632
1.38    0.0379973420576
1.4    0.0385821233576
1.42    0.0392328038926
1.44    0.0399348262009
1.46    0.0406513123835
1.48    0.041352265564
1.5    0.0420075109053
1.52    0.0425893659754
1.54    0.0430766338987
1.56    0.043456140866
1.58    0.0437197384849
1.6    0.0438617846993
1.62    0.0438814890796
1.64    0.0437878221561
1.66    0.043600525154
1.68    0.0433587819152
1.7    0.043098032948
1.72    0.044490729818
1.74    0.0466449390547
1.76    0.0479671417462
1.78    0.0481414982994
1.8    0.047152059409
1.82    0.0452123279748
1.84    0.0442823429921
1.86    0.0445152431033
1.88    0.0443596819253
1.9    0.0437921317963
1.92    0.0427693763017
1.94    0.0412978774611
1.96    0.0413716272299
1.98    0.0415230046411
2.0    0.0417558705058
2.02    0.0420882472536
2.04    0.0425102089676
2.06    0.0430202080516
2.08    0.0442187055278
2.1    0.045610174396
2.12    0.046992912557
2.14    0.0483539369861
2.16    0.0496854033578
2.18    0.0509819406108
2.2    0.0522341348011
2.22    0.0534423721429
2.24    0.0546181210322
2.26    0.0557693663787
2.28    0.0568896781648
2.3    0.0579652758048
2.32    0.0589840296813
2.34    0.0606821091082
2.36    0.0650358238513
2.38    0.0691952652914
2.4    0.0732065074805
2.42    0.0770494164244
2.44    0.0806613642072
2.46    0.0839728806079
2.48    0.0869380272362
2.5    0.089524620248
2.52    0.0917068719099
2.54    0.0934862248368
2.56    0.0948766328131
2.58    0.0959053248956
2.6    0.0965816770894
2.62    0.0969118868315
2.64    0.0969362033687
2.66    0.0967407802905
2.68    0.0962986004595
2.7    0.0955180751398
2.72    0.0943961482633
2.74    0.0929969826671
2.76    0.09134789723
2.78    0.0894186297381
2.8    0.0872069221138
2.82    0.0847439391385
2.84    0.082108205572
2.86    0.0819694116123
2.88    0.0829495352123
2.9    0.0839176974736
2.92    0.0848649092867
2.94    0.0857876059474
2.96    0.086682651119
2.98    0.089223357743
3.0    0.092087705391
3.02    0.0945887651018
3.04    0.0967922098517
3.06    0.0987154987153
3.08    0.100383159112
3.1    0.101822996588
3.12    0.103036561213
3.14    0.104017752675
3.16    0.10473152481
3.18    0.105128870721
3.2    0.105153780888
3.22    0.104760372067
3.24    0.103914547675
3.26    0.102601756334
3.28    0.100836337362
3.3    0.0986486990635
3.32    0.0961031015019
3.34    0.0947721943521
3.36    0.0946940738897
3.38    0.0955597449294
3.4    0.0968374670618
3.42    0.0976748966651
3.44    0.0980488903944
3.46    0.0979479620509
3.48    0.0973818243259
3.5    0.096371564492
3.52    0.0949659294524
3.54    0.0932318977247
3.56    0.0936376941131
3.58    0.0965607750327
3.6    0.0993427837848
3.62    0.101986903037
3.64    0.104515454638
3.66    0.106963587222
3.68    0.109327012846
3.7    0.111564253002
3.72    0.113654029826
3.74    0.115586019193
3.76    0.117357759706
3.78    0.118971544983
3.8    0.120440083349
3.82    0.121778350233
3.84    0.123006408948
3.86    0.124211711784
3.88    0.125509032224
3.9    0.126778509516
3.92    0.127949859638
3.94    0.129013242441
3.96    0.129975037168
3.98    0.130850872408
4.0    0.131653839928
4.02    0.132392362417
4.04    0.133067065437
4.06    0.133677727692
4.08    0.134237717911
4.1    0.13975386347
4.12    0.145420141104
4.14    0.150993681838
4.16    0.156478177949
4.18    0.161853617843
4.2    0.167113664093
4.22    0.172265583316
4.24    0.177288279828
4.26    0.182153515232
4.28    0.186845125622
4.3    0.191363291495
4.32    0.195706204617
4.34    0.199849829995
4.36    0.203775538188
4.38    0.207471698102
4.4    0.210920375249
4.42    0.214113190085
4.44    0.217059409664
4.46    0.219769913509
4.48    0.222274852968
4.5    0.22458203618
4.52    0.226720785265
4.54    0.229553379274
4.56    0.232137913347
4.58    0.23446024848
4.6    0.23653010507
4.62    0.238343693047
4.64    0.239891160408
4.66    0.241166732096
4.68    0.242787682361
4.7    0.244544865009
4.72    0.246151210124
4.74    0.247559944405
4.76    0.248715889969
4.78    0.249600640758
4.8    0.250201615592
4.82    0.250523240991
4.84    0.250555306016
4.86    0.250287357312
4.88    0.249726919265
4.9    0.248886866384
4.92    0.249057220777
4.94    0.249572431033
4.96    0.249829347623
4.98    0.249849805338
5.0    0.249629885117
5.02    0.249127268283
5.04    0.248306604274
5.06    0.247160445457
5.08    0.245694727316
5.1    0.243928868497
5.12    0.241897085036
5.14    0.239626893168
5.16    0.237142834426
5.18    0.234458854906
5.2    0.231597020996
5.22    0.228612016334
5.24    0.225533221487
5.26    0.222401200147
5.28    0.219242845302
5.3    0.216043932458
5.32    0.212822694889
5.34    0.209593858038
5.36    0.206344662716
5.38    0.203072206771
5.4    0.199775611857
5.42    0.196459327356
5.44    0.193144434193
5.46    0.18985598849
5.48    0.186616082713
5.5    0.183429937161
5.52    0.180290390674
5.54    0.177202094172
5.56    0.174175922677
5.58    0.171222666639
5.6    0.168353164858
5.62    0.165582658304
5.64    0.162921694023
5.66    0.160383254618
5.68    0.157979336706
5.7    0.155718374379
5.72    0.153608809527
5.74    0.15165633719
5.76    0.149866427411
5.78    0.148244345423
5.8    0.146792319995
5.82    0.145511522817
5.84    0.144402122336
5.86    0.14346283978
5.88    0.142690991106
5.9    0.142082534839
5.92    0.141632297553
5.94    0.141334659998
5.96    0.141181396168
5.98    0.141164292511
6.0    0.141274337338
6.02    0.141501752866
6.04    0.141836075404
6.06    0.142266461559
6.08    0.142783008093
6.1    0.143373446773
6.12    0.144028586005
6.14    0.144736839996
6.16    0.145488667069
6.18    0.146274399301
6.2    0.147085295578
6.22    0.147911859146
6.24    0.148744914784
6.26    0.149574983493
6.28    0.150393636163
6.3    0.151189279307
6.32    0.151955468108
6.34    0.153770907773
6.36    0.156530240403
6.38    0.159279253124
6.4    0.162007401085
6.42    0.164704514568
6.44    0.167360677036
6.46    0.169965487108
6.48    0.172511298468
6.5    0.174989031791
6.52    0.177393569055
6.54    0.179720158681
6.56    0.18196287733
6.58    0.184114554932
6.6    0.186172863408
6.62    0.188133512535
6.64    0.1899924166
6.66    0.191745551728
6.68    0.193388683486
6.7    0.194920959339
6.72    0.196338527393
6.74    0.197633945406
6.76    0.198803503154
6.78    0.199849372981
6.8    0.200767849666
6.82    0.201561396589
6.84    0.202231903519
6.86    0.202785945216
6.88    0.203230155871
6.9    0.203562149837
6.92    0.203785505363
6.94    0.203898772725
6.96    0.203900711676
6.98    0.203789197307
7.0    0.203565771497
7.02    0.2032260023
7.04    0.202770363064
7.06    0.202195034264
7.08    0.20150184277
7.1    0.200693781747
7.12    0.199773917449
7.14    0.198745393821
7.16    0.197610721144
7.18    0.19637534897
7.2    0.195044996
7.22    0.193626679891
7.24    0.19212682229
7.26    0.190550291723
7.28    0.188900654619
7.3    0.187183938448
7.32    0.185406326888
7.34    0.183572571012
7.36    0.18168900066
7.38    0.179759820428
7.4    0.177791933263
7.42    0.175791998511
7.44    0.173766058863
7.46    0.171720101305
7.48    0.169661033832
7.5    0.167594156933
7.52    0.165524172917
7.54    0.163457086813
7.56    0.161397212227
7.58    0.159350301699
7.6    0.157321645401
7.62    0.155316936942
7.64    0.153340753369
7.66    0.151398417172
7.68    0.149494998789
7.7    0.14763531959
7.72    0.145825272029
7.74    0.144068192059
7.76    0.142368343647
7.78    0.140730864501
7.8    0.139158346263
7.82    0.137654638689
7.84    0.136223573205
7.86    0.134867079305
7.88    0.13358783171
7.9    0.132388099224
7.92    0.131269750341
7.94    0.130234260225
7.96    0.129282718872
7.98    0.128415840369
8.0    0.127633973144
8.02    0.126937111267
8.04    0.12632490644
8.06    0.125796680848
8.08    0.125351440629
8.1    0.124987889937
8.12    0.124934842812
8.14    0.125466319811
8.16    0.125966567856
8.18    0.126436076419
8.2    0.126875291924
8.22    0.127284588898
8.24    0.127664341655
8.26    0.128015569329
8.28    0.128338894263
8.3    0.128633931047
8.32    0.128901102406
8.34    0.129141349579
8.36    0.129353735324
8.38    0.129538386354
8.4    0.129695378433
8.42    0.129824933044
8.44    0.129927086329
8.46    0.13000174523
8.48    0.130190047251
8.5    0.13086395606
8.52    0.131551640419
8.54    0.132249153795
8.56    0.132954121573
8.58    0.133661877731
8.6    0.13436914094
8.62    0.135072748212
8.64    0.135769671833
8.66    0.136456998118
8.68    0.137131896821
8.7    0.137791582895
8.72    0.138433840548
8.74    0.139056565043
8.76    0.13965740863
8.78    0.140235136154
8.8    0.140789228521
8.82    0.141320147282
8.84    0.141829427185
8.86    0.142482621066
8.88    0.143195391309
8.9    0.143891710178
8.92    0.144569408047
8.94    0.145222909275
8.96    0.145848635387
8.98    0.146444414332
9.0    0.147008850244
9.02    0.147539352569
9.04    0.148034348939
9.06    0.148493164445
9.08    0.148913748499
9.1    0.149295447501
9.12    0.149637953588
9.14    0.149942273747
9.16    0.150209188991
9.18    0.150439610315
9.2    0.150634389522
9.22    0.151913044939
9.24    0.153594512217
9.26    0.155262169058
9.28    0.156914195231
9.3    0.158548875128
9.32    0.16016463147
9.34    0.161759993862
9.36    0.163333569151
9.38    0.164884009397
9.4    0.166409985308
9.42    0.167910176671
9.44    0.16938326949
9.46    0.17082835814
9.48    0.172245220304
9.5    0.173632325529
9.52    0.174990312156
9.54    0.176316688933
9.56    0.17761180347
9.58    0.178874963865
9.6    0.180107375177
9.62    0.18130999421
9.64    0.182483350951
9.66    0.183627046237
9.68    0.184738876839
9.7    0.1858182498
9.72    0.1868651563
9.74    0.187879287948
9.76    0.188859209669
9.78    0.189803377878
9.8    0.190711631928
9.82    0.191583715559
9.84    0.192419350533
9.86    0.193218807388
9.88    0.193982524417
9.9    0.194710757095
9.92    0.195403705663
9.94    0.196061054923
9.96    0.196683122938
9.98    0.197268729333
10.0    0.197817039108
