0.05    7.34531138069e-05
0.07    0.00014661308331
0.09    0.000249369025762
0.1    0.000295002259409
0.12    0.000426438047597
0.14    0.000699155761005
0.16    0.001021784416
0.18    0.00138512524679
0.2    0.00255710465498
0.22    0.00309432999037
0.24    0.00363019254999
0.26    0.00505637769064
0.28    0.00563265090151
0.3    0.00577708211488
0.32    0.00497642971511
0.34    0.00511680256978
0.36    0.00634740277027
0.38    0.00796130038643
0.4    0.0115295725668
0.42    0.0145569760432
0.44    0.0160182541566
0.46    0.0164407301256
0.48    0.0174027316387
0.5    0.0186417273968
0.52    0.0204082141162
0.54    0.0223496232908
0.56    0.0238891607913
0.58    0.0254347946791
0.6    0.0259521069782
0.62    0.0260982038668
0.64    0.0265371443617
0.66    0.0269578150954
0.68    0.0270976490038
0.7    0.0271122684581
0.72    0.0271013317988
0.74    0.026971256516
0.76    0.02776038772
0.78    0.0278059859743
0.8    0.0271689933065
0.82    0.028026450957
0.84    0.0284873757747
0.86    0.0295800724062
0.88    0.0300751807033
0.9    0.0289299127745
0.92    0.0268629385382
0.94    0.0256017551379
0.96    0.0257685049382
0.98    0.0259764853412
1.0    0.0262006792161
1.02    0.0264687668097
1.04    0.0267933724059
1.06    0.0271983439717
1.08    0.0286180053171
1.1    0.0310328200349
1.12    0.033004616011
1.14    0.0342967973523
1.16    0.0347250531858
1.18    0.0342173224024
1.2    0.0328440445662
1.22    0.0331376355667
1.24    0.033981796695
1.26    0.034984920322
1.28    0.0361495187987
1.3    0.0374545789214
1.32    0.0388245632942
1.34    0.0401892355585
1.36    0.0414842611306
1.38    0.0426539365341
1.4    0.0436512441621
1.42    0.0444378510174
1.44    0.044995305917
1.46    0.0452934793011
1.48    0.0453217875965
1.5    0.0450813710888
1.52    0.0446004458082
1.54    0.0439119251802
1.56    0.0437676115568
1.58    0.0431350465826
1.6    0.0439848771668
1.62    0.0451007235442
1.64    0.0455703838519
1.66    0.0454840675031
1.68    0.0449655278954
1.7    0.0441325938789
1.72    0.0445655949604
1.74    0.0454007396354
1.76    0.0460232666251
1.78    0.04645252507
1.8    0.0466909766775
1.82    0.0467350463057
1.84    0.0465761771989
1.86    0.0462080793649
1.88    0.0473908742413
1.9    0.0484899200596
1.92    0.0494627359662
1.94    0.0502816220451
1.96    0.0509260557627
1.98    0.0513785504672
2.0    0.0516222130341
2.02    0.0516488552058
2.04    0.05145528953
2.06    0.0510435730444
2.08    0.0504331063041
2.1    0.0499553994787
2.12    0.0502926233955
2.14    0.0505128888026
2.16    0.0506417538902
2.18    0.0506768264975
2.2    0.0506425404556
2.22    0.0505423854396
2.24    0.0503985505715
2.26    0.0502103269576
2.28    0.050002818055
2.3    0.0497716148
2.32    0.0495269293761
2.34    0.04928093173
2.36    0.0490287564376
2.38    0.0487736996146
2.4    0.0485262596751
2.42    0.0482794623119
2.44    0.0480325644343
2.46    0.0477853257507
2.48    0.0475426835395
2.5    0.0473001313243
2.52    0.0470549315731
2.54    0.0468066270798
2.56    0.0465550371692
2.58    0.0463028144974
2.6    0.0460509395913
2.62    0.0457970721563
2.64    0.045542552763
2.66    0.0452890770771
2.68    0.0450386473417
2.7    0.0447935116634
2.72    0.0445560951512
2.74    0.0443298011247
2.76    0.0441179732378
2.78    0.0439211454829
2.8    0.0437417452621
2.82    0.0435820293653
2.84    0.0434440287984
2.86    0.043329502076
2.88    0.0432398975882
2.9    0.0431763252959
2.92    0.0431395376943
2.94    0.0431299197253
2.96    0.0431474871081
2.98    0.0431918923948
3.0    0.0432624379373
3.02    0.0433580948776
3.04    0.043477527226
3.06    0.0436191200845
3.08    0.0437810110842
3.1    0.0439611241403
3.12    0.0441572046869
3.14    0.0443668556069
3.16    0.0445875731599
3.18    0.0448167822811
3.2    0.0450518707079
3.22    0.0452914698044
3.24    0.0455331565574
3.26    0.0457731770504
3.28    0.0460090673777
3.3    0.0462384641128
3.32    0.046459124709
3.34    0.0466689450778
3.36    0.046865974354
3.38    0.0470484268934
3.4    0.0472146915902
3.42    0.0473669809338
3.44    0.0475009695136
3.46    0.0476151095466
3.48    0.0477085149206
3.5    0.0477804852635
3.52    0.0478305024541
3.54    0.0478582255942
3.56    0.0478658565015
3.58    0.0478530199747
3.6    0.0478178164218
3.62    0.0477605250967
3.64    0.0476815616016
3.66    0.0475814675079
3.68    0.0474608996264
3.7    0.0473213502153
3.72    0.0471660529287
3.74    0.0469927094875
3.76    0.046802320136
3.78    0.0465959467725
3.8    0.0463747025281
3.82    0.0461397416871
3.84    0.0458922500046
3.86    0.0456334354747
3.88    0.0453648717008
3.9    0.0450896546829
3.92    0.0448066279764
3.94    0.04451700667
3.96    0.0442219903905
3.98    0.0439227572341
4.0    0.0436204582513
4.02    0.0433162124876
4.04    0.0430111025695
4.06    0.0427061708146
4.08    0.0424024158556
4.1    0.0421007897598
4.12    0.0418021956148
4.14    0.0415074855677
4.16    0.0412174592851
4.18    0.0409328628161
4.2    0.0406543878276
4.22    0.0403826711868
4.24    0.0401182948699
4.26    0.0398617861648
4.28    0.039613618145
4.3    0.0393742103938
4.32    0.0391439299477
4.34    0.0389230924402
4.36    0.0387119634252
4.38    0.0385107598503
4.4    0.0383196516725
4.42    0.0381387635809
4.44    0.0379681768233
4.46    0.0378079311101
4.48    0.0376580265797
4.5    0.0375184258165
4.52    0.0373890558989
4.54    0.0372698104721
4.56    0.0371605518294
4.58    0.037061112991
4.6    0.0369712997729
4.62    0.0368908928358
4.64    0.0373253879286
4.66    0.0379832581201
4.68    0.0386179638516
4.7    0.0392296610925
4.72    0.0398171101505
4.74    0.0403804322896
4.76    0.0409202927182
4.78    0.0414351409609
4.8    0.041926552398
4.82    0.0423925451592
4.84    0.0428340754411
4.86    0.0432498878206
4.88    0.0436397981421
4.9    0.0440037433937
4.92    0.0443400942709
4.94    0.0446504143879
4.96    0.0449327072483
4.98    0.0451887536261
5.0    0.0454171655572
5.02    0.0459427959008
5.04    0.0464629123601
5.06    0.0469685875435
5.08    0.0474613244901
5.1    0.0479379057828
5.12    0.0483990504259
5.14    0.0488440364703
5.16    0.04927043465
5.18    0.0496808069719
5.2    0.0500709742526
5.22    0.0504420801731
5.24    0.050792875628
5.26    0.0511216259742
5.28    0.0514299187293
5.3    0.0517137205751
5.32    0.051976010364
5.34    0.0522126489541
5.36    0.0524253203212
5.38    0.0526119573299
5.4    0.0527724446634
5.42    0.0529065418637
5.44    0.0530125867539
5.46    0.0530919906339
5.48    0.0531416966233
5.5    0.0531646727771
5.52    0.0531565503314
5.54    0.0531217978682
5.56    0.0530554055513
5.58    0.0529614813437
5.6    0.0528363440024
5.62    0.0526828102554
5.64    0.0524988532335
5.66    0.0522858375917
5.68    0.0520433969905
5.7    0.0517715105102
5.72    0.0514713329446
5.74    0.0511416613132
5.76    0.0507849752156
5.78    0.0503990621643
5.8    0.0499875843914
5.82    0.0495474233442
5.84    0.0490832812137
5.86    0.0485917520354
5.88    0.0480769525924
5.9    0.0475366999261
5.92    0.0469741620614
5.94    0.0463881278133
5.96    0.0457810852489
5.98    0.0451525112937
6.0    0.044504471105
6.02    0.0438368720926
6.04    0.0431515718328
6.06    0.0426996208123
6.08    0.0428992734945
6.1    0.0430821129663
6.12    0.0432480000172
6.14    0.043395890143
6.16    0.0435256938785
6.18    0.0436372637451
6.2    0.0437300181388
6.22    0.0438038497302
6.24    0.0438586573798
6.26    0.0438943357105
6.28    0.0439109409758
6.3    0.0439088522871
6.32    0.0438876896315
6.34    0.0438474861055
6.36    0.0437883020099
6.38    0.0437102374786
6.4    0.0436144807634
6.42    0.0435003919034
6.44    0.0433680306088
6.46    0.0432176392593
6.48    0.0430508129795
6.5    0.042866553976
6.52    0.0426650923247
6.54    0.0424475841298
6.56    0.0422141565599
6.58    0.0419644204912
6.6    0.0416996872951
6.62    0.0414200662518
6.64    0.0411251433868
6.66    0.0408169296041
6.68    0.0404944133878
6.7    0.0401584440215
6.72    0.039809951072
6.74    0.0394481296195
6.76    0.0390752815484
6.78    0.0386896575096
6.8    0.0382939632503
6.82    0.0378863111094
6.84    0.0374695868127
6.86    0.0370419457949
6.88    0.0366057742511
6.9    0.0361601492747
6.92    0.0357061557915
6.94    0.0352445186538
6.96    0.0347746568835
6.98    0.0342986309416
7.0    0.0338157519374
7.02    0.0333262453923
7.04    0.032832014056
7.06    0.0326519475985
7.08    0.0326868765715
7.1    0.0327107936644
7.12    0.0327251594104
7.14    0.0327293647461
7.16    0.032723593559
7.18    0.0327086054621
7.2    0.0326845001037
7.22    0.0326513131119
7.24    0.0327605836128
7.26    0.0329042642157
7.28    0.0330460305742
7.3    0.0331858712023
7.32    0.0333237756748
7.34    0.033459734597
7.36    0.0335942553714
7.38    0.0337269735726
7.4    0.0338577262949
7.42    0.0339865077923
7.44    0.0341133132248
7.46    0.0342381386258
7.48    0.0343609808799
7.5    0.0344818376989
7.52    0.0346007075982
7.54    0.0347175898647
7.56    0.0348324845438
7.58    0.0349453924111
7.6    0.0350563149466
7.62    0.0351652543179
7.64    0.0352722133513
7.66    0.0353776792174
7.68    0.035481379947
7.7    0.0355831123271
7.72    0.0356828814753
7.74    0.0357806930704
7.76    0.0358765533335
7.78    0.0359812316541
7.8    0.0361044958391
7.82    0.036225809985
7.84    0.0363451763267
7.86    0.036462597695
7.88    0.0365780774957
7.9    0.0366916380263
7.92    0.0368039768618
7.94    0.0369143869728
7.96    0.0370228737577
7.98    0.0371294431025
8.0    0.0372341013691
8.02    0.0373368553685
8.04    0.0374377123541
8.06    0.0375370306143
8.08    0.0376348392801
8.1    0.037730773609
8.12    0.0378248423433
8.14    0.0379170545922
8.16    0.0380074198142
8.18    0.0380959477986
8.2    0.0381826486618
8.22    0.0382676836965
8.24    0.0383514702572
8.26    0.038433459553
8.28    0.0385136627673
8.3    0.0385920913426
8.32    0.0386687569685
8.34    0.0387436715706
8.36    0.0388168472967
8.38    0.038888296508
8.4    0.038958107493
8.42    0.0390268280861
8.44    0.0390938575017
8.46    0.039159208784
8.48    0.039222895136
8.5    0.0392849299154
8.52    0.0393453266253
8.54    0.0394040988987
8.56    0.0394612604989
8.58    0.0395168253015
8.6    0.0395708411832
8.62    0.0396239109118
8.64    0.0396754226812
8.66    0.0397253907124
8.68    0.0397738293073
8.7    0.0398207528374
8.72    0.0398661757389
8.74    0.0399101125069
8.76    0.0399525776858
8.78    0.0399935858653
8.8    0.0400331516732
8.82    0.0400712897688
8.84    0.0401085591596
8.86    0.0401445006884
8.88    0.0401790548289
8.9    0.0402122362892
8.92    0.0402440597835
8.94    0.0402745400265
8.96    0.0403036917287
8.98    0.0403315295928
9.0    0.0403580683063
9.02    0.0403833225402
9.04    0.0404073069434
9.06    0.040430036138
9.08    0.040451735196
9.1    0.0404725675343
9.12    0.0404921843693
9.14    0.040510600173
9.16    0.0405278293741
9.18    0.0405438863552
9.2    0.0405587854483
9.22    0.0405725409329
9.24    0.0405851670328
9.26    0.0405966779129
9.28    0.040607087677
9.3    0.0406164103651
9.32    0.0406246599506
9.34    0.0406318503385
9.36    0.0406380738069
9.38    0.0406437028597
9.4    0.0406483100044
9.42    0.0406519088537
9.44    0.0406545129421
9.46    0.0406561357238
9.48    0.0406567905716
9.5    0.0406564907744
9.52    0.0406552495362
9.54    0.0406530799749
9.56    0.0406499951201
9.58    0.0406460079121
9.6    0.0406411312019
9.62    0.0406353777477
9.64    0.0406287602158
9.66    0.0406212911781
9.68    0.0406129831129
9.7    0.0406041544258
9.72    0.0405946558624
9.74    0.0405843512906
9.76    0.0405732528151
9.78    0.0405613724421
9.8    0.040548722079
9.82    0.0405353135348
9.84    0.0405211585175
9.86    0.0405062686359
9.88    0.040490655397
9.9    0.0404743302086
9.92    0.0404573043747
9.94    0.0404395890998
9.96    0.0404211954856
9.98    0.0404021345321
10.0    0.0403824171364
