0.05    0.00018464105147
0.07    0.000393918392877
0.09    0.000839699055694
0.1    0.00140731713687
0.12    0.00190803952844
0.14    0.00276792439628
0.16    0.00281879861267
0.18    0.00443510405676
0.2    0.00626977785713
0.22    0.00625830924371
0.24    0.00974811167383
0.26    0.0128873343764
0.28    0.0128310421695
0.3    0.0132251221713
0.32    0.0171707284723
0.34    0.0225443398311
0.36    0.0277611185483
0.38    0.0292913470466
0.4    0.0281782639216
0.42    0.0258326002123
0.44    0.0285404503316
0.46    0.0382256007423
0.48    0.0411493379555
0.5    0.0390869633619
0.52    0.044200183016
0.54    0.0474823365115
0.56    0.0473068602828
0.58    0.0447215264653
0.6    0.0415968256814
0.62    0.0389614398931
0.64    0.0379960495307
0.66    0.039221045927
0.68    0.0419227209192
0.7    0.0462808173801
0.72    0.0489873955646
0.74    0.0492477554045
0.76    0.0471642456503
0.78    0.0433267077439
0.8    0.0406627642277
0.82    0.0396510004074
0.84    0.0392230610148
0.86    0.0381238633509
0.88    0.0370834628266
0.9    0.0366614624946
0.92    0.036895054519
0.94    0.0374113601317
0.96    0.0377080541169
0.98    0.0408539723083
1.0    0.0460353754088
1.02    0.0493990788647
1.04    0.051782326775
1.06    0.0548568967743
1.08    0.0567565824448
1.1    0.0578883244778
1.12    0.0584218090642
1.14    0.0583470434423
1.16    0.0574981458601
1.18    0.0556015457585
1.2    0.0525385274067
1.22    0.0485276927627
1.24    0.044980407571
1.26    0.0476561800762
1.28    0.0498440045267
1.3    0.0514573695577
1.32    0.0539849039834
1.34    0.0560177636913
1.36    0.0572346393856
1.38    0.0576206441633
1.4    0.0572193792209
1.42    0.0561238950718
1.44    0.0544581430833
1.46    0.0523452431871
1.48    0.0548288637411
1.5    0.0569769977433
1.52    0.05850094999
1.54    0.0592081150574
1.56    0.0591515729415
1.58    0.0585083545202
1.6    0.0574518951511
1.62    0.0561464931375
1.64    0.0568849829823
1.66    0.0597649001388
1.68    0.0618716563195
1.7    0.0635384796687
1.72    0.0646139738606
1.74    0.0650239908897
1.76    0.064942242627
1.78    0.0642648734459
1.8    0.0640096283503
1.82    0.0643748793239
1.84    0.0639036535444
1.86    0.0630915169791
1.88    0.0622550326468
1.9    0.0631104903342
1.92    0.0635158033325
1.94    0.0634573464744
1.96    0.0630250102031
1.98    0.0623234587751
2.0    0.0613343729877
2.02    0.0600849369509
2.04    0.058640003811
2.06    0.0570071036184
2.08    0.0555867346966
2.1    0.0570706565729
2.12    0.0584504546801
2.14    0.059736542685
2.16    0.0609388964587
2.18    0.0620664931087
2.2    0.063126968548
2.22    0.0641278900562
2.24    0.0650709755356
2.26    0.06595654275
2.28    0.0667852333432
2.3    0.0675568764227
2.32    0.0682644289987
2.34    0.0689004624771
2.36    0.0694640956492
2.38    0.0699398918859
2.4    0.0703179450918
2.42    0.0705904745228
2.44    0.0707393996865
2.46    0.07076192814
2.48    0.0706457181882
2.5    0.0703816754024
2.52    0.0699687862518
2.54    0.0693912603398
2.56    0.0705800832566
2.58    0.0743905622196
2.6    0.0781565821838
2.62    0.0818258451678
2.64    0.0853520929156
2.66    0.0886932456378
2.68    0.0918097750874
2.7    0.0946660067908
2.72    0.0972325178807
2.74    0.0994989061589
2.76    0.101455117781
2.78    0.103097053396
2.8    0.104437743043
2.82    0.105571493116
2.84    0.106784391319
2.86    0.109818177344
2.88    0.112777219194
2.9    0.115339164119
2.92    0.117466413802
2.94    0.119142042855
2.96    0.120362869628
2.98    0.121128825201
3.0    0.1214608975
3.02    0.121385953592
3.04    0.121887330032
3.06    0.123186120854
3.08    0.124504669574
3.1    0.125969056954
3.12    0.127341852252
3.14    0.128656121536
3.16    0.129878673594
3.18    0.131002342181
3.2    0.131723722605
3.22    0.131967489685
3.24    0.131743429302
3.26    0.131077454032
3.28    0.130021379799
3.3    0.128632827555
3.32    0.126954710544
3.34    0.125020383954
3.36    0.122861945565
3.38    0.12051445793
3.4    0.118069443517
3.42    0.115611751563
3.44    0.113120733899
3.46    0.110609024459
3.48    0.108072399449
3.5    0.105483390556
3.52    0.102879053743
3.54    0.104390611407
3.56    0.105881748544
3.58    0.107342612625
3.6    0.108780860997
3.62    0.11019174274
3.64    0.111571197307
3.66    0.112928623578
3.68    0.114250905947
3.7    0.115549278509
3.72    0.116813233822
3.74    0.118050735252
3.76    0.119253566046
3.78    0.120430844824
3.8    0.121573666243
3.82    0.122687778814
3.84    0.123772409102
3.86    0.124825459536
3.88    0.125848489939
3.9    0.126843274354
3.92    0.127811953372
3.94    0.128757124043
3.96    0.129712341692
3.98    0.130789273281
4.0    0.131870460127
4.02    0.132937071072
4.04    0.133979563255
4.06    0.13499395254
4.08    0.135977199078
4.1    0.136926395514
4.12    0.137846258651
4.14    0.13872959856
4.16    0.1395749021
4.18    0.140389949465
4.2    0.141164627313
4.22    0.141905367683
4.24    0.142609101476
4.26    0.143274759583
4.28    0.143907091481
4.3    0.14449787953
4.32    0.145058949873
4.34    0.145578853509
4.36    0.146065919104
4.38    0.146516439462
4.4    0.146929996206
4.42    0.147312793653
4.44    0.147658176428
4.46    0.147970691398
4.48    0.148251669085
4.5    0.148497849199
4.52    0.148711547285
4.54    0.1488966938
4.56    0.149050065207
4.58    0.149173527821
4.6    0.149269143392
4.62    0.149338858662
4.64    0.150149610896
4.66    0.151346942201
4.68    0.152343784398
4.7    0.153127689867
4.72    0.153706432168
4.74    0.154066107914
4.76    0.154215870235
4.78    0.154143863225
4.8    0.15386146788
4.82    0.153365081163
4.84    0.154451210358
4.86    0.156129676705
4.88    0.157777384932
4.9    0.15945788686
4.92    0.161099158256
4.94    0.162646841563
4.96    0.164084694147
4.98    0.165403750873
5.0    0.166593704871
5.02    0.167648925043
5.04    0.168573302322
5.06    0.169364832407
5.08    0.170033233768
5.1    0.170586380215
5.12    0.171030191198
5.14    0.171368160129
5.16    0.171591864109
5.18    0.171692562343
5.2    0.171664260496
5.22    0.172030756749
5.24    0.174548163815
5.26    0.176997692157
5.28    0.179379023651
5.3    0.18169100707
5.32    0.183932096831
5.34    0.18610121502
5.36    0.188196811619
5.38    0.190216968438
5.4    0.192159671889
5.42    0.194024315188
5.44    0.195812825873
5.46    0.19752066293
5.48    0.199147134061
5.5    0.200692169641
5.52    0.20216149243
5.54    0.203550890038
5.56    0.204860775504
5.58    0.206092752298
5.6    0.207248795854
5.62    0.208331151771
5.64    0.209342134654
5.66    0.210636701991
5.68    0.212355771711
5.7    0.214019889155
5.72    0.215618840492
5.74    0.217148666108
5.76    0.218607295972
5.78    0.219993153063
5.8    0.22130540409
5.82    0.222544184322
5.84    0.223710664775
5.86    0.224806882893
5.88    0.225835342865
5.9    0.226798488767
5.92    0.227698369135
5.94    0.228542594155
5.96    0.229330900836
5.98    0.230748772877
6.0    0.232129887301
6.02    0.233445138147
6.04    0.234693335885
6.06    0.235874323588
6.08    0.236988800455
6.1    0.238037969373
6.12    0.239023178887
6.14    0.239945617649
6.16    0.240806135239
6.18    0.241605528108
6.2    0.242343919748
6.22    0.243019632232
6.24    0.243633900655
6.26    0.244185425431
6.28    0.244673013772
6.3    0.24509563176
6.32    0.24545331494
6.34    0.245752474078
6.36    0.245985584183
6.38    0.246154872731
6.4    0.246266001541
6.42    0.246310648468
6.44    0.246299526113
6.46    0.24622568155
6.48    0.246093138756
6.5    0.245905016932
6.52    0.245656799009
6.54    0.245357961663
6.56    0.24500506982
6.58    0.244600064356
6.6    0.244146343785
6.62    0.243646696115
6.64    0.243103267471
6.66    0.242517690228
6.68    0.241891210328
6.7    0.241224800457
6.72    0.240519263927
6.74    0.239775213751
6.76    0.238993019171
6.78    0.238172879094
6.8    0.237314972909
6.82    0.236419640477
6.84    0.235487548077
6.86    0.234519733551
6.88    0.233517543179
6.9    0.232484391313
6.92    0.231421193868
6.94    0.230329410774
6.96    0.229215685432
6.98    0.228080945802
7.0    0.226930525637
7.02    0.225769121323
7.04    0.224589027367
7.06    0.223386611987
7.08    0.222156952854
7.1    0.220899483232
7.12    0.219613936262
7.14    0.218300712065
7.16    0.216961767399
7.18    0.215595269716
7.2    0.214201233191
7.22    0.214462905671
7.24    0.214755715101
7.26    0.215033583102
7.28    0.215291712201
7.3    0.215528921098
7.32    0.215746980387
7.34    0.215951068303
7.36    0.216135108413
7.38    0.216299412294
7.4    0.216448101852
7.42    0.216581361127
7.44    0.216695736685
7.46    0.21679153314
7.48    0.216875290668
7.5    0.216942060375
7.52    0.216991080544
7.54    0.217024896357
7.56    0.217046328943
7.58    0.21705082276
7.6    0.217038667848
7.62    0.217016645846
7.64    0.216978805489
7.66    0.216925100436
7.68    0.216861062969
7.7    0.216783020669
7.72    0.216689876781
7.74    0.216587427515
7.76    0.216471253894
7.78    0.216341667943
7.8    0.216203272029
7.82    0.216050974886
7.84    0.215889009073
7.86    0.215715728631
7.88    0.2155311508
7.9    0.215337649544
7.92    0.215131842352
7.94    0.214918865048
7.96    0.214693551675
7.98    0.214460921889
8.0    0.214217275356
8.02    0.213964833587
8.04    0.213703554049
8.06    0.213431219539
8.08    0.21315298978
8.1    0.213034775072
8.12    0.213186218986
8.14    0.213322441275
8.16    0.213443676643
8.18    0.213550158069
8.2    0.213647336227
8.22    0.213731092922
8.24    0.21380072678
8.26    0.213856463634
8.28    0.213898527459
8.3    0.213927140344
8.32    0.213942522471
8.34    0.213944892089
8.36    0.213938133739
8.38    0.213920773994
8.4    0.213890988462
8.42    0.213848987642
8.44    0.213794980031
8.46    0.213729172102
8.48    0.21365176831
8.5    0.213562971066
8.52    0.213462980728
8.54    0.213355543393
8.56    0.213238921982
8.58    0.213111641815
8.6    0.212973895237
8.62    0.212825872535
8.64    0.212667761927
8.66    0.212499749566
8.68    0.212322019527
8.7    0.212134753826
8.72    0.21193813241
8.74    0.211736440247
8.76    0.211526282347
8.78    0.211307244516
8.8    0.211079498764
8.82    0.210843215061
8.84    0.210598561336
8.86    0.210345703499
8.88    0.210084805421
8.9    0.209816028972
8.92    0.209539534007
8.94    0.209256050868
8.96    0.208968744748
8.98    0.208674139243
9.0    0.20837238663
9.02    0.20806363721
9.04    0.207748039338
9.06    0.207425739455
9.08    0.207543170794
9.1    0.207722072225
9.12    0.207893084541
9.14    0.208052847743
9.16    0.208201523191
9.18    0.208339270941
9.2    0.208468068704
9.22    0.208589183614
9.24    0.208699803067
9.26    0.208800081857
9.28    0.20889017344
9.3    0.20897124994
9.32    0.209045978654
9.34    0.209110932933
9.36    0.209166260885
9.38    0.209212109254
9.4    0.209248623405
9.42    0.209279770314
9.44    0.209302376654
9.46    0.20931603799
9.48    0.209320894314
9.5    0.209317084242
9.52    0.20930639644
9.54    0.209343424276
9.56    0.209497097337
9.58    0.209631284483
9.6    0.209740606269
9.62    0.209826689666
9.64    0.209893931459
9.66    0.209937390903
9.68    0.209958735092
9.7    0.209962098869
9.72    0.209942749245
9.74    0.209902203584
9.76    0.209844709702
9.78    0.209765554979
9.8    0.209665861731
9.82    0.209550477542
9.84    0.209414466664
9.86    0.209258209707
9.88    0.209087844354
9.9    0.208897866313
9.92    0.208688629157
9.94    0.208464980603
9.96    0.208223860213
9.98    0.207964465572
10.0    0.207689807662
