0.05    0.000139991313873
0.07    0.000385589531937
0.09    0.00073956925482
0.1    0.00133851509638
0.12    0.00235679097168
0.14    0.00347093923621
0.16    0.00419046142095
0.18    0.00612767578325
0.2    0.00489199565459
0.22    0.00528467973965
0.24    0.00608038472101
0.26    0.00805262513579
0.28    0.00900441381317
0.3    0.0117372292001
0.32    0.0169221590577
0.34    0.0161912254917
0.36    0.0149852505615
0.38    0.0144722910634
0.4    0.0127222341618
0.42    0.0131932120418
0.44    0.014397324616
0.46    0.0163598671214
0.48    0.0185018394388
0.5    0.0254434051382
0.52    0.0297820178442
0.54    0.0317715595507
0.56    0.0284691458511
0.58    0.0228452108827
0.6    0.0222479561635
0.62    0.0253629398374
0.64    0.0271139618408
0.66    0.0277428434392
0.68    0.0287159256292
0.7    0.0276230108206
0.72    0.0256576344851
0.74    0.0257631201983
0.76    0.0258112494313
0.78    0.0266885027663
0.8    0.0282257442821
0.82    0.0304037928913
0.84    0.0346932879572
0.86    0.0358630814415
0.88    0.0348904221965
0.9    0.0354285062995
0.92    0.0344000369575
0.94    0.0340251852841
0.96    0.0354075903408
0.98    0.03683505963
1.0    0.0379559942237
1.02    0.0386274381244
1.04    0.0389614522108
1.06    0.039079378271
1.08    0.0390828267627
1.1    0.0390622603684
1.12    0.039084166383
1.14    0.0402808456693
1.16    0.0424583874052
1.18    0.0456625123539
1.2    0.0498811212107
1.22    0.0537886284112
1.24    0.0573664182502
1.26    0.0606205967678
1.28    0.0635221775882
1.3    0.0676236460211
1.32    0.071934409547
1.34    0.0760528321604
1.36    0.0798769427468
1.38    0.0833470110678
1.4    0.0864159712999
1.42    0.0890488676666
1.44    0.091262739496
1.46    0.0931113137769
1.48    0.0948543635069
1.5    0.0968095201677
1.52    0.0986315247436
1.54    0.100153810166
1.56    0.101325310738
1.58    0.102118141086
1.6    0.102530503207
1.62    0.102591513367
1.64    0.102314339784
1.66    0.101737286694
1.68    0.100895916528
1.7    0.0998247543399
1.72    0.0985796553562
1.74    0.0971843701594
1.76    0.0956845008851
1.78    0.0941549686499
1.8    0.0926654176754
1.82    0.0912252492693
1.84    0.089810721032
1.86    0.088429269694
1.88    0.0870820613008
1.9    0.0857515721312
1.92    0.0844185211655
1.94    0.0830828145605
1.96    0.0817537559009
1.98    0.0804321694746
2.0    0.0791419087014
2.02    0.0778855768959
2.04    0.0766750004021
2.06    0.0755155228765
2.08    0.0744120203305
2.1    0.0739718308565
2.12    0.073871186063
2.14    0.073992289899
2.16    0.0742555226209
2.18    0.0745552338046
2.2    0.0748509115754
2.22    0.0751198147771
2.24    0.0753539008167
2.26    0.0755288206722
2.28    0.0756334386939
2.3    0.0756565143546
2.32    0.0755874182895
2.34    0.0754168370942
2.36    0.0751371538205
2.38    0.0747431337577
2.4    0.0742331872052
2.42    0.0749638095175
2.44    0.0760272757846
2.46    0.0766939951255
2.48    0.0769543456641
2.5    0.0779033723306
2.52    0.0813508048109
2.54    0.084940618357
2.56    0.0884042070464
2.58    0.0914898234217
2.6    0.0940315189346
2.62    0.0961206247105
2.64    0.0978440755063
2.66    0.0988792887054
2.68    0.0990823401074
2.7    0.0984158187385
2.72    0.10096618507
2.74    0.103117517136
2.76    0.104779969312
2.78    0.105974855669
2.8    0.106741613732
2.82    0.107132911112
2.84    0.107195127931
2.86    0.106981912862
2.88    0.10654643449
2.9    0.105942543611
2.92    0.105224203928
2.94    0.10477509907
2.96    0.104570580022
2.98    0.104216486075
3.0    0.103727090982
3.02    0.103139935628
3.04    0.102485341238
3.06    0.10178409396
3.08    0.10106073369
3.1    0.100706870608
3.12    0.100995328548
3.14    0.101501526921
3.16    0.102224594332
3.18    0.103158440255
3.2    0.104292209655
3.22    0.105610809944
3.24    0.107095447995
3.26    0.10872420804
3.28    0.110472759446
3.3    0.112315092902
3.32    0.114226814463
3.34    0.11617869496
3.36    0.118142358931
3.38    0.120089959069
3.4    0.121997974098
3.42    0.123838270706
3.44    0.125584646534
3.46    0.12721619406
3.48    0.128718193138
3.5    0.130070929198
3.52    0.131270201485
3.54    0.132323001839
3.56    0.133516732673
3.58    0.135111692371
3.6    0.138787069291
3.62    0.142421468423
3.64    0.146634398127
3.66    0.150661108646
3.68    0.154360262739
3.7    0.157717051941
3.72    0.16059156569
3.74    0.162939254119
3.76    0.164782684608
3.78    0.166168078783
3.8    0.16711940684
3.82    0.167647750759
3.84    0.167771938343
3.86    0.167580517844
3.88    0.167108971579
3.9    0.16624720854
3.92    0.164997330313
3.94    0.163413961035
3.96    0.161573527425
3.98    0.159529344898
4.0    0.157301031007
4.02    0.154915764232
4.04    0.152413209796
4.06    0.149787750571
4.08    0.147096116111
4.1    0.144403620775
4.12    0.141700113751
4.14    0.139004729678
4.16    0.136324658995
4.18    0.133647278152
4.2    0.130989500829
4.22    0.128377391339
4.24    0.125838779601
4.26    0.123669973458
4.28    0.121963145538
4.3    0.120231158483
4.32    0.11847757206
4.34    0.116712753375
4.36    0.115063144782
4.38    0.113598742198
4.4    0.112123101752
4.42    0.110642086438
4.44    0.109165548899
4.46    0.107899174879
4.48    0.107742281663
4.5    0.109106380757
4.52    0.110594294245
4.54    0.112242560376
4.56    0.114041884617
4.58    0.115961964253
4.6    0.117996634282
4.62    0.120139898287
4.64    0.12239023289
4.66    0.12474880682
4.68    0.127198302812
4.7    0.129719813841
4.72    0.132284486065
4.74    0.134867141376
4.76    0.137448107696
4.78    0.140008882464
4.8    0.142531323891
4.82    0.14500125842
4.84    0.147408807357
4.86    0.149742509524
4.88    0.1519927567
4.9    0.154154590748
4.92    0.156222717735
4.94    0.158193380704
4.96    0.160067200546
4.98    0.16184442456
5.0    0.163529153083
5.02    0.165127127408
5.04    0.166643352656
5.06    0.168081710312
5.08    0.169450666666
5.1    0.1707575559
5.12    0.172010473736
5.14    0.173219159126
5.16    0.174393890149
5.18    0.175547171238
5.2    0.176691359904
5.22    0.177836292776
5.24    0.178996238339
5.26    0.180181676115
5.28    0.181401820875
5.3    0.1826696112
5.32    0.183988506695
5.34    0.185368704274
5.36    0.18681214175
5.38    0.188322880737
5.4    0.189902637441
5.42    0.191548180849
5.44    0.19326196168
5.46    0.195035707319
5.48    0.19686484423
5.5    0.198745077911
5.52    0.200668025058
5.54    0.202625257696
5.56    0.204872580041
5.58    0.208203733705
5.6    0.211556777263
5.62    0.214913210337
5.64    0.218255320476
5.66    0.221566876428
5.68    0.224827208283
5.7    0.228021779302
5.72    0.231134619068
5.74    0.234149783714
5.76    0.237053921299
5.78    0.239836730408
5.8    0.242494588578
5.82    0.245020542718
5.84    0.247406770022
5.86    0.249648329599
5.88    0.251752107116
5.9    0.253737499755
5.92    0.255616132085
5.94    0.257350046633
5.96    0.258895809563
5.98    0.260233424637
6.0    0.261366990872
6.02    0.264118822479
6.04    0.26742373223
6.06    0.270598909306
6.08    0.273636777124
6.1    0.276514674974
6.12    0.279215744987
6.14    0.281719945107
6.16    0.284025500033
6.18    0.286134401042
6.2    0.28805593563
6.22    0.289796710672
6.24    0.291360957855
6.26    0.292762716371
6.28    0.294032374064
6.3    0.295230223243
6.32    0.296422369433
6.34    0.297609675692
6.36    0.299226857069
6.38    0.301197120312
6.4    0.302986264322
6.42    0.304598419286
6.44    0.306026165488
6.46    0.307269837595
6.48    0.308326017134
6.5    0.309209204001
6.52    0.311322330994
6.54    0.313583207043
6.56    0.315697133363
6.58    0.317657683154
6.6    0.319468480254
6.62    0.321128681873
6.64    0.322649049217
6.66    0.324038118386
6.68    0.325304121074
6.7    0.326458958478
6.72    0.327516990657
6.74    0.328506841113
6.76    0.329450906982
6.78    0.330320347241
6.8    0.331087507726
6.82    0.331737331116
6.84    0.33227650187
6.86    0.332705219051
6.88    0.333012922214
6.9    0.33320128728
6.92    0.333299342041
6.94    0.333347877389
6.96    0.333324733237
6.98    0.333194281151
7.0    0.332939154558
7.02    0.332552506846
7.04    0.332035337131
7.06    0.33139102775
7.08    0.330621851563
7.1    0.32973161861
7.12    0.32873051472
7.14    0.327628559251
7.16    0.326427505484
7.18    0.325126252722
7.2    0.323741275357
7.22    0.322326488908
7.24    0.320984957755
7.26    0.320515061049
7.28    0.322013146578
7.3    0.323399385914
7.32    0.324677433766
7.34    0.325844608515
7.36    0.326901055028
7.38    0.327851043611
7.4    0.328690442602
7.42    0.329425729395
7.44    0.330054530028
7.46    0.330580644811
7.48    0.331004808267
7.5    0.331330238628
7.52    0.331556954038
7.54    0.331692902522
7.56    0.331737941452
7.58    0.331696709418
7.6    0.331573415935
7.62    0.331372223812
7.64    0.331101371928
7.66    0.330764584483
7.68    0.330368387773
7.7    0.329914128726
7.72    0.329402680342
7.74    0.328838332958
7.76    0.328228388094
7.78    0.327583255632
7.8    0.326912431209
7.82    0.326231304591
7.84    0.325536727669
7.86    0.324813090835
7.88    0.324065738208
7.9    0.323298429467
7.92    0.322493434526
7.94    0.321635497262
7.96    0.320717183854
7.98    0.319734178199
8.0    0.318682973966
8.02    0.317564208665
8.04    0.316378616528
8.06    0.315126024069
8.08    0.313809927036
8.1    0.312429057218
8.12    0.310986402688
8.14    0.309481775999
8.16    0.307914521991
8.18    0.306289262102
8.2    0.304604474479
8.22    0.30286127896
8.24    0.301061887935
8.26    0.299210492826
8.28    0.297306112956
8.3    0.295350681034
8.32    0.293349932894
8.34    0.291302362531
8.36    0.289212532884
8.38    0.287082045861
8.4    0.284917291134
8.42    0.282723751428
8.44    0.280505276557
8.46    0.278265599132
8.48    0.276003457236
8.5    0.27372090773
8.52    0.271419262478
8.54    0.269103421898
8.56    0.266777088359
8.58    0.264442915156
8.6    0.262915158504
8.62    0.262142762799
8.64    0.261342519803
8.66    0.260518235466
8.68    0.25966914485
8.7    0.258800518398
8.72    0.257921370638
8.74    0.257056597785
8.76    0.256187532527
8.78    0.255303769466
8.8    0.254401228519
8.82    0.253478124798
8.84    0.252535469894
8.86    0.251572178654
8.88    0.250587652215
8.9    0.249582041548
8.92    0.248555429254
8.94    0.247507825306
8.96    0.246439192584
8.98    0.245349463339
9.0    0.244238552922
9.02    0.243106411149
9.04    0.241953481504
9.06    0.240782490726
9.08    0.239591173425
9.1    0.238380089783
9.12    0.237152118962
9.14    0.235906786336
9.16    0.234644222572
9.18    0.233365707597
9.2    0.232072630985
9.22    0.230766473601
9.24    0.229448761088
9.26    0.22812097344
9.28    0.226789101545
9.3    0.225462281275
9.32    0.224144699163
9.34    0.222829709048
9.36    0.221515304358
9.38    0.220203830012
9.4    0.218898412198
9.42    0.217600894845
9.44    0.216487610082
9.46    0.215526899541
9.48    0.214566611639
9.5    0.213881631319
9.52    0.21319035463
9.54    0.21248630803
9.56    0.211768863615
9.58    0.211035935099
9.6    0.210287711621
9.62    0.209525190411
9.64    0.208749078107
9.66    0.207959429026
9.68    0.207158266648
9.7    0.206345933824
9.72    0.205523643711
9.74    0.20469015144
9.76    0.203844988013
9.78    0.202988835019
9.8    0.202120636957
9.82    0.201240632779
9.84    0.20067726324
9.86    0.200137132168
9.88    0.199592262544
9.9    0.199042505662
9.92    0.198487848527
9.94    0.197929628854
9.96    0.197366822437
9.98    0.196799714862
10.0    0.196228769085
