0.05    0.000175823621597
0.07    0.000433392012788
0.09    0.00116112868312
0.1    0.00185965226916
0.12    0.00205656840004
0.14    0.00413603672268
0.16    0.00434680392149
0.18    0.00633404897417
0.2    0.00725993876167
0.22    0.00856356763143
0.24    0.00921138937904
0.26    0.010466371014
0.28    0.00940577246511
0.3    0.00810092486239
0.32    0.00948255715259
0.34    0.00945049531928
0.36    0.00924967578832
0.38    0.00982950989447
0.4    0.0117074440133
0.42    0.0140190861498
0.44    0.0159664171665
0.46    0.0184915187171
0.48    0.0254832808247
0.5    0.0307158922723
0.52    0.0314812691521
0.54    0.0289671418752
0.56    0.0286046651585
0.58    0.0322478086464
0.6    0.0347520724948
0.62    0.0324364882777
0.64    0.0354024005294
0.66    0.0373361400421
0.68    0.0369475223089
0.7    0.0352236599397
0.72    0.0328941741119
0.74    0.0304207062245
0.76    0.0285106941677
0.78    0.0274563979475
0.8    0.0264576510868
0.82    0.0271757613917
0.84    0.0293406724476
0.86    0.0311753312847
0.88    0.0326040601181
0.9    0.0336623840782
0.92    0.0338062933366
0.94    0.0334524167081
0.96    0.0328982112148
0.98    0.0323975218752
1.0    0.0319370502901
1.02    0.033803155887
1.04    0.0354367771357
1.06    0.037261891541
1.08    0.03959556334
1.1    0.0416643194083
1.12    0.0436813236829
1.14    0.0466034208502
1.16    0.0501443264472
1.18    0.054334190794
1.2    0.0582570156155
1.22    0.0617382400159
1.24    0.0647099998543
1.26    0.0671212056321
1.28    0.0689611119474
1.3    0.0702635037703
1.32    0.0712060003284
1.34    0.0720086284609
1.36    0.0724947760499
1.38    0.0726069034599
1.4    0.0723538037396
1.42    0.0717672867571
1.44    0.0708791892656
1.46    0.069740568005
1.48    0.0683910133593
1.5    0.0668921545213
1.52    0.0652766083016
1.54    0.0635907608654
1.56    0.0618791062783
1.58    0.0601843787887
1.6    0.0585473199833
1.62    0.0570105824309
1.64    0.0556104558895
1.66    0.0543964006108
1.68    0.0555104657862
1.7    0.0565845705353
1.72    0.0576323616856
1.74    0.0586536399075
1.76    0.0596506582517
1.78    0.0606407610044
1.8    0.0624870332166
1.82    0.0643860606666
1.84    0.0662555634374
1.86    0.0688739867287
1.88    0.0710922219445
1.9    0.0730191333076
1.92    0.0746800853194
1.94    0.0760644304731
1.96    0.0771783535835
1.98    0.0780303461229
2.0    0.0786248531693
2.02    0.0789488012957
2.04    0.0791573779976
2.06    0.082440227312
2.08    0.0858270962327
2.1    0.0893035884383
2.12    0.0928440432685
2.14    0.0964260279879
2.16    0.100045773883
2.18    0.103664083392
2.2    0.107283110922
2.22    0.110870220743
2.24    0.114413365884
2.26    0.117905241894
2.28    0.121331400088
2.3    0.124686290919
2.32    0.127969957449
2.34    0.131189361793
2.36    0.134386119569
2.38    0.137611547821
2.4    0.14084720568
2.42    0.144067488779
2.44    0.147282332235
2.46    0.151058285856
2.48    0.155720890475
2.5    0.160510667984
2.52    0.16528286184
2.54    0.169993510359
2.56    0.177571010529
2.58    0.185647958172
2.6    0.192843158123
2.62    0.198953109013
2.64    0.203898834029
2.66    0.207667767653
2.68    0.210316684504
2.7    0.212278935248
2.72    0.213644307914
2.74    0.214521047387
2.76    0.216321663649
2.78    0.220078134601
2.8    0.223813995554
2.82    0.2275648561
2.84    0.231845533314
2.86    0.236248718217
2.88    0.240559438425
2.9    0.244789248803
2.92    0.248920529226
2.94    0.252905890277
2.96    0.256719944785
2.98    0.260351412651
3.0    0.263815879104
3.02    0.267655451213
3.04    0.271515250618
3.06    0.275316342486
3.08    0.279057954235
3.1    0.282739904363
3.12    0.286362727295
3.14    0.289929305636
3.16    0.293448670439
3.18    0.29691489657
3.2    0.300336983549
3.22    0.30371784426
3.24    0.307058083376
3.26    0.310356729797
3.28    0.31386451236
3.3    0.318106487741
3.32    0.322146976341
3.34    0.325964031069
3.36    0.329569152108
3.38    0.332991905198
3.4    0.336271359929
3.42    0.339524284914
3.44    0.342897834156
3.46    0.346334289558
3.48    0.349698044023
3.5    0.352950428491
3.52    0.35609070522
3.54    0.359138875189
3.56    0.362125486676
3.58    0.365062851175
3.6    0.367918751236
3.62    0.370687586853
3.64    0.373422723816
3.66    0.37624958559
3.68    0.379136534304
3.7    0.381971683755
3.72    0.384701957037
3.74    0.387300733673
3.76    0.389754272197
3.78    0.392060607971
3.8    0.39424109061
3.82    0.396345834468
3.84    0.39871552421
3.86    0.401342582319
3.88    0.403926826096
3.9    0.406431448149
3.92    0.408851432564
3.94    0.411189855767
3.96    0.41345510153
3.98    0.415658596085
4.0    0.417844530013
4.02    0.420154692132
4.04    0.422674246615
4.06    0.425247629823
4.08    0.427793477274
4.1    0.430293307086
4.12    0.432754751927
4.14    0.435195531721
4.16    0.437579136443
4.18    0.439885618085
4.2    0.442147741653
4.22    0.444478715957
4.24    0.446838350502
4.26    0.44910220753
4.28    0.451237011995
4.3    0.453220182998
4.32    0.455046096546
4.34    0.456715106482
4.36    0.458232930998
4.38    0.459609204441
4.4    0.460855376951
4.42    0.46199273295
4.44    0.463208159476
4.46    0.464727322458
4.48    0.466200426139
4.5    0.467771119902
4.52    0.469628239428
4.54    0.47147162095
4.56    0.473287850798
4.58    0.475085018245
4.6    0.477088467507
4.62    0.4792527797
4.64    0.481385081791
4.66    0.483466095415
4.68    0.48549411362
4.7    0.487467190666
4.72    0.489382049036
4.74    0.491240225819
4.76    0.493044441153
4.78    0.494814251323
4.8    0.496560986681
4.82    0.498308715531
4.84    0.50004493785
4.86    0.501760940783
4.88    0.50345978354
4.9    0.505192606804
4.92    0.507030170411
4.94    0.508872805207
4.96    0.510680094832
4.98    0.512435438071
5.0    0.514132354669
5.02    0.515774215291
5.04    0.517355541678
5.06    0.518875027444
5.08    0.520333292457
5.1    0.521732069714
5.12    0.523082665751
5.14    0.524379119825
5.16    0.52564122951
5.18    0.526878670095
5.2    0.528105670022
5.22    0.529312762805
5.24    0.530474586541
5.26    0.531585261841
5.28    0.532632166093
5.3    0.533611599566
5.32    0.534521638274
5.34    0.535361277203
5.36    0.536132296738
5.38    0.536835407818
5.4    0.537468452783
5.42    0.538031999012
5.44    0.538526920772
5.46    0.538954302315
5.48    0.539315543762
5.5    0.539612348623
5.52    0.539846509445
5.54    0.540019829594
5.56    0.540133975802
5.58    0.540190275211
5.6    0.540189646328
5.62    0.540132587204
5.64    0.54001932584
5.66    0.539850132217
5.68    0.539625600643
5.7    0.53935044159
5.72    0.539024104964
5.74    0.538648765545
5.76    0.538227582946
5.78    0.537773237981
5.8    0.537289526721
5.82    0.536832732818
5.84    0.536499495956
5.86    0.536146731138
5.88    0.535749695485
5.9    0.535301012367
5.92    0.534798456794
5.94    0.534240922072
5.96    0.533627995651
5.98    0.532959916445
6.0    0.532240432762
6.02    0.531469188857
6.04    0.530645775581
6.06    0.529772123043
6.08    0.528850997711
6.1    0.528106831694
6.12    0.527589119393
6.14    0.527028542874
6.16    0.526425920067
6.18    0.525791620417
6.2    0.525132611014
6.22    0.524479438487
6.24    0.523833039353
6.26    0.523182805883
6.28    0.522833344059
6.3    0.522454322301
6.32    0.522030735061
6.34    0.521560374661
6.36    0.521042782576
6.38    0.520479840035
6.4    0.519880081458
6.42    0.519381895685
6.44    0.51910790943
6.46    0.518799656128
6.48    0.518448639326
6.5    0.518051808778
6.52    0.517606615983
6.54    0.517111077635
6.56    0.516564398228
6.58    0.515974812988
6.6    0.515333710879
6.62    0.514641076531
6.64    0.513903593069
6.66    0.513120862514
6.68    0.512289053838
6.7    0.511411533672
6.72    0.510495559238
6.74    0.509534851894
6.76    0.508531554193
6.78    0.507487907861
6.8    0.506410638033
6.82    0.505296114245
6.84    0.504146690726
6.86    0.502964491578
6.88    0.501751137448
6.9    0.500507554248
6.92    0.499233901871
6.94    0.497929502624
6.96    0.496592786268
6.98    0.495222621263
7.0    0.493824563812
7.02    0.492389846035
7.04    0.490921339159
7.06    0.489422915429
7.08    0.487886264865
7.1    0.486324153602
7.12    0.484722782178
7.14    0.483097578349
7.16    0.481434828298
7.18    0.47974808317
7.2    0.478027214954
7.22    0.476281770105
7.24    0.474505961467
7.26    0.472752986253
7.28    0.471378381409
7.3    0.469979189537
7.32    0.46855572982
7.34    0.467109002571
7.36    0.46564074325
7.38    0.464153493503
7.4    0.462650322587
7.42    0.461136855255
7.44    0.459665490097
7.46    0.458265405974
7.48    0.456870244244
7.5    0.455474096036
7.52    0.4540806885
7.54    0.45271664313
7.56    0.451972167721
7.58    0.452090879491
7.6    0.452195424383
7.62    0.452291385942
7.64    0.452377028218
7.66    0.452449037437
7.68    0.452507616019
7.7    0.452552964923
7.72    0.452591262291
7.74    0.452619196099
7.76    0.452634414918
7.78    0.452637113996
7.8    0.452627487012
7.82    0.452608685518
7.84    0.452583071208
7.86    0.452545625083
7.88    0.452496534787
7.9    0.452435986317
7.92    0.452364164013
7.94    0.452286288348
7.96    0.452200132138
7.98    0.452103170402
8.0    0.451995581179
8.02    0.451877540822
8.04    0.451749223963
8.06    0.451615507467
8.08    0.451474414425
8.1    0.45132348651
8.12    0.451162891945
8.14    0.45099279722
8.16    0.450813367091
8.18    0.450627667721
8.2    0.450436921964
8.22    0.450237255522
8.24    0.450028826726
8.26    0.44981179217
8.28    0.449586306733
8.3    0.449353041341
8.32    0.449117603805
8.34    0.448874103346
8.36    0.448622688469
8.38    0.448363505975
8.4    0.448096700966
8.42    0.447822416851
8.44    0.447545326849
8.46    0.447262576817
8.48    0.446972704808
8.5    0.446675848018
8.52    0.446372141973
8.54    0.446061720582
8.56    0.445747787355
8.58    0.445430058726
8.6    0.445105946424
8.62    0.444775578316
8.64    0.444439080663
8.66    0.444096578139
8.68    0.443751167581
8.7    0.443402427052
8.72    0.443047988815
8.74    0.442687971732
8.76    0.442322493135
8.78    0.441951668814
8.8    0.441579722766
8.82    0.441203644017
8.84    0.440822503231
8.86    0.440436410665
8.88    0.440045475075
8.9    0.439651060054
8.92    0.439255614183
8.94    0.438855590495
8.96    0.438451092443
8.98    0.438042222036
9.0    0.437629079918
9.02    0.437215768192
9.04    0.436798953933
9.06    0.436378111787
9.08    0.435953337319
9.1    0.435524724762
9.12    0.43509494849
9.14    0.43466329421
9.16    0.434228028977
9.18    0.433789242198
9.2    0.433347022012
9.22    0.432903450012
9.24    0.432458771225
9.26    0.432072581043
9.28    0.431707918248
9.3    0.431340579639
9.32    0.430972536218
9.34    0.430600648524
9.36    0.430225004045
9.38    0.429845689022
9.4    0.429462788513
9.42    0.429079799585
9.44    0.428694211235
9.46    0.428305241438
9.48    0.42801403235
9.5    0.4277471551
9.52    0.42747585175
9.54    0.427202755378
9.56    0.426927488643
9.58    0.4266480136
9.6    0.426364415724
9.62    0.426078742362
9.64    0.425791619851
9.66    0.425500581029
9.68    0.425205707212
9.7    0.424908144124
9.72    0.424610159313
9.74    0.424308535227
9.76    0.424003349191
9.78    0.423695164029
9.8    0.423387256605
9.82    0.423075972591
9.84    0.422761385474
9.86    0.422444156246
9.88    0.422127214398
9.9    0.421807144893
9.92    0.421484017529
9.94    0.421159195839
9.96    0.420834058497
9.98    0.420506029247
10.0    0.420175174381
