0.05    0.000514756439232
0.07    0.00111303617189
0.09    0.00205407974324
0.1    0.00297210486262
0.12    0.00413553734103
0.14    0.00539420776623
0.16    0.0076578858226
0.18    0.00976762090082
0.2    0.0116116760953
0.22    0.014534312553
0.24    0.0167119681156
0.26    0.0184298059563
0.28    0.0201669161738
0.3    0.0215486718579
0.32    0.0236180644689
0.34    0.0365610406156
0.36    0.0370119788015
0.38    0.0335730908501
0.4    0.0361076354244
0.42    0.0358365239895
0.44    0.0383188853947
0.46    0.0448270791931
0.48    0.0545892203422
0.5    0.0635456209652
0.52    0.0634320221163
0.54    0.0588630365839
0.56    0.0553290300228
0.58    0.0525446291583
0.6    0.0477404490781
0.62    0.0423681387508
0.64    0.0482012043395
0.66    0.054660340341
0.68    0.0606107182442
0.7    0.0658055047376
0.72    0.0698175531111
0.74    0.0724653793168
0.76    0.0738136714491
0.78    0.0753100583874
0.8    0.0801232825918
0.82    0.0919285020814
0.84    0.101083565446
0.86    0.107437545746
0.88    0.111061488546
0.9    0.112127713277
0.92    0.111064623912
0.94    0.108758633546
0.96    0.106239413859
0.98    0.104034999235
1.0    0.102273613147
1.02    0.100948960004
1.04    0.101003454089
1.06    0.101160863932
1.08    0.103443365967
1.1    0.108734187636
1.12    0.11366500544
1.14    0.118372635992
1.16    0.122903975781
1.18    0.127271470616
1.2    0.133838920368
1.22    0.138770520935
1.24    0.141458278601
1.26    0.141917486325
1.28    0.140671151786
1.3    0.139549627266
1.32    0.140391245166
1.34    0.140475842723
1.36    0.139776196566
1.38    0.13826441828
1.4    0.135893567148
1.42    0.132625025289
1.44    0.128371721019
1.46    0.13175701531
1.48    0.136641344547
1.5    0.141604686452
1.52    0.146601269291
1.54    0.151573557621
1.56    0.156470898323
1.58    0.161226846252
1.6    0.165759271327
1.62    0.17004315229
1.64    0.17400423679
1.66    0.177646030196
1.68    0.180942713818
1.7    0.183940941702
1.72    0.186725441962
1.74    0.189581612991
1.76    0.19315374353
1.78    0.197439711164
1.8    0.201570594075
1.82    0.205479810981
1.84    0.209179527384
1.86    0.212660961213
1.88    0.215920138103
1.9    0.219026336867
1.92    0.221990170404
1.94    0.224780600729
1.96    0.227384360777
1.98    0.229783099266
2.0    0.234918101269
2.02    0.248689671751
2.04    0.262063083946
2.06    0.275040764903
2.08    0.287614696168
2.1    0.299766124953
2.12    0.31147696978
2.14    0.322732082757
2.16    0.333528273599
2.18    0.343840590418
2.2    0.353622489901
2.22    0.362826439637
2.24    0.371387917988
2.26    0.379287857558
2.28    0.386493182129
2.3    0.392979710339
2.32    0.39874936358
2.34    0.403829583179
2.36    0.408325881659
2.38    0.412432910151
2.4    0.416321794481
2.42    0.42002708236
2.44    0.423628558446
2.46    0.427003875993
2.48    0.430030787156
2.5    0.437121179148
2.52    0.446463464955
2.54    0.456032106711
2.56    0.465088284899
2.58    0.473300429017
2.6    0.480617560098
2.62    0.48708989949
2.64    0.492893524179
2.66    0.498238126137
2.68    0.503067189182
2.7    0.507281809937
2.72    0.510771168255
2.74    0.513480639013
2.76    0.515425168067
2.78    0.516608636107
2.8    0.517042476631
2.82    0.516726770789
2.84    0.515709801004
2.86    0.514078505538
2.88    0.511939642055
2.9    0.509481290334
2.92    0.507216703383
2.94    0.505280445217
2.96    0.50318922272
2.98    0.500937273341
3.0    0.49856120803
3.02    0.496136850329
3.04    0.493659436293
3.06    0.491043608767
3.08    0.488448921744
3.1    0.485759809095
3.12    0.482789724644
3.14    0.479542140254
3.16    0.476014458279
3.18    0.472209954827
3.2    0.468109581095
3.22    0.463669407141
3.24    0.458894969257
3.26    0.453823773309
3.28    0.448496712987
3.3    0.442960747692
3.32    0.437221276565
3.34    0.431259440083
3.36    0.425093642682
3.38    0.418784247536
3.4    0.416603499895
3.42    0.41662513397
3.44    0.416545906797
3.46    0.416373498362
3.48    0.416087534005
3.5    0.415706882425
3.52    0.41521431122
3.54    0.41460666328
3.56    0.413904400287
3.58    0.413086085002
3.6    0.412150697861
3.62    0.411106814962
3.64    0.409947109274
3.66    0.408664464438
3.68    0.40725742898
3.7    0.405724405842
3.72    0.40513310628
3.74    0.406062039888
3.76    0.406968246833
3.78    0.407860999006
3.8    0.40872607949
3.82    0.409583994293
3.84    0.410417614216
3.86    0.411228974097
3.88    0.412026284008
3.9    0.412803393958
3.92    0.413556147393
3.94    0.414283971028
3.96    0.414993572582
3.98    0.415680639759
4.0    0.416345342593
4.02    0.416990879734
4.04    0.417619824717
4.06    0.418238000913
4.08    0.418842465343
4.1    0.420464768116
4.12    0.422862180648
4.14    0.425229461685
4.16    0.427556335765
4.18    0.429834801822
4.2    0.432078049556
4.22    0.434273993917
4.24    0.436417749203
4.26    0.438526325583
4.28    0.440577199695
4.3    0.442585337659
4.32    0.444543237059
4.34    0.446445369946
4.36    0.44830700685
4.38    0.450105243206
4.4    0.451863311755
4.42    0.453559556407
4.44    0.455207240705
4.46    0.456798037919
4.48    0.458334230412
4.5    0.459816594241
4.52    0.461240512521
4.54    0.462612671777
4.56    0.463923845965
4.58    0.465186473209
4.6    0.466384731909
4.62    0.467542095553
4.64    0.468640897194
4.66    0.469691059088
4.68    0.470702921875
4.7    0.471685583902
4.72    0.472662472403
4.74    0.473648116741
4.76    0.474630622158
4.78    0.4756122194
4.8    0.476619349397
4.82    0.477636539542
4.84    0.478640917426
4.86    0.47962820163
4.88    0.480613303052
4.9    0.481634778174
4.92    0.482900145934
4.94    0.484416754623
4.96    0.485907924583
4.98    0.487359123388
5.0    0.488764449266
5.02    0.490119860721
5.04    0.491423353254
5.06    0.492679361586
5.08    0.493887793064
5.1    0.495043032371
5.12    0.496143484405
5.14    0.497198482814
5.16    0.498200488464
5.18    0.499142122678
5.2    0.500042387829
5.22    0.500879745585
5.24    0.501668599491
5.26    0.502398836649
5.28    0.503078586017
5.3    0.503699343332
5.32    0.504272375595
5.34    0.504782166261
5.36    0.505250938096
5.38    0.505653593461
5.4    0.506016443676
5.42    0.506318903504
5.44    0.506571977374
5.46    0.506776827067
5.48    0.506921195567
5.5    0.507031054058
5.52    0.507080470403
5.54    0.50708589614
5.56    0.507044571515
5.58    0.506946181399
5.6    0.506816782133
5.62    0.511468200536
5.64    0.52033190309
5.66    0.529075718262
5.68    0.537694824615
5.7    0.546167087357
5.72    0.554491767928
5.74    0.562690434123
5.76    0.57081280728
5.78    0.578862625334
5.8    0.586811219286
5.82    0.594669812736
5.84    0.602475866403
5.86    0.610273107005
5.88    0.618038548781
5.9    0.625739868345
5.92    0.63337347671
5.94    0.640944245536
5.96    0.648424811891
5.98    0.655773894181
6.0    0.662988064713
6.02    0.671028047511
6.04    0.680109680189
6.06    0.689167608964
6.08    0.698222334923
6.1    0.707232885113
6.12    0.716158349532
6.14    0.724960862058
6.16    0.733616604266
6.18    0.742118253588
6.2    0.750458265299
6.22    0.758636788473
6.24    0.766659377591
6.26    0.774528291299
6.28    0.782253293431
6.3    0.789837520291
6.32    0.797276233409
6.34    0.804563573004
6.36    0.81170384277
6.38    0.818701629388
6.4    0.825562478187
6.42    0.832283432598
6.44    0.838854540673
6.46    0.845270094382
6.48    0.851528234233
6.5    0.857624670999
6.52    0.86356620939
6.54    0.869352191809
6.56    0.874994497291
6.58    0.880496739387
6.6    0.885850351089
6.62    0.891045133264
6.64    0.89608117382
6.66    0.900946457009
6.68    0.905644457397
6.7    0.910173282909
6.72    0.914537258079
6.74    0.918744712035
6.76    0.92279930966
6.78    0.926709658413
6.8    0.930477779711
6.82    0.934104800262
6.84    0.937590831264
6.86    0.940947444821
6.88    0.944184667564
6.9    0.947312147314
6.92    0.950331828462
6.94    0.95325302516
6.96    0.95609745821
6.98    0.958876442381
7.0    0.961589250643
7.02    0.964222756534
7.04    0.966769433082
7.06    0.969224870685
7.08    0.971608986394
7.1    0.973921207586
7.12    0.976149215561
7.14    0.978293861341
7.16    0.980358101146
7.18    0.982345696381
7.2    0.984242604519
7.22    0.986026931139
7.24    0.987680906436
7.26    0.989188808211
7.28    0.990553342892
7.3    0.99176821804
7.32    0.99283522859
7.34    0.993758980376
7.36    0.994544931449
7.38    0.995191969348
7.4    0.995708469615
7.42    0.996099214099
7.44    0.996361302458
7.46    0.996507204884
7.48    0.996534858787
7.5    0.996455897337
7.52    0.996271904642
7.54    0.995981300398
7.56    0.995588669892
7.58    0.995079910105
7.6    0.994463315095
7.62    0.993731076498
7.64    0.992886119239
7.66    0.991935562854
7.68    0.990875354471
7.7    0.989716394108
7.72    0.988458627431
7.74    0.987110142636
7.76    0.985675527644
7.78    0.98418168667
7.8    0.982651859638
7.82    0.981084992459
7.84    0.9794661931
7.86    0.97779102413
7.88    0.976054317455
7.9    0.974256193771
7.92    0.972401754952
7.94    0.970495884705
7.96    0.968537269223
7.98    0.966519393394
8.0    0.964434819036
8.02    0.962284653237
8.04    0.960068935533
8.06    0.957780388909
8.08    0.955422087286
8.1    0.952986147451
8.12    0.950475157169
8.14    0.947897726204
8.16    0.94524887448
8.18    0.942532787749
8.2    0.9397460472
8.22    0.936890354888
8.24    0.933981830049
8.26    0.931031232254
8.28    0.928058947246
8.3    0.925082112463
8.32    0.922129041057
8.34    0.919192684317
8.36    0.916251771527
8.38    0.913300738945
8.4    0.910334634018
8.42    0.907348298185
8.44    0.904331815266
8.46    0.901281248587
8.48    0.898192441108
8.5    0.895057674289
8.52    0.891870623441
8.54    0.888632769072
8.56    0.885345168215
8.58    0.882022187627
8.6    0.878667649663
8.62    0.875274539346
8.64    0.871832101202
8.66    0.868339839575
8.68    0.864810167941
8.7    0.861248358372
8.72    0.85765577331
8.74    0.854019754209
8.76    0.85033529686
8.78    0.846603117486
8.8    0.843582223462
8.82    0.844390616715
8.84    0.845142313717
8.86    0.845837891697
8.88    0.846482928699
8.9    0.847072536329
8.92    0.847607152664
8.94    0.848087095295
8.96    0.848515483
8.98    0.848894784799
9.0    0.849220728207
9.02    0.849493894977
9.04    0.849718428916
9.06    0.849896565025
9.08    0.850024689989
9.1    0.850104036273
9.12    0.850137517074
9.14    0.850129157249
9.16    0.850075404563
9.18    0.849977662479
9.2    0.849837175278
9.22    0.849655132706
9.24    0.84943579168
9.26    0.849177277248
9.28    0.848880036327
9.3    0.848544883921
9.32    0.848172603439
9.34    0.847763949976
9.36    0.847319547592
9.38    0.846840349257
9.4    0.846328961815
9.42    0.845783112743
9.44    0.845203240398
9.46    0.844589879332
9.48    0.843943510567
9.5    0.843264630382
9.52    0.842557035646
9.54    0.841818489445
9.56    0.84104840583
9.58    0.840246791059
9.6    0.839414055549
9.62    0.838555809334
9.64    0.83766696725
9.66    0.836747916591
9.68    0.835799659161
9.7    0.834827794342
9.72    0.833827229554
9.74    0.832798556278
9.76    0.831743938722
9.78    0.830666779463
9.8    0.829563304178
9.82    0.828434048098
9.84    0.827281782669
9.86    0.826107959505
9.88    0.824909271916
9.9    0.823685925906
9.92    0.822444284681
9.94    0.821179123765
9.96    0.819889603132
9.98    0.818582308525
10.0    0.817252288339
