0.05    0.000359722871861
0.07    0.000645315811727
0.09    0.00166142235599
0.1    0.00218477071982
0.12    0.00213532035592
0.14    0.00378418571704
0.16    0.00458712940791
0.18    0.00860626833051
0.2    0.0104991645022
0.22    0.013045759193
0.24    0.0148432516956
0.26    0.0168513639825
0.28    0.0192262039166
0.3    0.0221203261998
0.32    0.0261184963717
0.34    0.0291856562891
0.36    0.0334150276675
0.38    0.034934105208
0.4    0.034069584021
0.42    0.0344190782333
0.44    0.0369474468992
0.46    0.0396710191306
0.48    0.0417014051073
0.5    0.0443486186172
0.52    0.0475156462033
0.54    0.0513562147829
0.56    0.0564642368851
0.58    0.0607038566684
0.6    0.0643666186498
0.62    0.0677687449684
0.64    0.0711843799119
0.66    0.0746393646616
0.68    0.0781529629961
0.7    0.0815395484263
0.72    0.0847042695455
0.74    0.0875751068202
0.76    0.0937048447534
0.78    0.106680922156
0.8    0.11787727291
0.82    0.129263727305
0.84    0.13699333108
0.86    0.141157692742
0.88    0.1452355335
0.9    0.149758663213
0.92    0.152434935822
0.94    0.152243188642
0.96    0.149078808664
0.98    0.143063463434
1.0    0.134585023874
1.02    0.128846969549
1.04    0.131625957331
1.06    0.134308520621
1.08    0.136811205955
1.1    0.139113645525
1.12    0.141213385673
1.14    0.143108840341
1.16    0.144786338537
1.18    0.146246926624
1.2    0.147544463809
1.22    0.148701715768
1.24    0.149740420998
1.26    0.150689303818
1.28    0.151594804507
1.3    0.152431742023
1.32    0.153207318888
1.34    0.153930253801
1.36    0.154612717306
1.38    0.155310035379
1.4    0.156155064824
1.42    0.157252678213
1.44    0.158444289061
1.46    0.159550996192
1.48    0.160468612581
1.5    0.161502631496
1.52    0.172352701598
1.54    0.182465047465
1.56    0.191798511646
1.58    0.200330113635
1.6    0.208003291479
1.62    0.214818319055
1.64    0.22079447871
1.66    0.225942301731
1.68    0.230276754846
1.7    0.233863304556
1.72    0.236774286905
1.74    0.239093589025
1.76    0.240923689704
1.78    0.242479030299
1.8    0.248812349671
1.82    0.255039603604
1.84    0.26086915068
1.86    0.26634849489
1.88    0.271533225883
1.9    0.276112474534
1.92    0.279681045473
1.94    0.282418195905
1.96    0.284406468136
1.98    0.285520445474
2.0    0.28586953804
2.02    0.285651502937
2.04    0.284741373235
2.06    0.282912534182
2.08    0.28014950097
2.1    0.276599261466
2.12    0.27267267423
2.14    0.27114944612
2.16    0.272892180698
2.18    0.274377475795
2.2    0.2755861471
2.22    0.276554365764
2.24    0.27728092672
2.26    0.2777980754
2.28    0.278112766947
2.3    0.278272689693
2.32    0.278286730524
2.34    0.278174835574
2.36    0.277937743662
2.38    0.277575450342
2.4    0.277095621893
2.42    0.276514168361
2.44    0.27580763115
2.46    0.274971098626
2.48    0.273999000212
2.5    0.272904191348
2.52    0.271673084071
2.54    0.270318089006
2.56    0.268847943571
2.58    0.267252794177
2.6    0.265540669491
2.62    0.263735729323
2.64    0.261833250813
2.66    0.259856312759
2.68    0.257795301837
2.7    0.255641981672
2.72    0.253385661461
2.74    0.251042141648
2.76    0.248601639096
2.78    0.246064118034
2.8    0.24343065877
2.82    0.240705771109
2.84    0.237880499424
2.86    0.234956178005
2.88    0.231934663578
2.9    0.228824165592
2.92    0.225622575442
2.94    0.222330767882
2.96    0.218949099216
2.98    0.215482307954
3.0    0.211947065689
3.02    0.208327628419
3.04    0.204644431401
3.06    0.200895057133
3.08    0.197087452948
3.1    0.193227916339
3.12    0.18932389967
3.14    0.18537529565
3.16    0.181402535287
3.18    0.177393675554
3.2    0.173371875932
3.22    0.171798609248
3.24    0.173150215779
3.26    0.17448068516
3.28    0.175801949612
3.3    0.177103061604
3.32    0.178379685611
3.34    0.179630776841
3.36    0.180855347859
3.38    0.182052469466
3.4    0.184075092348
3.42    0.187212251567
3.44    0.190454865458
3.46    0.193679316731
3.48    0.196742544528
3.5    0.199554926556
3.52    0.202111303263
3.54    0.204401858645
3.56    0.206445609982
3.58    0.208233458509
3.6    0.209785928919
3.62    0.211103932626
3.64    0.212206392902
3.66    0.213095883713
3.68    0.213796881455
3.7    0.214323574657
3.72    0.214729473467
3.74    0.21504540952
3.76    0.215288179515
3.78    0.215453472951
3.8    0.2155036758
3.82    0.215433159376
3.84    0.215239631345
3.86    0.214923088275
3.88    0.214498233635
3.9    0.21396621003
3.92    0.21334318276
3.94    0.212631435837
3.96    0.211846355632
3.98    0.210992497997
4.0    0.210084270652
4.02    0.209124412987
4.04    0.208120275727
4.06    0.207073422285
4.08    0.205990915918
4.1    0.204880302994
4.12    0.204922056384
4.14    0.204957744975
4.16    0.204964719766
4.18    0.204943480824
4.2    0.204894536157
4.22    0.204818400708
4.24    0.204724060731
4.26    0.204607744361
4.28    0.204465619615
4.3    0.204298219331
4.32    0.204106079035
4.34    0.203889736175
4.36    0.203649729399
4.38    0.20338659787
4.4    0.203100880615
4.42    0.202799873369
4.44    0.202481573589
4.46    0.202142103847
4.48    0.201781997526
4.5    0.201401785271
4.52    0.201001994533
4.54    0.200583149154
4.56    0.200145768968
4.58    0.199690369435
4.6    0.199217461304
4.62    0.198732747723
4.64    0.198235502235
4.66    0.197722065018
4.68    0.197192926596
4.7    0.196648571503
4.72    0.196089478084
4.74    0.195516118307
4.76    0.194928957593
4.78    0.194328454662
4.8    0.193715061411
4.82    0.193089222783
4.84    0.192451376676
4.86    0.192632766909
4.88    0.193653844894
4.9    0.194736942529
4.92    0.195880889194
4.94    0.197082354732
4.96    0.19833847373
4.98    0.199646584237
5.0    0.201003966496
5.02    0.202407852829
5.04    0.203855437052
5.06    0.205345292076
5.08    0.206875264873
5.1    0.208440661289
5.12    0.210038611629
5.14    0.211666246783
5.16    0.213325090223
5.18    0.215008528563
5.2    0.216713419188
5.22    0.218439523499
5.24    0.220184860622
5.26    0.221943641365
5.28    0.223716660683
5.3    0.225501093848
5.32    0.227291294723
5.34    0.229091977244
5.36    0.230893774556
5.38    0.232699818483
5.4    0.234504508506
5.42    0.236309225802
5.44    0.23810850958
5.46    0.239905836661
5.48    0.241694803415
5.5    0.243476159473
5.52    0.245250263651
5.54    0.247013851773
5.56    0.248766383034
5.58    0.250507035969
5.6    0.25223472066
5.62    0.253948242282
5.64    0.255646200305
5.66    0.257326968909
5.68    0.258990355244
5.7    0.260632967134
5.72    0.262252628783
5.74    0.263847584528
5.76    0.265419498964
5.78    0.266966262378
5.8    0.268486239008
5.82    0.269987780833
5.84    0.271770876528
5.86    0.273532338294
5.88    0.275269644907
5.9    0.276980151432
5.92    0.278661110766
5.94    0.280315032851
5.96    0.281937147931
5.98    0.283523762675
6.0    0.285082061556
6.02    0.286602596789
6.04    0.288088918974
6.06    0.289539973216
6.08    0.290951789091
6.1    0.292330488958
6.12    0.29366612748
6.14    0.294969471027
6.16    0.296228826444
6.18    0.297452834119
6.2    0.298633751563
6.22    0.299776993245
6.24    0.300877492821
6.26    0.301938821934
6.28    0.302957327183
6.3    0.303935865213
6.32    0.304871357841
6.34    0.305766478901
6.36    0.306618435188
6.38    0.307429750776
6.4    0.308198131902
6.42    0.308925475883
6.44    0.30961056738
6.46    0.310253981285
6.48    0.310856286467
6.5    0.311416005129
6.52    0.312462785467
6.54    0.314208599007
6.56    0.315939967977
6.58    0.317974797424
6.6    0.320054852004
6.62    0.326238070597
6.64    0.333175584711
6.66    0.340039649751
6.68    0.346822302368
6.7    0.353519870615
6.72    0.360127703801
6.74    0.366638507154
6.76    0.373050159658
6.78    0.379358210874
6.8    0.38555780404
6.82    0.391640438996
6.84    0.397596672768
6.86    0.403423243458
6.88    0.409110372721
6.9    0.414650154047
6.92    0.420038926201
6.94    0.425272881083
6.96    0.430339412726
6.98    0.435228896718
7.0    0.439935315517
7.02    0.444456644669
7.04    0.448784754184
7.06    0.452914390765
7.08    0.456840302414
7.1    0.460557603425
7.12    0.464061661848
7.14    0.467357470508
7.16    0.470457816478
7.18    0.473363030572
7.2    0.476083182512
7.22    0.478623914576
7.24    0.480976748664
7.26    0.48313528764
7.28    0.485093742732
7.3    0.486842425082
7.32    0.488365320943
7.34    0.489645787918
7.36    0.490670775111
7.38    0.49143678545
7.4    0.491951428725
7.42    0.492232032748
7.44    0.492301826761
7.46    0.492170371088
7.48    0.49184123678
7.5    0.491317641455
7.52    0.490603690765
7.54    0.48972074224
7.56    0.488916223442
7.58    0.489333630336
7.6    0.489471034612
7.62    0.492236206877
7.64    0.495212433656
7.66    0.498192519803
7.68    0.501180652382
7.7    0.50413720108
7.72    0.507033922842
7.74    0.509862371066
7.76    0.51260397993
7.78    0.515264724948
7.8    0.517852644924
7.82    0.520390162659
7.84    0.52290292015
7.86    0.525377735844
7.88    0.527761072982
7.9    0.530031766212
7.92    0.532178584887
7.94    0.534196993105
7.96    0.536083886651
7.98    0.537835720101
8.0    0.539451874935
8.02    0.540939549295
8.04    0.54230679049
8.06    0.543573731985
8.08    0.544757723859
8.1    0.545848355228
8.12    0.546823328294
8.14    0.547664153297
8.16    0.548360144079
8.18    0.548903128375
8.2    0.549295265945
8.22    0.549528611949
8.24    0.549596044707
8.26    0.549492980165
8.28    0.549219493345
8.3    0.548779644522
8.32    0.548178838937
8.34    0.547422515652
8.36    0.546513634898
8.38    0.545454907563
8.4    0.544248442537
8.42    0.542896409302
8.44    0.542636499035
8.46    0.543282372489
8.48    0.543874487214
8.5    0.544412138478
8.52    0.544888978673
8.54    0.545296133263
8.56    0.545633102522
8.58    0.545899348307
8.6    0.546093972345
8.62    0.546220324374
8.64    0.546285890658
8.66    0.546287509216
8.68    0.546231600796
8.7    0.546126262765
8.72    0.545993524535
8.74    0.545837633294
8.76    0.545630298781
8.78    0.545358893574
8.8    0.545022215924
8.82    0.544619821373
8.84    0.544154669046
8.86    0.543620784527
8.88    0.543014947502
8.9    0.542338790701
8.92    0.541597186875
8.94    0.540793624666
8.96    0.539926556388
8.98    0.538991279203
9.0    0.537986593484
9.02    0.536906128367
9.04    0.535751159795
9.06    0.534523590332
9.08    0.533222441337
9.1    0.531853039738
9.12    0.530415011715
9.14    0.5289128843
9.16    0.527345975175
9.18    0.526009214457
9.2    0.526386367029
9.22    0.526721241574
9.24    0.527016938139
9.26    0.527273495724
9.28    0.527492660731
9.3    0.527676342666
9.32    0.527826192675
9.34    0.527944032979
9.36    0.528030505703
9.38    0.528084391251
9.4    0.52810507383
9.42    0.528091932251
9.44    0.52804405085
9.46    0.527962124275
9.48    0.527847418207
9.5    0.527701038999
9.52    0.527523751246
9.54    0.527315967865
9.56    0.527078808785
9.58    0.526812922807
9.6    0.52651730037
9.62    0.5261910693
9.64    0.5258332375
9.66    0.525441051454
9.68    0.525016055595
9.7    0.524554717864
9.72    0.524061292584
9.74    0.523536345218
9.76    0.522983477552
9.78    0.522410502416
9.8    0.521831031582
9.82    0.521246228037
9.84    0.520660456576
9.86    0.52008683163
9.88    0.5195164017
9.9    0.518931561732
9.92    0.518323161457
9.94    0.517685570509
9.96    0.517020515048
9.98    0.516323235169
10.0    0.515597483629
