0.1    0.00307952998924
0.12    0.00346311288354
0.14    0.002634126898
0.16    0.0033638978462
0.18    0.00475519887312
0.2    0.0064141394511
0.22    0.00807908211631
0.24    0.0118900370376
0.26    0.014156385244
0.28    0.0144036407733
0.3    0.0192910504674
0.32    0.0219489131038
0.34    0.0207445333504
0.36    0.0219341401038
0.38    0.0207099122584
0.4    0.0205277574426
0.42    0.0231130397799
0.44    0.0279787066128
0.46    0.0301807255802
0.48    0.0310507615705
0.5    0.0325326340392
0.52    0.0387554158648
0.54    0.0441273151655
0.56    0.0490820167849
0.58    0.0544133955639
0.6    0.059597965273
0.62    0.0634573732336
0.64    0.0674344824176
0.66    0.0706445887563
0.68    0.0743293036628
0.7    0.0807987811851
0.72    0.0914996817715
0.74    0.102525394509
0.76    0.11315036696
0.78    0.122763810832
0.8    0.130506501499
0.82    0.135633871772
0.84    0.137805643408
0.86    0.136668634327
0.88    0.142282984875
0.9    0.147013010179
0.92    0.150136634136
0.94    0.151779608659
0.96    0.152198274504
0.98    0.151587005193
1.0    0.150207028373
1.02    0.148207703585
1.04    0.145521543148
1.06    0.142112561689
1.08    0.138034081428
1.1    0.133361005856
1.12    0.128183758366
1.14    0.122577389628
1.16    0.120689342606
1.18    0.132538045351
1.2    0.142816801138
1.22    0.151637757698
1.24    0.159097813809
1.26    0.1653134684
1.28    0.170420320725
1.3    0.174508520127
1.32    0.177566415559
1.34    0.179542580365
1.36    0.180491828982
1.38    0.180564758406
1.4    0.179876065661
1.42    0.178562576952
1.44    0.176765462908
1.46    0.174638597418
1.48    0.172354907503
1.5    0.170104099295
1.52    0.168084348951
1.54    0.166517911478
1.56    0.165643965583
1.58    0.16569606753
1.6    0.166900144319
1.62    0.169434938708
1.64    0.173404147081
1.66    0.178843826245
1.68    0.185705260202
1.7    0.193875492047
1.72    0.203204536127
1.74    0.213534562052
1.76    0.224703019283
1.78    0.236547028894
1.8    0.248937173304
1.82    0.261757860864
1.84    0.274898333021
1.86    0.28828949617
1.88    0.301847401124
1.9    0.31549808083
1.92    0.329170429117
1.94    0.342808173839
1.96    0.35634713566
1.98    0.369732542904
2.0    0.382917753322
2.02    0.395864291287
2.04    0.408548194326
2.06    0.420958344742
2.08    0.433049071217
2.1    0.444794814496
2.12    0.456186887911
2.14    0.467196824782
2.16    0.477794533938
2.18    0.487961662297
2.2    0.49768149386
2.22    0.506938979554
2.24    0.515721418252
2.26    0.524018919446
2.28    0.531824250039
2.3    0.53913210785
2.32    0.54594243906
2.34    0.552264401625
2.36    0.558110646697
2.38    0.563493300584
2.4    0.568432656148
2.42    0.572955234805
2.44    0.577133486169
2.46    0.581035990284
2.48    0.584826049293
2.5    0.588649924946
2.52    0.592497382052
2.54    0.596294270162
2.56    0.600019278582
2.58    0.603625535509
2.6    0.607085658345
2.62    0.610381759874
2.64    0.613542546698
2.66    0.616567013695
2.68    0.619439044914
2.7    0.622120869267
2.72    0.624566704716
2.74    0.626770970589
2.76    0.628695291589
2.78    0.630372587321
2.8    0.63182896921
2.82    0.633087318775
2.84    0.634190996164
2.86    0.635187885412
2.88    0.636127977906
2.9    0.637007948093
2.92    0.637817728116
2.94    0.63855558284
2.96    0.639171833394
2.98    0.639624592299
3.0    0.639856150344
3.02    0.639842768775
3.04    0.639557063187
3.06    0.639016308511
3.08    0.638229157769
3.1    0.637195265
3.12    0.635948543851
3.14    0.634508838311
3.16    0.632944593468
3.18    0.631315588985
3.2    0.630890410928
3.22    0.63345987703
3.24    0.635893758155
3.26    0.638192217954
3.28    0.640354341286
3.3    0.642381134503
3.32    0.64427364672
3.34    0.646032991084
3.36    0.647660631365
3.38    0.649158455663
3.4    0.65053640507
3.42    0.651799967379
3.44    0.65294047732
3.46    0.653959868357
3.48    0.654860070327
3.5    0.655644538873
3.52    0.656334935918
3.54    0.65691255905
3.56    0.657379376094
3.58    0.657737475891
3.6    0.658001269598
3.62    0.658172767855
3.64    0.658241974836
3.66    0.658210863237
3.68    0.658090394447
3.7    0.657890050587
3.72    0.657595208303
3.74    0.657207730501
3.76    0.656742992372
3.78    0.656202089842
3.8    0.655573810786
3.82    0.654859857033
3.84    0.654087190412
3.86    0.65323400327
3.88    0.652299818015
3.9    0.651301961925
3.92    0.650238797006
3.94    0.649099807777
3.96    0.64789545813
3.98    0.646637872154
4.0    0.645310530931
4.02    0.64391704992
4.04    0.642482652412
4.06    0.640986057949
4.08    0.639431250944
4.1    0.637828579642
4.12    0.636185498338
4.14    0.634496387318
4.16    0.632767976058
4.18    0.63100714834
4.2    0.62922068752
4.22    0.627423965364
4.24    0.625625775339
4.26    0.623841620846
4.28    0.622063035484
4.3    0.620276434859
4.32    0.618479703262
4.34    0.61667165288
4.36    0.614845460046
4.38    0.613000797407
4.4    0.611137327434
4.42    0.609254459003
4.44    0.607351703026
4.46    0.605427595617
4.48    0.603480854929
4.5    0.601510820748
4.52    0.599515963358
4.54    0.597495210489
4.56    0.59544759094
4.58    0.593372283357
4.6    0.591268544271
4.62    0.589146017177
4.64    0.586996600884
4.66    0.584817848224
4.68    0.582610852904
4.7    0.580387497589
4.72    0.578133238362
4.74    0.575850218816
4.76    0.573552118461
4.78    0.571222908604
4.8    0.568871785216
4.82    0.566502269866
4.84    0.564105096889
4.86    0.561693299128
4.88    0.559262508472
4.9    0.55680939391
4.92    0.554343890267
4.94    0.551864066535
4.96    0.54936674994
4.98    0.546854075315
5.0    0.54433582842
5.02    0.541803211122
5.04    0.539256798285
5.06    0.536699439713
5.08    0.534136174349
5.1    0.53155954735
5.12    0.528969075327
5.14    0.526375840238
5.16    0.523769324333
5.18    0.521149391376
5.2    0.518527514067
5.22    0.5158905508
5.24    0.513246914367
5.26    0.510594518179
5.28    0.507930492952
5.3    0.505262967106
5.32    0.502581056268
5.34    0.499898896051
5.36    0.497201489456
5.38    0.494505458928
5.4    0.491794837121
5.42    0.48908587568
5.44    0.486364213862
5.46    0.483643529704
5.48    0.480912901485
5.5    0.478181755506
5.52    0.47544413658
5.54    0.47270345298
5.56    0.469960724624
5.58    0.46721120954
5.6    0.464465162079
5.62    0.461710558471
5.64    0.458959696472
5.66    0.456204612927
5.68    0.453446153715
5.7    0.450692156685
5.72    0.447932540371
5.74    0.447474211935
5.76    0.447864336201
5.78    0.448242840059
5.8    0.448609869889
5.82    0.448965570832
5.84    0.449321203614
5.86    0.449665695015
5.88    0.449999177918
5.9    0.450321793492
5.92    0.450633681676
5.94    0.450934981183
5.96    0.451225829511
5.98    0.451506362935
6.0    0.451786546873
6.02    0.452057106856
6.04    0.45231765284
6.06    0.452568317153
6.08    0.452809230919
6.1    0.453040524055
6.12    0.453262325275
6.14    0.453474762098
6.16    0.453680044164
6.18    0.453883668323
6.2    0.454078209456
6.22    0.454263791172
6.24    0.454440535891
6.26    0.454608564854
6.28    0.454767998119
6.3    0.454918954575
6.32    0.455061551936
6.34    0.455195906756
6.36    0.455328277533
6.38    0.455455190455
6.4    0.455574117404
6.42    0.455685171109
6.44    0.455788463152
6.46    0.455884103971
6.48    0.455972202869
6.5    0.456052868015
6.52    0.456126206452
6.54    0.456192324104
6.56    0.45625373361
6.58    0.456313653476
6.6    0.45636658486
6.62    0.456412629995
6.64    0.456451890019
6.66    0.45648446498
6.68    0.456510453839
6.7    0.456529954478
6.72    0.45654306371
6.74    0.456549877281
6.76    0.456550489877
6.78    0.456544995134
6.8    0.456540130046
6.82    0.456529784111
6.84    0.456513534879
6.86    0.456491472521
6.88    0.456463686182
6.9    0.456430263993
6.92    0.456391293077
6.94    0.456346859556
6.96    0.456297048557
6.98    0.456241944221
7.0    0.45618162971
7.02    0.456116187214
7.04    0.456048708719
7.06    0.455979585802
7.08    0.455905512532
7.1    0.455826567901
7.12    0.455742829961
7.14    0.455654375833
7.16    0.455561281716
7.18    0.455463622889
7.2    0.45536147373
7.22    0.455254907708
7.24    0.455143997407
7.26    0.455028814523
7.28    0.454909429873
7.3    0.454785913409
7.32    0.454662891394
7.34    0.454536865538
7.36    0.454406857226
7.38    0.454272933552
7.4    0.454135160774
7.42    0.453993604328
7.44    0.453848328824
7.46    0.453699398066
7.48    0.453546875055
7.5    0.45339082199
7.52    0.453231300284
7.54    0.453068370574
7.56    0.45290209272
7.58    0.452732525813
7.6    0.452559728195
7.62    0.452388117896
7.64    0.452213844616
7.66    0.452036463211
7.68    0.451856029538
7.7    0.451672598734
7.72    0.451486225218
7.74    0.451296962699
7.76    0.451104864182
7.78    0.450909981982
7.8    0.450712367725
7.82    0.450512072358
7.84    0.450309146155
7.86    0.450103638724
7.88    0.449895599015
7.9    0.44968507533
7.92    0.449472115325
7.94    0.449260130165
7.96    0.449046576178
7.98    0.448830683957
8.0    0.448612499057
8.02    0.448392066433
8.04    0.448169430425
8.06    0.44794463478
8.08    0.447717722648
8.1    0.447488736592
8.12    0.447257718607
8.14    0.447024710102
8.16    0.446789751925
8.18    0.446552884373
8.2    0.446314147175
8.22    0.446073579525
8.24    0.445831220077
8.26    0.445587106942
8.28    0.445344188604
8.3    0.445100206297
8.32    0.444854546672
8.34    0.444607246119
8.36    0.444358340528
8.38    0.44410786528
8.4    0.443855855269
8.42    0.443602344899
8.44    0.443347368094
8.46    0.443090958286
8.48    0.442833148461
8.5    0.442573971123
8.52    0.44231345831
8.54    0.442051641629
8.56    0.44178855221
8.58    0.44152422077
8.6    0.441258677564
8.62    0.44099343965
8.64    0.440728570282
8.66    0.44046254782
8.68    0.440195401116
8.7    0.439927158623
8.72    0.43965784838
8.74    0.439387498019
8.76    0.439116134778
8.78    0.438843785497
8.8    0.438570476625
8.82    0.438296234235
8.84    0.43802108401
8.86    0.437745051272
8.88    0.437468160956
8.9    0.437190437648
8.92    0.436911905561
8.94    0.436632588561
8.96    0.436354556755
8.98    0.436076310686
9.0    0.435797324125
9.02    0.435517619799
9.04    0.435237220096
9.06    0.434956147095
9.08    0.434674422524
9.1    0.434392067797
9.12    0.434109104008
9.14    0.433825551935
9.16    0.433541432052
9.18    0.433256764512
9.2    0.432971569177
9.22    0.4326858656
9.24    0.432399720625
9.26    0.432115323484
9.28    0.43183045306
9.3    0.431545127981
9.32    0.431259366572
9.34    0.430973186895
9.36    0.430686606733
9.38    0.430399643587
9.4    0.430112314699
9.42    0.429824637061
9.44    0.429536627365
9.46    0.42924830209
9.48    0.428960175016
9.5    0.428673305095
9.52    0.428386147827
9.54    0.428098718877
9.56    0.427811033651
9.58    0.427523107319
9.6    0.427234954827
9.62    0.426946590875
9.64    0.426658029939
9.66    0.426370478512
9.68    0.426083455536
9.7    0.425796259564
9.72    0.425508904359
9.74    0.425221403462
9.76    0.424933770206
9.78    0.42464701033
9.8    0.424384905346
9.82    0.424152167435
9.84    0.423918847406
9.86    0.423684962332
9.88    0.423450529025
9.9    0.423215564078
9.92    0.422980083817
9.94    0.422744104357
9.96    0.422507641565
9.98    0.422271413971
10.0    0.422036176113
