0.05    0.000203232346434
0.07    0.000570938971359
0.09    0.00101088002836
0.1    0.00167775718873
0.12    0.00219309702563
0.14    0.00341909546901
0.16    0.00491846302391
0.18    0.00812309235951
0.2    0.00818051231739
0.22    0.00991189132685
0.24    0.0121201380443
0.26    0.0137860849057
0.28    0.0136078088713
0.3    0.0149092522456
0.32    0.0173367886888
0.34    0.0227361398755
0.36    0.0247488258494
0.38    0.0246738551289
0.4    0.0233011514769
0.42    0.0262015590515
0.44    0.0266693065839
0.46    0.0273250701275
0.48    0.0275364216614
0.5    0.0344516691058
0.52    0.04027789067
0.54    0.0411617726667
0.56    0.0414132426176
0.58    0.0469188876772
0.6    0.049314613541
0.62    0.0496078997013
0.64    0.0496138803608
0.66    0.0510328457061
0.68    0.0568870075337
0.7    0.0647175869342
0.72    0.0697624870511
0.74    0.0702964472769
0.76    0.067290321677
0.78    0.0673085624183
0.8    0.0708186401698
0.82    0.0735591080267
0.84    0.0752205659818
0.86    0.076113362746
0.88    0.0763682321587
0.9    0.0760407971077
0.92    0.0751866269036
0.94    0.0737615908045
0.96    0.0718242346491
0.98    0.0695275848746
1.0    0.0673425273033
1.02    0.0702017435187
1.04    0.073268695908
1.06    0.0764906611482
1.08    0.0799181142294
1.1    0.0835260416059
1.12    0.0873386812661
1.14    0.0912819941247
1.16    0.095306748528
1.18    0.0993573318916
1.2    0.103371291371
1.22    0.107279653499
1.24    0.111045475669
1.26    0.11462889275
1.28    0.117996951311
1.3    0.121181430338
1.32    0.124188811364
1.34    0.127052978006
1.36    0.129799210792
1.38    0.132407429313
1.4    0.134893429007
1.42    0.137241982228
1.44    0.139505090048
1.46    0.141795675126
1.48    0.144307338042
1.5    0.147102139004
1.52    0.149981685963
1.54    0.152710883251
1.56    0.155215465857
1.58    0.157444714232
1.6    0.159388053776
1.62    0.161084106932
1.64    0.162562002855
1.66    0.163939335578
1.68    0.165298059324
1.7    0.16670720124
1.72    0.168286947989
1.74    0.17081283335
1.76    0.181802724473
1.78    0.192462488756
1.8    0.202555545264
1.82    0.212012837727
1.84    0.220838750419
1.86    0.228992408515
1.88    0.236467540102
1.9    0.243285785589
1.92    0.249540345877
1.94    0.255192133786
1.96    0.260101881245
1.98    0.265316322113
2.0    0.272513101497
2.02    0.279383425872
2.04    0.285948663937
2.06    0.292351685021
2.08    0.298652610318
2.1    0.304679249782
2.12    0.310324984163
2.14    0.315524862074
2.16    0.320250645668
2.18    0.324511096843
2.2    0.328297129919
2.22    0.331613881159
2.24    0.334493949983
2.26    0.336943885454
2.28    0.338995670565
2.3    0.340674845149
2.32    0.342024830182
2.34    0.343088667949
2.36    0.343945056826
2.38    0.344680609604
2.4    0.34532626723
2.42    0.345881491257
2.44    0.346301715958
2.46    0.346592631903
2.48    0.346735448306
2.5    0.34675301489
2.52    0.34672871214
2.54    0.346740699691
2.56    0.346860740272
2.58    0.347184708425
2.6    0.347623473407
2.62    0.348094555708
2.64    0.348870606887
2.66    0.350526392334
2.68    0.352313041128
2.7    0.354122633528
2.72    0.355835691423
2.74    0.357389916412
2.76    0.358717155693
2.78    0.359797372317
2.8    0.360613924522
2.82    0.361137076008
2.84    0.361380758723
2.86    0.361342407625
2.88    0.361903091653
2.9    0.364013884673
2.92    0.366030501019
2.94    0.367954118375
2.96    0.369786407621
2.98    0.371529228754
3.0    0.373184245477
3.02    0.374752514453
3.04    0.37624632352
3.06    0.377658330853
3.08    0.378979915931
3.1    0.380208098507
3.12    0.381347720642
3.14    0.382382370381
3.16    0.38330792854
3.18    0.384120763306
3.2    0.384817817002
3.22    0.385396642921
3.24    0.38585562869
3.26    0.386202023086
3.28    0.386428990322
3.3    0.386540308333
3.32    0.388175518874
3.34    0.389779646409
3.36    0.391284335538
3.38    0.392685781455
3.4    0.393969563868
3.42    0.395133002376
3.44    0.396173981258
3.46    0.397090844831
3.48    0.39788248098
3.5    0.398548642779
3.52    0.399090042452
3.54    0.399508057134
3.56    0.399804505164
3.58    0.399981781572
3.6    0.400042956823
3.62    0.399991663034
3.64    0.399832041343
3.66    0.399568722397
3.68    0.399206514869
3.7    0.398749834554
3.72    0.398202347558
3.74    0.397574474025
3.76    0.396865256865
3.78    0.396070800361
3.8    0.395191851862
3.82    0.394229026328
3.84    0.393187203096
3.86    0.392061797213
3.88    0.390853286015
3.9    0.389563235666
3.92    0.388193890912
3.94    0.386748144934
3.96    0.385229442488
3.98    0.383641719909
4.0    0.381989121054
4.02    0.380275549941
4.04    0.378504439969
4.06    0.376685074504
4.08    0.374814613998
4.1    0.372892517433
4.12    0.370919580381
4.14    0.368896183561
4.16    0.366822567735
4.18    0.364699073137
4.2    0.362526193524
4.22    0.360304530239
4.24    0.358034794956
4.26    0.355717954847
4.28    0.353363194557
4.3    0.350966194485
4.32    0.34852696328
4.34    0.346046940166
4.36    0.343536898795
4.38    0.340992338668
4.4    0.338411605091
4.42    0.335803728517
4.44    0.33316918634
4.46    0.330502153162
4.48    0.327818006484
4.5    0.325106802612
4.52    0.322374914016
4.54    0.319626094407
4.56    0.316855844744
4.58    0.314075675489
4.6    0.311275897872
4.62    0.308470567782
4.64    0.30564954896
4.66    0.302825317033
4.68    0.299990802281
4.7    0.297154188581
4.72    0.294313389705
4.74    0.291471488828
4.76    0.288631094873
4.78    0.285791892288
4.8    0.282958082526
4.82    0.280130476864
4.84    0.279868316612
4.86    0.279742414479
4.88    0.279594095442
4.9    0.279430817866
4.92    0.279242214474
4.94    0.279038301368
4.96    0.278816152437
4.98    0.27857091678
5.0    0.278313400922
5.02    0.278038288772
5.04    0.277742234833
5.06    0.277433600288
5.08    0.277111165658
5.1    0.27676983397
5.12    0.276412811814
5.14    0.276048413226
5.16    0.275667057935
5.18    0.275269449693
5.2    0.274863170464
5.22    0.274446751221
5.24    0.274015873569
5.26    0.273571188282
5.28    0.27312114555
5.3    0.272661551563
5.32    0.272189797311
5.34    0.27170648053
5.36    0.271217891362
5.38    0.270723215686
5.4    0.270218479122
5.42    0.269704227205
5.44    0.269182288463
5.46    0.2686598821
5.48    0.268129319945
5.5    0.267591096868
5.52    0.267045694576
5.54    0.26649751967
5.56    0.265947574932
5.58    0.265391638364
5.6    0.264830143674
5.62    0.264263512179
5.64    0.263696422055
5.66    0.263128356255
5.68    0.26255617963
5.7    0.261980268725
5.72    0.261457749518
5.74    0.261033851974
5.76    0.260607521802
5.78    0.260175558363
5.8    0.259744655593
5.82    0.259310338421
5.84    0.258871343079
5.86    0.258433383337
5.88    0.257993460439
5.9    0.257549733777
5.92    0.2571043275
5.94    0.25666096352
5.96    0.256214593773
5.98    0.255765513617
6.0    0.255315909839
6.02    0.254868785017
6.04    0.25441965023
6.06    0.25396876644
6.08    0.25351638584
6.1    0.253066807748
6.12    0.252618113557
6.14    0.252168510365
6.16    0.251718219416
6.18    0.251267454067
6.2    0.25081774325
6.22    0.250372078972
6.24    0.249926427534
6.26    0.249480974671
6.28    0.249035899075
6.3    0.248591372584
6.32    0.248147560334
6.34    0.247708360964
6.36    0.247271226302
6.38    0.24683516928
6.4    0.246400331821
6.42    0.24596684992
6.44    0.245534853815
6.46    0.245104468144
6.48    0.244675812078
6.5    0.244252802729
6.52    0.243832068793
6.54    0.243413311242
6.56    0.242996630558
6.58    0.242582122449
6.6    0.242169877985
6.62    0.241759983732
6.64    0.242232194648
6.66    0.245425982671
6.68    0.248596920123
6.7    0.251775751653
6.72    0.254936799672
6.74    0.258063443329
6.76    0.261156295541
6.78    0.264232527396
6.8    0.267311956306
6.82    0.270726895798
6.84    0.274362223761
6.86    0.277976000842
6.88    0.282591255007
6.9    0.287441415423
6.92    0.292207730427
6.94    0.296881892018
6.96    0.301462080598
6.98    0.305944542879
7.0    0.310324548506
7.02    0.314957995546
7.04    0.320639034286
7.06    0.326225049875
7.08    0.331710750844
7.1    0.33708295422
7.12    0.342331186409
7.14    0.347439780818
7.16    0.352401547365
7.18    0.357214488256
7.2    0.361876735009
7.22    0.366390143804
7.24    0.370758104978
7.26    0.374992549689
7.28    0.379111657954
7.3    0.383138870825
7.32    0.387094313684
7.34    0.391013596134
7.36    0.394909285709
7.38    0.398739837202
7.4    0.402459923845
7.42    0.406050519299
7.44    0.409514602336
7.46    0.412849378124
7.48    0.416058542847
7.5    0.419178682257
7.52    0.422230773476
7.54    0.425203209781
7.56    0.428070684735
7.58    0.430808064682
7.6    0.433395810857
7.62    0.435853631983
7.64    0.438215667769
7.66    0.440493742389
7.68    0.442731430404
7.7    0.444919886703
7.72    0.447072718911
7.74    0.449174461433
7.76    0.45118917117
7.78    0.453111935234
7.8    0.454943219098
7.82    0.456670053632
7.84    0.458274029724
7.86    0.459735302279
7.88    0.461045332576
7.9    0.462207674531
7.92    0.46339596199
7.94    0.464586594201
7.96    0.465639567247
7.98    0.466573192513
8.0    0.467391723985
8.02    0.468085797617
8.04    0.468649687909
8.06    0.469081027824
8.08    0.469382670915
8.1    0.469561840127
8.12    0.469625679273
8.14    0.469557491641
8.16    0.469341579371
8.18    0.469000703058
8.2    0.468631355616
8.22    0.468224236179
8.24    0.467752305826
8.26    0.46726712659
8.28    0.46676849786
8.3    0.46620295684
8.32    0.465565795526
8.34    0.46488980621
8.36    0.464148480917
8.38    0.46331264027
8.4    0.462390602121
8.42    0.461398610819
8.44    0.460353364237
8.46    0.459309445283
8.48    0.458229790798
8.5    0.457067219129
8.52    0.455814560393
8.54    0.454483074626
8.56    0.453920484223
8.58    0.454573764983
8.6    0.45512377462
8.62    0.455572275948
8.64    0.455914786014
8.66    0.456150819311
8.68    0.456280923931
8.7    0.456306492696
8.72    0.456229856473
8.74    0.456054433489
8.76    0.455783661514
8.78    0.455417147103
8.8    0.454955575885
8.82    0.454399350558
8.84    0.453749799567
8.86    0.453010630796
8.88    0.452182160235
8.9    0.451265166396
8.92    0.450259697699
8.94    0.449165859225
8.96    0.447984429255
8.98    0.446716894485
9.0    0.445365566458
9.02    0.443933358026
9.04    0.442423517629
9.06    0.440841264515
9.08    0.439188730223
9.1    0.437469581894
9.12    0.435689167054
9.14    0.433851996456
9.16    0.431962920675
9.18    0.430026190824
9.2    0.42804329849
9.22    0.426015849158
9.24    0.423945080449
9.26    0.421830917612
9.28    0.419672078024
9.3    0.417468679284
9.32    0.415222338656
9.34    0.412936730053
9.36    0.410614421008
9.38    0.408256667479
9.4    0.405866460831
9.42    0.403450099634
9.44    0.401006521201
9.46    0.398532985904
9.48    0.396025207081
9.5    0.39347926888
9.52    0.390893170803
9.54    0.388264582614
9.56    0.38559312101
9.58    0.382878397359
9.6    0.380120855453
9.62    0.377321605991
9.64    0.3744819138
9.66    0.371603260821
9.68    0.36868752083
9.7    0.367598784815
9.72    0.366675575363
9.74    0.365731775354
9.76    0.364770904268
9.78    0.363794085347
9.8    0.362799325181
9.82    0.361784571447
9.84    0.36074683704
9.86    0.359685430256
9.88    0.358603216584
9.9    0.357503781939
9.92    0.35639358383
9.94    0.355274931706
9.96    0.354142530393
9.98    0.352990740588
10.0    0.351814704751
