0.1    0.00149622556827
0.12    0.00245324488098
0.14    0.00316341289922
0.16    0.00698259779053
0.18    0.0113911753777
0.2    0.0124117367257
0.22    0.0161950232313
0.24    0.0297521127846
0.26    0.0281266697044
0.28    0.0246738117515
0.3    0.026460689044
0.32    0.0239891069817
0.34    0.0283144530727
0.36    0.0250475264757
0.38    0.0280476635408
0.4    0.0294138791084
0.42    0.0323938248213
0.44    0.0380040131894
0.46    0.0396886364781
0.48    0.0368413662069
0.5    0.0330733190495
0.52    0.0333685337643
0.54    0.0322728137138
0.56    0.0310385872931
0.58    0.0312293037133
0.6    0.0383724708826
0.62    0.045086369822
0.64    0.0479174455414
0.66    0.044927888284
0.68    0.0403089584578
0.7    0.0393143943124
0.72    0.0430974310443
0.74    0.0478296604282
0.76    0.0518138729151
0.78    0.0541349272812
0.8    0.0549075978577
0.82    0.0545897970384
0.84    0.0536744325291
0.86    0.0525768233874
0.88    0.0515334575477
0.9    0.0506191515268
0.92    0.0498265160606
0.94    0.0500350218092
0.96    0.0534785982301
0.98    0.0568554177385
1.0    0.0600442836141
1.02    0.0629558711774
1.04    0.0655125015834
1.06    0.0676517416904
1.08    0.0693526908517
1.1    0.0706446375149
1.12    0.0715932874742
1.14    0.0722945501445
1.16    0.072831947559
1.18    0.0732769027147
1.2    0.0814044210364
1.22    0.0893412849646
1.24    0.0965784330074
1.26    0.103327746698
1.28    0.110115342429
1.3    0.117110298225
1.32    0.124125909809
1.34    0.131063771406
1.36    0.137911349848
1.38    0.144544793993
1.4    0.150808439589
1.42    0.15655007688
1.44    0.161729148449
1.46    0.166621737277
1.48    0.171872338146
1.5    0.177440294609
1.52    0.182393767645
1.54    0.18612961462
1.56    0.188381048927
1.58    0.189078006567
1.6    0.188236568412
1.62    0.186434326526
1.64    0.189350097892
1.66    0.193487846195
1.68    0.200855129043
1.7    0.207881971156
1.72    0.2144217892
1.74    0.220360922513
1.76    0.225638974127
1.78    0.23021711391
1.8    0.234081380672
1.82    0.237253155467
1.84    0.239747446872
1.86    0.241599225598
1.88    0.242857365795
1.9    0.243589211847
1.92    0.243859562354
1.94    0.243718572805
1.96    0.243256537794
1.98    0.242483047037
2.0    0.24142934157
2.02    0.240142646406
2.04    0.238745866666
2.06    0.238101438775
2.08    0.238777842475
2.1    0.239460262613
2.12    0.239873853339
2.14    0.239961909114
2.16    0.239677747278
2.18    0.239063640263
2.2    0.238114848247
2.22    0.2368508764
2.24    0.235295206063
2.26    0.233471311682
2.28    0.231402664714
2.3    0.229112599005
2.32    0.226626864988
2.34    0.223973466803
2.36    0.221163043469
2.38    0.218215319997
2.4    0.215149407239
2.42    0.212363085335
2.44    0.211631729929
2.46    0.217072316204
2.48    0.22408353365
2.5    0.230869178538
2.52    0.237437989999
2.54    0.243694966522
2.56    0.249575161053
2.58    0.255117211221
2.6    0.260393607108
2.62    0.265380878237
2.64    0.269995155998
2.66    0.274246105523
2.68    0.278240005297
2.7    0.2822116234
2.72    0.286388251902
2.74    0.290962030616
2.76    0.295892831071
2.78    0.300747440543
2.8    0.305211715072
2.82    0.309235277434
2.84    0.312869673382
2.86    0.316410268846
2.88    0.320351825466
2.9    0.324652280213
2.92    0.328974269284
2.94    0.333127091838
2.96    0.337072322834
2.98    0.340784464914
3.0    0.344218123374
3.02    0.347303427965
3.04    0.349989605142
3.06    0.352258365247
3.08    0.354104889819
3.1    0.355539902244
3.12    0.356591844449
3.14    0.357305810162
3.16    0.357745425439
3.18    0.357909619802
3.2    0.357805498711
3.22    0.357419323009
3.24    0.356756297066
3.26    0.355817823779
3.28    0.354606804165
3.3    0.353134138219
3.32    0.351421011887
3.34    0.349499928875
3.36    0.34744314128
3.38    0.346072252964
3.4    0.344711787997
3.42    0.34294647301
3.44    0.340819544754
3.46    0.338444405912
3.48    0.335896676922
3.5    0.333460354641
3.52    0.331314996577
3.54    0.329016286233
3.56    0.326553419084
3.58    0.323945230145
3.6    0.321207333517
3.62    0.318369137087
3.64    0.315451549608
3.66    0.312471999752
3.68    0.309450513459
3.7    0.306431676689
3.72    0.303550261389
3.74    0.300833933787
3.76    0.298127788827
3.78    0.295380410956
3.8    0.292584749801
3.82    0.289742671696
3.84    0.286859598952
3.86    0.283947427561
3.88    0.281018245412
3.9    0.278075199536
3.92    0.275139975771
3.94    0.27221136072
3.96    0.269310766841
3.98    0.266438599129
4.0    0.263614762002
4.02    0.260841305371
4.04    0.258132759072
4.06    0.255494268405
4.08    0.252931524992
4.1    0.250451210073
4.12    0.248056261631
4.14    0.24574923627
4.16    0.243535665539
4.18    0.24141793954
4.2    0.239397645725
4.22    0.237478549082
4.24    0.236230184246
4.26    0.236855641118
4.28    0.236954262268
4.3    0.23654963765
4.32    0.235702717728
4.34    0.234492181729
4.36    0.232977660816
4.38    0.231226290575
4.4    0.229267301768
4.42    0.227057753285
4.44    0.225189327423
4.46    0.225746456274
4.48    0.226360390741
4.5    0.227029006906
4.52    0.227755256864
4.54    0.228531818604
4.56    0.229359099208
4.58    0.231344407233
4.6    0.233512678858
4.62    0.235676543509
4.64    0.237856160914
4.66    0.240063975257
4.68    0.242291261
4.7    0.244522874231
4.72    0.246749941893
4.74    0.24897373787
4.76    0.251210899412
4.78    0.253495605644
4.8    0.255863006793
4.82    0.25829408778
4.84    0.260736835994
4.86    0.263158648516
4.88    0.265536064909
4.9    0.267857076353
4.92    0.2701122507
4.94    0.272304173511
4.96    0.274430035045
4.98    0.276509987155
5.0    0.278581753031
5.02    0.280736526723
5.04    0.282972903474
5.06    0.28522326661
5.08    0.287462068251
5.1    0.289681101705
5.12    0.291883434609
5.14    0.294058145128
5.16    0.29618396334
5.18    0.298237900869
5.2    0.300212352425
5.22    0.302105042371
5.24    0.303912651689
5.26    0.305630734345
5.28    0.307250699603
5.3    0.308761097143
5.32    0.31015994397
5.34    0.311443452013
5.36    0.312612345916
5.38    0.313673081312
5.4    0.314628370729
5.42    0.315478437075
5.44    0.316221208821
5.46    0.316843815692
5.48    0.317343056267
5.5    0.317717385943
5.52    0.317964261311
5.54    0.318085941504
5.56    0.318085631415
5.58    0.31796800031
5.6    0.317744003002
5.62    0.317415761638
5.64    0.316994582552
5.66    0.316496101586
5.68    0.315946889705
5.7    0.315405181874
5.72    0.314927529528
5.74    0.314551418296
5.76    0.314239354328
5.78    0.313980027995
5.8    0.314015736596
5.82    0.314466203325
5.84    0.314997710462
5.86    0.315501159721
5.88    0.315950135634
5.9    0.31634053151
5.92    0.316674207987
5.94    0.316976752016
5.96    0.317291654454
5.98    0.317641988703
6.0    0.318073518303
6.02    0.318603162483
6.04    0.319132518899
6.06    0.319605012776
6.08    0.319998507485
6.1    0.320397374423
6.12    0.321380174287
6.14    0.322311229889
6.16    0.323195869503
6.18    0.324028543548
6.2    0.32481407322
6.22    0.325550381395
6.24    0.326237230775
6.26    0.326881231816
6.28    0.327478350329
6.3    0.328035153838
6.32    0.328551048915
6.34    0.32903401713
6.36    0.329485823358
6.38    0.32991297264
6.4    0.330325354068
6.42    0.330730407545
6.44    0.331137915493
6.46    0.331547796117
6.48    0.331953377469
6.5    0.332352221223
6.52    0.332744132454
6.54    0.33313329902
6.56    0.333527873211
6.58    0.333941163312
6.6    0.334378180994
6.62    0.334815966021
6.64    0.335240114525
6.66    0.335643866604
6.68    0.336022012156
6.7    0.336375025354
6.72    0.336698961212
6.74    0.336998099378
6.76    0.337269013516
6.78    0.337512050666
6.8    0.337729555127
6.82    0.337922509381
6.84    0.338089747729
6.86    0.338232607565
6.88    0.338355465381
6.9    0.338455307875
6.92    0.338535288825
6.94    0.33859608551
6.96    0.338637101388
6.98    0.338661941112
7.0    0.338668552533
7.02    0.338660579067
7.04    0.338637221966
7.06    0.338599310478
7.08    0.33854987605
7.1    0.338485922864
7.12    0.338408937442
7.14    0.338318715281
7.16    0.338213788465
7.18    0.338095235865
7.2    0.339211791557
7.22    0.34029165039
7.24    0.341293760747
7.26    0.342212765576
7.28    0.343044099029
7.3    0.343785348995
7.32    0.344435474108
7.34    0.344994225129
7.36    0.345463276938
7.38    0.345850636152
7.4    0.34617191413
7.42    0.346453210933
7.44    0.346719232023
7.46    0.346969483648
7.48    0.347201837263
7.5    0.347426874939
7.52    0.347676849783
7.54    0.348045780667
7.56    0.348489988639
7.58    0.348896375125
7.6    0.349230728637
7.62    0.349481911346
7.64    0.349642788718
7.66    0.34971392658
7.68    0.349688656698
7.7    0.349565505591
7.72    0.349343349553
7.74    0.349021626626
7.76    0.348599461829
7.78    0.348075390788
7.8    0.347448550511
7.82    0.346723442514
7.84    0.345895546195
7.86    0.344968230596
7.88    0.343943648381
7.9    0.34282016519
7.92    0.341605145799
7.94    0.340294921089
7.96    0.338895640324
7.98    0.337409064673
8.0    0.335837065966
8.02    0.334183253398
8.04    0.332452160883
8.06    0.330643586266
8.08    0.328759747934
8.1    0.326802672464
8.12    0.324774254026
8.14    0.322676546333
8.16    0.320512011848
8.18    0.318283482767
8.2    0.315994361064
8.22    0.31389487712
8.24    0.313035991666
8.26    0.312159287616
8.28    0.311263393021
8.3    0.310353322128
8.32    0.309424814882
8.34    0.308478531286
8.36    0.307518156595
8.38    0.306539551123
8.4    0.305545078089
8.42    0.304535685482
8.44    0.303508561394
8.46    0.302467697341
8.48    0.301410755259
8.5    0.300337203917
8.52    0.299251105502
8.54    0.299048222454
8.56    0.299261875275
8.58    0.299425518177
8.6    0.299536279781
8.62    0.299594824098
8.64    0.299603373759
8.66    0.299562909388
8.68    0.299472325378
8.7    0.299332437136
8.72    0.29914705515
8.74    0.298913600091
8.76    0.29863272436
8.78    0.298306615252
8.8    0.297935497043
8.82    0.297518510706
8.84    0.297056258078
8.86    0.296549378919
8.88    0.29600058625
8.9    0.295408545749
8.92    0.294773984512
8.94    0.294097717198
8.96    0.293380987591
8.98    0.292626777593
9.0    0.291833854379
9.02    0.291003175442
9.04    0.290139066211
9.06    0.289239206926
9.08    0.288307523062
9.1    0.287342747402
9.12    0.286347831686
9.14    0.285320927765
9.16    0.284264864144
9.18    0.283177833835
9.2    0.282062228507
9.22    0.280917593737
9.24    0.27974567422
9.26    0.278546224025
9.28    0.27732022477
9.3    0.276068117037
9.32    0.274790436997
9.34    0.273488427013
9.36    0.272162213007
9.38    0.270813269463
9.4    0.269442780122
9.42    0.268051722078
9.44    0.266643112143
9.46    0.265220462318
9.48    0.263792609915
9.5    0.262396260891
9.52    0.261060300349
9.54    0.259728502405
9.56    0.258385237145
9.58    0.25702692646
9.6    0.255651551578
9.62    0.254258209915
9.64    0.252848030097
9.66    0.251421498779
9.68    0.250532027873
9.7    0.250602834106
9.72    0.250667186363
9.74    0.250723329515
9.76    0.250769985142
9.78    0.250810233271
9.8    0.250842521565
9.82    0.250865514003
9.84    0.250881963143
9.86    0.25089089982
9.88    0.250890740092
9.9    0.250883935416
9.92    0.250870045789
9.94    0.25084726619
9.96    0.250817896649
9.98    0.250781725799
10.0    0.250736877595
