0.1    0.0016512511128
0.12    0.0046654013073
0.14    0.00610799137711
0.16    0.00887795026147
0.18    0.0100780748084
0.2    0.0093545907113
0.22    0.0118585597083
0.24    0.0154628913008
0.26    0.0182545453804
0.28    0.0233333967506
0.3    0.0193178661273
0.32    0.0157891155291
0.34    0.0184866901233
0.36    0.0217965524229
0.38    0.0244098903046
0.4    0.0231283615816
0.42    0.0222723552066
0.44    0.0254941487946
0.46    0.0315219864989
0.48    0.0366186483335
0.5    0.0390751731321
0.52    0.0393812377739
0.54    0.0398331033527
0.56    0.0379295142166
0.58    0.0375071631451
0.6    0.0403866666348
0.62    0.049983840758
0.64    0.0611814064951
0.66    0.0721193750542
0.68    0.0816569870978
0.7    0.0891890626541
0.72    0.0947265578845
0.74    0.0985978144337
0.76    0.100475998368
0.78    0.099865406215
0.8    0.0966916776133
0.82    0.0912761003897
0.84    0.084354500407
0.86    0.0768835304989
0.88    0.0697611055008
0.9    0.0648619956638
0.92    0.0640053238816
0.94    0.0631457317013
0.96    0.0622862595233
0.98    0.0613972361716
1.0    0.0604808974568
1.02    0.0597783522206
1.04    0.0632749650305
1.06    0.0671952752308
1.08    0.0713326634261
1.1    0.0755457514464
1.12    0.0797278785257
1.14    0.0838280965866
1.16    0.0877099707806
1.18    0.0912572027509
1.2    0.0943469317493
1.22    0.096877236077
1.24    0.098790938381
1.26    0.100088689031
1.28    0.100828924737
1.3    0.101116319066
1.32    0.101083891842
1.34    0.101850349043
1.36    0.10126734876
1.38    0.100577429614
1.4    0.101753585352
1.42    0.105098303486
1.44    0.108175855989
1.46    0.111054793066
1.48    0.113804107576
1.5    0.116517254819
1.52    0.11926654164
1.54    0.122107007222
1.56    0.125066975497
1.58    0.128146149432
1.6    0.131319011445
1.62    0.134584928175
1.64    0.137977973097
1.66    0.142692614207
1.68    0.14943331716
1.7    0.156488681237
1.72    0.16379127668
1.74    0.171264657958
1.76    0.178844224039
1.78    0.186476217113
1.8    0.194112042639
1.82    0.201710664395
1.84    0.209231631344
1.86    0.21664208876
1.88    0.223911564859
1.9    0.23101454694
1.92    0.23792962065
1.94    0.244646987363
1.96    0.251151114169
1.98    0.257444291251
2.0    0.263569679629
2.02    0.269588324567
2.04    0.2757319476
2.06    0.282900249607
2.08    0.290354065546
2.1    0.297799158139
2.12    0.305162283901
2.14    0.312383560787
2.16    0.319437378176
2.18    0.32630789972
2.2    0.332992386693
2.22    0.339454728295
2.24    0.345707937902
2.26    0.351744372528
2.28    0.357548607767
2.3    0.363156862612
2.32    0.368548448023
2.34    0.373730110263
2.36    0.378708122529
2.38    0.383489824099
2.4    0.388086685449
2.42    0.392520385371
2.44    0.396865100059
2.46    0.401428216136
2.48    0.406547847937
2.5    0.411715468073
2.52    0.416712001993
2.54    0.421460316448
2.56    0.42588700979
2.58    0.429999679515
2.6    0.433743030326
2.62    0.437124313752
2.64    0.440151674927
2.66    0.442802930551
2.68    0.445091406622
2.7    0.447070086022
2.72    0.448750313659
2.74    0.450223214728
2.76    0.451889777984
2.78    0.454349021081
2.8    0.456830595729
2.82    0.459168905434
2.84    0.461319081243
2.86    0.463311172538
2.88    0.46520153939
2.9    0.46720945173
2.92    0.469686080436
2.94    0.47225813683
2.96    0.474660985526
2.98    0.476812857561
3.0    0.478717194664
3.02    0.480320981745
3.04    0.481626518395
3.06    0.482638064102
3.08    0.483364196301
3.1    0.483819562472
3.12    0.484006029589
3.14    0.483937543244
3.16    0.483845479319
3.18    0.487873233366
3.2    0.491822808988
3.22    0.495699524011
3.24    0.499513806466
3.26    0.503251374588
3.28    0.506945774387
3.3    0.510557070579
3.32    0.514145762013
3.34    0.517657883283
3.36    0.521140111436
3.38    0.524565749056
3.4    0.527953472395
3.42    0.531303094955
3.44    0.534607758109
3.46    0.537890273919
3.48    0.541121973876
3.5    0.544344745842
3.52    0.54751386171
3.54    0.550681568867
3.56    0.553799637942
3.58    0.556913882436
3.6    0.559984627801
3.62    0.563053395622
3.64    0.566081828462
3.66    0.569110517331
3.68    0.572109156727
3.7    0.575094186602
3.72    0.57807065837
3.74    0.581029892775
3.76    0.583978598
3.78    0.586922736318
3.8    0.5898667644
3.82    0.592808841784
3.84    0.595756508185
3.86    0.598709636824
3.88    0.601666656083
3.9    0.604624525047
3.92    0.60757822318
3.94    0.61052072312
3.96    0.613443208926
3.98    0.616355982495
4.0    0.619240328708
4.02    0.62208849148
4.04    0.624921577998
4.06    0.627702763664
4.08    0.630469896653
4.1    0.633177133931
4.12    0.635869137028
4.14    0.638499967278
4.16    0.641105571898
4.18    0.643656076584
4.2    0.646168058943
4.22    0.648634420179
4.24    0.651047165752
4.26    0.653425711137
4.28    0.655736551303
4.3    0.658022343289
4.32    0.660240353807
4.34    0.662418914774
4.36    0.664540943842
4.38    0.66661204524
4.4    0.668635191772
4.42    0.67059985252
4.44    0.672521482887
4.46    0.674381569407
4.48    0.676199329387
4.5    0.677957352753
4.52    0.679669175238
4.54    0.681328436267
4.56    0.682932545194
4.58    0.684497229579
4.6    0.686006396774
4.62    0.687467279671
4.64    0.688893103561
4.66    0.690275809924
4.68    0.691621040582
4.7    0.692933938968
4.72    0.69422745464
4.74    0.695494233218
4.76    0.69673019211
4.78    0.697929075062
4.8    0.699083008879
4.82    0.700184836276
4.84    0.701248392178
4.86    0.702250936004
4.88    0.703200645069
4.9    0.704098561125
4.92    0.70493386175
4.94    0.707580228143
4.96    0.711245466004
4.98    0.714835046599
5.0    0.718303169088
5.02    0.721622823095
5.04    0.724773872147
5.06    0.727751939923
5.08    0.730578204468
5.1    0.73327779016
5.12    0.735928194752
5.14    0.738779158986
5.16    0.741970323405
5.18    0.745244092703
5.2    0.748498145223
5.22    0.751693298998
5.24    0.754798498902
5.26    0.757816646715
5.28    0.760785295587
5.3    0.763897722346
5.32    0.767132946818
5.34    0.770294020907
5.36    0.773346051307
5.38    0.77626731761
5.4    0.779057290553
5.42    0.78171898541
5.44    0.784254169957
5.46    0.786662414663
5.48    0.788945493641
5.5    0.791110627756
5.52    0.793175623018
5.54    0.795213422485
5.56    0.797830988257
5.58    0.800412972443
5.6    0.802854386696
5.62    0.805144400866
5.64    0.807260359646
5.66    0.809221806237
5.68    0.81101632246
5.7    0.812665911893
5.72    0.814183296868
5.74    0.815608581157
5.76    0.817009430428
5.78    0.818397977412
5.8    0.81970532218
5.82    0.820895991704
5.84    0.821945783208
5.86    0.822866117525
5.88    0.823637600495
5.9    0.824285922143
5.92    0.824808790347
5.94    0.825226635845
5.96    0.825556975172
5.98    0.825829324026
6.0    0.826077898852
6.02    0.826304125419
6.04    0.82646337254
6.06    0.826528100681
6.08    0.826476992511
6.1    0.826316147221
6.12    0.826026254585
6.14    0.825623967567
6.16    0.825096262963
6.18    0.824447795578
6.2    0.82368930365
6.22    0.822811638445
6.24    0.821836178712
6.26    0.820758711012
6.28    0.819599330182
6.3    0.818381739484
6.32    0.817416166056
6.34    0.817339709392
6.36    0.817214108409
6.38    0.817007810398
6.4    0.816709965211
6.42    0.816324902356
6.44    0.81586642408
6.46    0.815388479894
6.48    0.815300589473
6.5    0.815217014106
6.52    0.815068712957
6.54    0.814840245407
6.56    0.814527603691
6.58    0.81413993815
6.6    0.813692451973
6.62    0.813206292909
6.64    0.812670421542
6.66    0.812071036635
6.68    0.811391076696
6.7    0.810629465403
6.72    0.809776796882
6.74    0.808842850538
6.76    0.807826130723
6.78    0.806739093592
6.8    0.805602952253
6.82    0.80444214737
6.84    0.803269869748
6.86    0.802060556247
6.88    0.800789324987
6.9    0.799445618204
6.92    0.798022228746
6.94    0.796513516983
6.96    0.794919767455
6.98    0.793244715549
7.0    0.791492504793
7.02    0.789663653486
7.04    0.787770543922
7.06    0.785838043922
7.08    0.784074524758
7.1    0.782433666204
7.12    0.780764335703
7.14    0.779052033418
7.16    0.777288686561
7.18    0.775471190112
7.2    0.773606435079
7.22    0.771689848716
7.24    0.769733100688
7.26    0.768365116038
7.28    0.76715162876
7.3    0.765891092163
7.32    0.764574709856
7.34    0.76320083985
7.36    0.761780822086
7.38    0.760314518231
7.4    0.758939928207
7.42    0.758601364533
7.44    0.758185084971
7.46    0.757690970702
7.48    0.757121004943
7.5    0.756486259113
7.52    0.755787212362
7.54    0.755046680315
7.56    0.754290748174
7.58    0.753553809473
7.6    0.752821477115
7.62    0.752062517428
7.64    0.751267568997
7.66    0.750430877587
7.68    0.749553106859
7.7    0.748639804885
7.72    0.747699292123
7.74    0.746743051458
7.76    0.745781489683
7.78    0.744842127304
7.8    0.743968094447
7.82    0.743174768104
7.84    0.742440520784
7.86    0.741700424849
7.88    0.740927405481
7.9    0.740104668642
7.92    0.739235030131
7.94    0.738310002894
7.96    0.737331852272
7.98    0.736308114113
8.0    0.735235102922
8.02    0.734128088799
8.04    0.732999853239
8.06    0.731896124428
8.08    0.730882987885
8.1    0.729878355719
8.12    0.72884623342
8.14    0.727768345602
8.16    0.726642598092
8.18    0.725468996071
8.2    0.72424363751
8.22    0.722966612547
8.24    0.721638353105
8.26    0.720260084056
8.28    0.718833713246
8.3    0.717359609252
8.32    0.7158396617
8.34    0.714278565751
8.36    0.712678603323
8.38    0.711042262414
8.4    0.709376976628
8.42    0.707685407546
8.44    0.705974263617
8.46    0.704236371537
8.48    0.702471971128
8.5    0.700675031045
8.52    0.698844716854
8.54    0.696980439432
8.56    0.695081979084
8.58    0.693149471681
8.6    0.69118349581
8.62    0.689185221546
8.64    0.68715835741
8.66    0.685105874431
8.68    0.683030160214
8.7    0.680946409099
8.72    0.678872108804
8.74    0.676815214316
8.76    0.674753155687
8.78    0.672677169892
8.8    0.670578164223
8.82    0.668455128271
8.84    0.666307591912
8.86    0.664135648654
8.88    0.661939940916
8.9    0.659721722305
8.92    0.65748709933
8.94    0.655239028911
8.96    0.653219530566
8.98    0.651189859052
9.0    0.649143444067
9.02    0.647080855628
9.04    0.644999200815
9.06    0.642899372909
9.08    0.640787279136
9.1    0.638664927024
9.12    0.63654361206
9.14    0.634451576126
9.16    0.632396812265
9.18    0.63034011399
9.2    0.628270907073
9.22    0.626184593018
9.24    0.624300169473
9.26    0.623261299696
9.28    0.62221774796
9.3    0.62120313407
9.32    0.620295964911
9.34    0.619383609823
9.36    0.618466579657
9.38    0.617543893164
9.4    0.616617398514
9.42    0.615681895383
9.44    0.614744249253
9.46    0.613800194735
9.48    0.612847715212
9.5    0.611891408699
9.52    0.610931246566
9.54    0.60996321721
9.56    0.608987533978
9.58    0.608010782877
9.6    0.607028562873
9.62    0.606039213009
9.64    0.605042934466
9.66    0.604045407084
9.68    0.603043661483
9.7    0.602035479132
9.72    0.601021049584
9.74    0.600003853764
9.76    0.598984954844
9.78    0.597960270202
9.8    0.596929978322
9.82    0.595895395731
9.84    0.594861563999
9.86    0.593828672712
9.88    0.592931016042
9.9    0.592027494902
9.92    0.591124395197
9.94    0.590215016921
9.96    0.589299534756
9.98    0.588378120689
10.0    0.587450943955
