0.05    2.98171113854e-05
0.07    0.00010838776279
0.09    0.000216762322903
0.1    0.000238145226748
0.12    0.000322813953253
0.14    0.000715049347716
0.16    0.000968506675605
0.18    0.00123069419151
0.2    0.00178354996011
0.22    0.00161967281868
0.24    0.00161183556116
0.26    0.00164039110217
0.28    0.00173677079494
0.3    0.00170670531048
0.32    0.00207902755464
0.34    0.00284526226284
0.36    0.00406181246604
0.38    0.00473173275783
0.4    0.00457539097823
0.42    0.00385212002525
0.44    0.00405011242942
0.46    0.00400746283846
0.48    0.00317437564125
0.5    0.00344207432524
0.52    0.00403437227537
0.54    0.00466351776109
0.56    0.00539331633083
0.58    0.00598783854884
0.6    0.00569253682032
0.62    0.00629201274243
0.64    0.00709269419536
0.66    0.00700837350314
0.68    0.00647462024128
0.7    0.00581822412638
0.72    0.00561249981473
0.74    0.00520827740326
0.76    0.00473650009596
0.78    0.00496234722338
0.8    0.00515901581416
0.82    0.00529749060636
0.84    0.00547537494977
0.86    0.00567597372879
0.88    0.00557716736416
0.9    0.00527847227568
0.92    0.00494943617707
0.94    0.00476849488906
0.96    0.00482364503894
0.98    0.00504222545571
1.0    0.00524099727986
1.02    0.00550133626638
1.04    0.00643775964357
1.06    0.00710447849844
1.08    0.0074137228153
1.1    0.0073637169985
1.12    0.0070356588623
1.14    0.00659328089001
1.16    0.00756968183036
1.18    0.00839436921736
1.2    0.00903614632186
1.22    0.00950124057109
1.24    0.0097502248829
1.26    0.00976209334887
1.28    0.00959513448525
1.3    0.0094678307326
1.32    0.00928759646711
1.34    0.00907787863348
1.36    0.00882055220567
1.38    0.0085080639594
1.4    0.00835943967169
1.42    0.00889024161058
1.44    0.00931984185929
1.46    0.00960599566119
1.48    0.00974924184832
1.5    0.00978539579846
1.52    0.0101607665318
1.54    0.0109741261224
1.56    0.0117247339639
1.58    0.0123985816239
1.6    0.012994132832
1.62    0.0135076153128
1.64    0.0139127318051
1.66    0.0149061319775
1.68    0.015985162346
1.7    0.0169971681524
1.72    0.0179137843291
1.74    0.0187020750349
1.76    0.0193443346268
1.78    0.0198368169755
1.8    0.0201852909013
1.82    0.0204094513641
1.84    0.0205496813952
1.86    0.0206374512566
1.88    0.0206921964943
1.9    0.0207289471657
1.92    0.0207560755534
1.94    0.0207640816765
1.96    0.020725236306
1.98    0.0206292542994
2.0    0.0204693026244
2.02    0.0202480718648
2.04    0.01998154285
2.06    0.0196928393102
2.08    0.0194063089093
2.1    0.0191491823506
2.12    0.0190463636827
2.14    0.0190708308584
2.16    0.0191769515952
2.18    0.0193760524945
2.2    0.0196711262091
2.22    0.0200585212311
2.24    0.0205296228432
2.26    0.0210693685506
2.28    0.0216608389508
2.3    0.0222855093305
2.32    0.0229219576192
2.34    0.0235474157946
2.36    0.0241350067051
2.38    0.0246606470423
2.4    0.0251045384049
2.42    0.0254477504364
2.44    0.0256741110868
2.46    0.025773673243
2.48    0.0257341631361
2.5    0.0255518878598
2.52    0.0252239601789
2.54    0.0247580984663
2.56    0.0241704921934
2.58    0.0234684322207
2.6    0.0230644628072
2.62    0.0233183110576
2.64    0.023700942534
2.66    0.0241039442162
2.68    0.0246422890816
2.7    0.0252061822974
2.72    0.0257282210525
2.74    0.0264288857969
2.76    0.0271438312898
2.78    0.0278136896357
2.8    0.0284334094233
2.82    0.0290000459206
2.84    0.0295128789536
2.86    0.0299702319546
2.88    0.0303679900533
2.9    0.030703916147
2.92    0.0309766991786
2.94    0.0311850381251
2.96    0.0313395788397
2.98    0.0315041860737
3.0    0.0316863103282
3.02    0.0318419949173
3.04    0.032034533488
3.06    0.0322435926364
3.08    0.0323893046301
3.1    0.0324627265948
3.12    0.0324606895076
3.14    0.0323830910756
3.16    0.0322310022479
3.18    0.0320068466328
3.2    0.0317149387273
3.22    0.0313610791806
3.24    0.0309551817761
3.26    0.0305142628737
3.28    0.0300466297906
3.3    0.0296204131659
3.32    0.0292613254492
3.34    0.0288754317218
3.36    0.0288802773275
3.38    0.0288559642942
3.4    0.0288414594149
3.42    0.0288450483038
3.44    0.0289345975506
3.46    0.0290637832464
3.48    0.0292111908087
3.5    0.0293290024722
3.52    0.0299697383297
3.54    0.0306461466071
3.56    0.031277508874
3.58    0.0318432541499
3.6    0.0323286909102
3.62    0.0327333189923
3.64    0.0330575568237
3.66    0.0332978222693
3.68    0.0334560366398
3.7    0.0335422507845
3.72    0.0335845959945
3.74    0.0336235208864
3.76    0.0336418965986
3.78    0.0336222264249
3.8    0.0335486208644
3.82    0.0334132165474
3.84    0.0332153168435
3.86    0.0329549662607
3.88    0.0326361211842
3.9    0.0322632160997
3.92    0.0318413328592
3.94    0.0313767133378
3.96    0.0308755972839
3.98    0.0303477665855
4.0    0.0298025161482
4.02    0.0292548586902
4.04    0.0287247505457
4.06    0.0282056821163
4.08    0.027706625998
4.1    0.0272098794395
4.12    0.0267060966003
4.14    0.0261936046756
4.16    0.0256735887306
4.18    0.0251469268923
4.2    0.0246161653919
4.22    0.0240829321702
4.24    0.0235496161068
4.26    0.0230188139746
4.28    0.0226933338745
4.3    0.0225865885781
4.32    0.0224761924749
4.34    0.0223650223323
4.36    0.0222508340472
4.38    0.0221363747843
4.4    0.0220198134553
4.42    0.0219030347265
4.44    0.0217857082557
4.46    0.0216706462611
4.48    0.0215656325051
4.5    0.0214607509996
4.52    0.0213544838444
4.54    0.0212484863023
4.56    0.0211413464819
4.58    0.021091371784
4.6    0.0210695505272
4.62    0.0210487364106
4.64    0.0210289879735
4.66    0.0210103558922
4.68    0.020992883362
4.7    0.0209766064745
4.72    0.0209619919185
4.74    0.0209490226644
4.76    0.0209372985799
4.78    0.02092683207
4.8    0.0209176301756
4.82    0.0209096949036
4.84    0.0209030235491
4.86    0.020897609007
4.88    0.0208934400748
4.9    0.0208905017438
4.92    0.0208887754819
4.94    0.0208882395048
4.96    0.0208894447696
4.98    0.0208918786464
5.0    0.0208954110512
5.02    0.0209000103363
5.04    0.0209056427739
5.06    0.0209122727674
5.08    0.0209198630536
5.1    0.020928374895
5.12    0.020937768263
5.14    0.0209480020115
5.16    0.0209590340418
5.18    0.0209708214586
5.2    0.0209833207177
5.22    0.0209966343452
5.24    0.0210110136132
5.26    0.0210259679096
5.28    0.0210414526821
5.3    0.0210574233263
5.32    0.0210738352885
5.34    0.0210906441606
5.36    0.02110780577
5.38    0.0211252762617
5.4    0.0211430121753
5.42    0.0211609705163
5.44    0.0211791088211
5.46    0.02132201799
5.48    0.0215996753273
5.5    0.0218752014185
5.52    0.0221481281303
5.54    0.0224177506004
5.56    0.0226836192207
5.58    0.0229453236121
5.6    0.0232024585022
5.62    0.0234549529619
5.64    0.0237032864716
5.66    0.0239479038195
5.68    0.0241884175922
5.7    0.0244240138311
5.72    0.02465405724
5.74    0.024877421718
5.76    0.0250935830786
5.78    0.02530182699
5.8    0.02550159072
5.82    0.0256930899413
5.84    0.025875656061
5.86    0.0260492319438
5.88    0.0262140933725
5.9    0.026370169491
5.92    0.0265176943035
5.94    0.0266569729476
5.96    0.026788148609
5.98    0.0269128144514
6.0    0.0270328232153
6.02    0.0271502466155
6.04    0.0272643698772
6.06    0.0273732770811
6.08    0.0274760031583
6.1    0.0275720250476
6.12    0.0276608545845
6.14    0.0277422475891
6.16    0.027816183692
6.18    0.0278826360542
6.2    0.027941737545
6.22    0.0279936574197
6.24    0.0280386173922
6.26    0.0280766962666
6.28    0.0281079117395
6.3    0.0281325321856
6.32    0.0281514104946
6.34    0.0281651034002
6.36    0.0281743049433
6.38    0.0281795734159
6.4    0.0281815054257
6.42    0.0281803609961
6.44    0.0281764068654
6.46    0.0281699157099
6.48    0.0281608349826
6.5    0.0281491918312
6.52    0.0281349582546
6.54    0.0281180914962
6.56    0.0280983768514
6.58    0.0280758671727
6.6    0.0281503652495
6.62    0.0283224758396
6.64    0.0284882956295
6.66    0.0286476965423
6.68    0.0288005746638
6.7    0.0289468500216
6.72    0.0290864562439
6.74    0.0292193126383
6.76    0.029345392325
6.78    0.0294646374068
6.8    0.0295770223487
6.82    0.0296825416271
6.84    0.029781183366
6.86    0.0298729262493
6.88    0.0299577632954
6.9    0.0300357134962
6.92    0.0301068670246
6.94    0.0301714668588
6.96    0.0302293372987
6.98    0.0302805714714
7.0    0.030325295845
7.02    0.0304823689845
7.04    0.0306681816902
7.06    0.0308473839936
7.08    0.0310190559233
7.1    0.0311835758486
7.12    0.0313408413061
7.14    0.0314907264602
7.16    0.0316333870422
7.18    0.0317687240845
7.2    0.0318966469373
7.22    0.0320175590123
7.24    0.0321307068664
7.26    0.0322373510571
7.28    0.0323360699807
7.3    0.0324283613777
7.32    0.0325131127432
7.34    0.0325909614246
7.36    0.0326619774999
7.38    0.0327256151698
7.4    0.0327831534654
7.42    0.0328332252455
7.44    0.0328772289563
7.46    0.0329142621454
7.48    0.0329448783349
7.5    0.0329691844747
7.52    0.0329868223976
7.54    0.0329987303508
7.56    0.0330037965504
7.58    0.0330036504397
7.6    0.0329968349677
7.62    0.0329847109631
7.64    0.0329663964377
7.66    0.0329427171387
7.68    0.032913278029
7.7    0.032878499543
7.72    0.0328383189931
7.74    0.0327928486777
7.76    0.0327423168513
7.78    0.0326864671894
7.8    0.0326259797073
7.82    0.0325599983357
7.84    0.0324899548058
7.86    0.0324146131451
7.88    0.0323348951926
7.9    0.0322506189054
7.92    0.0321615064008
7.94    0.0320686994498
7.96    0.031971152872
7.98    0.0318696227095
8.0    0.031764168176
8.02    0.0316543125306
8.04    0.0315412312679
8.06    0.0314240860174
8.08    0.0313031577801
8.1    0.0311791188173
8.12    0.0310512291227
8.14    0.030920242311
8.16    0.0307860625341
8.18    0.0306483592816
8.2    0.030508219556
8.22    0.0303648172898
8.24    0.0302185430082
8.26    0.0300698155208
8.28    0.0299180871452
8.3    0.0297641772834
8.32    0.0296076888472
8.34    0.0294487131691
8.36    0.0292878196609
8.38    0.0291244233981
8.4    0.0289592762187
8.42    0.028792009274
8.44    0.0286228530781
8.46    0.0284520489897
8.48    0.0282793292078
8.5    0.0281053124908
8.52    0.0279294436139
8.54    0.0277525295148
8.56    0.0275739287988
8.58    0.0273943750618
8.6    0.027213348368
8.62    0.0270314728718
8.64    0.0268483112805
8.66    0.0266644074131
8.68    0.0264793922657
8.7    0.0262937305869
8.72    0.026107133429
8.74    0.0259199517167
8.76    0.0257320342677
8.78    0.0255434993163
8.8    0.0253545134818
8.82    0.0251648326453
8.84    0.0249748724939
8.86    0.0247844969159
8.88    0.0245936294911
8.9    0.0244024858095
8.92    0.0242112743921
8.94    0.0240197620676
8.96    0.0239337587296
8.98    0.0239892958673
9.0    0.0240424880337
9.02    0.0240933625615
9.04    0.0241425744757
9.06    0.0241895439096
9.08    0.0242342744313
9.1    0.0242767938324
9.12    0.0243171300016
9.14    0.0243553109091
9.16    0.0243918512123
9.18    0.0244264280643
9.2    0.0244589294017
9.22    0.0244893833273
9.24    0.0245178179602
9.26    0.0245442614235
9.28    0.0245688838353
9.3    0.0245920245259
9.32    0.0246132535507
9.34    0.0246325988954
9.36    0.0246500884965
9.38    0.0246657502313
9.4    0.0246796119076
9.42    0.0246919255993
9.44    0.0247028322389
9.46    0.0247120167634
9.48    0.0247195065917
9.5    0.0247253290317
9.52    0.0247295112731
9.54    0.02473208038
9.56    0.0247332152522
9.58    0.024733166478
9.6    0.0247315798651
9.62    0.0247284818973
9.64    0.0247238989017
9.66    0.0247178570424
9.68    0.0247103823162
9.7    0.0247015005462
9.72    0.0246916973166
9.74    0.0246805662552
9.76    0.0246680994475
9.78    0.02465432198
9.8    0.0246392587448
9.82    0.0246229344368
9.84    0.0246053735483
9.86    0.0245867841916
9.88    0.0245672764441
9.9    0.0245465993273
9.92    0.0245247765054
9.94    0.0245018314297
9.96    0.0244777873313
9.98    0.0244526672221
10.0    0.0244264938903
