0.05    3.86244239827e-05
0.07    0.000104475600069
0.09    0.00020324217361
0.1    0.000292268338252
0.12    0.000596064121509
0.14    0.000777829175333
0.16    0.00113705940856
0.18    0.00146754604527
0.2    0.00213615365082
0.22    0.00260097057142
0.24    0.00262271004941
0.26    0.00251081109853
0.28    0.00370603226648
0.3    0.00402654426561
0.32    0.00303749657665
0.34    0.00322823672922
0.36    0.00313535658543
0.38    0.00389196096756
0.4    0.0048488591088
0.42    0.00588851348586
0.44    0.00540903622101
0.46    0.00506596935867
0.48    0.00500697608056
0.5    0.00506933662339
0.52    0.00568201778143
0.54    0.00542595045039
0.56    0.00532304326255
0.58    0.00533983739715
0.6    0.00558674765184
0.62    0.00612123331206
0.64    0.00678665266841
0.66    0.00708315186661
0.68    0.00666433260855
0.7    0.00641234742924
0.72    0.0063896623882
0.74    0.00693118238246
0.76    0.0076055365126
0.78    0.00823369358467
0.8    0.0100529867264
0.82    0.0120986651454
0.84    0.0137817689306
0.86    0.0149331269776
0.88    0.0155618837367
0.9    0.0158608763115
0.92    0.0160546540965
0.94    0.0160538468479
0.96    0.0158948782167
0.98    0.0154167854138
1.0    0.0148026283136
1.02    0.0140049709866
1.04    0.0131701840579
1.06    0.0125056564152
1.08    0.0121736267051
1.1    0.0122302642153
1.12    0.0126094704826
1.14    0.0131839123152
1.16    0.0138365409442
1.18    0.0144982798869
1.2    0.0151421846304
1.22    0.015759786611
1.24    0.0163362304557
1.26    0.0168468063796
1.28    0.0172565944861
1.3    0.0175440300902
1.32    0.0180492098687
1.34    0.0185437632537
1.36    0.019087831679
1.38    0.0199999963995
1.4    0.0207879881435
1.42    0.0214640284871
1.44    0.0221327328342
1.46    0.0227204710999
1.48    0.0231020233567
1.5    0.0237362196715
1.52    0.0253878999945
1.54    0.0263787963115
1.56    0.026689331496
1.58    0.0263840249211
1.6    0.0256316118738
1.62    0.0246293866287
1.64    0.0236050685742
1.66    0.0227592197562
1.68    0.0222283753855
1.7    0.0220508244226
1.72    0.0221826055667
1.74    0.0225284671361
1.76    0.0229934695394
1.78    0.0237525092428
1.8    0.0244366211071
1.82    0.0249655793196
1.84    0.0253057951424
1.86    0.0255183446956
1.88    0.0256608846811
1.9    0.0256223467836
1.92    0.025388143374
1.94    0.0249770366861
1.96    0.0244271730174
1.98    0.0237793860987
2.0    0.0230816986862
2.02    0.022376957121
2.04    0.0217093117776
2.06    0.021114357069
2.08    0.0206215477776
2.1    0.0202467865426
2.12    0.0199923440605
2.14    0.0198479116837
2.16    0.0197924696972
2.18    0.0197985181132
2.2    0.019831903681
2.22    0.0198600941622
2.24    0.019961495714
2.26    0.0205211831387
2.28    0.0210819149608
2.3    0.0216146752665
2.32    0.0220982997158
2.34    0.0225112013772
2.36    0.0228391271307
2.38    0.023072824475
2.4    0.0232088791274
2.42    0.0232485366431
2.44    0.0235397137002
2.46    0.023705956343
2.48    0.0237509501301
2.5    0.023699030187
2.52    0.0235737390264
2.54    0.0233976148415
2.56    0.0231890391838
2.58    0.0229629798174
2.6    0.0227284112579
2.62    0.0226048244747
2.64    0.0226799667356
2.66    0.0228016684896
2.68    0.0229753944994
2.7    0.0232022616997
2.72    0.0234822685596
2.74    0.023811961289
2.76    0.0241858487183
2.78    0.0245973680445
2.8    0.0250372268658
2.82    0.0254963028315
2.84    0.0259650170257
2.86    0.0264336867334
2.88    0.0268929051513
2.9    0.0273351070932
2.92    0.0277535948024
2.94    0.0281435549387
2.96    0.0285008899574
2.98    0.0288251413662
3.0    0.0291198027758
3.02    0.0293792630117
3.04    0.0295972443869
3.06    0.0297711725776
3.08    0.0299003453244
3.1    0.0299872195893
3.12    0.0300366273074
3.14    0.0300540792272
3.16    0.0301557966673
3.18    0.0302646753081
3.2    0.0303470137105
3.22    0.0304087183655
3.24    0.0304562292589
3.26    0.0304968014536
3.28    0.0305397947631
3.3    0.0305906031532
3.32    0.0306595659786
3.34    0.0307524312632
3.36    0.0308759660484
3.38    0.0310378011754
3.4    0.0312429577116
3.42    0.0314954007089
3.44    0.0317987620341
3.46    0.0321555625415
3.48    0.032567192642
3.5    0.0330346375754
3.52    0.0335570016658
3.54    0.0341319366617
3.56    0.0347565938106
3.58    0.0354271822801
3.6    0.0361415504938
3.62    0.0368923879184
3.64    0.037674562603
3.66    0.0384834024228
3.68    0.0393110159586
3.7    0.0401517923737
3.72    0.040999634651
3.74    0.0418467425537
3.76    0.042686864845
3.78    0.0435136980618
3.8    0.0443210114514
3.82    0.0451027083824
3.84    0.0458528731502
3.86    0.0465658424711
3.88    0.0472362845194
3.9    0.0478592128244
3.92    0.0484316324511
3.94    0.0489488786937
3.96    0.0494069043678
3.98    0.049805220385
4.0    0.0501428475723
4.02    0.050421815005
4.04    0.0506456515265
4.06    0.0508178347135
4.08    0.0509490262821
4.1    0.0521940336344
4.12    0.0533875673216
4.14    0.0545270829676
4.16    0.0556090600459
4.18    0.0566317104898
4.2    0.0575918080462
4.22    0.0584883618239
4.24    0.0593190629617
4.26    0.0600823650049
4.28    0.0607772372283
4.3    0.0614004131258
4.32    0.0618687004437
4.34    0.0621453967749
4.36    0.0622297621437
4.38    0.0621225528235
4.4    0.0618367001872
4.42    0.0622885622287
4.44    0.0627014984904
4.46    0.0633974938549
4.48    0.0641699211105
4.5    0.0648684828303
4.52    0.0654846362482
4.54    0.0660145403207
4.56    0.066457972553
4.58    0.0668177224375
4.6    0.0670961840034
4.62    0.0673033678085
4.64    0.0674487932627
4.66    0.0675323748366
4.68    0.0675483109503
4.7    0.0674901985431
4.72    0.067356652776
4.74    0.0671526262149
4.76    0.0668939006225
4.78    0.066635390429
4.8    0.0663758203597
4.82    0.0660737186506
4.84    0.0657219866648
4.86    0.065320836578
4.88    0.0648717285082
4.9    0.0643733174459
4.92    0.063823971655
4.94    0.0632251553515
4.96    0.0625778482055
4.98    0.0618849365537
5.0    0.0611495964186
5.02    0.060375065557
5.04    0.0595646923719
5.06    0.0587230181771
5.08    0.0578552787859
5.1    0.0569656763463
5.12    0.0560593789734
5.14    0.0551413282175
5.16    0.0542161378314
5.18    0.0532863783335
5.2    0.0523544563228
5.22    0.0514235612942
5.24    0.0504950531268
5.26    0.0495725800061
5.28    0.0486583316072
5.3    0.0477553981508
5.32    0.0468671074725
5.34    0.0459966231186
5.36    0.0451460207588
5.38    0.0443192579123
5.4    0.0435178303761
5.42    0.0427454077976
5.44    0.0420038431078
5.46    0.0412952462804
5.48    0.0406217455658
5.5    0.0399852085508
5.52    0.0393872472584
5.54    0.0388292241897
5.56    0.03831225918
5.58    0.0378374476393
5.6    0.0374059925626
5.62    0.0370176973334
5.64    0.0366728791612
5.66    0.036372625323
5.68    0.0361156425945
5.7    0.0359025110507
5.72    0.0357322230892
5.74    0.035604398122
5.76    0.0355180596549
5.78    0.0354722736991
5.8    0.0354658355409
5.82    0.0354975021988
5.84    0.0355658070307
5.86    0.0356692594425
5.88    0.035806234356
5.9    0.0359749288175
5.92    0.036173771452
5.94    0.0364004498863
5.96    0.0366538055884
5.98    0.0369312169393
6.0    0.0372308384349
6.02    0.0375511056811
6.04    0.0378897915841
6.06    0.0382449384904
6.08    0.0386146706974
6.1    0.0389971224447
6.12    0.0393904436578
6.14    0.0397931224152
6.16    0.0402033159377
6.18    0.0406191152697
6.2    0.0410392330088
6.22    0.0414620750954
6.24    0.04188591607
6.26    0.0423097068851
6.28    0.042731653043
6.3    0.0431506398966
6.32    0.0435654203469
6.34    0.043974224058
6.36    0.0443769737406
6.38    0.0447715207951
6.4    0.0451568914715
6.42    0.0455329547129
6.44    0.0458978541434
6.46    0.0462506787405
6.48    0.0465911069873
6.5    0.04691820409
6.52    0.0472308698836
6.54    0.0475284672932
6.56    0.0478105865743
6.58    0.0480769933203
6.6    0.0483267664856
6.62    0.0485595666767
6.64    0.048775088533
6.66    0.0489730429801
6.68    0.0491531726495
6.7    0.0493152630612
6.72    0.0494591163685
6.74    0.0495846469984
6.76    0.0496917290718
6.78    0.0497799706669
6.8    0.0498492465515
6.82    0.0498994521991
6.84    0.0499305464403
6.86    0.0499426362331
6.88    0.0499365562081
6.9    0.0499117587485
6.92    0.0498689200252
6.94    0.0498084395812
6.96    0.0497312633131
6.98    0.0496380674733
7.0    0.0495315174482
7.02    0.0494342295542
7.04    0.0493563000062
7.06    0.0492676998299
7.08    0.0491665534791
7.1    0.0490750586714
7.12    0.0490399386425
7.14    0.0489986938756
7.16    0.0489492838686
7.18    0.0488911328143
7.2    0.0488241938859
7.22    0.0487489403832
7.24    0.0486659211535
7.26    0.0485762860185
7.28    0.0484788598396
7.3    0.0483728198755
7.32    0.0482573034279
7.34    0.0481793178151
7.36    0.048369266261
7.38    0.0485514089519
7.4    0.0487272728515
7.42    0.0488974027663
7.44    0.049061042564
7.46    0.0492171808131
7.48    0.0493654422004
7.5    0.0495057109387
7.52    0.0496384065809
7.54    0.0497634219927
7.56    0.0498810080757
7.58    0.049991221457
7.6    0.0500930295451
7.62    0.0501861342814
7.64    0.0502695830975
7.66    0.0503432171073
7.68    0.0504070002009
7.7    0.0504609574409
7.72    0.0505726221515
7.74    0.0507216318312
7.76    0.0508600830113
7.78    0.0509883768081
7.8    0.0511059077496
7.82    0.0512126253992
7.84    0.0513095982372
7.86    0.0513958621067
7.88    0.0514715281255
7.9    0.0515375410975
7.92    0.0515926818187
7.94    0.051638399621
7.96    0.051673687322
7.98    0.051699308313
8.0    0.0517151491992
8.02    0.0517212190372
8.04    0.0517180340542
8.06    0.0517051251271
8.08    0.0516833478644
8.1    0.0516520554971
8.12    0.0516121491116
8.14    0.0515630879938
8.16    0.0515055806903
8.18    0.0514393815091
8.2    0.0514024127494
8.22    0.0514178946231
8.24    0.0514254369839
8.26    0.0514236071031
8.28    0.0514136352509
8.3    0.0513948862544
8.32    0.051367984663
8.34    0.0513327241384
8.36    0.0512894901533
8.38    0.0512381514406
8.4    0.0511791925666
8.42    0.0511122226568
8.44    0.0510381540232
8.46    0.0509559803668
8.48    0.050867422354
8.5    0.0507709177989
8.52    0.0506680442573
8.54    0.0505580093744
8.56    0.0504411109179
8.58    0.0503181703598
8.6    0.0501881354184
8.62    0.0500525528196
8.64    0.0499105695122
8.66    0.049762361119
8.68    0.0496090466942
8.7    0.0494494833286
8.72    0.0492847819974
8.74    0.0491148268687
8.76    0.0489391267044
8.78    0.0487592046748
8.8    0.0485740349709
8.82    0.0483837517103
8.84    0.0481896992016
8.86    0.0479907103573
8.88    0.0477873223932
8.9    0.0475803357287
8.92    0.0473688869266
8.94    0.0471538191579
8.96    0.0469352309171
8.98    0.0467126404309
9.0    0.0464873145221
9.02    0.0462584138129
9.04    0.0460263374597
9.06    0.0457916461928
9.08    0.045553675292
9.1    0.0453134072511
9.12    0.0450704223317
9.14    0.0448247497634
9.16    0.0445772345211
9.18    0.0443271150666
9.2    0.0440751887002
9.22    0.0438212591617
9.24    0.0435653812461
9.26    0.0433080876029
9.28    0.0430720334234
9.3    0.0430407739087
9.32    0.0430064847046
9.34    0.0429692242792
9.36    0.0429294884547
9.38    0.0428873115887
9.4    0.0428423270909
9.42    0.0427945920323
9.44    0.0427441630957
9.46    0.0426910965787
9.48    0.0426354483638
9.5    0.0425776563791
9.52    0.0425177957956
9.54    0.0424555086891
9.56    0.0423908491844
9.58    0.0423238709428
9.6    0.0422546271541
9.62    0.0421831705212
9.64    0.0421095532549
9.66    0.0420342233255
9.68    0.0419571480573
9.7    0.0418780559887
9.72    0.0417969973119
9.74    0.0417140216933
9.76    0.0416291782694
9.78    0.0415425156402
9.8    0.0414540818632
9.82    0.0413639244553
9.84    0.0412725602422
9.86    0.0411797203449
9.88    0.0410852866258
9.9    0.040989304439
9.92    0.0408918185689
9.94    0.0407928732504
9.96    0.0406925121505
9.98    0.0405907783778
10.0    0.0404877144729
