0.05    0.000165656325033
0.07    0.000399277457385
0.09    0.00106504677979
0.1    0.00110428530621
0.12    0.00198777774543
0.14    0.0034925789055
0.16    0.00548426189124
0.18    0.00489914278841
0.2    0.00599834778896
0.22    0.00566852167031
0.24    0.00629849227145
0.26    0.00700047139555
0.28    0.00637000046341
0.3    0.0057401210257
0.32    0.00724295427246
0.34    0.00870609161503
0.36    0.00989011413232
0.38    0.00892829948002
0.4    0.0065873172281
0.42    0.0052585833745
0.44    0.0051707531936
0.46    0.00586331175071
0.48    0.00728380247517
0.5    0.00810446833109
0.52    0.00749916363756
0.54    0.00634862546479
0.56    0.00702226313531
0.58    0.00768896361158
0.6    0.00776927390569
0.62    0.00727299245691
0.64    0.00606548453351
0.66    0.0052616355908
0.68    0.00523981195563
0.7    0.0051079715612
0.72    0.00556020680235
0.74    0.00607782516684
0.76    0.00645752146066
0.78    0.00682569036899
0.8    0.00734809176509
0.82    0.00789457646451
0.84    0.00829984881397
0.86    0.00851149181594
0.88    0.00854532662798
0.9    0.00852400215446
0.92    0.00858258513056
0.94    0.00876808649569
0.96    0.00943190832847
0.98    0.0104824992144
1.0    0.0113048941651
1.02    0.0117344305819
1.04    0.011746245949
1.06    0.0114305321823
1.08    0.0109117848938
1.1    0.0102945179313
1.12    0.0108305417743
1.14    0.0118307187884
1.16    0.01251572402
1.18    0.0128866793011
1.2    0.0129526361635
1.22    0.0142307741651
1.24    0.0155427136397
1.26    0.0169115359958
1.28    0.0180229173052
1.3    0.0189586710716
1.32    0.0201437369671
1.34    0.020926570911
1.36    0.0212151968432
1.38    0.0210927423221
1.4    0.0210697910192
1.42    0.0208035428995
1.44    0.0202981753543
1.46    0.0196329940694
1.48    0.0189629391697
1.5    0.0184607315595
1.52    0.0182436996313
1.54    0.0189728704668
1.56    0.0200157558908
1.58    0.0209339910855
1.6    0.0217142811324
1.62    0.0223510491024
1.64    0.0228542704278
1.66    0.0232337856784
1.68    0.0242896850483
1.7    0.0255915430832
1.72    0.026619219341
1.74    0.0273161961231
1.76    0.0276452278366
1.78    0.0275905104797
1.8    0.0271347796071
1.82    0.0262780098741
1.84    0.0263685689431
1.86    0.0269670011331
1.88    0.0273032532427
1.9    0.0273850991121
1.92    0.0272505589873
1.94    0.0269919034189
1.96    0.0266297666619
1.98    0.0267227475116
2.0    0.0269429186332
2.02    0.0270903782969
2.04    0.0274117272053
2.06    0.0278555077011
2.08    0.0280979366599
2.1    0.028437395416
2.12    0.0290693238938
2.14    0.0295847777976
2.16    0.0299685345547
2.18    0.0303861077713
2.2    0.0307274711907
2.22    0.0309804234876
2.24    0.0311444554151
2.26    0.0312225908989
2.28    0.0312217169125
2.3    0.0311481094886
2.32    0.0310072304299
2.34    0.0308077727607
2.36    0.0305634608989
2.38    0.0302859863105
2.4    0.0300011586288
2.42    0.0298145537821
2.44    0.0296212032391
2.46    0.0294062235861
2.48    0.0291711287846
2.5    0.0289223058191
2.52    0.0288099419137
2.54    0.0288933368774
2.56    0.0289700922082
2.58    0.0290403828061
2.6    0.0291044976059
2.62    0.0291654440351
2.64    0.029225606322
2.66    0.0292883320287
2.68    0.0293583729838
2.7    0.0294384994603
2.72    0.0295296657569
2.74    0.0296382239844
2.76    0.0297616629483
2.78    0.0299059032553
2.8    0.0300674630846
2.82    0.0302510625666
2.84    0.030453714802
2.86    0.0306753717757
2.88    0.0309178626672
2.9    0.0311766018339
2.92    0.0314520874696
2.94    0.0317435209349
2.96    0.0320463379434
2.98    0.0323609974401
3.0    0.0326850928735
3.02    0.0330140569948
3.04    0.0333490522519
3.06    0.033685863863
3.08    0.0340204575195
3.1    0.034355665352
3.12    0.0346844875169
3.14    0.0350059329081
3.16    0.035320575918
3.18    0.0356221097585
3.2    0.0359133841886
3.22    0.0361895159953
3.24    0.0364496528797
3.26    0.0366942435741
3.28    0.0369184505565
3.3    0.0371264511412
3.32    0.0373113311804
3.34    0.0374788004196
3.36    0.037622301586
3.38    0.0377463802298
3.4    0.0378475285071
3.42    0.037926380458
3.44    0.0379849779287
3.46    0.0382097578369
3.48    0.0387088450826
3.5    0.0391593317645
3.52    0.039561483225
3.54    0.0399159202956
3.56    0.0402236257311
3.58    0.0404871866177
3.6    0.040711630171
3.62    0.0409080918936
3.64    0.0410918928294
3.66    0.0414947965887
3.68    0.0418966580914
3.7    0.0422536549524
3.72    0.0425669525942
3.74    0.0428360640031
3.76    0.0430604882499
3.78    0.0432403069838
3.8    0.0433755171855
3.82    0.0434660718572
3.84    0.0437964208738
3.86    0.0451382854111
3.88    0.0464499418697
3.9    0.0477864715112
3.92    0.0491333205885
3.94    0.0504160350742
3.96    0.0515928333775
3.98    0.0526475413249
4.0    0.0535770386267
4.02    0.0543791783847
4.04    0.0550504527605
4.06    0.0555958863788
4.08    0.0560314795354
4.1    0.0564053338938
4.12    0.0568163405904
4.14    0.0571699126315
4.16    0.0573890732353
4.18    0.0574633980376
4.2    0.0573976039457
4.22    0.0571935150748
4.24    0.0568586370219
4.26    0.0564004711511
4.28    0.0558323672486
4.3    0.0551663327913
4.32    0.0544169286761
4.34    0.0536083251214
4.36    0.0527776628717
4.38    0.051934138852
4.4    0.0513807367854
4.42    0.0509799762112
4.44    0.0505158263741
4.46    0.049992214089
4.48    0.0494184961044
4.5    0.0487962381097
4.52    0.0481222018368
4.54    0.0474017285223
4.56    0.046648367977
4.58    0.0458737551873
4.6    0.0454791536265
4.62    0.0455923655714
4.64    0.0456614752843
4.66    0.0456875034827
4.68    0.0456714962975
4.7    0.0456149538358
4.72    0.0455193149833
4.74    0.0453853654575
4.76    0.0452144314763
4.78    0.0450078562612
4.8    0.0447670288298
4.82    0.0444935131714
4.84    0.0441891123807
4.86    0.0438557714642
4.88    0.043495446218
4.9    0.0431100608319
4.92    0.0427031190215
4.94    0.0422790583386
4.96    0.041855582654
4.98    0.0414465414752
5.0    0.0413952190243
5.02    0.0413877180974
5.04    0.0413625733814
5.06    0.0413205014433
5.08    0.0412616971664
5.1    0.0411873912167
5.12    0.041737423853
5.14    0.0426768790207
5.16    0.0436701077462
5.18    0.0447104683905
5.2    0.0457917107149
5.22    0.0469077885665
5.24    0.048053458296
5.26    0.0492235190533
5.28    0.0504135166621
5.3    0.0516192652763
5.32    0.0528385806364
5.34    0.054068216024
5.36    0.0553058081525
5.38    0.0565468648749
5.4    0.0577936710926
5.42    0.0590432253139
5.44    0.0602890024369
5.46    0.061525265554
5.48    0.0627459406071
5.5    0.0639464501554
5.52    0.0651222567586
5.54    0.0662699601523
5.56    0.067385243651
5.58    0.0684663772609
5.6    0.0695110558532
5.62    0.0705188803425
5.64    0.0714897394271
5.66    0.0724252320459
5.68    0.073325587919
5.7    0.0741929317781
5.72    0.0750236709983
5.74    0.075815381813
5.76    0.0765673938056
5.78    0.0772805264513
5.8    0.0779595762904
5.82    0.0786045000269
5.84    0.0792174006095
5.86    0.0797978172655
5.88    0.0803455763229
5.9    0.0808608785404
5.92    0.0813461083788
5.94    0.081807443968
5.96    0.0822471531734
5.98    0.0826690108227
6.0    0.0830691060369
6.02    0.0834416360979
6.04    0.0837857396012
6.06    0.0841004433735
6.08    0.0843884989004
6.1    0.0846490416347
6.12    0.0848844124599
6.14    0.0851043454701
6.16    0.0854576553365
6.18    0.0858806743624
6.2    0.0862685410036
6.22    0.0866216262459
6.24    0.0869410874016
6.26    0.0872287410952
6.28    0.0874864048914
6.3    0.0877160364492
6.32    0.0879217823984
6.34    0.0881073706255
6.36    0.0882800363041
6.38    0.0884417138533
6.4    0.0885929224001
6.42    0.0887329367625
6.44    0.0888635598747
6.46    0.0889851268731
6.48    0.0890945703408
6.5    0.0891890930216
6.52    0.089268842809
6.54    0.0893292616305
6.56    0.0893715174241
6.58    0.089394047868
6.6    0.0893961824659
6.62    0.0893775191672
6.64    0.0893396337627
6.66    0.0892833142606
6.68    0.0892095828047
6.7    0.089118048837
6.72    0.0890097481476
6.74    0.0888859667188
6.76    0.0887472033258
6.78    0.0885950503666
6.8    0.0884304656854
6.82    0.088253961761
6.84    0.0880665167783
6.86    0.0878690941893
6.88    0.0876618702689
6.9    0.0874454028756
6.92    0.087221500446
6.94    0.0869916957415
6.96    0.0867565962829
6.98    0.086521086496
7.0    0.0862927580434
7.02    0.0860798063114
7.04    0.0858832401708
7.06    0.0856958403616
7.08    0.085511410393
7.1    0.0853258502898
7.12    0.0851380884094
7.14    0.0849471212623
7.16    0.084752710815
7.18    0.0845549598063
7.2    0.0843546793423
7.22    0.0841522731588
7.24    0.0839476384353
7.26    0.0837416369237
7.28    0.0835351078886
7.3    0.0833274677552
7.32    0.0831183192577
7.34    0.0829082957884
7.36    0.0826988010831
7.38    0.0824922510625
7.4    0.082289456993
7.42    0.0820896426161
7.44    0.0818948446567
7.46    0.0817100362984
7.48    0.0815351750575
7.5    0.0813677132929
7.52    0.0812039045693
7.54    0.0810412343161
7.56    0.0808787821472
7.58    0.0807154494979
7.6    0.080551406225
7.62    0.0803868497482
7.64    0.0802222054153
7.66    0.0800580832984
7.68    0.0798957517688
7.7    0.0797373758125
7.72    0.0795844387039
7.74    0.0794384392608
7.76    0.0792963604272
7.78    0.0791570786186
7.8    0.0790204532147
7.82    0.0788851951998
7.84    0.0787503062116
7.86    0.0786153141773
7.88    0.0784797875688
7.9    0.0783435870299
7.92    0.0782070503783
7.94    0.0780699022512
7.96    0.0779327146829
7.98    0.0777944717439
8.0    0.0776556237176
8.02    0.0775152656927
8.04    0.0773733297928
8.06    0.0772304385076
8.08    0.0770863796551
8.1    0.0769407804255
8.12    0.0767937485758
8.14    0.0766447211691
8.16    0.0764935667209
8.18    0.0763401857703
8.2    0.0761844459908
8.22    0.0760262570717
8.24    0.075865570195
8.26    0.0757022865011
8.28    0.0755362474462
8.3    0.0753673429374
8.32    0.0751955845952
8.34    0.0750210302188
8.36    0.0748436411516
8.38    0.0746632499816
8.4    0.0744796394459
8.42    0.0742926080534
8.44    0.0741020007772
8.46    0.0739077352012
8.48    0.0737100290187
8.5    0.0735087906038
8.52    0.0733038944243
8.54    0.0730954657809
8.56    0.0728836753491
8.58    0.0726689740239
8.6    0.0725307562351
8.62    0.0725692813728
8.64    0.0726070763742
8.66    0.0726438311266
8.68    0.072680498088
8.7    0.0727158403156
8.72    0.0727504529187
8.74    0.0727842377073
8.76    0.0728164888951
8.78    0.0728482521506
8.8    0.0728785299321
8.82    0.0729072294511
8.84    0.0729352652957
8.86    0.0729614364526
8.88    0.0729861196289
8.9    0.0730096641426
8.92    0.0730311597791
8.94    0.073051376752
8.96    0.0730698839895
8.98    0.0730864171323
9.0    0.0731017078412
9.02    0.0731147023843
9.04    0.0731265601251
9.06    0.073136027199
9.08    0.073144247651
9.1    0.073150045801
9.12    0.0731544371009
9.14    0.0731564363095
9.16    0.0731568193077
9.18    0.0731550539125
9.2    0.0731512623503
9.22    0.0731458967792
9.24    0.0731386485374
9.26    0.0731296262586
9.28    0.0731188467829
9.3    0.0731063036646
9.32    0.0730920179175
9.34    0.0730760247319
9.36    0.0730583140575
9.38    0.0730388364219
9.4    0.073017530761
9.42    0.0729942874085
9.44    0.0729689618203
9.46    0.0729416453548
9.48    0.0729122562969
9.5    0.0728806843293
9.52    0.0728469280566
9.54    0.0728109422737
9.56    0.072772711474
9.58    0.0727324651238
9.6    0.07268993754
9.62    0.0726451895642
9.64    0.072598281055
9.66    0.0725492456862
9.68    0.0724980638248
9.7    0.0724446171578
9.72    0.0723890048339
9.74    0.0723310737339
9.76    0.0722706113514
9.78    0.072207641542
9.8    0.0721425848926
9.82    0.0720750397499
9.84    0.0720050503661
9.86    0.0719326773956
9.88    0.0718582060532
9.9    0.071781276748
9.92    0.0717017928114
9.94    0.071620088592
9.96    0.0715359305769
9.98    0.0714491484593
10.0    0.0713602507787
