0.05    6.40299545686e-05
0.07    0.000174210647799
0.09    0.000326980193155
0.1    0.000399009490879
0.12    0.000627487218648
0.14    0.00100097240854
0.16    0.00159202127639
0.18    0.00225243171264
0.2    0.00407687184127
0.22    0.00475286004787
0.24    0.0035746916762
0.26    0.00275678549757
0.28    0.00389526449078
0.3    0.00453756850617
0.32    0.00571740629149
0.34    0.00588680961475
0.36    0.00577291491246
0.38    0.00653986814187
0.4    0.00749100884269
0.42    0.00798492365454
0.44    0.00902337336461
0.46    0.0104673500455
0.48    0.00972372639764
0.5    0.00928414415387
0.52    0.0100946404199
0.54    0.0121786366243
0.56    0.0142894523551
0.58    0.0138837658671
0.6    0.0122044696162
0.62    0.0119776301059
0.64    0.0121135733186
0.66    0.0140343112489
0.68    0.0172457100729
0.7    0.0209360693266
0.72    0.0239406992827
0.74    0.0260661738294
0.76    0.0284964889787
0.78    0.0296416829797
0.8    0.0319993811648
0.82    0.0334283301507
0.84    0.0336940128874
0.86    0.0334737489363
0.88    0.033485651932
0.9    0.0338825618972
0.92    0.0343650428635
0.94    0.0347760752484
0.96    0.0354123292352
0.98    0.0368658191271
1.0    0.0395682337698
1.02    0.0434386413596
1.04    0.0479925641968
1.06    0.052648871671
1.08    0.0569399206586
1.1    0.0605758840537
1.12    0.0634570778559
1.14    0.0655982004183
1.16    0.0673529872323
1.18    0.0695589430748
1.2    0.0701274381526
1.22    0.0693365117183
1.24    0.0696122010129
1.26    0.0698114919689
1.28    0.0694166183173
1.3    0.0695004838858
1.32    0.0695373208924
1.34    0.0692759636679
1.36    0.0686588098942
1.38    0.0677729547479
1.4    0.0676264891667
1.42    0.0673728354775
1.44    0.0670063875621
1.46    0.066511324143
1.48    0.065876098214
1.5    0.0650903908622
1.52    0.0641461155254
1.54    0.0630379478036
1.56    0.0617632433403
1.58    0.0603253532088
1.6    0.0587276471565
1.62    0.0569735280915
1.64    0.0564900000823
1.66    0.0565982758256
1.68    0.0565761426189
1.7    0.0564151932706
1.72    0.0561150630261
1.74    0.055682790628
1.76    0.0551094715468
1.78    0.0544080276058
1.8    0.0535744812611
1.82    0.0526287513611
1.84    0.051573559323
1.86    0.0504221886933
1.88    0.0491896696983
1.9    0.0478913474831
1.92    0.0465423989859
1.94    0.0451573998246
1.96    0.0437499766938
1.98    0.0423325533796
2.0    0.0409161739605
2.02    0.0399336769179
2.04    0.0395611415134
2.06    0.0391567897564
2.08    0.0387257218037
2.1    0.0382748977874
2.12    0.037812884104
2.14    0.0373382862938
2.16    0.0368639357758
2.18    0.0363858047758
2.2    0.0359163664531
2.22    0.0354500766598
2.24    0.0349961950721
2.26    0.0345537537693
2.28    0.0341219044806
2.3    0.0337060694193
2.32    0.03367605458
2.34    0.0341375271036
2.36    0.0346331433722
2.38    0.0351556824585
2.4    0.0356918447445
2.42    0.036225774115
2.44    0.0367392203375
2.46    0.0372142408176
2.48    0.0376338406412
2.5    0.0379761780462
2.52    0.0382267202609
2.54    0.0383750230592
2.56    0.0395031285965
2.58    0.0405925196624
2.6    0.0420906397134
2.62    0.0436229052774
2.64    0.044991227992
2.66    0.04618263128
2.68    0.0471812577057
2.7    0.0479789875053
2.72    0.0485688783936
2.74    0.0489488791728
2.76    0.049113477508
2.78    0.049065669639
2.8    0.0488097411263
2.82    0.048360199459
2.84    0.047734035328
2.86    0.0469373511147
2.88    0.0459718481105
2.9    0.0448701798152
2.92    0.0442493375266
2.94    0.043983411941
2.96    0.0437969631223
2.98    0.0435942663518
3.0    0.0438170404834
3.02    0.0443751190129
3.04    0.0447534887766
3.06    0.0449579582839
3.08    0.044995842192
3.1    0.0448760257939
3.12    0.0446090702611
3.14    0.0442070350996
3.16    0.0436824802357
3.18    0.0430470062439
3.2    0.0431501906369
3.22    0.0433038263344
3.24    0.0433959096353
3.26    0.0434294239871
3.28    0.0434079648104
3.3    0.0433358377269
3.32    0.0432173313538
3.34    0.0430575395529
3.36    0.0428609221652
3.38    0.0426306555191
3.4    0.0423704621084
3.42    0.0420838655638
3.44    0.0417773562127
3.46    0.041451941492
3.48    0.0411097015974
3.5    0.0407577442411
3.52    0.0403946733011
3.54    0.0400252182405
3.56    0.0396508757379
3.58    0.0392738670091
3.6    0.0388957785281
3.62    0.0385190360935
3.64    0.0381429085522
3.66    0.0377723451426
3.68    0.0374044107458
3.7    0.0370421993937
3.72    0.0366865367789
3.74    0.0363361333559
3.76    0.0359931662776
3.78    0.0356581948478
3.8    0.0353297934537
3.82    0.0350082406427
3.84    0.0346962281845
3.86    0.0343913287048
3.88    0.0340934551917
3.9    0.0338025972062
3.92    0.0335204064661
3.94    0.033245371316
3.96    0.0329769680362
3.98    0.0327150598178
4.0    0.0324594943804
4.02    0.0322115387503
4.04    0.0319697226258
4.06    0.0317336726821
4.08    0.0315032272846
4.1    0.0312782290019
4.12    0.0310585266106
4.14    0.0308450760772
4.16    0.0306367189269
4.18    0.0304331976846
4.2    0.0302343992318
4.22    0.0300402197058
4.24    0.0298505642145
4.26    0.0296653463448
4.28    0.0294848848887
4.3    0.0293091763828
4.32    0.0291376507426
4.34    0.0289702498706
4.36    0.0288069198814
4.38    0.0286476101398
4.4    0.028492272314
4.42    0.028340859451
4.44    0.0281933250985
4.46    0.02804962248
4.48    0.0279101216701
4.5    0.0277745097624
4.52    0.0276425580316
4.54    0.0275142130204
4.56    0.027389417831
4.58    0.027268111743
4.6    0.0271502299113
4.62    0.0270357031402
4.64    0.0274150815022
4.66    0.0278452210245
4.68    0.0282684839452
4.7    0.0286846864277
4.72    0.0290863325387
4.74    0.0294634385349
4.76    0.0298143326219
4.78    0.0301374715672
4.8    0.0304314387245
4.82    0.0306949415841
4.84    0.0309268089528
4.86    0.031420097015
4.88    0.0319197196446
4.9    0.0324084652917
4.92    0.0328860851199
4.94    0.0333521766718
4.96    0.0338061928473
4.98    0.0342477337329
5.0    0.0346770946442
5.02    0.0350936596545
5.04    0.0354973667561
5.06    0.0358881056611
5.08    0.0362662775822
5.1    0.0366312731009
5.12    0.0369829921832
5.14    0.0373213426917
5.16    0.0376465197996
5.18    0.0379580774734
5.2    0.0382556969179
5.22    0.0385391325602
5.24    0.0388084671733
5.26    0.0390639199977
5.28    0.0393056119436
5.3    0.0395334426959
5.32    0.0397480148329
5.34    0.0399493252121
5.36    0.0401380610894
5.38    0.0403154544348
5.4    0.0404851325998
5.42    0.0406785724347
5.44    0.0409453235121
5.46    0.0412071410198
5.48    0.041459029911
5.5    0.0416987945973
5.52    0.0419246004651
5.54    0.0421362821388
5.56    0.0423329252016
5.58    0.0425142954935
5.6    0.0426801325591
5.62    0.0428302472512
5.64    0.0429645394052
5.66    0.0430830118959
5.68    0.0431856971768
5.7    0.0432729075012
5.72    0.0433448611199
5.74    0.0434015955714
5.76    0.0434431140096
5.78    0.0434694094565
5.8    0.0434806657649
5.82    0.0434776895873
5.84    0.0434605684922
5.86    0.0434304587706
5.88    0.0433886698679
5.9    0.0433370144752
5.92    0.0432788536581
5.94    0.0432173067988
5.96    0.0431537055428
5.98    0.0430887546834
6.0    0.0430209397955
6.02    0.0429480346067
6.04    0.0428678035552
6.06    0.0427785399574
6.08    0.0426796989899
6.1    0.0425711445122
6.12    0.0424530380678
6.14    0.0423258493794
6.16    0.0422941837302
6.18    0.042480192536
6.2    0.042653200498
6.22    0.042815528313
6.24    0.0429648523316
6.26    0.0431033361478
6.28    0.0432292148363
6.3    0.0433443428757
6.32    0.0434470968637
6.34    0.043539440405
6.36    0.0436194660354
6.38    0.043689668786
6.4    0.0437477452599
6.42    0.0437961922637
6.44    0.0438332349344
6.46    0.0438602816025
6.48    0.0438770791836
6.5    0.0438833073909
6.52    0.0438806906504
6.54    0.0438674687144
6.56    0.0438455692912
6.58    0.0438142718279
6.6    0.0437732913276
6.62    0.0437248211266
6.64    0.0436669698299
6.66    0.0436007692507
6.68    0.0435271603871
6.7    0.0434449362207
6.72    0.0433553761585
6.74    0.0432588248649
6.76    0.04315442818
6.78    0.0430433987774
6.8    0.0429261003127
6.82    0.0428017203334
6.84    0.0426711158402
6.86    0.0425352367616
6.88    0.0423930253175
6.9    0.0422447399804
6.92    0.0420923769213
6.94    0.0419344263624
6.96    0.0417711202748
6.98    0.0416034970618
7.0    0.0414318222058
7.02    0.0412554805066
7.04    0.0410747071566
7.06    0.0408908754759
7.08    0.0407033872801
7.1    0.0405121099077
7.12    0.0403172618014
7.14    0.040120110287
7.16    0.0399200744768
7.18    0.0397170591434
7.2    0.0395112645917
7.22    0.0393034259553
7.24    0.0390938348572
7.26    0.0388820017536
7.28    0.0386681081419
7.3    0.0384523306754
7.32    0.0382355119198
7.34    0.0380174949652
7.36    0.0377980625314
7.38    0.0375773724603
7.4    0.0373555778232
7.42    0.0371329789096
7.44    0.0369102829867
7.46    0.0366868835823
7.48    0.0364629156575
7.5    0.0362385096411
7.52    0.0360137914873
7.54    0.0357888827563
7.56    0.0355643857357
7.58    0.0353401193614
7.6    0.035115975125
7.62    0.0348920582012
7.64    0.0346684697323
7.66    0.0344453068936
7.68    0.0342226629848
7.7    0.0340006275117
7.72    0.033779513521
7.74    0.0335594364474
7.76    0.0333401923601
7.78    0.0331218569459
7.8    0.0329045025175
7.82    0.0326881981048
7.84    0.0324730095346
7.86    0.0322589995188
7.88    0.0320462277434
7.9    0.0318347509532
7.92    0.03162462303
7.94    0.0314158950803
7.96    0.0312086155203
7.98    0.0310030485653
8.0    0.0307990454873
8.02    0.0305966047624
8.04    0.0303957652668
8.06    0.0301965635765
8.08    0.0299990340398
8.1    0.0298032088491
8.12    0.0296091181235
8.14    0.0294167899641
8.16    0.0292262505334
8.18    0.0290375241314
8.2    0.0288506332392
8.22    0.0286655986071
8.24    0.0284824393078
8.26    0.0283011727943
8.28    0.0281218149691
8.3    0.0279443802383
8.32    0.0277688815691
8.34    0.0275953305424
8.36    0.0274237374117
8.38    0.0272541111516
8.4    0.0270864595106
8.42    0.0269207890608
8.44    0.0267571052453
8.46    0.0265954124163
8.48    0.0264357138984
8.5    0.026278012015
8.52    0.0261223081302
8.54    0.025968602708
8.56    0.0258168953235
8.58    0.0256671847305
8.6    0.0255194688717
8.62    0.0253737449297
8.64    0.0252300093557
8.66    0.0250882579067
8.68    0.0249484856655
8.7    0.0248106870872
8.72    0.0246748560183
8.74    0.0245409857237
8.76    0.0244090689218
8.78    0.0242790978037
8.8    0.0241510640597
8.82    0.0240249589074
8.84    0.0239007731098
8.86    0.0237784970035
8.88    0.0236581205107
8.9    0.0235396331718
8.92    0.0234230241551
8.94    0.0233082822823
8.96    0.0231955020435
8.98    0.0230846169792
9.0    0.0229755661965
9.02    0.0228683371529
9.04    0.022762917044
9.06    0.0226592928256
9.08    0.022557451216
9.1    0.0225033984894
9.12    0.022513359364
9.14    0.0225227699113
9.16    0.0225316384323
9.18    0.0225399730776
9.2    0.0225477818503
9.22    0.0225550726098
9.24    0.0225618530754
9.26    0.0225681308292
9.28    0.0225739133197
9.3    0.0225793275277
9.32    0.022584420888
9.34    0.0225890381389
9.36    0.0225931862433
9.38    0.0225968720466
9.4    0.0226001022789
9.42    0.0226028835587
9.44    0.0226052223951
9.46    0.0226071251908
9.48    0.0226085982455
9.5    0.0226096477576
9.52    0.0226102798273
9.54    0.0226105004593
9.56    0.0226103155652
9.58    0.0226097309659
9.6    0.022608752394
9.62    0.0226073854961
9.64    0.0226056358355
9.66    0.0226035088936
9.68    0.0226010100728
9.7    0.0225981446985
9.72    0.0225949180206
9.74    0.0225913352161
9.76    0.022587613008
9.78    0.0225835621251
9.8    0.0225791681707
9.82    0.0225744360632
9.84    0.0225693706564
9.86    0.0225639767421
9.88    0.0225582590508
9.9    0.0225522222547
9.92    0.0225458709672
9.94    0.0225392097465
9.96    0.0225322430952
9.98    0.0225249754631
10.0    0.0225174112477
