0.05    7.35282926299e-05
0.07    0.000192688435153
0.09    0.00035526492294
0.1    0.000536836199856
0.12    0.000767690542145
0.14    0.00109624481011
0.16    0.00169096920002
0.18    0.0021102874477
0.2    0.00379045518551
0.22    0.0028542777652
0.24    0.00235846595642
0.26    0.00331228050798
0.28    0.00487547382969
0.3    0.00454919590303
0.32    0.00490816040527
0.34    0.00451885183952
0.36    0.00528838037225
0.38    0.005514678932
0.4    0.00678448597051
0.42    0.00830430623496
0.44    0.00761766214361
0.46    0.00823574076867
0.48    0.0109208664911
0.5    0.0108678649239
0.52    0.0100222648681
0.54    0.0126083868573
0.56    0.0154240844271
0.58    0.0172834979468
0.6    0.0174710394976
0.62    0.0182900076744
0.64    0.0216388093069
0.66    0.0254556995718
0.68    0.0283650589434
0.7    0.0290961616769
0.72    0.028987836905
0.74    0.0295784350047
0.76    0.0306676223716
0.78    0.0323148988911
0.8    0.0344142481275
0.82    0.0354161676141
0.84    0.0343285596401
0.86    0.0319652895494
0.88    0.0298180222089
0.9    0.0284873126742
0.92    0.0276864675332
0.94    0.027102750376
0.96    0.0267123016079
0.98    0.0269052880622
1.0    0.0279142875831
1.02    0.0296142148308
1.04    0.0316941187938
1.06    0.0340314133165
1.08    0.0368446183124
1.1    0.03999383485
1.12    0.0435674235866
1.14    0.0474373414216
1.16    0.0512696972713
1.18    0.0546545028586
1.2    0.057275824244
1.22    0.0590423653461
1.24    0.0599811721051
1.26    0.0600679872899
1.28    0.0605518026298
1.3    0.060416123122
1.32    0.0595261269331
1.34    0.0580583467994
1.36    0.056181137608
1.38    0.0540672522223
1.4    0.0518691167209
1.42    0.0497185359843
1.44    0.0477276325567
1.46    0.0459717753866
1.48    0.0444920594834
1.5    0.043297743787
1.52    0.042362050418
1.54    0.0416322911546
1.56    0.0410576619921
1.58    0.0405703952359
1.6    0.04011160732
1.62    0.0396321450632
1.64    0.0390922774871
1.66    0.0384624435822
1.68    0.0377233579378
1.7    0.0368657855809
1.72    0.0358900802695
1.74    0.0348054466441
1.76    0.0345536013015
1.78    0.0365735573529
1.8    0.038037130662
1.82    0.0389523638479
1.84    0.039360508605
1.86    0.039324817254
1.88    0.0389348317233
1.9    0.0382840518511
1.92    0.0374649077253
1.94    0.0365433394508
1.96    0.0355639992232
1.98    0.0345474289059
2.0    0.0334999224466
2.02    0.0324289024948
2.04    0.0313337005751
2.06    0.0308377006514
2.08    0.0306439691132
2.1    0.0304698424935
2.12    0.0303310991096
2.14    0.0302457941625
2.16    0.0302258450437
2.18    0.0302782890108
2.2    0.0304012925088
2.22    0.0305828062983
2.24    0.0308018491261
2.26    0.0310291939466
2.28    0.0312286729374
2.3    0.0313653596828
2.32    0.0313980077129
2.34    0.0312909902117
2.36    0.0310123392085
2.38    0.0305344093966
2.4    0.0310167251654
2.42    0.0319131157786
2.44    0.03271093105
2.46    0.0333923082168
2.48    0.0339429715464
2.5    0.0343541874455
2.52    0.0346155821725
2.54    0.0347233264703
2.56    0.0346738679343
2.58    0.0344668741685
2.6    0.034106341561
2.62    0.0338862726746
2.64    0.0341446826005
2.66    0.0343827364976
2.68    0.0345991379548
2.7    0.0347926203328
2.72    0.0349642540334
2.74    0.0351174859084
2.76    0.035255125219
2.78    0.0353754719928
2.8    0.0354803831435
2.82    0.0355717819519
2.84    0.0356547565967
2.86    0.0357296502413
2.88    0.0357965491298
2.9    0.035857171378
2.92    0.0359130913968
2.94    0.0359659232621
2.96    0.0360205613136
2.98    0.0360740220361
3.0    0.0361271194606
3.02    0.0361804544465
3.04    0.0362344167111
3.06    0.0362891912325
3.08    0.0363463464476
3.1    0.0364062014201
3.12    0.0364662939029
3.14    0.0365261302956
3.16    0.0365850874513
3.18    0.0366424326249
3.2    0.0366973438098
3.22    0.0367502836993
3.24    0.0368013429085
3.26    0.0368471906663
3.28    0.0368868455467
3.3    0.0369193297352
3.32    0.0369436845197
3.34    0.0369589842608
3.36    0.0369663569293
3.38    0.0369648749947
3.4    0.0369518808812
3.42    0.0369266826153
3.44    0.0368886663263
3.46    0.0368373007478
3.48    0.0367721403002
3.5    0.0366960590337
3.52    0.0366061751589
3.54    0.0365016432617
3.56    0.0363823591871
3.58    0.036248302418
3.6    0.0360995329879
3.62    0.0359361877477
3.64    0.0357615230419
3.66    0.0355731732497
3.68    0.0353709863504
3.7    0.035155354779
3.72    0.0349267235559
3.74    0.035275388712
3.76    0.0356045788961
3.78    0.0358766240493
3.8    0.03609116965
3.82    0.0362478760624
3.84    0.0363460480925
3.86    0.0363847834953
3.88    0.0363633024834
3.9    0.0362817705891
3.92    0.0361408083546
3.94    0.0359401865703
3.96    0.0356817133658
3.98    0.0353677024317
4.0    0.0349990051754
4.02    0.0345788822386
4.04    0.0341107203506
4.06    0.0335971026557
4.08    0.0330419622084
4.1    0.032451576118
4.12    0.0318351955039
4.14    0.0312421726773
4.16    0.0306864424172
4.18    0.0302055716245
4.2    0.0305504688922
4.22    0.0310630775034
4.24    0.0315393778122
4.26    0.0319795308602
4.28    0.0323840362346
4.3    0.0327547274833
4.32    0.0330940994935
4.34    0.0334062891342
4.36    0.033707113983
4.38    0.0340228667058
4.4    0.0343179067723
4.42    0.0345854292415
4.44    0.0348226335354
4.46    0.0350304142368
4.48    0.0352074773137
4.5    0.0353543225878
4.52    0.0354715436291
4.54    0.0355597812867
4.56    0.0356197429704
4.58    0.0356522121518
4.6    0.0356585947523
4.62    0.0356401222772
4.64    0.0355969050558
4.66    0.0355297137489
4.68    0.035440602057
4.7    0.0353304170803
4.72    0.0351987879693
4.74    0.0350489960522
4.76    0.0348801931305
4.78    0.0346941544132
4.8    0.0344920655298
4.82    0.0342742810943
4.84    0.0340426252529
4.86    0.0337973768574
4.88    0.0335396806145
4.9    0.0332710036668
4.92    0.0329905719374
4.94    0.0327022377435
4.96    0.0324038409956
4.98    0.0320976281076
5.0    0.0317848429855
5.02    0.0314646657165
5.04    0.0311390790194
5.06    0.0308091450249
5.08    0.0304741613968
5.1    0.0301348785725
5.12    0.0297939814588
5.14    0.0294502256912
5.16    0.0291040912867
5.18    0.0287561893765
5.2    0.0284081338226
5.22    0.0280600027169
5.24    0.0277116391152
5.26    0.027363528745
5.28    0.0270161276389
5.3    0.0266698631758
5.32    0.026326078734
5.34    0.0259843287873
5.36    0.0256447543249
5.38    0.025307681589
5.4    0.0249734133235
5.42    0.0246422297873
5.44    0.0243143897443
5.46    0.0239901314486
5.48    0.0236696735909
5.5    0.0233532162376
5.52    0.0230468721917
5.54    0.0229300820787
5.56    0.0228106827399
5.58    0.0227315675722
5.6    0.0226967344914
5.62    0.0226616157032
5.64    0.0226262382662
5.66    0.0225906277157
5.68    0.022554808135
5.7    0.0225188022243
5.72    0.0224831823967
5.74    0.0224474588325
5.76    0.0224115976308
5.78    0.0223756168833
5.8    0.0223395336016
5.82    0.0223033637736
5.84    0.0222671224167
5.86    0.0222308236285
5.88    0.0221944806372
5.9    0.0221584750909
5.92    0.0221225808501
5.94    0.0220866677885
5.96    0.0220507463244
5.98    0.0220148262164
6.0    0.0219789166001
6.02    0.0219430260246
6.04    0.0219071624866
6.06    0.0218713334625
6.08    0.0218355459403
6.1    0.021799806448
6.12    0.0217644979816
6.14    0.0217292838912
6.16    0.0216941274731
6.18    0.0216590338472
6.2    0.0216240077959
6.22    0.0215890537849
6.24    0.0215541759848
6.26    0.0215193782891
6.28    0.0214846643327
6.3    0.0214500375096
6.32    0.0214155009883
6.34    0.021381057727
6.36    0.0213467510908
6.38    0.0213128381881
6.4    0.0212790204925
6.42    0.0212453003746
6.44    0.0212116800551
6.46    0.0211781616161
6.48    0.0211447470097
6.5    0.0211114380681
6.52    0.0210782365119
6.54    0.0210451439577
6.56    0.0210121619269
6.58    0.0209792918514
6.6    0.0209465350807
6.62    0.0209138928876
6.64    0.0208813664748
6.66    0.0208489569787
6.68    0.0208168956919
6.7    0.0207849819343
6.72    0.0207531838815
6.74    0.0207215025318
6.76    0.0206899388373
6.78    0.0206584937069
6.8    0.0206271680092
6.82    0.0205959625752
6.84    0.0205648782018
6.86    0.0205339156535
6.88    0.0205030756637
6.9    0.0204723589383
6.92    0.0204417661563
6.94    0.0204112979722
6.96    0.0203809550174
6.98    0.0203507379002
7.0    0.020320647209
7.02    0.0202906835121
7.04    0.0202608769601
7.06    0.0202313641453
7.08    0.020201976795
7.1    0.0201727154608
7.12    0.020143580677
7.14    0.0201145729615
7.16    0.0200856928164
7.18    0.0200569407283
7.2    0.020028317169
7.22    0.0199998225952
7.24    0.0199714574494
7.26    0.0199432221597
7.28    0.0199151171399
7.3    0.0198871427905
7.32    0.0198592994976
7.34    0.0198315876337
7.36    0.0198040075585
7.38    0.0197765596175
7.4    0.0197492441424
7.42    0.0197220614521
7.44    0.0196950118515
7.46    0.0196680956324
7.48    0.0196413130731
7.5    0.0196146644383
7.52    0.0195881499786
7.54    0.0195618490375
7.56    0.0195357367912
7.58    0.0195097573143
7.6    0.0194839108374
7.62    0.0194581975766
7.64    0.0194326177345
7.66    0.0194071714982
7.68    0.0193818590413
7.7    0.0193566805229
7.72    0.019331636088
7.74    0.0193067258671
7.76    0.0192819499763
7.78    0.0192573085176
7.8    0.0192328015787
7.82    0.0192084292333
7.84    0.0191841915406
7.86    0.0191600885453
7.88    0.0191361202785
7.9    0.0191122867573
7.92    0.0190885879843
7.94    0.019065023948
7.96    0.0190415946237
7.98    0.0190182999726
8.0    0.0189951399415
8.02    0.0189721144646
8.04    0.0189492234619
8.06    0.01892646684
8.08    0.018903844492
8.1    0.018881356298
8.12    0.0188590021252
8.14    0.0188367818273
8.16    0.0188146952448
8.18    0.018792742207
8.2    0.0187709225288
8.22    0.0187492360136
8.24    0.0187276824526
8.26    0.0187062616241
8.28    0.0186850285589
8.3    0.0186639490006
8.32    0.0186430002898
8.34    0.0186221821766
8.36    0.0186014944
8.38    0.0185809366872
8.4    0.0185605087542
8.42    0.0185402103063
8.44    0.0185200410379
8.46    0.0185000006316
8.48    0.0184800887612
8.5    0.0184603050893
8.52    0.0184406492679
8.54    0.0184211209406
8.56    0.0184017197394
8.58    0.0183824452887
8.6    0.0183632972022
8.62    0.018344275085
8.64    0.0183253785334
8.66    0.018306607135
8.68    0.0182879604684
8.7    0.0182694381047
8.72    0.0182510396065
8.74    0.0182327645283
8.76    0.0182146124175
8.78    0.0181965828135
8.8    0.0181786752486
8.82    0.0181608892482
8.84    0.0181432243304
8.86    0.0181256800073
8.88    0.0181082557836
8.9    0.0180909511587
8.92    0.0180737656252
8.94    0.01805669867
8.96    0.0180397497747
8.98    0.0180229184144
9.0    0.0180062040601
9.02    0.0179896061769
9.04    0.0179731242248
9.06    0.0179567576599
9.08    0.0179405059329
9.1    0.0179243684904
9.12    0.0179083447747
9.14    0.017892434224
9.16    0.0178766362732
9.18    0.0178609503527
9.2    0.0178453758897
9.22    0.0178299123081
9.24    0.0178145590284
9.26    0.0177993154684
9.28    0.0177841810426
9.3    0.0177691551633
9.32    0.0177542372395
9.34    0.0177394266786
9.36    0.0177247228854
9.38    0.017710125262
9.4    0.0176956332094
9.42    0.0176812461269
9.44    0.0176669634106
9.46    0.0176527844571
9.48    0.0176387086604
9.5    0.0176247354132
9.52    0.0176108641072
9.54    0.0175970941336
9.56    0.017583424882
9.58    0.0175698557413
9.6    0.0175563861006
9.62    0.0175430153474
9.64    0.0175297428694
9.66    0.0175165680537
9.68    0.0175034902875
9.7    0.0174905089578
9.72    0.0174776234516
9.74    0.017464833156
9.76    0.0174521374585
9.78    0.0174395357468
9.8    0.0174270274088
9.82    0.0174146125499
9.84    0.0174023158741
9.86    0.0173901104123
9.88    0.0173779955603
9.9    0.0173659707157
9.92    0.0173540352756
9.94    0.0173421886394
9.96    0.0173304302068
9.98    0.0173187593789
10.0    0.0173071755579
