0.05    5.84221666743e-05
0.07    0.000145489663591
0.09    0.000317474581735
0.1    0.000433606818491
0.12    0.000618344416554
0.14    0.000992499021691
0.16    0.00163030007471
0.18    0.00207537481447
0.2    0.0033076654695
0.22    0.00256194216566
0.24    0.00252882580965
0.26    0.00292946196986
0.28    0.00428484102112
0.3    0.00412894483947
0.32    0.00446098283396
0.34    0.00472268290925
0.36    0.00508852370688
0.38    0.00514902934763
0.4    0.00601596089605
0.42    0.00725336768208
0.44    0.00747897658379
0.46    0.0077131939517
0.48    0.0089065306895
0.5    0.00841789090864
0.52    0.00846883573999
0.54    0.00982189788728
0.56    0.0128143950784
0.58    0.015142267355
0.6    0.0156387324972
0.62    0.0165515241057
0.64    0.0197946615607
0.66    0.0234521552247
0.68    0.0263483244932
0.7    0.0273700536716
0.72    0.0277665802307
0.74    0.0287549487045
0.76    0.0299824744394
0.78    0.0315270098374
0.8    0.0333627820505
0.82    0.0342035191768
0.84    0.0331421155716
0.86    0.0309256494558
0.88    0.0289464603294
0.9    0.0277999286709
0.92    0.0271664620338
0.94    0.0266887682572
0.96    0.026406977968
0.98    0.0266089138726
1.0    0.0275408718649
1.02    0.0291110322916
1.04    0.0309882510019
1.06    0.0328770119328
1.08    0.0347363204384
1.1    0.0367866689981
1.12    0.0393909781189
1.14    0.0416855584893
1.16    0.0445338441019
1.18    0.0472530758778
1.2    0.0502417685526
1.22    0.0528253962355
1.24    0.0545471060027
1.26    0.055345240367
1.28    0.055269414147
1.3    0.054437146953
1.32    0.0530284728743
1.34    0.05124030786
1.36    0.0492543813788
1.38    0.0472014276299
1.4    0.04518454268
1.42    0.0432634179752
1.44    0.0414924454826
1.46    0.0400574345665
1.48    0.0395645883867
1.5    0.0391654563426
1.52    0.0388781119802
1.54    0.038703662112
1.56    0.0386333815175
1.58    0.0386354894714
1.6    0.0386627701256
1.62    0.0386713443652
1.64    0.0386174220712
1.66    0.0384549851496
1.68    0.0381555798601
1.7    0.0377042130983
1.72    0.0371050947854
1.74    0.0363691868304
1.76    0.0355161430792
1.78    0.0345828038767
1.8    0.0336034802136
1.82    0.0326157978959
1.84    0.0316501701777
1.86    0.0307417058608
1.88    0.0309665581105
1.9    0.031009555344
1.92    0.0308663209366
1.94    0.0305663853952
1.96    0.0301239196812
1.98    0.029556067347
2.0    0.0288815855713
2.02    0.0281234026655
2.04    0.0273125309359
2.06    0.0267332388732
2.08    0.0267323902788
2.1    0.0267613337177
2.12    0.026809202987
2.14    0.0268657712058
2.16    0.0269214800491
2.18    0.0269674680556
2.2    0.026995615916
2.22    0.0270037520582
2.24    0.0269811023539
2.26    0.026921796588
2.28    0.0268214438481
2.3    0.0266805868851
2.32    0.0264964348139
2.34    0.0262653744758
2.36    0.0259879624651
2.38    0.025669571256
2.4    0.0253118048908
2.42    0.0249159716757
2.44    0.0244868329403
2.46    0.0240298234777
2.48    0.0235539537211
2.5    0.0232516951546
2.52    0.0237651300031
2.54    0.0241708735398
2.56    0.024469479925
2.58    0.0246651382857
2.6    0.024764969509
2.62    0.024778250424
2.64    0.0247156081397
2.66    0.0245882468583
2.68    0.0244072880793
2.7    0.0241832520044
2.72    0.0239256569904
2.74    0.0236433577962
2.76    0.0233458615224
2.78    0.0230356236276
2.8    0.0227208421314
2.82    0.0224010159555
2.84    0.0220827801049
2.86    0.0217641396452
2.88    0.021719646464
2.9    0.0217416801111
2.92    0.0217766401599
2.94    0.0218247143208
2.96    0.0218856878058
2.98    0.0219589722401
3.0    0.0220452833678
3.02    0.022142087809
3.04    0.0222476473904
3.06    0.022360276351
3.08    0.0224781144612
3.1    0.0225991705842
3.12    0.0227229029884
3.14    0.0228467952431
3.16    0.0229676955542
3.18    0.0230834895121
3.2    0.0231923132389
3.22    0.0232950184472
3.24    0.0233868246029
3.26    0.0234659804913
3.28    0.0235324031237
3.3    0.0235852269032
3.32    0.0236211333815
3.34    0.0236400556948
3.36    0.0236427634822
3.38    0.0236257676358
3.4    0.0235900482484
3.42    0.0235359081477
3.44    0.0234608015048
3.46    0.0233672670019
3.48    0.023253895602
3.5    0.0233667345093
3.52    0.0237316423488
3.54    0.024063787995
3.56    0.0243594708183
3.58    0.0246133771776
3.6    0.0248203736499
3.62    0.0249794710736
3.64    0.0250860096157
3.66    0.0251376603707
3.68    0.0251330711343
3.7    0.0250724684125
3.72    0.0249547019584
3.74    0.0247797231086
3.76    0.0245483847818
3.78    0.0242620359429
3.8    0.023922463761
3.82    0.0235318415823
3.84    0.0230926885364
3.86    0.0226078279802
3.88    0.0220803391901
3.9    0.0215135117284
3.92    0.021135971457
3.94    0.0212389088881
3.96    0.0213318202538
3.98    0.0214162505941
4.0    0.0216302866426
4.02    0.0219501479829
4.04    0.0222363867518
4.06    0.0224894559638
4.08    0.0227094395883
4.1    0.0228959865333
4.12    0.023049743897
4.14    0.0231702606669
4.16    0.0232582025878
4.18    0.0233150766541
4.2    0.023340905702
4.22    0.0233364834409
4.24    0.0233035076008
4.26    0.023242336807
4.28    0.0231534812507
4.3    0.0230390082116
4.32    0.0228988542488
4.34    0.0227351774146
4.36    0.0225485340766
4.38    0.0223404936463
4.4    0.0221130904215
4.42    0.0218670755537
4.44    0.0216042884913
4.46    0.021563739805
4.48    0.0215200868433
4.5    0.0214736872704
4.52    0.0214259939838
4.54    0.0213758800491
4.56    0.0213235626889
4.58    0.0212693557793
4.6    0.0212145096653
4.62    0.021158001505
4.64    0.0211000004793
4.66    0.0210406639511
4.68    0.0209801377238
4.7    0.0209196192608
4.72    0.0208581932247
4.74    0.020795919178
4.76    0.0207329009716
4.78    0.0206692326029
4.8    0.0206049986148
4.82    0.0205405771993
4.84    0.020476365297
4.86    0.0204117654582
4.88    0.0203468295187
4.9    0.0202816019347
4.92    0.0202161202085
4.94    0.0201504153094
4.96    0.020084512091
4.98    0.020018429702
5.0    0.0199527356967
5.02    0.0198870968696
5.04    0.0198212900406
5.06    0.0197553161392
5.08    0.019689172276
5.1    0.0196228520936
5.12    0.0195563461053
5.14    0.0194896420198
5.16    0.0194909844642
5.18    0.0196499140826
5.2    0.0198067280998
5.22    0.0199619692024
5.24    0.0201150707799
5.26    0.0202660624092
5.28    0.02041497035
5.3    0.0205618175985
5.32    0.0207066239659
5.34    0.0208494061602
5.36    0.0209901778881
5.38    0.0211289499637
5.4    0.0212657304254
5.42    0.0214005246618
5.44    0.0215333355447
5.46    0.0216641635635
5.48    0.0217930069692
5.5    0.021919861915
5.52    0.0220447226055
5.54    0.0221675814417
5.56    0.0222884291692
5.58    0.0224072550251
5.6    0.0225240468848
5.62    0.0226387914056
5.64    0.0227514741696
5.66    0.0228620798239
5.68    0.0229705922163
5.7    0.023076994529
5.72    0.0231812694073
5.74    0.0232833990854
5.76    0.0233833655081
5.78    0.0234811504449
5.8    0.023577204059
5.82    0.0236713790671
5.84    0.0237633192228
5.86    0.0238530064865
5.88    0.0239404231483
5.9    0.0241183265451
5.92    0.0243613889002
5.94    0.0245822260885
5.96    0.0247782030417
5.98    0.0249504746789
6.0    0.0250990405376
6.02    0.0252227755463
6.04    0.0253243122388
6.06    0.0254013789608
6.08    0.0254557083596
6.1    0.0254875434024
6.12    0.0254961771948
6.14    0.0254845807054
6.16    0.0254510681899
6.18    0.0253968397295
6.2    0.0253238005045
6.22    0.0252309495612
6.24    0.0251199233815
6.26    0.02515120839
6.28    0.0251906055616
6.3    0.0252275471701
6.32    0.025262036314
6.34    0.0252940772707
6.36    0.0253242369564
6.38    0.0253521699179
6.4    0.025377670215
6.42    0.0254007465728
6.44    0.0254214088459
6.46    0.0254396680026
6.48    0.0254555361065
6.5    0.0254690262969
6.52    0.0254801527677
6.54    0.0254889307452
6.56    0.0254953764639
6.58    0.0254995071424
6.6    0.0255013409572
6.62    0.0255008970163
6.64    0.0254981953319
6.66    0.0254932567918
6.68    0.0254861031313
6.7    0.0254767569037
6.72    0.0254652414505
6.74    0.0254515808717
6.76    0.0254357999953
6.78    0.0254179243471
6.8    0.0253979801196
6.82    0.0253759941415
6.84    0.0253519938476
6.86    0.0253260072477
6.88    0.0252980628952
6.9    0.0252681898583
6.92    0.0252364176884
6.94    0.0252027763914
6.96    0.0251672963973
6.98    0.0251300085303
7.0    0.0250911406593
7.02    0.0250508961676
7.04    0.0250089302703
7.06    0.0249652750428
7.08    0.0249199628186
7.1    0.0248730261633
7.12    0.0248244978475
7.14    0.0247744108211
7.16    0.0247227981886
7.18    0.0246696931833
7.2    0.0246151291455
7.22    0.0245591394958
7.24    0.0245017577151
7.26    0.0244430173208
7.28    0.0243829518442
7.3    0.0243215948124
7.32    0.0242589797246
7.34    0.024195140034
7.36    0.0241301091295
7.38    0.024063920315
7.4    0.0239966067909
7.42    0.0239282016409
7.44    0.0238587378099
7.46    0.0237882480922
7.48    0.0237167651144
7.5    0.0236443213194
7.52    0.023570948952
7.54    0.0234966800501
7.56    0.0234215464244
7.58    0.0233455796491
7.6    0.0232688110522
7.62    0.0231912716995
7.64    0.0231129923886
7.66    0.0230340036336
7.68    0.0229543356582
7.7    0.0228740183863
7.72    0.0227930814336
7.74    0.0227115540975
7.76    0.0226294653496
7.78    0.0225468438303
7.8    0.0224637178405
7.82    0.0223801153361
7.84    0.0222960639205
7.86    0.0222115908393
7.88    0.0221267229771
7.9    0.0220414868523
7.92    0.0219559086105
7.94    0.0218700140223
7.96    0.0217838284808
7.98    0.0216973769985
8.0    0.0216106841991
8.02    0.0215237743248
8.04    0.0214366712252
8.06    0.02134939836
8.08    0.0212619787969
8.1    0.0211744352088
8.12    0.0210867898774
8.14    0.0209990646858
8.16    0.0209112811225
8.18    0.0208234602847
8.2    0.0207356228681
8.22    0.020647789178
8.24    0.0205599791253
8.26    0.0204722122253
8.28    0.0203845076035
8.3    0.0202968839942
8.32    0.0202093597426
8.34    0.0201219528045
8.36    0.0200346807522
8.38    0.0199475607724
8.4    0.0198606096713
8.42    0.019773843876
8.44    0.0196872794381
8.46    0.0196009320305
8.48    0.0195148169613
8.5    0.0194289491671
8.52    0.0193433432161
8.54    0.0192580133215
8.56    0.0191729733291
8.58    0.0190882367379
8.6    0.0190038166878
8.62    0.0189197259727
8.64    0.0188359770413
8.66    0.0187525820021
8.68    0.0186695526223
8.7    0.0185869003393
8.72    0.0185046362596
8.74    0.0184227711616
8.76    0.0183413155043
8.78    0.0182602794273
8.8    0.0181796727556
8.82    0.0180995050061
8.84    0.0180197853885
8.86    0.0179405228133
8.88    0.0178617258899
8.9    0.0177834029383
8.92    0.017705561987
8.94    0.0176282107815
8.96    0.0175513567871
8.98    0.0174750071892
9.0    0.0173991689079
9.02    0.0173238485912
9.04    0.0172490526231
9.06    0.0171747871329
9.08    0.0171010579914
9.1    0.0170278708202
9.12    0.0169552309942
9.14    0.0168831436469
9.16    0.0168116136753
9.18    0.0167406457401
9.2    0.0166702442745
9.22    0.016600413485
9.24    0.0165311573583
9.26    0.0164624796649
9.28    0.0163943839591
9.3    0.016326873591
9.32    0.0162599517017
9.34    0.0161936212342
9.36    0.0161278849346
9.38    0.0160627453534
9.4    0.0159982048547
9.42    0.0159342656195
9.44    0.0158709296407
9.46    0.0158116727679
9.48    0.0157991003911
9.5    0.0157861678038
9.52    0.0157728808816
9.54    0.0157592454564
9.56    0.0157452673153
9.58    0.0157309522011
9.6    0.0157163058119
9.62    0.0157013399134
9.64    0.015686233406
9.66    0.0156708105473
9.68    0.0156550768609
9.7    0.0156390378238
9.72    0.015622698866
9.74    0.0156060653703
9.76    0.0155891426725
9.78    0.0155719360604
9.8    0.0155544507741
9.82    0.0155366920065
9.84    0.0155186649015
9.86    0.0155003745559
9.88    0.015481826017
9.9    0.0154630242856
9.92    0.0154439743119
9.94    0.0154246809996
9.96    0.0154051492027
9.98    0.0153853837278
10.0    0.0153653893319
