0.05    9.22167264606e-05
0.07    0.000181172393951
0.09    0.000308226793518
0.1    0.000379860386393
0.12    0.00058788380555
0.14    0.000790279903516
0.16    0.00117182940159
0.18    0.00168661324822
0.2    0.00223782236166
0.22    0.00298930190852
0.24    0.00347024442675
0.26    0.00434693540466
0.28    0.00603318705678
0.3    0.00830108847865
0.32    0.0107486395686
0.34    0.0130859204285
0.36    0.0147668482782
0.38    0.0178473776387
0.4    0.0198144820146
0.42    0.0206782099355
0.44    0.0234133165759
0.46    0.0259662104888
0.48    0.0300837030451
0.5    0.0346672985128
0.52    0.0390081796686
0.54    0.0462117964309
0.56    0.0553265082251
0.58    0.0621119411839
0.6    0.0660886117043
0.62    0.0667533671565
0.64    0.0645860766733
0.66    0.0602526958997
0.68    0.0541942294987
0.7    0.0492831089374
0.72    0.0452478083365
0.74    0.0425814483148
0.76    0.0402862685969
0.78    0.038287729882
0.8    0.037308583946
0.82    0.0370019233628
0.84    0.0368164449071
0.86    0.0376755023898
0.88    0.0391983403323
0.9    0.03980672591
0.92    0.0390264321862
0.94    0.0374568297569
0.96    0.0392042146266
0.98    0.0411153222187
1.0    0.0413691623249
1.02    0.0410187992469
1.04    0.0397024080095
1.06    0.0377782952763
1.08    0.0386497130139
1.1    0.0386893566791
1.12    0.0378003980352
1.14    0.0359769440507
1.16    0.0338917126251
1.18    0.03159444292
1.2    0.0315755854063
1.22    0.0349997240832
1.24    0.0371614009543
1.26    0.0382294387181
1.28    0.0389631101466
1.3    0.0399217250045
1.32    0.0402985316263
1.34    0.0391450590966
1.36    0.036466674391
1.38    0.034052195169
1.4    0.0322077147608
1.42    0.0312106670774
1.44    0.0305254005209
1.46    0.029656367396
1.48    0.0309332645568
1.5    0.0320511644274
1.52    0.0329598626023
1.54    0.0332770961353
1.56    0.0327349717086
1.58    0.0312450842962
1.6    0.0330322649499
1.62    0.034155160177
1.64    0.034395793865
1.66    0.0340594796529
1.68    0.0330649221959
1.7    0.031612073249
1.72    0.0299202050813
1.74    0.0282349777475
1.76    0.0266142768633
1.78    0.0251858812352
1.8    0.0243672717434
1.82    0.0246779407455
1.84    0.0248340643067
1.86    0.0248495140427
1.88    0.0249394903996
1.9    0.0254192255356
1.92    0.0257775364702
1.94    0.0259379781401
1.96    0.0262812896854
1.98    0.0270381798143
2.0    0.0288039426834
2.02    0.0310117372974
2.04    0.0334042322084
2.06    0.0358119267317
2.08    0.0380244869612
2.1    0.0399028465211
2.12    0.0413709477726
2.14    0.0422769681942
2.16    0.042554315382
2.18    0.0441850293445
2.2    0.0456402427527
2.22    0.0464227140812
2.24    0.0465258910437
2.26    0.04589499796
2.28    0.0446457446542
2.3    0.042805624064
2.32    0.0404873920487
2.34    0.0378305714877
2.36    0.0362080035774
2.38    0.0362874755472
2.4    0.0362813180659
2.42    0.0360719068454
2.44    0.0357115575516
2.46    0.0351213503938
2.48    0.0343580241396
2.5    0.0334049429112
2.52    0.0323016055141
2.54    0.0311180014983
2.56    0.029867509905
2.58    0.0286111647057
2.6    0.0274183705775
2.62    0.0263177880235
2.64    0.025333186574
2.66    0.0244819922912
2.68    0.0237671958939
2.7    0.0231793900369
2.72    0.0226998932131
2.74    0.0223044359975
2.76    0.0219947731813
2.78    0.0217672826549
2.8    0.0215856351567
2.82    0.0214332999259
2.84    0.0212949337773
2.86    0.021160930563
2.88    0.0210100406944
2.9    0.0208332258846
2.92    0.020626350639
2.94    0.0203903562797
2.96    0.0203543995356
2.98    0.0206103281252
3.0    0.0208820775734
3.02    0.0211581936857
3.04    0.0214274731436
3.06    0.0216794176519
3.08    0.0219045996338
3.1    0.0220949353934
3.12    0.0222438668329
3.14    0.0226412875072
3.16    0.023111189795
3.18    0.023584153757
3.2    0.0240533281855
3.22    0.0245125147423
3.24    0.0249562846819
3.26    0.0253800548985
3.28    0.0257801265527
3.3    0.0261536904011
3.32    0.0264988035091
3.34    0.0268143422992
3.36    0.0270999369273
3.38    0.0273558918247
3.4    0.0275830969389
3.42    0.0277829337932
3.44    0.0279571799949
3.46    0.0281079152935
3.48    0.0282374317478
3.5    0.0283481500229
3.52    0.0285574061021
3.54    0.0288968906925
3.56    0.0291905545075
3.58    0.0294393303421
3.6    0.0296660048392
3.62    0.0298533724505
3.64    0.0300003992034
3.66    0.0301087307083
3.68    0.0301799733598
3.7    0.0302156304369
3.72    0.0302339150587
3.74    0.0302253991961
3.76    0.0301844883622
3.78    0.0301119795558
3.8    0.0300085110331
3.82    0.0299734372334
3.84    0.0302638854785
3.86    0.0305086920836
3.88    0.0306870127061
3.9    0.0308125229596
3.92    0.0308794120243
3.94    0.0308895353103
3.96    0.0308470806892
3.98    0.0307462820548
4.0    0.0305983301932
4.02    0.0304939418257
4.04    0.0311178053251
4.06    0.0316710636037
4.08    0.0321191800326
4.1    0.0324844998935
4.12    0.0327473798987
4.14    0.0329194415612
4.16    0.0329951983588
4.18    0.0329723779654
4.2    0.0328663931137
4.22    0.0326528860471
4.24    0.0323765571776
4.26    0.0320022593441
4.28    0.0315536812311
4.3    0.0312062699642
4.32    0.0312085680374
4.34    0.0311832053124
4.36    0.0311291973059
4.38    0.0310562609525
4.4    0.0310704543784
4.42    0.0312989301569
4.44    0.0318342096197
4.46    0.0322744398628
4.48    0.0326308133202
4.5    0.0329088327772
4.52    0.0331035619947
4.54    0.0332366254115
4.56    0.0332927097801
4.58    0.0333013681936
4.6    0.0332445573863
4.62    0.0331510057284
4.64    0.0330063893789
4.66    0.0328329883421
4.68    0.0326222259917
4.7    0.0323902593225
4.72    0.0323601904617
4.74    0.0324080551041
4.76    0.032445011078
4.78    0.0324775294963
4.8    0.0325167093732
4.82    0.0325550967517
4.84    0.0325958833379
4.86    0.0326477924958
4.88    0.0327114515473
4.9    0.0327847474579
4.92    0.0328697762163
4.94    0.0329683368763
4.96    0.0330888012791
4.98    0.0332258370341
5.0    0.0333797451264
5.02    0.0335512483489
5.04    0.0337408047426
5.06    0.0339486195327
5.08    0.034180607229
5.1    0.0344309326169
5.12    0.0346988105625
5.14    0.0349836314412
5.16    0.035284604887
5.18    0.0356007763854
5.2    0.0359353071449
5.22    0.0362857709479
5.24    0.0366480660741
5.26    0.0370207795215
5.28    0.0374024128352
5.3    0.0377925101382
5.32    0.038196311151
5.34    0.0386046036651
5.36    0.039015710077
5.38    0.0394279358567
5.4    0.0398453437695
5.42    0.0402659325526
5.44    0.0406830294638
5.46    0.0410949848364
5.48    0.0415073028924
5.5    0.0419170854677
5.52    0.0423174430639
5.54    0.0427079811094
5.56    0.043099197965
5.58    0.0434771299996
5.6    0.0438404782726
5.62    0.0442028239633
5.64    0.0445488760523
5.66    0.044880579518
5.68    0.045206229679
5.7    0.0455124927807
5.72    0.0458104813818
5.74    0.0460922153077
5.76    0.0463596541693
5.78    0.0466148058451
5.8    0.0468511906301
5.82    0.0470780958999
5.84    0.0472816223305
5.86    0.0474789854021
5.88    0.0476522454923
5.9    0.0478134926275
5.92    0.0479558150779
5.94    0.0480771634818
5.96    0.0481880883921
5.98    0.0482741268001
6.0    0.0483449813293
6.02    0.0483994141445
6.04    0.0484290114763
6.06    0.0484459840014
6.08    0.0484443442065
6.1    0.0484182446819
6.12    0.0483790123296
6.14    0.0483225036888
6.16    0.0482421708426
6.18    0.0481456069805
6.2    0.0480360427723
6.22    0.0479034892393
6.24    0.0477496835592
6.26    0.0475893274663
6.28    0.0474069623344
6.3    0.0472030127227
6.32    0.0469885328216
6.34    0.0467590299957
6.36    0.0465090539413
6.38    0.0465126661391
6.4    0.0469571524393
6.42    0.0473999642233
6.44    0.0478328004809
6.46    0.0482546465339
6.48    0.0486654537777
6.5    0.0490651855661
6.52    0.0494538163178
6.54    0.0498313306669
6.56    0.0501977226568
6.58    0.0505529949806
6.6    0.050897158266
6.62    0.0512395993227
6.64    0.0515724640175
6.66    0.051894316797
6.68    0.0522051881808
6.7    0.0525051139298
6.72    0.052794134587
6.74    0.0530722950584
6.76    0.0533396442314
6.78    0.0535962346303
6.8    0.0538421221049
6.82    0.0540821032269
6.84    0.0543176470368
6.86    0.0545426528793
6.88    0.0547571834846
6.9    0.0549613039446
6.92    0.0551550815621
6.94    0.0553385857223
6.96    0.0555118877824
6.98    0.0556750609795
7.0    0.0558281803532
7.02    0.0559713226833
7.04    0.0561108871419
7.06    0.0562448239147
7.08    0.0563689702807
7.1    0.0564834068016
7.12    0.0565882157061
7.14    0.0566834808749
7.16    0.0567692878303
7.18    0.0568457237293
7.2    0.0569128773575
7.22    0.0569708391261
7.24    0.0570197010682
7.26    0.0570634733887
7.28    0.0571042688705
7.3    0.0571361728986
7.32    0.0571592819774
7.34    0.0571736942693
7.36    0.0571795095799
7.38    0.0571768293401
7.4    0.0571657565859
7.42    0.0571463959334
7.44    0.0571188535508
7.46    0.057083237127
7.48    0.0570396558356
7.5    0.0569956945172
7.52    0.0569454106078
7.54    0.0568874027941
7.56    0.0568217845279
7.58    0.0567486705754
7.6    0.0566681769596
7.62    0.056580420899
7.64    0.0564855207444
7.66    0.0563835959121
7.68    0.0562747668148
7.7    0.0561591547904
7.72    0.0560368820278
7.74    0.0559146631505
7.76    0.0557872232023
7.78    0.0556533886074
7.8    0.0555132836392
7.82    0.0553670330894
7.84    0.0552147621864
7.86    0.0550565965126
7.88    0.0548926619236
7.9    0.0547230844641
7.92    0.0545479902876
7.94    0.0543675055738
7.96    0.0541817564485
7.98    0.0539924242049
8.0    0.053803131569
8.02    0.0536088443522
8.04    0.0534096877133
8.06    0.0532057864161
8.08    0.0529972647563
8.1    0.0527842464896
8.12    0.05256685476
8.14    0.0523452120336
8.16    0.0521194400312
8.18    0.0518896596651
8.2    0.051655990978
8.22    0.051418553083
8.24    0.0511774641083
8.26    0.0509364086007
8.28    0.0506935965981
8.3    0.050447378345
8.32    0.0501978680637
8.34    0.0499451787779
8.36    0.0496894222689
8.38    0.0494307090374
8.4    0.0491691482649
8.42    0.0489048477803
8.44    0.0486379140279
8.46    0.0483684520381
8.48    0.0480965653999
8.5    0.0478223562372
8.52    0.0475459251877
8.54    0.0472673713815
8.56    0.0470173598656
8.58    0.0469843616371
8.6    0.0469494245494
8.62    0.0469125808288
8.64    0.0468738624786
8.66    0.046833301263
8.68    0.0467909286926
8.7    0.0467467760104
8.72    0.046700874179
8.74    0.0466542419207
8.76    0.046608100066
8.78    0.0465602671091
8.8    0.046510772894
8.82    0.046459646938
8.84    0.0464069184231
8.86    0.0463526161878
8.88    0.0462967687208
8.9    0.0462394041536
8.92    0.0461805502554
8.94    0.046120234428
8.96    0.0460584837012
8.98    0.0459953247295
9.0    0.0459307837882
9.02    0.0458648867721
9.04    0.0457976591926
9.06    0.0457291261768
9.08    0.0456593124668
9.1    0.045588242419
9.12    0.045515940005
9.14    0.0454424288114
9.16    0.0453677320417
9.18    0.0452918725177
9.2    0.0452148726815
9.22    0.0451367545977
9.24    0.0450575399562
9.26    0.0449772500754
9.28    0.044895905906
9.3    0.0448135280339
9.32    0.0447301366848
9.34    0.0446457517285
9.36    0.0445603926834
9.38    0.0444740787209
9.4    0.0443868286708
9.42    0.0442986610263
9.44    0.0442096969079
9.46    0.044121906303
9.48    0.0440332249714
9.5    0.0439436703246
9.52    0.0438532594657
9.54    0.0437620091945
9.56    0.043669936014
9.58    0.0435770561358
9.6    0.0434833854868
9.62    0.0433889397156
9.64    0.0432937341973
9.66    0.0431977840416
9.68    0.0431011040973
9.7    0.0430037089598
9.72    0.0429056129768
9.74    0.0428068302541
9.76    0.0427073746625
9.78    0.0426072598438
9.8    0.0425064992162
9.82    0.0424051059815
9.84    0.0423030931298
9.86    0.0422004734466
9.88    0.0420972595178
9.9    0.041993463736
9.92    0.0418890983059
9.94    0.0417841752499
9.96    0.0416787064137
9.98    0.0415727034722
10.0    0.0414661779337
