0.05    0.000119062707752
0.07    0.000258779834668
0.09    0.000761559752321
0.1    0.000855999024853
0.12    0.00124541943585
0.14    0.00180284958559
0.16    0.00251643330479
0.18    0.00295272345117
0.2    0.00454369872717
0.22    0.00514793488981
0.24    0.00612162065273
0.26    0.00664140027559
0.28    0.00836961179721
0.3    0.0103340517506
0.32    0.0120176575471
0.34    0.0117729834272
0.36    0.0113003888867
0.38    0.0127019758369
0.4    0.0155533553151
0.42    0.0205936996044
0.44    0.0248245161424
0.46    0.0300832545164
0.48    0.0336584559285
0.5    0.0352860267987
0.52    0.0346635045454
0.54    0.0320132576886
0.56    0.0280041987615
0.58    0.0250937203567
0.6    0.027783420648
0.62    0.0309947069857
0.64    0.0322953857318
0.66    0.0364405441592
0.68    0.0426848103609
0.7    0.0451406651714
0.72    0.0474271992885
0.74    0.0495302319796
0.76    0.052363267861
0.78    0.0537216445849
0.8    0.0503182632006
0.82    0.0455340693864
0.84    0.0422172383227
0.86    0.0401602648994
0.88    0.0387163713383
0.9    0.0367492075317
0.92    0.034877447307
0.94    0.0341479894263
0.96    0.0359148007865
0.98    0.0387785639967
1.0    0.0405156133828
1.02    0.0423615868624
1.04    0.0455489013864
1.06    0.0497621380656
1.08    0.0518348299411
1.1    0.0516969363401
1.12    0.0505122492225
1.14    0.0498879277381
1.16    0.0504316173953
1.18    0.0501319661327
1.2    0.048033053278
1.22    0.0437169416078
1.24    0.0434835784211
1.26    0.0442641929925
1.28    0.0441698193737
1.3    0.0434040417223
1.32    0.0423310205751
1.34    0.0411131546349
1.36    0.0406012124934
1.38    0.0411985859369
1.4    0.0418212459775
1.42    0.0422955432496
1.44    0.0422702574612
1.46    0.0416980572535
1.48    0.0409726375033
1.5    0.0405801238521
1.52    0.0396591154807
1.54    0.0383366854445
1.56    0.0367501769179
1.58    0.0350150165829
1.6    0.0332276565458
1.62    0.0314515407848
1.64    0.0297184271915
1.66    0.0282372999157
1.68    0.0281593658454
1.7    0.0281014732907
1.72    0.0280692939864
1.74    0.0280555113978
1.76    0.0280637801947
1.78    0.0280886926991
1.8    0.0281271997347
1.82    0.028183945185
1.84    0.0282598398938
1.86    0.0283534114795
1.88    0.0284656861695
1.9    0.0286026174658
1.92    0.0287554346025
1.94    0.0289197423017
1.96    0.0290931566795
1.98    0.0292675454937
2.0    0.0294311325699
2.02    0.0295798653232
2.04    0.0297045545703
2.06    0.0297945720438
2.08    0.0298527477146
2.1    0.0298677741272
2.12    0.0298414944333
2.14    0.0297758131851
2.16    0.0296686277474
2.18    0.0295307644935
2.2    0.0296444897002
2.22    0.0314546240123
2.24    0.0333156659842
2.26    0.0351742418005
2.28    0.0369880647313
2.3    0.0387185312158
2.32    0.0403383650267
2.34    0.0418231119572
2.36    0.0431649852414
2.38    0.0443511210704
2.4    0.0453777876419
2.42    0.0462428390909
2.44    0.0469448362788
2.46    0.0474824965651
2.48    0.0478541311609
2.5    0.0480572606782
2.52    0.0480885888955
2.54    0.0479445613666
2.56    0.047622771565
2.58    0.0471240327187
2.6    0.0464421038127
2.62    0.0455807600243
2.64    0.0445411381009
2.66    0.0433322618104
2.68    0.0427413419545
2.7    0.0441730220565
2.72    0.0454749222101
2.74    0.046632176407
2.76    0.047635842258
2.78    0.0484747676416
2.8    0.0491423368252
2.82    0.0496351073427
2.84    0.049955114909
2.86    0.0501024850041
2.88    0.050081372413
2.9    0.0499015010822
2.92    0.0495721378252
2.94    0.0491041106831
2.96    0.0485103161895
2.98    0.0478075386261
3.0    0.0470080729601
3.02    0.0461283987026
3.04    0.0451847953841
3.06    0.0441930026274
3.08    0.0431679462684
3.1    0.0421234917962
3.12    0.0410731373198
3.14    0.0400313158527
3.16    0.0390041349915
3.18    0.0380052498055
3.2    0.0370374690796
3.22    0.0361113532967
3.24    0.0352279732887
3.26    0.0343900422783
3.28    0.0338602072869
3.3    0.0334665132071
3.32    0.0330820535444
3.34    0.0327101913834
3.36    0.0323538503814
3.38    0.0320155106056
3.4    0.0316977376139
3.42    0.0314022278244
3.44    0.0311293446606
3.46    0.0308799081483
3.48    0.0306543575648
3.5    0.0304527757989
3.52    0.0302749160911
3.54    0.0301202305343
3.56    0.0299878997615
3.58    0.0298768632975
3.6    0.0297858501058
3.62    0.0297134089133
3.64    0.0296579379497
3.66    0.0296177137888
3.68    0.029590919028
3.7    0.0295756685904
3.72    0.0295700344762
3.74    0.0295720688318
3.76    0.0295798252408
3.78    0.0295913781767
3.8    0.0296048405841
3.82    0.0296183795854
3.84    0.02963023033
3.86    0.0296402228407
3.88    0.0296453967024
3.9    0.0296441969812
3.92    0.0296352271221
3.94    0.0296172011357
3.96    0.0295889477251
3.98    0.0295494130765
4.0    0.0294976624186
4.02    0.0294332054513
4.04    0.0293568732069
4.06    0.0292662559461
4.08    0.029160880207
4.1    0.0290403845881
4.12    0.0289045161331
4.14    0.0287531261724
4.16    0.028586165704
4.18    0.0284053877442
4.2    0.0282096334872
4.22    0.02799866062
4.24    0.0277727588633
4.26    0.027532290693
4.28    0.027277685485
4.3    0.0270094336542
4.32    0.0267280808192
4.34    0.0264354454724
4.36    0.0261313086056
4.38    0.0258158891901
4.4    0.0254898937538
4.42    0.025154057033
4.44    0.024809136992
4.46    0.0244559100577
4.48    0.024258504731
4.5    0.024613716462
4.52    0.0249603424305
4.54    0.025296889426
4.56    0.025622115402
4.58    0.0259334722359
4.6    0.0262293780904
4.62    0.0265083803724
4.64    0.0267691589602
4.66    0.0270107284723
4.68    0.0272338736943
4.7    0.0274357370775
4.72    0.027615527304
4.74    0.0277725863323
4.76    0.0279076647932
4.78    0.028020384446
4.8    0.028109204856
4.82    0.0281739598544
4.84    0.0282156683868
4.86    0.0282349022973
4.88    0.028230237169
4.9    0.0282019283538
4.92    0.0281514962455
4.94    0.0280796053477
4.96    0.0279853332166
4.98    0.0278692674661
5.0    0.0277331030315
5.02    0.027577844741
5.04    0.0274028784144
5.06    0.0272090287053
5.08    0.0269973961914
5.1    0.0267704817085
5.12    0.0265273178638
5.14    0.0262688747642
5.16    0.0259961464854
5.18    0.0257102390428
5.2    0.0258475481215
5.22    0.026007885848
5.24    0.0261635301342
5.26    0.0263144424146
5.28    0.0264605915516
5.3    0.0266019535165
5.32    0.0267385110821
5.34    0.0268702535108
5.36    0.0269980355571
5.38    0.0271214336986
5.4    0.0272400225325
5.42    0.0273538133476
5.44    0.0274628225067
5.46    0.0275670711719
5.48    0.0276665850417
5.5    0.0277613940901
5.52    0.0278515323175
5.54    0.0279370375052
5.56    0.0280179509788
5.58    0.0280943173789
5.6    0.0281661844391
5.62    0.0282336027709
5.64    0.0282966256563
5.66    0.0283553088485
5.68    0.028409710378
5.7    0.028459890368
5.72    0.0285059108551
5.74    0.0285479766021
5.76    0.028587074494
5.78    0.028622198063
5.8    0.0286534149656
5.82    0.0286807940069
5.84    0.0287044050024
5.86    0.0287243186448
5.88    0.0287406063779
5.9    0.0287533402758
5.92    0.028762592928
5.94    0.0287684373306
5.96    0.0287709467823
5.98    0.028770194786
6.0    0.028766254956
6.02    0.0287592009294
6.04    0.0287491062833
6.06    0.0287360444551
6.08    0.0287200886696
6.1    0.0287013118684
6.12    0.0286797866446
6.14    0.0286555851814
6.16    0.0286287791941
6.18    0.0285994398769
6.2    0.0285676378525
6.22    0.0285334572236
6.24    0.0284978255077
6.26    0.0284599244496
6.28    0.0284198219682
6.3    0.0283775852196
6.32    0.0283332805643
6.34    0.0282869735379
6.36    0.0282387288259
6.38    0.0281886102372
6.4    0.0281366806853
6.42    0.0280830021663
6.44    0.0280276357423
6.46    0.0279706415273
6.48    0.0279120786715
6.5    0.0278520053515
6.52    0.0277904787603
6.54    0.0277275550971
6.56    0.0276632895643
6.58    0.0275977363592
6.6    0.0275309486715
6.62    0.0274629786803
6.64    0.0273938775545
6.66    0.0273236954502
6.68    0.0272524815146
6.7    0.0271802838861
6.72    0.0271071496983
6.74    0.0270331250837
6.76    0.0269582551789
6.78    0.0268825841303
6.8    0.0268061551
6.82    0.026729010273
6.84    0.0266511908663
6.86    0.0265727371363
6.88    0.0264936883858
6.9    0.0264140829774
6.92    0.0263339583397
6.94    0.0262533509804
6.96    0.0261722964962
6.98    0.0260908295815
7.0    0.0260089840436
7.02    0.0259267928123
7.04    0.0258442879519
7.06    0.0257615006739
7.08    0.0256784613485
7.1    0.0255955225448
7.12    0.0255124096829
7.14    0.0254291217065
7.16    0.0253456859042
7.18    0.0252621287869
7.2    0.0251784761028
7.22    0.0252563068103
7.24    0.0255182406604
7.26    0.0257557208531
7.28    0.0259685582625
7.3    0.0261566150447
7.32    0.0263197361675
7.34    0.0264578524811
7.36    0.0265710963594
7.38    0.0266612981612
7.4    0.0267310307314
7.42    0.0267808246405
7.44    0.0268109485816
7.46    0.0268217859894
7.48    0.0268197708561
7.5    0.0269216901436
7.52    0.0270343100395
7.54    0.0271356474857
7.56    0.027225159136
7.58    0.0273020596697
7.6    0.0273649071022
7.62    0.0274094977351
7.64    0.0274344291539
7.66    0.0274401544768
7.68    0.0274270715132
7.7    0.0273956840655
7.72    0.0273465934833
7.74    0.0272804393451
7.76    0.0271979287048
7.78    0.0270994760849
7.8    0.0269856640988
7.82    0.0268570932445
7.84    0.0267144038498
7.86    0.0265583733339
7.88    0.0263896149693
7.9    0.0262096737429
7.92    0.0260226314011
7.94    0.025831054723
7.96    0.0256316990287
7.98    0.025452821971
8.0    0.0255514896373
8.02    0.0256472620839
8.04    0.0257401500318
8.06    0.025830165868
8.08    0.0259173235722
8.1    0.0260016386444
8.12    0.0260831280299
8.14    0.0261618100555
8.16    0.0262377043572
8.18    0.0263108318116
8.2    0.0263812144788
8.22    0.0264488755313
8.24    0.0265138391964
8.26    0.0265761306971
8.28    0.0266357761917
8.3    0.0266928027182
8.32    0.0267472381397
8.34    0.0267991110916
8.36    0.026848659925
8.38    0.0268959958341
8.4    0.0269408573046
8.42    0.0269832753822
8.44    0.0270232816482
8.46    0.0270609081772
8.48    0.0270961874901
8.5    0.0271291525168
8.52    0.027159836556
8.54    0.0271882732334
8.56    0.0272144964691
8.58    0.0272385404378
8.6    0.0272604395375
8.62    0.0272802283546
8.64    0.0272979416325
8.66    0.0273136142405
8.68    0.0273272811454
8.7    0.0273389773819
8.72    0.0273487380263
8.74    0.0273565981705
8.76    0.0273626292281
8.78    0.0273672284551
8.8    0.0273700280145
8.82    0.0273710627598
8.84    0.0273703674503
8.86    0.0273679767311
8.88    0.0273639251132
8.9    0.027358246957
8.92    0.027350976453
8.94    0.0273421476075
8.96    0.0273317942258
8.98    0.0273199498973
9.0    0.0273066479831
9.02    0.0272919216012
9.04    0.0272758036144
9.06    0.0272583266202
9.08    0.027239522937
9.1    0.0272194245962
9.12    0.0271980633311
9.14    0.0271754705686
9.16    0.0271516774213
9.18    0.0271267146772
9.2    0.0271006127952
9.22    0.0270734018967
9.24    0.0270451117601
9.26    0.0270159784912
9.28    0.0269859371833
9.3    0.0269548990803
9.32    0.0269228925477
9.34    0.026889945588
9.36    0.0268560858345
9.38    0.0268213405472
9.4    0.026785736613
9.42    0.0267493005434
9.44    0.0267120584663
9.46    0.0266740361353
9.48    0.026635258918
9.5    0.0265957517997
9.52    0.0265555393835
9.54    0.0265146458892
9.56    0.0264730951507
9.58    0.026430910619
9.6    0.0263881153632
9.62    0.0263447320681
9.64    0.0263007830373
9.66    0.0262562901929
9.68    0.0262112750793
9.7    0.0261657588618
9.72    0.0261197623298
9.74    0.0260733058982
9.76    0.0260264096101
9.78    0.0259790931381
9.8    0.0259313757865
9.82    0.0258832764965
9.84    0.0258348138441
9.86    0.0257860060478
9.88    0.0257368709663
9.9    0.0256874261088
9.92    0.0256376886276
9.94    0.025587675333
9.96    0.0255374026869
9.98    0.0254868868129
10.0    0.0254361819079
