0.05    0.000148824316071
0.07    0.000352222760408
0.09    0.000761851672835
0.1    0.000739851422794
0.12    0.00123775682002
0.14    0.00215355185086
0.16    0.00331713904554
0.18    0.00519187045207
0.2    0.00620226403346
0.22    0.00632371807885
0.24    0.00851801588765
0.26    0.0157232846287
0.28    0.0211873254534
0.3    0.0241532033925
0.32    0.0204062951833
0.34    0.0162595606271
0.36    0.0138550583837
0.38    0.0159114465027
0.4    0.0165363133582
0.42    0.0167764571516
0.44    0.0159689181224
0.46    0.0176328015077
0.48    0.0201144783804
0.5    0.0218244634688
0.52    0.0227503501056
0.54    0.0246567042324
0.56    0.029162229116
0.58    0.0392488310943
0.6    0.0462683323719
0.62    0.0452900150252
0.64    0.0440619274098
0.66    0.0400708322287
0.68    0.0387315145616
0.7    0.0393123646615
0.72    0.0375986645937
0.74    0.0373830988185
0.76    0.0377745786478
0.78    0.0378163185009
0.8    0.0415959243157
0.82    0.0450914032915
0.84    0.0470916441844
0.86    0.0481740483921
0.88    0.0485063715561
0.9    0.0567857887894
0.92    0.0636317246838
0.94    0.0683190759437
0.96    0.0708316715754
0.98    0.0711371759991
1.0    0.0693368069155
1.02    0.0656278489319
1.04    0.0634113924668
1.06    0.0637354573574
1.08    0.065426076973
1.1    0.0666050464749
1.12    0.0671935899791
1.14    0.0672445663029
1.16    0.0683364458976
1.18    0.0728536948814
1.2    0.077416185473
1.22    0.0820057793918
1.24    0.0865972029019
1.26    0.0911609883622
1.28    0.0956783232121
1.3    0.100132672574
1.32    0.104509745147
1.34    0.108797341246
1.36    0.112985058017
1.38    0.117063976542
1.4    0.121026487757
1.42    0.124866284354
1.44    0.12859288799
1.46    0.132193186461
1.48    0.135660433742
1.5    0.138991027694
1.52    0.14220275907
1.54    0.145273148091
1.56    0.14819911831
1.58    0.150991343131
1.6    0.153654120698
1.62    0.156174679368
1.64    0.158576924686
1.66    0.160852160275
1.68    0.163016710218
1.7    0.165064617422
1.72    0.167018396471
1.74    0.168861312733
1.76    0.170610776339
1.78    0.172271999905
1.8    0.173847232716
1.82    0.175353639186
1.84    0.176813979943
1.86    0.178259004496
1.88    0.179720822075
1.9    0.181219292722
1.92    0.182789324825
1.94    0.184475090002
1.96    0.186247730761
1.98    0.188039528551
2.0    0.189809057063
2.02    0.191529539182
2.04    0.193195472211
2.06    0.194809631013
2.08    0.196376999839
2.1    0.197899006132
2.12    0.199374878827
2.14    0.200803124374
2.16    0.202178892344
2.18    0.203500448888
2.2    0.204747587118
2.22    0.205925638913
2.24    0.207032028127
2.26    0.208068243887
2.28    0.209037222496
2.3    0.20994016801
2.32    0.210781846723
2.34    0.21156449339
2.36    0.212301528737
2.38    0.21325870033
2.4    0.214750487357
2.42    0.216251468903
2.44    0.217722122008
2.46    0.219144288315
2.48    0.220613607317
2.5    0.222166545127
2.52    0.223709423131
2.54    0.22522631995
2.56    0.226950344728
2.58    0.229144933611
2.6    0.231617061248
2.62    0.234264861105
2.64    0.236894825673
2.66    0.239480581287
2.68    0.242019279139
2.7    0.244483893328
2.72    0.246820185744
2.74    0.249011137291
2.76    0.251069982403
2.78    0.253083157791
2.8    0.255109124312
2.82    0.257105303924
2.84    0.259035928357
2.86    0.260971963061
2.88    0.262970990695
2.9    0.264975358672
2.92    0.266969018491
2.94    0.268924901645
2.96    0.270843948675
2.98    0.272730282649
3.0    0.274633636764
3.02    0.276653158214
3.04    0.278978357557
3.06    0.28228436041
3.08    0.285656610973
3.1    0.289041569162
3.12    0.29238098112
3.14    0.2956248188
3.16    0.298741410435
3.18    0.3017258352
3.2    0.304587679994
3.22    0.307327579782
3.24    0.309944586192
3.26    0.312428738609
3.28    0.3147652182
3.3    0.316955871497
3.32    0.318988839003
3.34    0.320868895126
3.36    0.322593148132
3.38    0.324171588306
3.4    0.325593229267
3.42    0.326878614261
3.44    0.328016318785
3.46    0.329007301189
3.48    0.329864874354
3.5    0.330586011372
3.52    0.331169993759
3.54    0.331620708766
3.56    0.33194299414
3.58    0.332149616748
3.6    0.33223527345
3.62    0.332204651362
3.64    0.33206267453
3.66    0.331822858327
3.68    0.33148794563
3.7    0.33105758876
3.72    0.330552059123
3.74    0.329963079063
3.76    0.329310731545
3.78    0.328589290042
3.8    0.327809390019
3.82    0.326975329425
3.84    0.326093139628
3.86    0.325190449194
3.88    0.324768202653
3.9    0.328274603637
3.92    0.331574725584
3.94    0.334667054023
3.96    0.337586404686
3.98    0.340455667229
4.0    0.344366146769
4.02    0.348547544212
4.04    0.352574971832
4.06    0.356410532109
4.08    0.360049991845
4.1    0.363502872
4.12    0.366786431391
4.14    0.369937819162
4.16    0.372981348211
4.18    0.375926225019
4.2    0.378778879996
4.22    0.381529103329
4.24    0.384180984103
4.26    0.386739307236
4.28    0.389188556906
4.3    0.391503686105
4.32    0.393658161543
4.34    0.395637265584
4.36    0.397444185043
4.38    0.399101389695
4.4    0.400623040627
4.42    0.402035078865
4.44    0.403353351341
4.46    0.40459069773
4.48    0.405757534152
4.5    0.406878257453
4.52    0.407996589488
4.54    0.409124951259
4.56    0.410191977574
4.58    0.411174551987
4.6    0.412069905965
4.62    0.412867385633
4.64    0.413569759483
4.66    0.414200868714
4.68    0.414766047677
4.7    0.415250027104
4.72    0.41564486675
4.74    0.415970902995
4.76    0.416252039592
4.78    0.416475571524
4.8    0.416597256315
4.82    0.416604014913
4.84    0.416505237949
4.86    0.416332041536
4.88    0.41612493095
4.9    0.415879111235
4.92    0.41557047615
4.94    0.415217074057
4.96    0.414894120306
4.98    0.414599296952
5.0    0.414266612107
5.02    0.413892987405
5.04    0.413568963267
5.06    0.413603329303
5.08    0.413864050398
5.1    0.414261906801
5.12    0.414726963295
5.14    0.415229391467
5.16    0.415798824454
5.18    0.416460485759
5.2    0.417164884995
5.22    0.417906758065
5.24    0.418782619503
5.26    0.419796319118
5.28    0.420753016373
5.3    0.421615987964
5.32    0.422364998502
5.34    0.423000728898
5.36    0.423512113256
5.38    0.423903788582
5.4    0.424178358385
5.42    0.424331212252
5.44    0.424363802955
5.46    0.424277892554
5.48    0.424075723134
5.5    0.423760026611
5.52    0.423333878208
5.54    0.422800540686
5.56    0.422163420613
5.58    0.4214261031
5.6    0.420597808716
5.62    0.419678401231
5.64    0.418671327714
5.66    0.417580665026
5.68    0.416420171049
5.7    0.415186604947
5.72    0.413902003484
5.74    0.412594241584
5.76    0.411297724648
5.78    0.410016588028
5.8    0.408736669611
5.82    0.407449177888
5.84    0.406145388396
5.86    0.404813494624
5.88    0.403454985952
5.9    0.402068439815
5.92    0.400650875149
5.94    0.399205978811
5.96    0.397740947116
5.98    0.398678500935
6.0    0.400021225388
6.02    0.401266072677
6.04    0.40239299829
6.06    0.403397391894
6.08    0.404282401929
6.1    0.405049627598
6.12    0.405705609975
6.14    0.406259880284
6.16    0.406710196815
6.18    0.40704577509
6.2    0.407246579434
6.22    0.407309145639
6.24    0.407233920318
6.26    0.407022606726
6.28    0.40667565515
6.3    0.406192351534
6.32    0.405572883107
6.34    0.404819778879
6.36    0.403936795394
6.38    0.402929031397
6.4    0.401802302002
6.42    0.400562272771
6.44    0.399216354003
6.46    0.397773080182
6.48    0.396243647014
6.5    0.395963243285
6.52    0.395895547854
6.54    0.395713968942
6.56    0.395427776479
6.58    0.395046582454
6.6    0.394575775686
6.62    0.394005394139
6.64    0.393330597553
6.66    0.392549268282
6.68    0.391664615252
6.7    0.390683253512
6.72    0.389609182651
6.74    0.388442609005
6.76    0.387181764631
6.78    0.385826832469
6.8    0.384382704127
6.82    0.38285705782
6.84    0.381255423212
6.86    0.379580296763
6.88    0.377834381023
6.9    0.376025772195
6.92    0.374155748827
6.94    0.37223084941
6.96    0.370243914976
6.98    0.368190294364
7.0    0.366206094702
7.02    0.36574443677
7.04    0.365274298287
7.06    0.364787933618
7.08    0.364293311594
7.1    0.363786636347
7.12    0.363264925344
7.14    0.362738690974
7.16    0.362198551659
7.18    0.361645505728
7.2    0.361088040614
7.22    0.360517323993
7.24    0.359934706584
7.26    0.359348356976
7.28    0.358749773484
7.3    0.358139329554
7.32    0.357526070014
7.34    0.35690216298
7.36    0.356267332746
7.38    0.355627062406
7.4    0.35498021697
7.42    0.354323330077
7.44    0.353656866403
7.46    0.352989318011
7.48    0.352312557301
7.5    0.352159907951
7.52    0.352143742241
7.54    0.352143133127
7.56    0.352180421201
7.58    0.352235036682
7.6    0.352291197265
7.62    0.352330325979
7.64    0.352347165176
7.66    0.352335866281
7.68    0.35229631574
7.7    0.352223213364
7.72    0.352114464067
7.74    0.351970377981
7.76    0.351792185917
7.78    0.351575923634
7.8    0.351322768723
7.82    0.351038421743
7.84    0.350716449078
7.86    0.350361582263
7.88    0.349974926116
7.9    0.349551703545
7.92    0.349102159428
7.94    0.348616712268
7.96    0.348103115067
7.98    0.347556850221
8.0    0.346982332119
8.02    0.346376612131
8.04    0.345744208691
8.06    0.345080668256
8.08    0.344393319463
8.1    0.34367424905
8.12    0.342934800558
8.14    0.342164120235
8.16    0.3413746423
8.18    0.34055612787
8.2    0.339719702505
8.22    0.338857060402
8.24    0.33797746429
8.26    0.337076862631
8.28    0.336157731872
8.3    0.335223224548
8.32    0.33427600237
8.34    0.333318434807
8.36    0.3325227372
8.38    0.331764132674
8.4    0.331001451927
8.42    0.33023047549
8.44    0.329451715725
8.46    0.328661677536
8.48    0.327862479857
8.5    0.327054728938
8.52    0.326244823618
8.54    0.325446902886
8.56    0.324701329081
8.58    0.323984063609
8.6    0.323265470372
8.62    0.322539958781
8.64    0.32180422595
8.66    0.321057082281
8.68    0.320298121216
8.7    0.319526974156
8.72    0.318743262458
8.74    0.317946584316
8.76    0.317137002089
8.78    0.316316513767
8.8    0.315482558942
8.82    0.314634752511
8.84    0.313776475809
8.86    0.312905442127
8.88    0.31202068082
8.9    0.311127316686
8.92    0.310220532382
8.94    0.3093031724
8.96    0.308376162726
8.98    0.307437712958
9.0    0.306490839873
9.02    0.305535813669
9.04    0.304572734582
9.06    0.303603418647
9.08    0.302685588272
9.1    0.301863899156
9.12    0.301033168035
9.14    0.300194813231
9.16    0.299345386028
9.18    0.29848674131
9.2    0.297618755117
9.22    0.296740544217
9.24    0.295853710867
9.26    0.294977192939
9.28    0.294322592033
9.3    0.293670323095
9.32    0.293018195482
9.34    0.29236626783
9.36    0.291714597361
9.38    0.291063239875
9.4    0.290412249844
9.42    0.289762366684
9.44    0.289115001272
9.46    0.288468118755
9.48    0.287821768926
9.5    0.287176000343
9.52    0.286530860367
9.54    0.285886395179
9.56    0.285242649761
9.58    0.284600803647
9.6    0.283961072485
9.62    0.283322153147
9.64    0.282684086665
9.66    0.282046912991
9.68    0.281410671057
9.7    0.280775398763
9.72    0.280141133003
9.74    0.279507909691
9.76    0.278877932519
9.78    0.278249051337
9.8    0.277621282468
9.82    0.276994658541
9.84    0.276369211254
9.86    0.27574497146
9.88    0.275121969119
9.9    0.274500233407
9.92    0.273879792605
9.94    0.273262461963
9.96    0.272646588007
9.98    0.272032060536
10.0    0.271418905111
