0.05    0.000177667601864
0.07    0.000360332447735
0.09    0.000583984969881
0.1    0.000776308118746
0.12    0.00123346929252
0.14    0.00190713851081
0.16    0.00287977322515
0.18    0.00422077570225
0.2    0.00496808516948
0.22    0.00783576318795
0.24    0.010629661651
0.26    0.0113293435784
0.28    0.0122922454535
0.3    0.0161776169172
0.32    0.020720479774
0.34    0.0193419854045
0.36    0.0166643585049
0.38    0.016104882952
0.4    0.0190931233413
0.42    0.0200446989632
0.44    0.0215316708592
0.46    0.023930546287
0.48    0.0243060986754
0.5    0.0264199690267
0.52    0.0306735763659
0.54    0.0351016404277
0.56    0.0391419284858
0.58    0.0478013995858
0.6    0.0546960858452
0.62    0.0643767076665
0.64    0.0782729867962
0.66    0.0919648714082
0.68    0.107782153519
0.7    0.1232575547
0.72    0.131061549364
0.74    0.12792807296
0.76    0.120602212483
0.78    0.115029097172
0.8    0.109667407383
0.82    0.101228059249
0.84    0.106057123532
0.86    0.112461833073
0.88    0.114537479392
0.9    0.114924493406
0.92    0.115897857467
0.94    0.121721159049
0.96    0.127809163042
0.98    0.130403380754
1.0    0.131128869031
1.02    0.132873031226
1.04    0.139025524301
1.06    0.155286836779
1.08    0.175755581232
1.1    0.19242841186
1.12    0.204970450345
1.14    0.214368841142
1.16    0.217599656223
1.18    0.213572162828
1.2    0.20574999526
1.22    0.20471558305
1.24    0.204664010066
1.26    0.203407148454
1.28    0.199191962137
1.3    0.202090095559
1.32    0.202547639154
1.34    0.2031616637
1.36    0.206314774986
1.38    0.204698077697
1.4    0.201183367992
1.42    0.198640126778
1.44    0.204352884581
1.46    0.209426410943
1.48    0.20841976857
1.5    0.20733167088
1.52    0.215583067684
1.54    0.221586603671
1.56    0.225924694426
1.58    0.228827521916
1.6    0.230392568761
1.62    0.230808432067
1.64    0.230733075381
1.66    0.229552485493
1.68    0.227488876695
1.7    0.224003875655
1.72    0.22438911764
1.74    0.223804036058
1.76    0.221882391993
1.78    0.218317611419
1.8    0.21838465178
1.82    0.217097523609
1.84    0.216363157624
1.86    0.214983057599
1.88    0.212708329798
1.9    0.209761795978
1.92    0.206387768298
1.94    0.202451086809
1.96    0.197988827586
1.98    0.193392004928
2.0    0.188320807919
2.02    0.183103161256
2.04    0.177623917545
2.06    0.172097454725
2.08    0.166429001035
2.1    0.160830605497
2.12    0.155175236261
2.14    0.152805582907
2.16    0.158385124607
2.18    0.162820357649
2.2    0.166450039683
2.22    0.169774915255
2.24    0.173363003398
2.26    0.177540727716
2.28    0.182427713416
2.3    0.187964333236
2.32    0.193969873415
2.34    0.200232268357
2.36    0.206613654908
2.38    0.212987553025
2.4    0.219410770091
2.42    0.225964899522
2.44    0.23275818525
2.46    0.239996567683
2.48    0.247919236524
2.5    0.256378942495
2.52    0.265518911762
2.54    0.275111557282
2.56    0.284881216302
2.58    0.294594745392
2.6    0.304092728695
2.62    0.312988100609
2.64    0.320986167615
2.66    0.327842269866
2.68    0.333543260749
2.7    0.337854320383
2.72    0.340874588319
2.74    0.342639948205
2.76    0.343556784663
2.78    0.344233468008
2.8    0.344106834004
2.82    0.343210931296
2.84    0.339632483771
2.86    0.334693746208
2.88    0.327847862663
2.9    0.319355098819
2.92    0.309285257735
2.94    0.298065215014
2.96    0.28618885742
2.98    0.274410832624
3.0    0.26334486053
3.02    0.253874995681
3.04    0.246526765145
3.06    0.244955575805
3.08    0.2433754981
3.1    0.241494637353
3.12    0.24567774452
3.14    0.252244009448
3.16    0.260612791798
3.18    0.270090527527
3.2    0.280129158683
3.22    0.289936410478
3.24    0.299084163554
3.26    0.307014326882
3.28    0.313439609355
3.3    0.318145155004
3.32    0.321000469519
3.34    0.32195912641
3.36    0.321044417916
3.38    0.318335776426
3.4    0.314053771028
3.42    0.311283353873
3.44    0.311101439824
3.46    0.309805261138
3.48    0.307383196941
3.5    0.303741186572
3.52    0.299172254399
3.54    0.294699524059
3.56    0.291511785156
3.58    0.288147020878
3.6    0.284834976359
3.62    0.281618740173
3.64    0.278550985968
3.66    0.275703501016
3.68    0.273075120291
3.7    0.270608113556
3.72    0.268241078105
3.74    0.267096677155
3.76    0.268505496582
3.78    0.270432194101
3.8    0.272778020611
3.82    0.275435462862
3.84    0.278275036287
3.86    0.281229727808
3.88    0.284204852262
3.9    0.286936591402
3.92    0.289281122978
3.94    0.291272077674
3.96    0.292740216506
3.98    0.293493049209
4.0    0.29362618133
4.02    0.293052745546
4.04    0.29162431152
4.06    0.28956986878
4.08    0.286744383824
4.1    0.283131170644
4.12    0.279040848054
4.14    0.275102783156
4.16    0.272613269847
4.18    0.269597633393
4.2    0.26617078753
4.22    0.262297138325
4.24    0.258069128025
4.26    0.253584041145
4.28    0.248941349242
4.3    0.244250495837
4.32    0.239643715692
4.34    0.23514717609
4.36    0.230847171016
4.38    0.226822193979
4.4    0.223141667692
4.42    0.219864983364
4.44    0.217040845827
4.46    0.214707930465
4.48    0.212944465948
4.5    0.211717962348
4.52    0.211031288101
4.54    0.21087742633
4.56    0.211240264726
4.58    0.212095512169
4.6    0.213411709721
4.62    0.215151304798
4.64    0.217271759034
4.66    0.219726662666
4.68    0.222466830929
4.7    0.22544136093
4.72    0.228598630567
4.74    0.231887224292
4.76    0.235256773692
4.78    0.238658703982
4.8    0.242046880417
4.82    0.24537815144
4.84    0.248612787827
4.86    0.25171481938
4.88    0.254652272652
4.9    0.257397314838
4.92    0.259926310367
4.94    0.262301343042
4.96    0.264445124952
4.98    0.266330652287
5.0    0.267949396761
5.02    0.26929631434
5.04    0.270369564948
5.06    0.271188246649
5.08    0.271835286355
5.1    0.272219299187
5.12    0.272347500531
5.14    0.272228711968
5.16    0.271873031773
5.18    0.271359724324
5.2    0.272659838132
5.22    0.275126896773
5.24    0.277380964993
5.26    0.279527367613
5.28    0.281491844057
5.3    0.283258109932
5.32    0.284832051758
5.34    0.286219844935
5.36    0.287458193444
5.38    0.288614163064
5.4    0.289601635693
5.42    0.290426124761
5.44    0.291092710819
5.46    0.291605957952
5.48    0.291995056534
5.5    0.292329526587
5.52    0.296845376734
5.54    0.301242358362
5.56    0.305452926582
5.58    0.309415112366
5.6    0.313156462784
5.62    0.316675219453
5.64    0.319929738709
5.66    0.323001593813
5.68    0.325798814171
5.7    0.328375858003
5.72    0.330733898572
5.74    0.332834960341
5.76    0.334698637443
5.78    0.336368872627
5.8    0.337810250655
5.82    0.339038301466
5.84    0.34005495178
5.86    0.340847566998
5.88    0.341397242838
5.9    0.341719206993
5.92    0.341808986318
5.94    0.341640539968
5.96    0.341228473695
5.98    0.340597430704
6.0    0.339776072302
6.02    0.338785591633
6.04    0.337624850118
6.06    0.336268369495
6.08    0.334682194328
6.1    0.332869303247
6.12    0.330848796479
6.14    0.328557705053
6.16    0.326092531033
6.18    0.323381557666
6.2    0.320488676802
6.22    0.317410590618
6.24    0.314146990419
6.26    0.310781716115
6.28    0.307296126026
6.3    0.303742908086
6.32    0.300185553614
6.34    0.296590422751
6.36    0.292930212297
6.38    0.289220989122
6.4    0.285449656832
6.42    0.281644061843
6.44    0.277783159948
6.46    0.273955158562
6.48    0.270109454226
6.5    0.266271764917
6.52    0.262516364183
6.54    0.258805906255
6.56    0.255161759382
6.58    0.251621240433
6.6    0.24820454617
6.62    0.244906582473
6.64    0.241744188092
6.66    0.238743266489
6.68    0.235915496401
6.7    0.233261337284
6.72    0.230791908237
6.74    0.228525584809
6.76    0.22646500217
6.78    0.224619713977
6.8    0.222985814897
6.82    0.221563677021
6.84    0.220353632142
6.86    0.219356744273
6.88    0.218572470137
6.9    0.217998699636
6.92    0.217631805228
6.94    0.217466699541
6.96    0.217496900525
6.98    0.217714603396
7.0    0.21811075864
7.02    0.218676122486
7.04    0.219408038442
7.06    0.220286843451
7.08    0.221299600102
7.1    0.222432558803
7.12    0.223671255965
7.14    0.225000613263
7.16    0.226417792912
7.18    0.227910868635
7.2    0.229449896689
7.22    0.231018393729
7.24    0.23259972989
7.26    0.234189167052
7.28    0.235792101809
7.3    0.23736134431
7.32    0.238880543737
7.34    0.240333619691
7.36    0.241747788922
7.38    0.243083658363
7.4    0.244310488126
7.42    0.247160540321
7.44    0.250646372648
7.46    0.254167509528
7.48    0.25771079885
7.5    0.261263108362
7.52    0.26481137507
7.54    0.268342652726
7.56    0.27188439953
7.58    0.275387535864
7.6    0.278839263832
7.62    0.282227467127
7.64    0.285540340211
7.66    0.288766422688
7.68    0.291921474247
7.7    0.295003032859
7.72    0.297968545379
7.74    0.300808105199
7.76    0.303512278351
7.78    0.306104957766
7.8    0.308586078109
7.82    0.310908657192
7.84    0.313065179889
7.86    0.315077333116
7.88    0.316962832273
7.9    0.318664589175
7.92    0.320177152738
7.94    0.321574500907
7.96    0.322781294906
7.98    0.323786899401
8.0    0.324671290681
8.02    0.325354237491
8.04    0.325848074618
8.06    0.326201361969
8.08    0.326342675715
8.1    0.326328858846
8.12    0.326134823716
8.14    0.325742400594
8.16    0.326092366681
8.18    0.32856520414
8.2    0.330884080455
8.22    0.332999292951
8.24    0.334907804247
8.26    0.336681325764
8.28    0.338264956044
8.3    0.339636254019
8.32    0.340794027963
8.34    0.341768656322
8.36    0.342594325161
8.38    0.343205653444
8.4    0.343603161728
8.42    0.343787805921
8.44    0.34380307738
8.46    0.343661689025
8.48    0.343312085726
8.5    0.342756700197
8.52    0.341998330508
8.54    0.34107376331
8.56    0.340010172303
8.58    0.338752796407
8.6    0.337305627874
8.62    0.335672945032
8.64    0.333868036371
8.66    0.331962721702
8.68    0.329884616804
8.7    0.327638891172
8.72    0.325230918458
8.74    0.322666259257
8.76    0.322257211472
8.78    0.323148409297
8.8    0.324233029224
8.82    0.326323939697
8.84    0.328314319034
8.86    0.330203651214
8.88    0.331991549263
8.9    0.33367775213
8.92    0.335283317466
8.94    0.336817372189
8.96    0.338249834707
8.98    0.33958086608
9.0    0.340810737598
9.02    0.3419398273
9.04    0.342968616473
9.06    0.343897686113
9.08    0.34472771336
9.1    0.345459467927
9.12    0.346093808514
9.14    0.34663167923
9.16    0.347074106003
9.18    0.347422193014
9.2    0.347677119145
9.22    0.347840134436
9.24    0.347956042902
9.26    0.347988402434
9.28    0.347932530485
9.3    0.34778989688
9.32    0.347562026644
9.34    0.34725049667
9.36    0.346856932453
9.38    0.346383004847
9.4    0.345830426901
9.42    0.345200950736
9.44    0.344496364482
9.46    0.343718489275
9.48    0.342869176323
9.5    0.341950304023
9.52    0.340963775157
9.54    0.339911514144
9.56    0.338795464365
9.58    0.337617585559
9.6    0.336407548021
9.62    0.335149563103
9.64    0.333834887665
9.66    0.332465512442
9.68    0.331043433541
9.7    0.329570650254
9.72    0.328049162925
9.74    0.326480970891
9.76    0.3248680705
9.78    0.323212453206
9.8    0.321516103711
9.82    0.319780998213
9.84    0.318009102681
9.86    0.316202371255
9.88    0.314362744656
9.9    0.312492148706
9.92    0.310592492904
9.94    0.308665669055
9.96    0.306713549982
9.98    0.304737988304
10.0    0.302740815257
