0.05    0.000173531832098
0.07    0.000344258089129
0.09    0.000585998494737
0.1    0.000694364513119
0.12    0.00106256283286
0.14    0.00146267707147
0.16    0.00222180541462
0.18    0.00334845181563
0.2    0.00412492599705
0.22    0.00501868579434
0.24    0.00760058987518
0.26    0.00964542410076
0.28    0.0115386643239
0.3    0.0155798820526
0.32    0.018345588527
0.34    0.0177266831033
0.36    0.0193724378594
0.38    0.0226850635008
0.4    0.0296412688144
0.42    0.0345997020152
0.44    0.0342239674802
0.46    0.0386650418645
0.48    0.0436524244559
0.5    0.0428921316299
0.52    0.0375079566925
0.54    0.0317178874174
0.56    0.0368492334979
0.58    0.0417913135466
0.6    0.0498202023034
0.62    0.0594786048787
0.64    0.066746773668
0.66    0.0714485681668
0.68    0.0750229753672
0.7    0.0814997282491
0.72    0.089132064202
0.74    0.0933387495168
0.76    0.0972378281199
0.78    0.101055814991
0.8    0.105964230574
0.82    0.112378484905
0.84    0.120362364862
0.86    0.127470727952
0.88    0.130792057059
0.9    0.129682291246
0.92    0.125517030993
0.94    0.119725163441
0.96    0.112359626771
0.98    0.103625211822
1.0    0.0996422453615
1.02    0.0978467432912
1.04    0.10353423773
1.06    0.11466348909
1.08    0.119909009631
1.1    0.139285815205
1.12    0.158006806889
1.14    0.173488691081
1.16    0.184452655659
1.18    0.189413383236
1.2    0.189718277373
1.22    0.187332226607
1.24    0.187222205056
1.26    0.188979318142
1.28    0.187838922415
1.3    0.186357320035
1.32    0.177373966111
1.34    0.163530169574
1.36    0.148456918511
1.38    0.13704154439
1.4    0.126595854405
1.42    0.114457904638
1.44    0.112923928266
1.46    0.116309809947
1.48    0.118999256814
1.5    0.120949613726
1.52    0.122164518938
1.54    0.122688527696
1.56    0.122613250435
1.58    0.122054912586
1.6    0.12110913729
1.62    0.119824248179
1.64    0.118308371842
1.66    0.125460188496
1.68    0.131608830016
1.7    0.136492444847
1.72    0.140152275656
1.74    0.142630976891
1.76    0.143982717614
1.78    0.144289594675
1.8    0.143667053819
1.82    0.142252117826
1.84    0.140181557768
1.86    0.137568378118
1.88    0.13447982214
1.9    0.130936391047
1.92    0.130782143785
1.94    0.131205240126
1.96    0.131415033876
1.98    0.131502682378
2.0    0.131495745267
2.02    0.131263659009
2.04    0.130947547781
2.06    0.130492763154
2.08    0.129758605327
2.1    0.12897391736
2.12    0.127789583736
2.14    0.126427112437
2.16    0.124659663837
2.18    0.124202196574
2.2    0.126798287995
2.22    0.129253653323
2.24    0.131633384955
2.26    0.133700956031
2.28    0.135468942903
2.3    0.136922100285
2.32    0.137897694242
2.34    0.138547051813
2.36    0.138611298919
2.38    0.138358312558
2.4    0.137504619685
2.42    0.136308325838
2.44    0.134636084502
2.46    0.132508119855
2.48    0.130119351794
2.5    0.12730670488
2.52    0.1241630358
2.54    0.123171989911
2.56    0.129391127346
2.58    0.134336073751
2.6    0.137783488901
2.62    0.141235542408
2.64    0.144218364298
2.66    0.146067213586
2.68    0.147180558308
2.7    0.147645528424
2.72    0.148002621917
2.74    0.14773226071
2.76    0.146668506165
2.78    0.144910781844
2.8    0.142522686486
2.82    0.139600810035
2.84    0.136111508018
2.86    0.132109939549
2.88    0.127686228888
2.9    0.123166934309
2.92    0.119534218688
2.94    0.115741436319
2.96    0.111774227233
2.98    0.10777470369
3.0    0.103889277187
3.02    0.100249871254
3.04    0.0969613691424
3.06    0.094092704158
3.08    0.0916725249784
3.1    0.0896897010003
3.12    0.0880983167928
3.14    0.0868263063749
3.16    0.0873517277423
3.18    0.0900424846136
3.2    0.0928239040733
3.22    0.0956631444248
3.24    0.0985281243429
3.26    0.101387893416
3.28    0.104212955964
3.3    0.107026159774
3.32    0.109770028851
3.34    0.112410454531
3.36    0.11492536384
3.38    0.117339022385
3.4    0.119643745336
3.42    0.121776699767
3.44    0.123761470268
3.46    0.125625063555
3.48    0.127287851782
3.5    0.128814607325
3.52    0.130176732806
3.54    0.131325143613
3.56    0.132378178465
3.58    0.133219470677
3.6    0.13453141751
3.62    0.141592625635
3.64    0.148274322443
3.66    0.154552209556
3.68    0.160148826923
3.7    0.164909530475
3.72    0.168895698511
3.74    0.171859300213
3.76    0.17386041217
3.78    0.17485881482
3.8    0.174791093702
3.82    0.173681152346
3.84    0.17163677464
3.86    0.168624367339
3.88    0.164709504031
3.9    0.159993751374
3.92    0.15932770689
3.94    0.16110068087
3.96    0.16282218915
3.98    0.164528535256
4.0    0.166200776626
4.02    0.167871931077
4.04    0.169463918018
4.06    0.170949666971
4.08    0.172305399008
4.1    0.173512053937
4.12    0.174554500302
4.14    0.175465905903
4.16    0.176243710015
4.18    0.176852120515
4.2    0.17736333423
4.22    0.177713803683
4.24    0.17795880605
4.26    0.1780941463
4.28    0.178102679136
4.3    0.178062215156
4.32    0.177918480529
4.34    0.177740692691
4.36    0.177619464786
4.38    0.177821496928
4.4    0.178260169196
4.42    0.178707552977
4.44    0.179110457049
4.46    0.179460820133
4.48    0.179811082579
4.5    0.180081959041
4.52    0.180366281475
4.54    0.180570667275
4.56    0.180762212126
4.58    0.180908578245
4.6    0.180977213173
4.62    0.181069888873
4.64    0.181084370856
4.66    0.181037160516
4.68    0.180998584168
4.7    0.180881768271
4.72    0.180713645018
4.74    0.180537504898
4.76    0.180279835692
4.78    0.180007483691
4.8    0.179679459247
4.82    0.179334126179
4.84    0.178953062324
4.86    0.178550103585
4.88    0.178144676862
4.9    0.177684828297
4.92    0.177183759635
4.94    0.176620326826
4.96    0.176009385544
4.98    0.175292873102
5.0    0.174558057653
5.02    0.173718810125
5.04    0.172779415309
5.06    0.171809824031
5.08    0.170727196219
5.1    0.169534669449
5.12    0.168313462379
5.14    0.166977493276
5.16    0.165527228724
5.18    0.164037739222
5.2    0.162444405367
5.22    0.160738166216
5.24    0.158988833111
5.26    0.157140419165
5.28    0.155193297645
5.3    0.153204582261
5.32    0.151109662426
5.34    0.151745256215
5.36    0.152562163216
5.38    0.153305526544
5.4    0.154021682172
5.42    0.154649777212
5.44    0.15518843794
5.46    0.155679147273
5.48    0.156106707164
5.5    0.15644169985
5.52    0.156691560165
5.54    0.156910290109
5.56    0.157034634944
5.58    0.157076217868
5.6    0.157183467972
5.62    0.157517323665
5.64    0.157758371973
5.66    0.157968154598
5.68    0.158080163727
5.7    0.158094705323
5.72    0.158012264549
5.74    0.157896362385
5.76    0.157690341068
5.78    0.157388999581
5.8    0.156993419226
5.82    0.156504835514
5.84    0.155972277943
5.86    0.155366114461
5.88    0.154670408879
5.9    0.153886890625
5.92    0.153017412641
5.94    0.152063944311
5.96    0.151064997297
5.98    0.150007400711
6.0    0.149193350678
6.02    0.149568216973
6.04    0.149916623758
6.06    0.150238411361
6.08    0.150533449074
6.1    0.150801634267
6.12    0.151042891497
6.14    0.151257171609
6.16    0.151444450846
6.18    0.151604729961
6.2    0.151738033332
6.22    0.151850124877
6.24    0.151956697992
6.26    0.152036412999
6.28    0.152089366498
6.3    0.152115674822
6.32    0.152115473205
6.34    0.152088914964
6.36    0.152036170687
6.38    0.151957427447
6.4    0.151852888013
6.42    0.151722770093
6.44    0.151567305575
6.46    0.151386739798
6.48    0.151194119987
6.5    0.150989495465
6.52    0.150760352544
6.54    0.150506974889
6.56    0.150229656562
6.58    0.149928701379
6.6    0.149604422285
6.62    0.149257140746
6.64    0.148887186152
6.66    0.148494895248
6.68    0.148080611569
6.7    0.147644684904
6.72    0.147207102735
6.74    0.146751553755
6.76    0.146275142796
6.78    0.146259219891
6.8    0.146429836995
6.82    0.146599235903
6.84    0.146747099875
6.86    0.14686889532
6.88    0.146964850846
6.9    0.147035205165
6.92    0.147100758684
6.94    0.147149553949
6.96    0.147173301593
6.98    0.147172268712
7.0    0.147146730287
7.02    0.147096968711
7.04    0.147030725602
7.06    0.146961123715
7.08    0.146867936386
7.1    0.146751465815
7.12    0.146612019698
7.14    0.146449910826
7.16    0.146265456685
7.18    0.146058979076
7.2    0.145853688304
7.22    0.145630022871
7.24    0.145385040878
7.26    0.145119074275
7.28    0.144832457812
7.3    0.144525528714
7.32    0.144198626376
7.34    0.14385209206
7.36    0.143499856349
7.38    0.143138932947
7.4    0.142759110184
7.42    0.142360732039
7.44    0.141944143197
7.46    0.141509688809
7.48    0.141057714254
7.5    0.14058856491
7.52    0.140102585939
7.54    0.139600122074
7.56    0.139097192548
7.58    0.138583889443
7.6    0.138054821874
7.62    0.137510330552
7.64    0.136950754985
7.66    0.136376433316
7.68    0.135787702156
7.7    0.135184896443
7.72    0.134568349292
7.74    0.133938391863
7.76    0.133926049969
7.78    0.134102065874
7.8    0.134270909631
7.82    0.134432659718
7.84    0.13458739475
7.86    0.134735193444
7.88    0.134876134582
7.9    0.135014042521
7.92    0.135152763676
7.94    0.135284786452
7.96    0.135410189026
7.98    0.135529049515
8.0    0.135641445947
8.02    0.135747456233
8.04    0.13584715814
8.06    0.135940629265
8.08    0.136027947011
8.1    0.13610918856
8.12    0.136184430855
8.14    0.136253750574
8.16    0.13631722411
8.18    0.136374927555
8.2    0.136426936672
8.22    0.136473326887
8.24    0.136514173265
8.26    0.136549550495
8.28    0.136579532876
8.3    0.136604194299
8.32    0.136623608235
8.34    0.136637847721
8.36    0.136646985348
8.38    0.136651093246
8.4    0.136650243076
8.42    0.136644506017
8.44    0.136633952757
8.46    0.136618653483
8.48    0.136598677871
8.5    0.13657409508
8.52    0.13654497374
8.54    0.13651138195
8.56    0.136473387267
8.58    0.1364310567
8.6    0.136384456707
8.62    0.136333653186
8.64    0.136278711471
8.66    0.136219696331
8.68    0.136156671959
8.7    0.136089701973
8.72    0.136018849415
8.74    0.135944176739
8.76    0.135865745818
8.78    0.135783617936
8.8    0.135697853789
8.82    0.136034143989
8.84    0.137382332184
8.86    0.138652199643
8.88    0.139849600994
8.9    0.140991530705
8.92    0.142049588111
8.94    0.143022011421
8.96    0.14390720585
8.98    0.144703743188
9.0    0.145424966362
9.02    0.146078375505
9.04    0.146640113767
9.06    0.14710935586
9.08    0.147485436363
9.1    0.147767847531
9.12    0.147973984761
9.14    0.14810691949
9.16    0.1481455726
9.18    0.148089990931
9.2    0.147940365266
9.22    0.147697026886
9.24    0.147383969863
9.26    0.146992879508
9.28    0.146509601307
9.3    0.145934947225
9.32    0.145269851398
9.34    0.144525297725
9.36    0.143719138325
9.38    0.142825562807
9.4    0.141845913157
9.42    0.141674648712
9.44    0.141832676226
9.46    0.141985934468
9.48    0.1421344752
9.5    0.142278349941
9.52    0.142419454112
9.54    0.142562882406
9.56    0.142701742249
9.58    0.14283608406
9.6    0.142965957993
9.62    0.143091413926
9.64    0.143212501457
9.66    0.1433292699
9.68    0.14344176828
9.7    0.143550045326
9.72    0.144457628384
9.74    0.145432116215
9.76    0.14637922878
9.78    0.14729888121
9.8    0.148191002857
9.82    0.149055536962
9.84    0.149892440329
9.86    0.150718246503
9.88    0.151520444396
9.9    0.15229501835
9.92    0.153041968326
9.94    0.153761306362
9.96    0.154453056248
9.98    0.155117253214
10.0    0.155753943611
