0.05    9.737609977e-05
0.07    0.000187603034319
0.09    0.000407668150506
0.1    0.000538256079469
0.12    0.00069689138771
0.14    0.00111374910537
0.16    0.00167595800662
0.18    0.00222721671816
0.2    0.0027968263493
0.22    0.00286864886002
0.24    0.00291564115882
0.26    0.00330297016561
0.28    0.00438630336819
0.3    0.00544987792999
0.32    0.0063110381477
0.34    0.00707523358032
0.36    0.00776447798523
0.38    0.00839401240958
0.4    0.00893682449284
0.42    0.00940984843849
0.44    0.00984418531848
0.46    0.0102545015988
0.48    0.0109021573889
0.5    0.0117365786075
0.52    0.0126938511288
0.54    0.0134475309267
0.56    0.0140148404111
0.58    0.0144456108728
0.6    0.0149005577154
0.62    0.0152106893944
0.64    0.0153799460835
0.66    0.0154102346246
0.68    0.015309262131
0.7    0.0150862296202
0.72    0.0147845663607
0.74    0.0144168810662
0.76    0.0139919008705
0.78    0.0135217513969
0.8    0.013675172807
0.82    0.0149855169929
0.84    0.0161101824625
0.86    0.0168831799592
0.88    0.017322617858
0.9    0.0174433568139
0.92    0.0172664323179
0.94    0.0168304629011
0.96    0.0161606668922
0.98    0.0152950570696
1.0    0.014292110324
1.02    0.0132076857653
1.04    0.0121037945401
1.06    0.0112273211816
1.08    0.0110413474001
1.1    0.010854666745
1.12    0.0106658574168
1.14    0.0104762768016
1.16    0.0102844456776
1.18    0.0100883298325
1.2    0.0099120029747
1.22    0.00991904589151
1.24    0.00992615337316
1.26    0.00993180467839
1.28    0.00993476761143
1.3    0.0099352011805
1.32    0.00993326438941
1.34    0.00992911499757
1.36    0.00992290841932
1.38    0.00991479677128
1.4    0.00990492806866
1.42    0.0098934455652
1.44    0.00988048722788
1.46    0.00986704658395
1.48    0.00997305240582
1.5    0.0101633814497
1.52    0.0103154143181
1.54    0.0104260778442
1.56    0.0104920676818
1.58    0.0106382677365
1.6    0.0109102445343
1.62    0.0111615698027
1.64    0.0113871058011
1.66    0.0115915157053
1.68    0.0117709279343
1.7    0.0119302721279
1.72    0.0120673950072
1.74    0.0121831539554
1.76    0.0122811667183
1.78    0.0123599650092
1.8    0.0124201719836
1.82    0.0124643306287
1.84    0.012492688522
1.86    0.0125049354503
1.88    0.0125036711681
1.9    0.0124893255897
1.92    0.0124616160294
1.94    0.0124232931063
1.96    0.0123744045857
1.98    0.0123150967881
2.0    0.0122474425567
2.02    0.012172002184
2.04    0.0120885531759
2.06    0.0119983864223
2.08    0.0119025445003
2.1    0.0117999135427
2.12    0.0116930595277
2.14    0.0115805448487
2.16    0.0114642377239
2.18    0.0113435332007
2.2    0.0112198671405
2.22    0.0110927225734
2.24    0.0109635220175
2.26    0.0108317774155
2.28    0.0106986193911
2.3    0.0105641499546
2.32    0.0104286234774
2.34    0.0102931212708
2.36    0.0101587469725
2.38    0.0100291999035
2.4    0.00990141570464
2.42    0.00977384597371
2.44    0.00964614229882
2.46    0.00951883369988
2.48    0.00939107152787
2.5    0.00926376024061
2.52    0.00913660159892
2.54    0.00900930750196
2.56    0.0088906004818
2.58    0.00887837524159
2.6    0.00886638657873
2.62    0.00885463068197
2.64    0.00884310369306
2.66    0.00883180171886
2.68    0.00882072084239
2.7    0.00880985713278
2.72    0.00879920665426
2.74    0.00878876547432
2.76    0.00877852967099
2.78    0.00876849533943
2.8    0.00875865859776
2.82    0.0087490155924
2.84    0.00873956250263
2.86    0.00873029554478
2.88    0.00872121097588
2.9    0.00871230509683
2.92    0.00870357425523
2.94    0.00869501484778
2.96    0.00868662332235
2.98    0.00867839617976
3.0    0.00867032997526
3.02    0.00866242131976
3.04    0.0086546668808
3.06    0.00864706338335
3.08    0.00863960761037
3.1    0.00863229640322
3.12    0.00862512666193
3.14    0.00861809534526
3.16    0.00861119947072
3.18    0.00860443611438
3.2    0.00859780241069
3.22    0.00859129555205
3.24    0.00858491278848
3.26    0.00857865142705
3.28    0.00857250883136
3.3    0.00856648242091
3.32    0.00856056967041
3.34    0.00855476810909
3.36    0.00854907531995
3.38    0.00854348893896
3.4    0.00853800665422
3.42    0.00853262620518
3.44    0.00852734538175
3.46    0.00852216202343
3.48    0.00851707401844
3.5    0.00851207930281
3.52    0.00850717585948
3.54    0.00850236171743
3.56    0.00849763495072
3.58    0.00849299367763
3.6    0.00848843605976
3.62    0.0084839603011
3.64    0.00847956464715
3.66    0.00847524738407
3.68    0.00847100683776
3.7    0.00846684137298
3.72    0.00846274939254
3.74    0.00845872933642
3.76    0.00845477968097
3.78    0.00845089893801
3.8    0.0084470856541
3.82    0.00844333840969
3.84    0.00843965581835
3.86    0.008436036526
3.88    0.00843247921014
3.9    0.00842898257914
3.92    0.00842554537145
3.94    0.00842216635494
3.96    0.00841884432615
3.98    0.00841557810964
4.0    0.00841236655731
4.02    0.0084092085477
4.04    0.00840610298542
4.06    0.00840304880044
4.08    0.00840004494752
4.1    0.0083970904056
4.12    0.0083941841772
4.14    0.00839132528782
4.16    0.00838851278545
4.18    0.00838574573992
4.2    0.00838302324247
4.22    0.00838034440513
4.24    0.00837770836025
4.26    0.00837511426003
4.28    0.00837256127596
4.3    0.00837004859842
4.32    0.00836757543616
4.34    0.00836514101585
4.36    0.00836274458171
4.38    0.00836038539496
4.4    0.00835806273352
4.42    0.00835577589151
4.44    0.00835352417889
4.46    0.00835130692108
4.48    0.00834912345856
4.5    0.0083469731465
4.52    0.0083448553544
4.54    0.00834276946578
4.56    0.00834071487776
4.58    0.00833869100081
4.6    0.00833669725833
4.62    0.00833473308645
4.64    0.0083327979336
4.66    0.0083308912603
4.68    0.00832901253884
4.7    0.00832716125297
4.72    0.00832533689763
4.74    0.00832353897872
4.76    0.00832176701279
4.78    0.00832002052678
4.8    0.00831829905782
4.82    0.00831660215292
4.84    0.0083149293688
4.86    0.00831328027158
4.88    0.00831165443663
4.9    0.0083100514483
4.92    0.00830847089973
4.94    0.00830691239262
4.96    0.00830537553707
4.98    0.0083038599513
5.0    0.00830236526156
5.02    0.00830089110185
5.04    0.00829943711381
5.06    0.00829800294648
5.08    0.00829658825616
5.1    0.00829519270623
5.12    0.008293815967
5.14    0.00829245771552
5.16    0.00829111763546
5.18    0.00828979541692
5.2    0.00828849075628
5.22    0.00828720335612
5.24    0.00828593292497
5.26    0.00828467917728
5.28    0.0082834418332
5.3    0.00828222061852
5.32    0.00828101526448
5.34    0.00827982550768
5.36    0.00827865108995
5.38    0.00827749175823
5.4    0.00827634726445
5.42    0.00827521736545
5.44    0.00827410182282
5.46    0.0082730004028
5.48    0.00827191287623
5.5    0.00827083901839
5.52    0.00826977860892
5.54    0.00826873143171
5.56    0.00826769727484
5.58    0.00826667593047
5.6    0.00826566719471
5.62    0.0082646708676
5.64    0.008263686753
5.66    0.00826271465846
5.68    0.00826175439522
5.7    0.00826080577805
5.72    0.00825986862523
5.74    0.00825894275847
5.76    0.00825802800278
5.78    0.00825712418648
5.8    0.00825623114105
5.82    0.00825534870114
5.84    0.00825447670442
5.86    0.00825361499159
5.88    0.00825276340627
5.9    0.00825192179495
5.92    0.00825109000692
5.94    0.00825026789425
5.96    0.00824945531166
5.98    0.00824865211655
6.0    0.00824785816886
6.02    0.00824707333109
6.04    0.00824629746819
6.06    0.00824553044754
6.08    0.00824477213889
6.1    0.00824402241432
6.12    0.00824328114818
6.14    0.00824254821704
6.16    0.00824182349965
6.18    0.00824110687692
6.2    0.00824039823184
6.22    0.00823969744944
6.24    0.00823900441676
6.26    0.00823831902283
6.28    0.00823764115859
6.3    0.00823697071687
6.32    0.00823630759236
6.34    0.00823565168156
6.36    0.00823500288274
6.38    0.00823436109593
6.4    0.00823372622284
6.42    0.00823309816689
6.44    0.0082324768331
6.46    0.00823186212814
6.48    0.00823125396022
6.5    0.00823065223911
6.52    0.00823005687611
6.54    0.00822946778397
6.56    0.00822888487694
6.58    0.00822830807066
6.6    0.00822773728219
6.62    0.00822717242996
6.64    0.00822661343374
6.66    0.00822606021463
6.68    0.00822551269502
6.7    0.00822497079857
6.72    0.0082244344502
6.74    0.00822390357602
6.76    0.00822337810338
6.78    0.00822285796078
6.8    0.00822234307787
6.82    0.00822183338545
6.84    0.00822132881542
6.86    0.00822082930079
6.88    0.00822033477561
6.9    0.00821984517499
6.92    0.00821936043509
6.94    0.00821888049305
6.96    0.00821840528703
6.98    0.00821793475615
7.0    0.00821746884047
7.02    0.00821700748104
7.04    0.00821655061977
7.06    0.00821609819951
7.08    0.00821565016399
7.1    0.00821520645782
7.12    0.00821476702645
7.14    0.00821433181619
7.16    0.00821390077415
7.18    0.00821347384827
7.2    0.00821305098728
7.22    0.00821263214069
7.24    0.00821221725878
7.26    0.00821180629259
7.28    0.00821139919389
7.3    0.00821099591517
7.32    0.00821059640966
7.34    0.00821020063127
7.36    0.00820980853461
7.38    0.00820942007497
7.4    0.00820903520828
7.42    0.00820865389117
7.44    0.00820827608087
7.46    0.00820790173526
7.48    0.00820753081284
7.5    0.00820716327271
7.52    0.00820679907459
7.54    0.00820643817876
7.56    0.00820608054611
7.58    0.00820572613807
7.6    0.00820537491664
7.62    0.00820502684438
7.64    0.00820468188438
7.66    0.00820434000026
7.68    0.00820400115616
7.7    0.00820366531675
7.72    0.00820333244717
7.74    0.0082030025131
7.76    0.00820267548067
7.78    0.00820235131651
7.8    0.00820202998772
7.82    0.00820171146186
7.84    0.00820139570694
7.86    0.00820108269143
7.88    0.00820077238423
7.9    0.00820046475469
7.92    0.00820015977256
7.94    0.00819985740804
7.96    0.00819955763172
7.98    0.00819926041462
8.0    0.00819896572812
8.02    0.00819867354404
8.04    0.00819838383455
8.06    0.00819809657221
8.08    0.00819781172997
8.1    0.00819752928113
8.12    0.00819724919937
8.14    0.00819697145869
8.16    0.00819669603349
8.18    0.00819642289848
8.2    0.00819615202872
8.22    0.0081958833996
8.24    0.00819561698686
8.26    0.00819535276654
8.28    0.008195090715
8.3    0.00819483080893
8.32    0.00819457302531
8.34    0.00819431734144
8.36    0.0081940637349
8.38    0.0081938121836
8.4    0.00819356266569
8.42    0.00819331515965
8.44    0.00819306964422
8.46    0.00819282609841
8.48    0.00819258450152
8.5    0.00819234483312
8.52    0.00819210707302
8.54    0.00819187120131
8.56    0.00819163719833
8.58    0.00819140504468
8.6    0.0081911747212
8.62    0.00819094620896
8.64    0.00819071948931
8.66    0.00819049454381
8.68    0.00819027135425
8.7    0.00819004990267
8.72    0.00818983017132
8.74    0.00818961214268
8.76    0.00818939579944
8.78    0.00818918112454
8.8    0.00818896810108
8.82    0.00818875671243
8.84    0.00818854694212
8.86    0.0081883387739
8.88    0.00818813219174
8.9    0.00818792717978
8.92    0.00818772372236
8.94    0.00818752180404
8.96    0.00818732140953
8.98    0.00818712252376
9.0    0.00818692513182
9.02    0.00818672921901
9.04    0.00818653477077
9.06    0.00818634177275
9.08    0.00818615021077
9.1    0.00818596007079
9.12    0.00818577133898
9.14    0.00818558400166
9.16    0.0081853980453
9.18    0.00818521345656
9.2    0.00818503022224
9.22    0.00818484832929
9.24    0.00818466776484
9.26    0.00818448851616
9.28    0.00818431057066
9.3    0.00818413391591
9.32    0.00818395853964
9.34    0.0081837844297
9.36    0.00818361157409
9.38    0.00818343996095
9.4    0.00818326957857
9.42    0.00818310041537
9.44    0.00818293245989
9.46    0.00818276570083
9.48    0.008182600127
9.5    0.00818243572734
9.52    0.00818227249093
9.54    0.00818211040697
9.56    0.00818194946478
9.58    0.0081817896538
9.6    0.0081816309636
9.62    0.00818147338388
9.64    0.00818131690442
9.66    0.00818116151515
9.68    0.00818100720609
9.7    0.00818085396741
9.72    0.00818070178934
9.74    0.00818055066226
9.76    0.00818040057664
9.78    0.00818025152307
9.8    0.00818010349222
9.82    0.00817995647489
9.84    0.00817981046197
9.86    0.00817966544446
9.88    0.00817952141345
9.9    0.00817937836013
9.92    0.0081792362758
9.94    0.00817909515183
9.96    0.00817895497971
9.98    0.00817881575102
10.0    0.00817867745741
