0.05    0.000373691278428
0.07    0.000773214877373
0.09    0.0016055160882
0.1    0.00191205181808
0.12    0.00322770400171
0.14    0.00387101518907
0.16    0.00488991338938
0.18    0.00651417879539
0.2    0.0106434210046
0.22    0.0138518533385
0.24    0.0152046696412
0.26    0.0148358461756
0.28    0.0217551630525
0.3    0.0271757802793
0.32    0.0403075684664
0.34    0.0621370052773
0.36    0.0681874467702
0.38    0.0844196625051
0.4    0.091359411895
0.42    0.0840780246675
0.44    0.0645276607293
0.46    0.071632343049
0.48    0.0713322639865
0.5    0.0684958774946
0.52    0.0779852066032
0.54    0.0867814799984
0.56    0.0982670658469
0.58    0.117468889557
0.6    0.137690420326
0.62    0.160296509677
0.64    0.184858652237
0.66    0.208248641873
0.68    0.229477676692
0.7    0.247891109532
0.72    0.26461429788
0.74    0.281494610646
0.76    0.296083605507
0.78    0.308229338828
0.8    0.318215677765
0.82    0.325342683823
0.84    0.329750049765
0.86    0.331954795088
0.88    0.331683775155
0.9    0.329307990487
0.92    0.325611183798
0.94    0.320665222576
0.96    0.314711055297
0.98    0.308029483843
1.0    0.298221284441
1.02    0.290755244992
1.04    0.282835187592
1.06    0.275620862263
1.08    0.271256040578
1.1    0.266810499189
1.12    0.262259251665
1.14    0.257635943421
1.16    0.252933542174
1.18    0.248025957836
1.2    0.243237641316
1.22    0.237883678678
1.24    0.231671732177
1.26    0.225817627422
1.28    0.219021467852
1.3    0.212487658511
1.32    0.205304297647
1.34    0.198591203731
1.36    0.191458616643
1.38    0.184804506077
1.4    0.178130985288
1.42    0.171736484582
1.44    0.165737743191
1.46    0.163929149734
1.48    0.164425647371
1.5    0.164865673189
1.52    0.165250100484
1.54    0.165579898014
1.56    0.178067565339
1.58    0.192681102969
1.6    0.205930487169
1.62    0.217325460965
1.64    0.227603345439
1.66    0.236116326288
1.68    0.243225657305
1.7    0.249129408918
1.72    0.253392997889
1.74    0.25695218864
1.76    0.259029576146
1.78    0.260086197495
1.8    0.260180332957
1.82    0.259034430844
1.84    0.257142865096
1.86    0.254472485286
1.88    0.251391671025
1.9    0.248413329413
1.92    0.245960855995
1.94    0.243912556014
1.96    0.241429845324
1.98    0.249318410153
2.0    0.256231588768
2.02    0.260657189799
2.04    0.262510492795
2.06    0.261779209662
2.08    0.258519788204
2.1    0.25302362547
2.12    0.245326923826
2.14    0.235653594712
2.16    0.238311887211
2.18    0.242094291525
2.2    0.245952940063
2.22    0.249341980733
2.24    0.252233595242
2.26    0.25507623557
2.28    0.257470022161
2.3    0.259409298865
2.32    0.261250088452
2.34    0.262505706866
2.36    0.26371198602
2.38    0.264416419253
2.4    0.265026251199
2.42    0.265434033316
2.44    0.265784843056
2.46    0.266224229932
2.48    0.266848026132
2.5    0.268660859299
2.52    0.272154144217
2.54    0.275533992874
2.56    0.278851460572
2.58    0.281499785531
2.6    0.284077537975
2.62    0.285970635324
2.64    0.287464296804
2.66    0.288602099965
2.68    0.289062338811
2.7    0.289135779458
2.72    0.288853910414
2.74    0.290552763344
2.76    0.295409254995
2.78    0.300296075677
2.8    0.304929993894
2.82    0.309272920367
2.84    0.313364420598
2.86    0.317474103437
2.88    0.321287799665
2.9    0.324804817774
2.92    0.328123996818
2.94    0.331402554609
2.96    0.334385234536
2.98    0.337073710562
3.0    0.339673436834
3.02    0.348586610002
3.04    0.358307369664
3.06    0.367071420157
3.08    0.374674881161
3.1    0.381437849563
3.12    0.387116600626
3.14    0.391649570399
3.16    0.395359077992
3.18    0.398041656538
3.2    0.399705464264
3.22    0.400482386333
3.24    0.400532148426
3.26    0.399999472176
3.28    0.39901199666
3.3    0.397976036404
3.32    0.396923005746
3.34    0.395591334214
3.36    0.393765766721
3.38    0.391346366832
3.4    0.388275877508
3.42    0.384502557345
3.44    0.379971298795
3.46    0.374801090199
3.48    0.373846833741
3.5    0.375078194419
3.52    0.37599410028
3.54    0.376490607977
3.56    0.376503170008
3.58    0.376047624158
3.6    0.375231344833
3.62    0.373804524355
3.64    0.372099092065
3.66    0.36983007729
3.68    0.367210894219
3.7    0.364150423647
3.72    0.360695506882
3.74    0.356901250988
3.76    0.352689354686
3.78    0.348215610761
3.8    0.343325185648
3.82    0.338853768385
3.84    0.340593259729
3.86    0.341973417789
3.88    0.343259057842
3.9    0.344185377992
3.92    0.345012277423
3.94    0.345464348193
3.96    0.34583441815
3.98    0.345873148122
4.0    0.345633989832
4.02    0.345286286633
4.04    0.344612956503
4.06    0.343626593798
4.08    0.342592668502
4.1    0.341282864141
4.12    0.339690848306
4.14    0.337896646156
4.16    0.336024198159
4.18    0.333899654323
4.2    0.331535327731
4.22    0.329050127434
4.24    0.326463118221
4.26    0.323664969279
4.28    0.320667430824
4.3    0.317588668688
4.32    0.314421648075
4.34    0.311081896465
4.36    0.307580403134
4.38    0.303944696182
4.4    0.300321757809
4.42    0.29656143825
4.44    0.294388031077
4.46    0.293843866295
4.48    0.29331740485
4.5    0.292791934304
4.52    0.292243068429
4.54    0.291671645585
4.56    0.291120287954
4.58    0.290568431478
4.6    0.289995134475
4.62    0.289401182284
4.64    0.288787342857
4.66    0.288157558722
4.68    0.287564250708
4.7    0.286952043984
4.72    0.286321656658
4.74    0.285673790345
4.76    0.285009130358
4.78    0.284328345908
4.8    0.283632090306
4.82    0.282921001176
4.84    0.282220642485
4.86    0.281531471666
4.88    0.280828221172
4.9    0.280111485302
4.92    0.27938184369
4.94    0.278639861537
4.96    0.277886089835
4.98    0.277121065601
5.0    0.276345312102
5.02    0.275559339097
5.04    0.274763643064
5.06    0.273958707442
5.08    0.273151632227
5.1    0.272369368874
5.12    0.271578355973
5.14    0.270779042605
5.16    0.269971865815
5.18    0.269157250846
5.2    0.268335611365
5.22    0.267507349688
5.24    0.266672857008
5.26    0.265832513614
5.28    0.264986689119
5.3    0.264135742672
5.32    0.263280023185
5.34    0.26241986954
5.36    0.26155561081
5.38    0.260687566464
5.4    0.259816046583
5.42    0.258941352057
5.44    0.258063774798
5.46    0.257183597933
5.48    0.256302009888
5.5    0.255443638412
5.52    0.254582842886
5.54    0.253719885193
5.56    0.252855019214
5.58    0.251988491019
5.6    0.251120539044
5.62    0.250251394269
5.64    0.249381280397
5.66    0.248510414027
5.68    0.24763900482
5.7    0.246767255668
5.72    0.245895362861
5.74    0.245023516243
5.76    0.244151899375
5.78    0.243280689687
5.8    0.242410058633
5.82    0.241540171837
5.84    0.240671189243
5.86    0.23980326526
5.88    0.238936548897
5.9    0.238071183908
5.92    0.237207308924
5.94    0.236345057585
5.96    0.23548455867
5.98    0.23462593623
6.0    0.233769309704
6.02    0.232914794045
6.04    0.232062499841
6.06    0.23121253343
6.08    0.230364997013
6.1    0.229519988767
6.12    0.228677602956
6.14    0.227837930035
6.16    0.227001056754
6.18    0.226167066266
6.2    0.225336038219
6.22    0.224508048858
6.24    0.22368317112
6.26    0.222861474726
6.28    0.222043026272
6.3    0.221227889317
6.32    0.220416124474
6.34    0.21960824703
6.36    0.218812337463
6.38    0.218019699269
6.4    0.21723038774
6.42    0.216444455515
6.44    0.215661952653
6.46    0.214882926714
6.48    0.214107422825
6.5    0.213335483755
6.52    0.212567149986
6.54    0.211802459775
6.56    0.211041449227
6.58    0.210284152356
6.6    0.209530601146
6.62    0.208780825619
6.64    0.208034853885
6.66    0.207292712209
6.68    0.206554425064
6.7    0.205820015187
6.72    0.20508950363
6.74    0.20436290982
6.76    0.203640251601
6.78    0.20292154529
6.8    0.202206805724
6.82    0.201496046309
6.84    0.200789279061
6.86    0.200086514657
6.88    0.199387762472
6.9    0.198693030631
6.92    0.198002326041
6.94    0.197315654437
6.96    0.196633020416
6.98    0.195954427483
7.0    0.195279878082
7.02    0.194609373634
7.04    0.19394291457
7.06    0.193280500371
7.08    0.192622129596
7.1    0.191967799915
7.12    0.191528583287
7.14    0.191470794918
7.16    0.191412554742
7.18    0.191353876781
7.2    0.191294774786
7.22    0.191235262235
7.24    0.191175352346
7.26    0.191115058073
7.28    0.191054392116
7.3    0.190993366926
7.32    0.190931994705
7.34    0.190870287414
7.36    0.190808256778
7.38    0.190745914286
7.4    0.1906832712
7.42    0.190620338555
7.44    0.190557127167
7.46    0.190493647632
7.48    0.190429910336
7.5    0.190365925453
7.52    0.190301702953
7.54    0.190237252604
7.56    0.190172583975
7.58    0.190107706441
7.6    0.190042629184
7.62    0.189977361202
7.64    0.189911911304
7.66    0.189846288123
7.68    0.18978050011
7.7    0.189714555545
7.72    0.189648462534
7.74    0.189582229017
7.76    0.189515862768
7.78    0.189449371399
7.8    0.189382762363
7.82    0.189316042957
7.84    0.189249220325
7.86    0.189182301459
7.88    0.189115293206
7.9    0.189048202265
7.92    0.188981035196
7.94    0.188913798416
7.96    0.188846498207
7.98    0.188779140716
8.0    0.188711731958
8.02    0.188644277818
8.04    0.188576784053
8.06    0.188509256298
8.08    0.188441700062
8.1    0.188374120737
8.12    0.188306523593
8.14    0.188238913788
8.16    0.188171296365
8.18    0.188103676255
8.2    0.188036058279
8.22    0.187968447153
8.24    0.187900847484
8.26    0.187833263779
8.28    0.187765700442
8.3    0.187810161823
8.32    0.187959864491
8.34    0.18810781064
8.36    0.188254021625
8.38    0.188398518531
8.4    0.188541322181
8.42    0.188682453135
8.44    0.188821931696
8.46    0.188959777913
8.48    0.18909601158
8.5    0.189230652247
8.52    0.189363719216
8.54    0.189495231545
8.56    0.189625208055
8.58    0.18975366733
8.6    0.18988062772
8.62    0.190006107344
8.64    0.190130124093
8.66    0.190252695635
8.68    0.190373839412
8.7    0.190493572651
8.72    0.19061191236
8.74    0.190728875333
8.76    0.190844478153
8.78    0.190958737196
8.8    0.191071668628
8.82    0.191183288417
8.84    0.191293612326
8.86    0.191402655922
8.88    0.191510434576
8.9    0.191616963464
8.92    0.191722257574
8.94    0.191826331704
8.96    0.191929200466
8.98    0.192030878289
9.0    0.192131379421
9.02    0.192230717929
9.04    0.192328907706
9.06    0.19242596247
9.08    0.192521895765
9.1    0.192616720968
9.12    0.192710451285
9.14    0.192803099759
9.16    0.192894679268
9.18    0.19298520253
9.2    0.193074682102
9.22    0.193163130384
9.24    0.193250559622
9.26    0.193336981908
9.28    0.193422409182
9.3    0.193506853236
9.32    0.193590325714
9.34    0.193672838113
9.36    0.193754401789
9.38    0.193835027955
9.4    0.193914727683
9.42    0.193993511908
9.44    0.194071391429
9.46    0.19414837691
9.48    0.194224478882
9.5    0.194299707743
9.52    0.194374073765
9.54    0.194447587091
9.56    0.194520257735
9.58    0.194592095592
9.6    0.194663110428
9.62    0.194733311893
9.64    0.194802709514
9.66    0.1948713127
9.68    0.194939130745
9.7    0.195006172827
9.72    0.19507244801
9.74    0.195137965246
9.76    0.195202733377
9.78    0.195266761133
9.8    0.195330057141
9.82    0.195392629916
9.84    0.195454487872
9.86    0.195515639317
9.88    0.195576092457
9.9    0.195635855399
9.92    0.195694936146
9.94    0.195753342606
9.96    0.195811082589
9.98    0.195868163808
10.0    0.195924593882
