0.05    0.000109069912417
0.07    0.000317010348175
0.09    0.00052308873732
0.1    0.000597848799479
0.12    0.000666126517469
0.14    0.00113585122509
0.16    0.00142075997833
0.18    0.00136450670473
0.2    0.00177491660889
0.22    0.00235846320734
0.24    0.00343716195089
0.26    0.00467979057064
0.28    0.00680051909848
0.3    0.00757882354878
0.32    0.00714705942847
0.34    0.00710680028175
0.36    0.00709723382597
0.38    0.00704013730138
0.4    0.007447663228
0.42    0.00789319385693
0.44    0.00782931367645
0.46    0.00822459492667
0.48    0.00877426668546
0.5    0.00972336354433
0.52    0.0105129936812
0.54    0.0114717301938
0.56    0.0130143582051
0.58    0.0164300438294
0.6    0.0192449751797
0.62    0.0196189659758
0.64    0.0190806120255
0.66    0.0202752836824
0.68    0.02141970825
0.7    0.023780366892
0.72    0.0267191596951
0.74    0.0285368305548
0.76    0.0281078250361
0.78    0.0265600451538
0.8    0.0257383879052
0.82    0.0268911486061
0.84    0.029381943714
0.86    0.031778810821
0.88    0.0329494453617
0.9    0.0322055777278
0.92    0.0297633719535
0.94    0.0268230757648
0.96    0.0242198406576
0.98    0.0251588496966
1.0    0.02498175527
1.02    0.0248099308504
1.04    0.0254178335533
1.06    0.0271461199416
1.08    0.0297498965468
1.1    0.0328997896934
1.12    0.0361451391525
1.14    0.0392616367871
1.16    0.042007281057
1.18    0.0438074746174
1.2    0.044376389893
1.22    0.043328643553
1.24    0.0410165607361
1.26    0.0384793235571
1.28    0.0363924226994
1.3    0.0353524888805
1.32    0.0354490450294
1.34    0.0360592991293
1.36    0.0368436315968
1.38    0.037877608621
1.4    0.0390841723792
1.42    0.040365155032
1.44    0.0426998661178
1.46    0.0450141413719
1.48    0.0463940392193
1.5    0.0472755146633
1.52    0.0494372014802
1.54    0.0531647539065
1.56    0.0568677769459
1.58    0.0602424203396
1.6    0.0644562248721
1.62    0.0694211485101
1.64    0.0733755667642
1.66    0.0761598650149
1.68    0.079747642988
1.7    0.0829640619441
1.72    0.0851892597005
1.74    0.0866155767767
1.76    0.0875505536798
1.78    0.0883539991559
1.8    0.0895542883934
1.82    0.0916005069679
1.84    0.09449674776
1.86    0.0977274880526
1.88    0.100634367591
1.9    0.102817047147
1.92    0.104155538753
1.94    0.104587736791
1.96    0.104075675851
1.98    0.102611392287
2.0    0.100209149716
2.02    0.0967678506526
2.04    0.0967806583169
2.06    0.0990208242454
2.08    0.10078180748
2.1    0.102060902463
2.12    0.10287418288
2.14    0.103288188959
2.16    0.103477173363
2.18    0.103710770597
2.2    0.104253713442
2.22    0.105257962668
2.24    0.10672730012
2.26    0.108502225984
2.28    0.110298505931
2.3    0.111949229698
2.32    0.113427250875
2.34    0.114793390306
2.36    0.11612537209
2.38    0.117426620139
2.4    0.118562048596
2.42    0.119248130855
2.44    0.119148266417
2.46    0.117958941569
2.48    0.115545392541
2.5    0.111965835075
2.52    0.107395599889
2.54    0.107607379436
2.56    0.109872850846
2.58    0.112780672927
2.6    0.116433139353
2.62    0.119453127726
2.64    0.121857715871
2.66    0.123652913021
2.68    0.124814386317
2.7    0.125262035759
2.72    0.125028376748
2.74    0.124233119685
2.76    0.122805832662
2.78    0.120644858727
2.8    0.121094949498
2.82    0.122679183545
2.84    0.123857164048
2.86    0.124781543497
2.88    0.125526092143
2.9    0.126218926268
2.92    0.126983209725
2.94    0.12795352177
2.96    0.129284043314
2.98    0.130969693571
3.0    0.132970899256
3.02    0.135198847476
3.04    0.137576603977
3.06    0.140079774431
3.08    0.142552938446
3.1    0.144766968706
3.12    0.146861190414
3.14    0.149074667769
3.16    0.151330362663
3.18    0.153462086896
3.2    0.155128817408
3.22    0.156199245674
3.24    0.156600770577
3.26    0.156405025904
3.28    0.155719940368
3.3    0.156256096573
3.32    0.160365058867
3.34    0.163751562532
3.36    0.166555984517
3.38    0.168926145024
3.4    0.170993112476
3.42    0.172912070515
3.44    0.174825638906
3.46    0.176668914317
3.48    0.178420540223
3.5    0.181440591184
3.52    0.18650705665
3.54    0.19135534421
3.56    0.195889877676
3.58    0.20173914818
3.6    0.209813762608
3.62    0.217506723795
3.64    0.224756502444
3.66    0.231403589432
3.68    0.237355715253
3.7    0.242603421876
3.72    0.247098176787
3.74    0.250901964555
3.76    0.254124706979
3.78    0.256858849923
3.8    0.259145788693
3.82    0.260985496343
3.84    0.262489752655
3.86    0.263679712469
3.88    0.264494731419
3.9    0.264938276817
3.92    0.265063188345
3.94    0.264901213585
3.96    0.264386554331
3.98    0.263488546013
4.0    0.262612861433
4.02    0.263735674729
4.04    0.264403953738
4.06    0.264525055492
4.08    0.264041094133
4.1    0.26291662789
4.12    0.261151349712
4.14    0.258766427697
4.16    0.255799239801
4.18    0.252318069743
4.2    0.248393853592
4.22    0.244094440884
4.24    0.239511406509
4.26    0.234761136971
4.28    0.229963958061
4.3    0.225246452787
4.32    0.220712078414
4.34    0.216454812295
4.36    0.212552741315
4.38    0.209069806124
4.4    0.206225264386
4.42    0.205393488955
4.44    0.204512258525
4.46    0.203647127786
4.48    0.202862040077
4.5    0.202218049378
4.52    0.201775498102
4.54    0.201578915459
4.56    0.201673772877
4.58    0.202091033555
4.6    0.202856262862
4.62    0.2039791572
4.64    0.205466711377
4.66    0.20730713271
4.68    0.209486853748
4.7    0.211980169361
4.72    0.214757217192
4.74    0.217780536905
4.76    0.221006377096
4.78    0.22438887866
4.8    0.227873933713
4.82    0.23141715546
4.84    0.234970097984
4.86    0.238500624532
4.88    0.241972937934
4.9    0.245340688187
4.92    0.248558146555
4.94    0.251624012297
4.96    0.255009795875
4.98    0.258748660886
5.0    0.262359595404
5.02    0.269919198412
5.04    0.278763695712
5.06    0.287832122054
5.08    0.297042096022
5.1    0.306316914061
5.12    0.315572008915
5.14    0.324732318252
5.16    0.333738980255
5.18    0.342542857262
5.2    0.351088274397
5.22    0.359299755524
5.24    0.367093313913
5.26    0.374415704111
5.28    0.381221512895
5.3    0.387487012401
5.32    0.39324532356
5.34    0.398497098915
5.36    0.403161511385
5.38    0.407250911133
5.4    0.410800493568
5.42    0.413823492614
5.44    0.416301895453
5.46    0.418238358764
5.48    0.419667061291
5.5    0.420626123061
5.52    0.421160796367
5.54    0.421303871866
5.56    0.421090237147
5.58    0.420568152085
5.6    0.419772766767
5.62    0.418718147243
5.64    0.417425022203
5.66    0.415908110682
5.68    0.414183655754
5.7    0.412263743395
5.72    0.410160032194
5.74    0.407886574133
5.76    0.405456545666
5.78    0.402877420115
5.8    0.400161055803
5.82    0.397335029108
5.84    0.394440582439
5.86    0.391505514564
5.88    0.388500902684
5.9    0.385412475555
5.92    0.382224091717
5.94    0.378894075249
5.96    0.37538491866
5.98    0.371675932018
6.0    0.367747516375
6.02    0.363590278976
6.04    0.359214502114
6.06    0.354690434106
6.08    0.351235679998
6.1    0.354428908751
6.12    0.357520896066
6.14    0.360486113236
6.16    0.363296612627
6.18    0.365938549113
6.2    0.368388067371
6.22    0.370631049189
6.24    0.373532482562
6.26    0.377637187212
6.28    0.381567452571
6.3    0.385309219392
6.32    0.388852762115
6.34    0.392198635201
6.36    0.395344564276
6.38    0.398282986648
6.4    0.401007642056
6.42    0.403521585269
6.44    0.405808338629
6.46    0.407850619042
6.48    0.409657556376
6.5    0.411221251112
6.52    0.412519202088
6.54    0.413534949021
6.56    0.414265677758
6.58    0.415237776857
6.6    0.416517798682
6.62    0.417707711408
6.64    0.419413130729
6.66    0.421593114976
6.68    0.423548755642
6.7    0.425261502139
6.72    0.426722611786
6.74    0.427928870009
6.76    0.428926734066
6.78    0.429797379393
6.8    0.43043561894
6.82    0.4308154101
6.84    0.430971425422
6.86    0.430970153632
6.88    0.430809528861
6.9    0.430443849895
6.92    0.429860436079
6.94    0.42905511388
6.96    0.428032568063
6.98    0.426792766255
7.0    0.425332817506
7.02    0.4236653442
7.04    0.421800394166
7.06    0.419759990009
7.08    0.417574690598
7.1    0.415289771049
7.12    0.4129352457
7.14    0.410532742975
7.16    0.4081703024
7.18    0.405798252968
7.2    0.403408637973
7.22    0.40100179624
7.24    0.398553951213
7.26    0.3960684725
7.28    0.393563362955
7.3    0.391056476367
7.32    0.388552667762
7.34    0.386054078716
7.36    0.383572919502
7.38    0.381118014764
7.4    0.378703593393
7.42    0.376343311479
7.44    0.374050579269
7.46    0.371838580708
7.48    0.369720056511
7.5    0.367708040292
7.52    0.36581637787
7.54    0.364052307507
7.56    0.362429728488
7.58    0.360954235524
7.6    0.359638424839
7.62    0.358486027907
7.64    0.357504648491
7.66    0.356702099144
7.68    0.356080591582
7.7    0.355643990875
7.72    0.355395070165
7.74    0.355335531698
7.76    0.355466032065
7.78    0.355786564908
7.8    0.356295902076
7.82    0.356991258711
7.84    0.357869491854
7.86    0.358926589557
7.88    0.360157714824
7.9    0.361557251675
7.92    0.363118853044
7.94    0.364835490134
7.96    0.366699502988
7.98    0.368704793002
8.0    0.370841155382
8.02    0.373099074482
8.04    0.375468916616
8.06    0.377944873048
8.08    0.380512939145
8.1    0.383164416213
8.12    0.385890519264
8.14    0.388678519153
8.16    0.391521108923
8.18    0.394405834964
8.2    0.397322693444
8.22    0.400264159743
8.24    0.403217540531
8.26    0.406173745303
8.28    0.409123845153
8.3    0.412059479457
8.32    0.414971259526
8.34    0.417850216808
8.36    0.420687850553
8.38    0.423476005755
8.4    0.4262060721
8.42    0.428869857282
8.44    0.431459728002
8.46    0.433968564099
8.48    0.436389812289
8.5    0.438717487292
8.52    0.440946096941
8.54    0.443071764762
8.56    0.445092263687
8.58    0.446999877042
8.6    0.448795592936
8.62    0.450471080618
8.64    0.452027162559
8.66    0.453458237941
8.68    0.454761240236
8.7    0.455933268176
8.72    0.456970747143
8.74    0.457873510101
8.76    0.458639466944
8.78    0.459273024005
8.8    0.459772790809
8.82    0.46013860897
8.84    0.460367397446
8.86    0.460459663459
8.88    0.460409115836
8.9    0.460220719872
8.92    0.45989045763
8.94    0.45942363234
8.96    0.458822283832
8.98    0.458093291956
9.0    0.457238517663
9.02    0.456261408974
9.04    0.455164358446
9.06    0.453950074018
9.08    0.452621786967
9.1    0.455190041683
9.12    0.45896774014
9.14    0.462573557086
9.16    0.466007191457
9.18    0.469268457896
9.2    0.472357216639
9.22    0.475274262424
9.24    0.4780223574
9.26    0.480604840515
9.28    0.483024860454
9.3    0.485282480082
9.32    0.487375504549
9.34    0.48930376243
9.36    0.491067657974
9.38    0.492667873253
9.4    0.494106956755
9.42    0.495386483921
9.44    0.496506080051
9.46    0.497471773093
9.48    0.498282821865
9.5    0.49894665904
9.52    0.499462996767
9.54    0.499842862251
9.56    0.500085416556
9.58    0.500199507873
9.6    0.500188958906
9.62    0.500058642032
9.64    0.499818128523
9.66    0.499470535552
9.68    0.499026885101
9.7    0.498495188367
9.72    0.497887591381
9.74    0.497219848372
9.76    0.496508828418
9.78    0.495758109522
9.8    0.494961726441
9.82    0.494122646794
9.84    0.493248727018
9.86    0.492344019868
9.88    0.491409303294
9.9    0.490444202915
9.92    0.4894524223
9.94    0.488436196509
9.96    0.487399713107
9.98    0.486349111148
10.0    0.485288281257
