0.05    0.00011814127703
0.07    0.0002906253314
0.09    0.000691252343213
0.1    0.000725906516655
0.12    0.00107846194122
0.14    0.00154056576359
0.16    0.00224922220654
0.18    0.00351506719458
0.2    0.00350228978981
0.22    0.00311670480078
0.24    0.00297156701039
0.26    0.0028978736792
0.28    0.00417082597492
0.3    0.00512578987898
0.32    0.00660520044262
0.34    0.00693553040109
0.36    0.00786854100794
0.38    0.00876521630105
0.4    0.0100317408171
0.42    0.00966115895769
0.44    0.010063143668
0.46    0.0101823199971
0.48    0.0108473719453
0.5    0.0120630305942
0.52    0.010820845919
0.54    0.00993010755506
0.56    0.0123655561818
0.58    0.0159606441259
0.6    0.016930616594
0.62    0.0201492528203
0.64    0.0231033088174
0.66    0.0252905198187
0.68    0.0270989565678
0.7    0.0258646687159
0.72    0.0217403847795
0.74    0.0208446000324
0.76    0.0201866671096
0.78    0.0184581847977
0.8    0.0167875199916
0.82    0.0156816585076
0.84    0.0138572639199
0.86    0.0148928528243
0.88    0.0163604668891
0.9    0.0179629702069
0.92    0.0206026670807
0.94    0.0223570209079
0.96    0.0232268701372
0.98    0.0227172894517
1.0    0.0209202689275
1.02    0.0207410752135
1.04    0.0211923031083
1.06    0.0224854341553
1.08    0.0253017974965
1.1    0.0268020156383
1.12    0.0270679547424
1.14    0.0260889258458
1.16    0.025607707118
1.18    0.0254288797192
1.2    0.023797455797
1.22    0.0213417095782
1.24    0.0199828228263
1.26    0.0194386149174
1.28    0.0207085642955
1.3    0.0215081150659
1.32    0.0216009229427
1.34    0.0208128277952
1.36    0.0198069084254
1.38    0.0204291081511
1.4    0.0211771885873
1.42    0.021449026915
1.44    0.0215006096959
1.46    0.0213169582328
1.48    0.0207786089482
1.5    0.0217325912692
1.52    0.0219871496287
1.54    0.021380459121
1.56    0.0217214070822
1.58    0.0225185545792
1.6    0.0240203501441
1.62    0.026324598876
1.64    0.0293513087078
1.66    0.0328701687651
1.68    0.0365894267605
1.7    0.0402219688583
1.72    0.0435365373561
1.74    0.0463817134119
1.76    0.0486811843491
1.78    0.0505550906283
1.8    0.0518745139379
1.82    0.0524419356434
1.84    0.0526911906633
1.86    0.0528997927373
1.88    0.0532906443447
1.9    0.0531808981655
1.92    0.0526472594066
1.94    0.0519664199032
1.96    0.0510002790918
1.98    0.0496473994168
2.0    0.048002746906
2.02    0.0465263865392
2.04    0.0492314033257
2.06    0.0506404774681
2.08    0.0510631232291
2.1    0.051445863809
2.12    0.0543080521816
2.14    0.0564962179088
2.16    0.0582460690367
2.18    0.0596993628031
2.2    0.0608074063913
2.22    0.0614592419475
2.24    0.06227449455
2.26    0.0634763766173
2.28    0.0643041498055
2.3    0.0646819129608
2.32    0.0647571195159
2.34    0.0644191399779
2.36    0.0636274520902
2.38    0.0631392639023
2.4    0.0621692629296
2.42    0.0608173398009
2.44    0.0591701194812
2.46    0.057343395139
2.48    0.0554807382765
2.5    0.053936396173
2.52    0.0528153114433
2.54    0.0523552215779
2.56    0.0520564699263
2.58    0.0516650631897
2.6    0.0516253673474
2.62    0.0520067707539
2.64    0.052495253362
2.66    0.0531633092373
2.68    0.0539361077189
2.7    0.0545915017194
2.72    0.0550202195893
2.74    0.0551574248405
2.76    0.0549901135427
2.78    0.0545868829594
2.8    0.0539252592499
2.82    0.0528969519368
2.84    0.0520883746937
2.86    0.052068957598
2.88    0.0517482570375
2.9    0.0510755951089
2.92    0.0500385495359
2.94    0.0486472587103
2.96    0.0500920465314
2.98    0.0526935956117
3.0    0.0549817408484
3.02    0.0568512849341
3.04    0.0582325711941
3.06    0.0590973428508
3.08    0.059473964724
3.1    0.0594299883106
3.12    0.0592320115492
3.14    0.0590379846172
3.16    0.058712228151
3.18    0.058362264897
3.2    0.0580949757046
3.22    0.0579948525519
3.24    0.0581178645208
3.26    0.0584802483768
3.28    0.0590877025047
3.3    0.0599261695169
3.32    0.0609672649472
3.34    0.0621709617936
3.36    0.0634911555813
3.38    0.0648770344548
3.4    0.0662809274704
3.42    0.067657296436
3.44    0.0689678599772
3.46    0.0701877126078
3.48    0.0713884182751
3.5    0.0724911051725
3.52    0.0734028460883
3.54    0.0741529552251
3.56    0.0748113352696
3.58    0.0752616243675
3.6    0.0757955507043
3.62    0.0761489819692
3.64    0.0762086453691
3.66    0.0759763758082
3.68    0.0754616687441
3.7    0.0746905049704
3.72    0.0737022187667
3.74    0.0725398732382
3.76    0.0729606336924
3.78    0.0736012535822
3.8    0.0739954797652
3.82    0.0742139343688
3.84    0.0742907992477
3.86    0.0742555864801
3.88    0.0741419812503
3.9    0.0739741857829
3.92    0.0737736305655
3.94    0.0735774130172
3.96    0.073388169357
3.98    0.0731708246333
4.0    0.0728867776599
4.02    0.0724993542647
4.04    0.0719840784022
4.06    0.0713136516079
4.08    0.0704781818234
4.1    0.0708750933636
4.12    0.0719379678603
4.14    0.0729067013743
4.16    0.0737339687548
4.18    0.0743709168072
4.2    0.0747824604406
4.22    0.0749376029625
4.24    0.0748139979235
4.26    0.0743946658807
4.28    0.0736791494703
4.3    0.0727000186575
4.32    0.0715264777252
4.34    0.0701650438126
4.36    0.0685449446216
4.38    0.0666812305124
4.4    0.0646391645515
4.42    0.0638393206299
4.44    0.0627673136065
4.46    0.0614602032292
4.48    0.0600128753388
4.5    0.0584457158026
4.52    0.056684157
4.54    0.0547350481577
4.56    0.0538069306427
4.58    0.0542036663492
4.6    0.0543847966287
4.62    0.054348869201
4.64    0.0540911826762
4.66    0.0536171677115
4.68    0.05370789815
4.7    0.0549398831369
4.72    0.0559940310333
4.74    0.0568791578645
4.76    0.0576531475129
4.78    0.0582718181689
4.8    0.0587188098241
4.82    0.0589947536226
4.84    0.059100482328
4.86    0.0590437663352
4.88    0.0588340151707
4.9    0.0584867717271
4.92    0.058007920331
4.94    0.0573936053946
4.96    0.0566477800257
4.98    0.0557766804215
5.0    0.0547909725697
5.02    0.0537038284852
5.04    0.0525236527036
5.06    0.051263425787
5.08    0.0499323366217
5.1    0.0488416921521
5.12    0.0489653222172
5.14    0.0495494383038
5.16    0.0500404996898
5.18    0.0504166701833
5.2    0.0506403645312
5.22    0.0507130068844
5.24    0.0506458779159
5.26    0.0504534726162
5.28    0.050133220711
5.3    0.0496891607067
5.32    0.0491299947615
5.34    0.0484702695096
5.36    0.047720808604
5.38    0.0473092074555
5.4    0.0470702676288
5.42    0.0470465048539
5.44    0.0471142747653
5.46    0.0470850775374
5.48    0.0469677658817
5.5    0.0467738162325
5.52    0.0465149555102
5.54    0.0462047564736
5.56    0.0458957538128
5.58    0.045549722928
5.6    0.0451716978194
5.62    0.0447707546013
5.64    0.0443565043885
5.66    0.0439385867812
5.68    0.0435277642555
5.7    0.0431318693604
5.72    0.0427603161155
5.74    0.0424210153164
5.76    0.0421207098942
5.78    0.0418656907676
5.8    0.0416612001103
5.82    0.0415114052158
5.84    0.0414193896149
5.86    0.0413874244405
5.88    0.0414166646134
5.9    0.0415066025159
5.92    0.041656163788
5.94    0.0418633682043
5.96    0.0421255910395
5.98    0.0424393102483
6.0    0.0427998685866
6.02    0.0432024062341
6.04    0.0436415746531
6.06    0.0441116306325
6.08    0.0446067199677
6.1    0.0451211109919
6.12    0.0456480009568
6.14    0.0461811396095
6.16    0.0467156202398
6.18    0.047244193919
6.2    0.047762572575
6.22    0.0482645341626
6.24    0.048744886095
6.26    0.0492001407712
6.28    0.0496244814202
6.3    0.0500143224989
6.32    0.0503668028153
6.34    0.0506769153566
6.36    0.0509449462293
6.38    0.0511651853978
6.4    0.0513396735043
6.42    0.0514635294737
6.44    0.0515395285681
6.46    0.0515648954426
6.48    0.0515408500509
6.5    0.0514692706122
6.52    0.0513489140546
6.54    0.0511840361423
6.56    0.0509754324518
6.58    0.050724206931
6.6    0.0504356620682
6.62    0.0501110782614
6.64    0.049752716486
6.66    0.0493658488285
6.68    0.0489532369315
6.7    0.0485173305902
6.72    0.0480625164133
6.74    0.047593612569
6.76    0.0472216859691
6.78    0.0468437184552
6.8    0.0464519230412
6.82    0.046051315438
6.84    0.0456447639399
6.86    0.0452348284165
6.88    0.0448248447436
6.9    0.0444189510899
6.92    0.0440197057683
6.94    0.0436292746324
6.96    0.0432502696771
6.98    0.0428850736556
7.0    0.0425358267209
7.02    0.0422044157761
7.04    0.0418928766606
7.06    0.0416023494677
7.08    0.0413336559242
7.1    0.0410876287534
7.12    0.040864833067
7.14    0.0406655704348
7.16    0.0404898849963
7.18    0.0403375714688
7.2    0.0402081848955
7.22    0.0401010519533
7.24    0.040015283673
7.26    0.0399497893813
7.28    0.0399032917045
7.3    0.0398743424634
7.32    0.0398613392852
7.34    0.0398625427766
7.36    0.0398760940949
7.38    0.0399005226877
7.4    0.039933574273
7.42    0.0399729366176
7.44    0.0400164542483
7.46    0.0400619401393
7.48    0.0401071927454
7.5    0.0401500125354
7.52    0.0401885737851
7.54    0.0402213585264
7.56    0.0402453588234
7.58    0.0402585325511
7.6    0.0402589111122
7.62    0.0402455376437
7.64    0.0402164783714
7.66    0.0401693324666
7.68    0.0401025292218
7.7    0.0400161286749
7.72    0.0399077060735
7.74    0.0397757117679
7.76    0.0396201900118
7.78    0.0394400446662
7.8    0.0392336293729
7.82    0.0390015726068
7.84    0.0387429352843
7.86    0.0384566217713
7.88    0.0381443527214
7.9    0.037804283454
7.92    0.0374375214509
7.94    0.0370440404666
7.96    0.0366241459406
7.98    0.036992995319
8.0    0.0373690273008
8.02    0.0377324503962
8.04    0.0380807402647
8.06    0.0384132456877
8.08    0.0387288096746
8.1    0.0390249126928
8.12    0.039301417434
8.14    0.0395569924469
8.16    0.0397894359097
8.18    0.0399993728467
8.2    0.0401848597098
8.22    0.0403442944227
8.24    0.0404792146546
8.26    0.040586782624
8.28    0.0406666367744
8.3    0.0407199660197
8.32    0.0407441891317
8.34    0.0407402424551
8.36    0.0407079801109
8.38    0.0406458791817
8.4    0.0405562554449
8.42    0.0404370173841
8.44    0.0402891889909
8.46    0.0401132196319
8.48    0.0399082278555
8.5    0.0396765669422
8.52    0.0394163939678
8.54    0.0397805061477
8.56    0.0401420755033
8.58    0.0404898748801
8.6    0.0408217548808
8.62    0.0411371927942
8.64    0.0414357569484
8.66    0.0417187788994
8.68    0.0419840482763
8.7    0.0422311887295
8.72    0.0424601679895
8.74    0.0426720740262
8.76    0.042864966712
8.78    0.043038614162
8.8    0.0431933668112
8.82    0.0433300461737
8.84    0.0434470094457
8.86    0.0435441629577
8.88    0.0436221704789
8.9    0.0436816585378
8.92    0.0437212557326
8.94    0.0437409969206
8.96    0.043742048952
8.98    0.04372438938
9.0    0.0436871498404
9.02    0.043630586642
9.04    0.0435567137996
9.06    0.0434637777837
9.08    0.0433523325132
9.1    0.0432239682089
9.12    0.043077274729
9.14    0.0429144448431
9.16    0.0427346384558
9.18    0.0425385946853
9.2    0.0423272870931
9.22    0.0420996037565
9.24    0.0418570506358
9.26    0.0415985237251
9.28    0.0413249378366
9.3    0.0410374257369
9.32    0.0407352093165
9.34    0.0404187514586
9.36    0.0400885270958
9.38    0.0397459677316
9.4    0.0393911445567
9.42    0.0390239950435
9.44    0.0386450316914
9.46    0.0382547744292
9.48    0.0380809818263
9.5    0.0380996397227
9.52    0.0381124937828
9.54    0.0381195898073
9.56    0.0381209751113
9.58    0.0381175900178
9.6    0.0381088031552
9.62    0.0380944499608
9.64    0.0380745828967
9.66    0.0380492556367
9.68    0.0380194085578
9.7    0.0379843970098
9.72    0.0379440857105
9.74    0.0379032648978
9.76    0.037861242264
9.78    0.0378148235345
9.8    0.0377632696012
9.82    0.0377066397208
9.84    0.0376449939502
9.86    0.0375785467749
9.88    0.0375080694654
9.9    0.0374327520215
9.92    0.0373526570519
9.94    0.0372678477489
9.96    0.0371783878306
9.98    0.0370843415057
10.0    0.0369857734262
