0.05    0.000145550443066
0.07    0.000300218368519
0.09    0.000623684133609
0.1    0.000482469498217
0.12    0.00108522342997
0.14    0.00122121672551
0.16    0.00106869631325
0.18    0.00114281584971
0.2    0.00108571771578
0.22    0.00101157383785
0.24    0.00178473423946
0.26    0.0020571205854
0.28    0.00192947852769
0.3    0.00231790146047
0.32    0.00224857663107
0.34    0.00199348565721
0.36    0.00203567922931
0.38    0.00202423442987
0.4    0.00195038818786
0.42    0.00165118346976
0.44    0.00158803469929
0.46    0.00145218842649
0.48    0.00135849149609
0.5    0.00166737769135
0.52    0.00182783389677
0.54    0.00173373284118
0.56    0.00145761308507
0.58    0.00121344332499
0.6    0.00130925326753
0.62    0.0013354555146
0.64    0.00129405716911
0.66    0.00128496537465
0.68    0.00125269371732
0.7    0.00120523786695
0.72    0.00114853992015
0.74    0.00108689603632
0.76    0.00102552762456
0.78    0.000968125988734
0.8    0.000916920074033
0.82    0.000900870789778
0.84    0.000919128712825
0.86    0.000926821781036
0.88    0.000930438305505
0.9    0.000931345435572
0.92    0.000930956442803
0.94    0.000929716557053
0.96    0.0009274703103
0.98    0.00092386623229
1.0    0.000918615219367
1.02    0.000911614629564
1.04    0.000902973386734
1.06    0.000892977072401
1.08    0.000882025717746
1.1    0.00087091008694
1.12    0.000859801224758
1.14    0.000848938213528
1.16    0.00083864287477
1.18    0.000829150883418
1.2    0.000820611647165
1.22    0.000813096103575
1.24    0.000806609185814
1.26    0.000801104314885
1.28    0.000796497975809
1.3    0.000792683094099
1.32    0.000789540480615
1.34    0.000786948035448
1.36    0.000784787698828
1.38    0.000782950327103
1.4    0.000781338777037
1.42    0.000779869524697
1.44    0.0007784731459
1.46    0.000777093959511
1.48    0.000775689095077
1.5    0.000774227200851
1.52    0.000772686962995
1.54    0.000771055565086
1.56    0.000769327180799
1.58    0.000767501562474
1.6    0.000765582764214
1.62    0.000763578019559
1.64    0.000761496780111
1.66    0.000759349911772
1.68    0.00075714903883
1.7    0.000754906022239
1.72    0.000752632556446
1.74    0.000750339868491
1.76    0.000748038503504
1.78    0.000745738181669
1.8    0.000743447713099
1.82    0.000741174958627
1.84    0.000738926826099
1.86    0.000736709293316
1.88    0.000734527450254
1.9    0.000732385554496
1.92    0.000730287094991
1.94    0.000728234860305
1.96    0.000726231008364
1.98    0.00072427713546
2.0    0.00072237434287
2.02    0.000720523299949
2.04    0.000718724302949
2.06    0.000716977329135
2.08    0.000715282085988
2.1    0.000713638055501
2.12    0.000712044533673
2.14    0.000710500665432
2.16    0.000709005475255
2.18    0.000707557893809
2.2    0.000706156780948
2.22    0.000704800945409
2.24    0.00070348916155
2.26    0.000702220183448
2.28    0.000700992756667
2.3    0.000699805627988
2.32    0.000698657553356
2.34    0.000697547304283
2.36    0.000696473672936
2.38    0.000695435476087
2.4    0.000694431558108
2.42    0.000693460793157
2.44    0.00069252208669
2.46    0.000691614376413
2.48    0.000690736632776
2.5    0.000689887859096
2.52    0.000689067091372
2.54    0.000688273397875
2.56    0.000687505878549
2.58    0.000686763664265
2.6    0.000686045915988
2.62    0.000685351823862
2.64    0.000684680606248
2.66    0.000684031508744
2.68    0.000683403803186
2.7    0.00068279678666
2.72    0.000682209780527
2.74    0.000681642129464
2.76    0.000681093200536
2.78    0.000680562382304
2.8    0.000680049083958
2.82    0.000679552734493
2.84    0.000679072781923
2.86    0.000678608692522
2.88    0.000678159950114
2.9    0.00067772605539
2.92    0.000677306525265
2.94    0.000676900892263
2.96    0.000676508703938
2.98    0.000676129522324
3.0    0.000675762923411
3.02    0.000675408496651
3.04    0.000675065844487
3.06    0.000674734581908
3.08    0.00067441433602
3.1    0.000674104745643
3.12    0.000673805460928
3.14    0.000673516142986
3.16    0.000673236463538
3.18    0.000672966104575
3.2    0.000672704758043
3.22    0.000672452125527
3.24    0.00067220791796
3.26    0.000671971855331
3.28    0.00067174366642
3.3    0.000671523088523
3.32    0.000671309867206
3.34    0.000671103756051
3.36    0.000670904516424
3.38    0.000670711917241
3.4    0.000670525734745
3.42    0.000670345752289
3.44    0.000670171760131
3.46    0.000670003555223
3.48    0.000669840941022
3.5    0.000669683727288
3.52    0.000669531729909
3.54    0.000669384770709
3.56    0.000669242677281
3.58    0.000669105282807
3.6    0.000668972425897
3.62    0.000668843950427
3.64    0.000668719705377
3.66    0.000668599544682
3.68    0.000668483327078
3.7    0.000668370915959
3.72    0.000668262179237
3.74    0.000668156989198
3.76    0.000668055222377
3.78    0.00066795675942
3.8    0.000667861484958
3.82    0.000667769287488
3.84    0.000667680059248
3.86    0.000667593696102
3.88    0.000667510097426
3.9    0.000667429165998
3.92    0.00066735080789
3.94    0.000667274932364
3.96    0.000667201451769
3.98    0.000667130281445
4.0    0.000667061339624
4.02    0.00066699454734
4.04    0.000666929828336
4.06    0.000666867108978
4.08    0.00066680631817
4.1    0.000666747387268
4.12    0.000666690250003
4.14    0.000666634842404
4.16    0.000666581102719
4.18    0.000666528971342
4.2    0.000666478390747
4.22    0.000666429305411
4.24    0.000666381661755
4.26    0.000666335408073
4.28    0.000666290494475
4.3    0.00066624687282
4.32    0.000666204496662
4.34    0.00066616332119
4.36    0.000666123303176
4.38    0.000666084400916
4.4    0.000666046574184
4.42    0.000666009784179
4.44    0.000665973993475
4.46    0.000665939165978
4.48    0.000665905266877
4.5    0.000665872262599
4.52    0.000665840120773
4.54    0.00066580881018
4.56    0.000665778300721
4.58    0.000665748563372
4.6    0.00066571957015
4.62    0.00066569129408
4.64    0.000665663709151
4.66    0.000665636790292
4.68    0.000665610513334
4.7    0.000665584854982
4.72    0.000665559792778
4.74    0.00066553530508
4.76    0.000665511371027
4.78    0.000665487970517
4.8    0.000665465084176
4.82    0.000665442693333
4.84    0.000665420779998
4.86    0.000665399326835
4.88    0.00066537831714
4.9    0.000665357734821
4.92    0.000665337564371
4.94    0.000665317790853
4.96    0.000665298399877
4.98    0.00066527937758
5.0    0.000665260710609
5.02    0.000665242386102
5.04    0.00066522439167
5.06    0.000665206715382
5.08    0.000665189345746
5.1    0.000665172271696
5.12    0.000665155482575
5.14    0.000665138968122
5.16    0.000665122718455
5.18    0.000665106724061
5.2    0.000665090975779
5.22    0.000665075464792
5.24    0.00066506018261
5.26    0.000665045121062
5.28    0.00066503027228
5.3    0.000665015628694
5.32    0.000665001183015
5.34    0.000664986928233
5.36    0.000664972857595
5.38    0.00066495896461
5.4    0.000664945243025
5.42    0.00066493168683
5.44    0.000664918290238
5.46    0.000664905047683
5.48    0.000664891953814
5.5    0.000664879003477
5.52    0.000664866191721
5.54    0.000664853513781
5.56    0.000664840965076
5.58    0.000664828541199
5.6    0.000664816237914
5.62    0.000664804051147
5.64    0.000664791976982
5.66    0.000664780011654
5.68    0.000664768151544
5.7    0.000664756393174
5.72    0.0006647447332
5.74    0.000664733168409
5.76    0.000664721695715
5.78    0.000664710312151
5.8    0.000664699014868
5.82    0.000664687801126
5.84    0.000664676668298
5.86    0.000664665613857
5.88    0.000664654635376
5.9    0.000664643730529
5.92    0.000664632897077
5.94    0.000664622132873
5.96    0.000664611435857
5.98    0.000664600804051
6.0    0.000664590235556
6.02    0.000664579728549
6.04    0.000664569281283
6.06    0.000664558892081
6.08    0.000664548559335
6.1    0.0006645382815
6.12    0.000664528057098
6.14    0.000664517884709
6.16    0.000664507762975
6.18    0.000664497690591
6.2    0.000664487666305
6.22    0.000664477688923
6.24    0.000664467757297
6.26    0.000664457870326
6.28    0.000664448026958
6.3    0.000664438226183
6.32    0.00066442846704
6.34    0.0006644187486
6.36    0.000664409069981
6.38    0.000664399430335
6.4    0.000664389828852
6.42    0.000664380264758
6.44    0.000664370737309
6.46    0.0006643612458
6.48    0.000664351789548
6.5    0.000664342367911
6.52    0.000664332980265
6.54    0.000664323626021
6.56    0.000664314304614
6.58    0.000664305015502
6.6    0.000664295758172
6.62    0.000664286532131
6.64    0.000664277336908
6.66    0.000664268172058
6.68    0.00066425903715
6.7    0.00066424993178
6.72    0.000664240855558
6.74    0.000664231808114
6.76    0.000664222789093
6.78    0.000664213798161
6.8    0.000664204834997
6.82    0.000664195899297
6.84    0.000664186990771
6.86    0.000664178109141
6.88    0.000664169254145
6.9    0.000664160425534
6.92    0.000664151623071
6.94    0.000664142846529
6.96    0.000664134095695
6.98    0.000664125370366
7.0    0.000664116670346
7.02    0.000664107995454
7.04    0.000664099345516
7.06    0.000664090720365
7.08    0.000664082119847
7.1    0.000664073543813
7.12    0.000664064992122
7.14    0.000664056464641
7.16    0.000664047961244
7.18    0.000664039481814
7.2    0.000664031026235
7.22    0.000664022594402
7.24    0.000664014186215
7.26    0.000664005801577
7.28    0.0006639974404
7.3    0.000663989102597
7.32    0.000663980788089
7.34    0.000663972496801
7.36    0.000663964228659
7.38    0.000663955983599
7.4    0.000663947761554
7.42    0.000663939562465
7.44    0.000663931386278
7.46    0.000663923232937
7.48    0.000663915102394
7.5    0.000663906994599
7.52    0.000663898909507
7.54    0.000663890847079
7.56    0.000663882807275
7.58    0.000663874790054
7.6    0.000663866795385
7.62    0.000663858823231
7.64    0.000663850873562
7.66    0.00066384294635
7.68    0.000663835041563
7.7    0.000663827159177
7.72    0.000663819299165
7.74    0.000663811461505
7.76    0.000663803646173
7.78    0.000663795853147
7.8    0.000663788082406
7.82    0.000663780333931
7.84    0.000663772607701
7.86    0.000663764903698
7.88    0.000663757221906
7.9    0.000663749562307
7.92    0.000663741924886
7.94    0.000663734309623
7.96    0.000663726716504
7.98    0.000663719145516
8.0    0.00066371159664
8.02    0.000663704069864
8.04    0.000663696565173
8.06    0.00066368908255
8.08    0.000663681621983
8.1    0.000663674183457
8.12    0.000663666766957
8.14    0.000663659372468
8.16    0.000663651999976
8.18    0.000663644649467
8.2    0.000663637320926
8.22    0.000663630014338
8.24    0.000663622729687
8.26    0.000663615466958
8.28    0.000663608226134
8.3    0.000663601007201
8.32    0.000663593810143
8.34    0.000663586634941
8.36    0.00066357948158
8.38    0.000663572350043
8.4    0.00066356524031
8.42    0.000663558152365
8.44    0.000663551086188
8.46    0.000663544041761
8.48    0.000663537019064
8.5    0.000663530018078
8.52    0.000663523038784
8.54    0.000663516081156
8.56    0.000663509145179
8.58    0.000663502230828
8.6    0.00066349533808
8.62    0.000663488466916
8.64    0.000663481617307
8.66    0.000663474789235
8.68    0.000663467982672
8.7    0.000663461197596
8.72    0.000663454433978
8.74    0.000663447691794
8.76    0.00066344097102
8.78    0.000663434271627
8.8    0.000663427593586
8.82    0.000663420936871
8.84    0.000663414301453
8.86    0.000663407687303
8.88    0.000663401094393
8.9    0.000663394522689
8.92    0.000663387972164
8.94    0.000663381442786
8.96    0.000663374934523
8.98    0.000663368447341
9.0    0.000663361981211
9.02    0.000663355536096
9.04    0.000663349111966
9.06    0.000663342708785
9.08    0.000663336326517
9.1    0.000663329965128
9.12    0.000663323624583
9.14    0.000663317304845
9.16    0.000663311005877
9.18    0.000663304727642
9.2    0.000663298470104
9.22    0.000663292233222
9.24    0.00066328601696
9.26    0.000663279821278
9.28    0.000663273646136
9.3    0.000663267491495
9.32    0.000663261357315
9.34    0.000663255243553
9.36    0.00066324915017
9.38    0.000663243077124
9.4    0.000663237024373
9.42    0.000663230991874
9.44    0.000663224979584
9.46    0.000663218987461
9.48    0.000663213015461
9.5    0.000663207063539
9.52    0.000663201131652
9.54    0.000663195219755
9.56    0.000663189327801
9.58    0.000663183455747
9.6    0.000663177603547
9.62    0.000663171771154
9.64    0.000663165958521
9.66    0.000663160165604
9.68    0.000663154392354
9.7    0.000663148638723
9.72    0.000663142904663
9.74    0.000663137190128
9.76    0.000663131495069
9.78    0.000663125819436
9.8    0.000663120163183
9.82    0.000663114526257
9.84    0.000663108908614
9.86    0.000663103310199
9.88    0.000663097730965
9.9    0.000663092170862
9.92    0.000663086629837
9.94    0.000663081107843
9.96    0.000663075604827
9.98    0.000663070120738
10.0    0.000663064655526
