0.05    7.52936179236e-05
0.07    0.00015799393624
0.09    0.000271967840242
0.1    0.000383924613096
0.12    0.000571143081928
0.14    0.000834324191143
0.16    0.00126325459575
0.18    0.00196891036868
0.2    0.00292628289951
0.22    0.00333113438091
0.24    0.00618911846786
0.26    0.00796754948471
0.28    0.0109593956493
0.3    0.0129988168436
0.32    0.0137789167456
0.34    0.0115686606267
0.36    0.0127225676569
0.38    0.0127862601396
0.4    0.0108567487211
0.42    0.00896352173941
0.44    0.00832255882783
0.46    0.00752491224244
0.48    0.00758199264795
0.5    0.00779466939764
0.52    0.00799898436441
0.54    0.00864843255153
0.56    0.0111718500894
0.58    0.0126000237974
0.6    0.0128289273622
0.62    0.0127128504082
0.64    0.0142192000778
0.66    0.0153610917284
0.68    0.0157897389248
0.7    0.0171271369803
0.72    0.018690688922
0.74    0.0195333440044
0.76    0.0194235710611
0.78    0.0182582326933
0.8    0.0156514990019
0.82    0.0133429018646
0.84    0.0123489323636
0.86    0.0123938389447
0.88    0.0133237536503
0.9    0.0137235041016
0.92    0.0137574094768
0.94    0.0138521176959
0.96    0.0139732645339
0.98    0.0136887999483
1.0    0.0128994922682
1.02    0.0118889203966
1.04    0.0106743039219
1.06    0.0101219595112
1.08    0.0113314725257
1.1    0.0125745084272
1.12    0.0136653195856
1.14    0.0142121234368
1.16    0.0139817242106
1.18    0.0138035203969
1.2    0.0139774557869
1.22    0.0146574706944
1.24    0.015189133359
1.26    0.0155317859093
1.28    0.0156902414062
1.3    0.0158161547388
1.32    0.0160195504565
1.34    0.0160226180668
1.36    0.0158270401411
1.38    0.0155055699014
1.4    0.0157777996776
1.42    0.0182821934695
1.44    0.0210343013291
1.46    0.0234043649422
1.48    0.0251456189276
1.5    0.0262767429119
1.52    0.027309754344
1.54    0.0280935855604
1.56    0.0287688380686
1.58    0.0291087168878
1.6    0.028958651572
1.62    0.0284376639401
1.64    0.0277214266431
1.66    0.0269696295543
1.68    0.02629600233
1.7    0.0257641145597
1.72    0.0258699152624
1.74    0.0261969825847
1.76    0.0265734780984
1.78    0.0270084925796
1.8    0.0274848843224
1.82    0.0279790625057
1.84    0.0284604781591
1.86    0.0288961535781
1.88    0.0292546337436
1.9    0.030458651165
1.92    0.0322289823131
1.94    0.0341597747684
1.96    0.0361717648627
1.98    0.0381810408176
2.0    0.0401068029089
2.02    0.0418751205598
2.04    0.0434332014048
2.06    0.0447364688689
2.08    0.0457623637272
2.1    0.0465030131297
2.12    0.0469686401105
2.14    0.0471770381442
2.16    0.0478647172111
2.18    0.0494198188273
2.2    0.050588517908
2.22    0.0513637415372
2.24    0.051777496622
2.26    0.0519007900871
2.28    0.0532144115059
2.3    0.0543734453692
2.32    0.0552494882629
2.34    0.0559401684009
2.36    0.0565932921027
2.38    0.0573584738651
2.4    0.0582643665117
2.42    0.0603348667793
2.44    0.0635535979932
2.46    0.0665272212961
2.48    0.0692325829217
2.5    0.0716663784382
2.52    0.0738269569738
2.54    0.0757221930151
2.56    0.0773941511349
2.58    0.0789003676601
2.6    0.0802360067231
2.62    0.0813445072553
2.64    0.0821970088156
2.66    0.0827955216942
2.68    0.0831474065188
2.7    0.083275799661
2.72    0.0832270481346
2.74    0.0830528923793
2.76    0.0828007078987
2.78    0.0824833239699
2.8    0.0820881454245
2.82    0.0816001996755
2.84    0.0812106620684
2.86    0.0810343382604
2.88    0.0808383813253
2.9    0.0806611561414
2.92    0.0805365663049
2.94    0.0805072813073
2.96    0.0806082819179
2.98    0.0808589973588
3.0    0.0812660730204
3.02    0.081838760694
3.04    0.0825829225878
3.06    0.083497851645
3.08    0.0845751566278
3.1    0.085807829483
3.12    0.0871801739683
3.14    0.0886785642011
3.16    0.090289630658
3.18    0.0919859353966
3.2    0.0937187522648
3.22    0.0954444243734
3.24    0.0971189333306
3.26    0.0987047045486
3.28    0.10016315326
3.3    0.101462878464
3.32    0.102581945239
3.34    0.103504319413
3.36    0.104218351886
3.38    0.104719161427
3.4    0.1050108116
3.42    0.105108216565
3.44    0.105034052707
3.46    0.104816500944
3.48    0.104512679618
3.5    0.104158062547
3.52    0.10371889148
3.54    0.103171900059
3.56    0.102514366199
3.58    0.101753533386
3.6    0.100902723462
3.62    0.099982791404
3.64    0.0990142132852
3.66    0.0980166198714
3.68    0.0970116565081
3.7    0.0960162086139
3.72    0.0950520883391
3.74    0.0941374738155
3.76    0.0932813559938
3.78    0.0924962872555
3.8    0.0917891513001
3.82    0.091169282741
3.84    0.0906366965062
3.86    0.0901914806009
3.88    0.0898331888365
3.9    0.0895597049255
3.92    0.0893674390625
3.94    0.0892516136422
3.96    0.0892065528854
3.98    0.0892255379162
4.0    0.089300316993
4.02    0.0894245598784
4.04    0.0895892990735
4.06    0.0897896103461
4.08    0.0900221101576
4.1    0.0902822905247
4.12    0.0905664293384
4.14    0.0908737593696
4.16    0.091207096615
4.18    0.0915670263519
4.2    0.0919632847538
4.22    0.092417581406
4.24    0.092922175961
4.26    0.0934686160624
4.28    0.0940476682852
4.3    0.0946713601535
4.32    0.0954809872805
4.34    0.0963324016044
4.36    0.0972303305378
4.38    0.098179789631
4.4    0.0991857353446
4.42    0.100252904994
4.44    0.101385808971
4.46    0.102588812018
4.48    0.103866073678
4.5    0.105221344418
4.52    0.106657828706
4.54    0.108178616815
4.56    0.109785290808
4.58    0.111478690472
4.6    0.1132587643
4.62    0.115124620847
4.64    0.117074614322
4.66    0.119107191769
4.68    0.121219646857
4.7    0.123407089475
4.72    0.125667962275
4.74    0.127995458926
4.76    0.130385003021
4.78    0.132831426949
4.8    0.135328948369
4.82    0.137871206743
4.84    0.140451303887
4.86    0.14306257501
4.88    0.145699541373
4.9    0.14835716443
4.92    0.15103454208
4.94    0.153730457624
4.96    0.156439188573
4.98    0.159151931546
5.0    0.161852751524
5.02    0.164524229418
5.04    0.167150726226
5.06    0.169719775924
5.08    0.172220505803
5.1    0.174638660068
5.12    0.176969175392
5.14    0.179202128555
5.16    0.181332817461
5.18    0.183360686585
5.2    0.1852858905
5.22    0.187103743076
5.24    0.188823998151
5.26    0.190453408812
5.28    0.192011660934
5.3    0.193499442664
5.32    0.194897765145
5.34    0.19619215079
5.36    0.197378490277
5.38    0.198456030926
5.4    0.199425977468
5.42    0.201968593768
5.44    0.204897912059
5.46    0.207773910171
5.48    0.21058830437
5.5    0.213329547391
5.52    0.215990902045
5.54    0.218566230245
5.56    0.221043353687
5.58    0.223419623666
5.6    0.225697024141
5.62    0.227878472809
5.64    0.229976370025
5.66    0.232005314862
5.68    0.233968210106
5.7    0.235850924436
5.72    0.237633096761
5.74    0.239306151937
5.76    0.240860972243
5.78    0.242290424577
5.8    0.24359449394
5.82    0.244773867086
5.84    0.245827618665
5.86    0.246754698593
5.88    0.24754860114
5.9    0.248206364224
5.92    0.248728517272
5.94    0.249111269288
5.96    0.249350004078
5.98    0.249447931761
6.0    0.249403771332
6.02    0.249222213204
6.04    0.248912208546
6.06    0.248481150545
6.08    0.247945188748
6.1    0.247334560655
6.12    0.246672161924
6.14    0.245962496404
6.16    0.245204040457
6.18    0.244390042909
6.2    0.243495218343
6.22    0.243158455375
6.24    0.244479401046
6.26    0.24572253937
6.28    0.246901851016
6.3    0.248043955413
6.32    0.249191151795
6.34    0.250337531186
6.36    0.251444696619
6.38    0.252493215937
6.4    0.25347635616
6.42    0.254394241478
6.44    0.255247546221
6.46    0.256037425986
6.48    0.256759898417
6.5    0.257418984278
6.52    0.258025209875
6.54    0.258613154073
6.56    0.25924238888
6.58    0.259882711838
6.6    0.260484777939
6.62    0.261029363144
6.64    0.261511532202
6.66    0.261929383498
6.68    0.262277369224
6.7    0.262559705711
6.72    0.262781045264
6.74    0.262953996217
6.76    0.26309897989
6.78    0.263248718602
6.8    0.263392200303
6.82    0.263496690083
6.84    0.263541542899
6.86    0.263515501595
6.88    0.263415267617
6.9    0.263238966047
6.92    0.262984017287
6.94    0.262650461021
6.96    0.262239991354
6.98    0.261756707716
7.0    0.261199152626
7.02    0.260569320291
7.04    0.259871010128
7.06    0.259107862049
7.08    0.258283081733
7.1    0.257402012421
7.12    0.256470874906
7.14    0.255507646227
7.16    0.254559566512
7.18    0.253670367073
7.2    0.252780834397
7.22    0.251859673411
7.24    0.250896737606
7.26    0.249889408307
7.28    0.248834082164
7.3    0.247730228765
7.32    0.246578985738
7.34    0.245378600493
7.36    0.24412898248
7.38    0.24283051651
7.4    0.24148453125
7.42    0.240092344729
7.44    0.238655263627
7.46    0.237175271915
7.48    0.235653865812
7.5    0.234091415881
7.52    0.232489179234
7.54    0.230848399423
7.56    0.229170882807
7.58    0.227458422213
7.6    0.225711096003
7.62    0.223930962027
7.64    0.222121763938
7.66    0.220286243523
7.68    0.218425594783
7.7    0.217229547775
7.72    0.216654129885
7.74    0.216062207753
7.76    0.215455368992
7.78    0.214834044846
7.8    0.214198600382
7.82    0.213549396315
7.84    0.213051125297
7.86    0.212956758043
7.88    0.2128435494
7.9    0.212710043362
7.92    0.21255397011
7.94    0.212376107663
7.96    0.212175306276
7.98    0.211952178443
8.0    0.211705174002
8.02    0.211436059404
8.04    0.211143533667
8.06    0.210827579454
8.08    0.210488727491
8.1    0.210127572329
8.12    0.209746690212
8.14    0.209345210398
8.16    0.208923675084
8.18    0.208484801708
8.2    0.208028761883
8.22    0.207558836384
8.24    0.207076206477
8.26    0.206582170482
8.28    0.206076980324
8.3    0.20555984454
8.32    0.205029657562
8.34    0.204486357198
8.36    0.203930972942
8.38    0.20336563008
8.4    0.202791057517
8.42    0.202209339117
8.44    0.201623672438
8.46    0.201035932697
8.48    0.200446376082
8.5    0.199852891915
8.52    0.199252301288
8.54    0.198643226902
8.56    0.198024880234
8.58    0.197397425809
8.6    0.196758610234
8.62    0.196109506058
8.64    0.195449905679
8.66    0.194779241704
8.68    0.194097741648
8.7    0.193405501591
8.72    0.192702625751
8.74    0.191989380134
8.76    0.191266102398
8.78    0.190533124291
8.8    0.189790771718
8.82    0.189039364799
8.84    0.188279217864
8.86    0.187510639548
8.88    0.186733932759
8.9    0.185949394808
8.92    0.185157317384
8.94    0.184357986648
8.96    0.183551683288
8.98    0.182738747824
9.0    0.181919678004
9.02    0.181095094622
9.04    0.18026561528
9.06    0.179431724003
9.08    0.178593729338
9.1    0.177752063673
9.12    0.176907570614
9.14    0.176060347148
9.16    0.175212018449
9.18    0.174362623671
9.2    0.173513192992
9.22    0.172661917991
9.24    0.172001455329
9.26    0.171707355956
9.28    0.171408030619
9.3    0.171105477446
9.32    0.170798306196
9.34    0.170487795542
9.36    0.170174099459
9.38    0.169857249518
9.4    0.169538267903
9.42    0.169218033266
9.44    0.168900958131
9.46    0.168594750136
9.48    0.168292884266
9.5    0.167991258927
9.52    0.167689865374
9.54    0.167388342239
9.56    0.167086789986
9.58    0.16678530354
9.6    0.166483726978
9.62    0.166184142633
9.64    0.165889826477
9.66    0.165597623555
9.68    0.165304931308
9.7    0.165011221156
9.72    0.164716142822
9.74    0.164419274006
9.76    0.16412002322
9.78    0.163819133807
9.8    0.163515705185
9.82    0.163209993696
9.84    0.162901826709
9.86    0.162591641674
9.88    0.162278044993
9.9    0.161963716173
9.92    0.161646176854
9.94    0.161325749646
9.96    0.161004585617
9.98    0.160680501386
10.0    0.160353603804
