0.05    3.55176068121e-05
0.07    7.83241451671e-05
0.09    0.000152865294535
0.1    0.000192314617821
0.12    0.000311336096846
0.14    0.000499467676251
0.16    0.000673847116985
0.18    0.000894606830302
0.2    0.00138244124469
0.22    0.00176481202068
0.24    0.00240194166483
0.26    0.00362028401012
0.28    0.00345285393455
0.3    0.00403862423421
0.32    0.00516443624474
0.34    0.00695386255464
0.36    0.0091204769417
0.38    0.00885238856984
0.4    0.00830069400869
0.42    0.00690424138638
0.44    0.0068991204973
0.46    0.0071454023102
0.48    0.007983733038
0.5    0.00836888556822
0.52    0.00810924409794
0.54    0.00762796766555
0.56    0.00749668163632
0.58    0.00771330233549
0.6    0.00783944014043
0.62    0.00877211783979
0.64    0.00956998827479
0.66    0.0103247820307
0.68    0.0104959260488
0.7    0.0102509829686
0.72    0.0092699086846
0.74    0.00862074989069
0.76    0.0087196551182
0.78    0.00891222963837
0.8    0.00867092969813
0.82    0.00822602083289
0.84    0.00820959668716
0.86    0.00813375812002
0.88    0.00801060446746
0.9    0.00784936221238
0.92    0.00780675800151
0.94    0.00848618721217
0.96    0.00901484686646
0.98    0.00941416627751
1.0    0.00978135792908
1.02    0.0107211562267
1.04    0.0117973248436
1.06    0.0129968933434
1.08    0.0143150034532
1.1    0.0157498186107
1.12    0.0172664852738
1.14    0.0188050581052
1.16    0.0203050935864
1.18    0.0217002978564
1.2    0.0229135918119
1.22    0.0238502736765
1.24    0.024395123235
1.26    0.0260181230625
1.28    0.0269346705467
1.3    0.0269054038237
1.32    0.0275139483834
1.34    0.0294040290524
1.36    0.0310718857859
1.38    0.0324401190366
1.4    0.0334724502358
1.42    0.0341460460643
1.44    0.0344486250446
1.46    0.0343816429897
1.48    0.0339676502038
1.5    0.0332443894497
1.52    0.0322459498192
1.54    0.0323139270755
1.56    0.0339991797688
1.58    0.0349769278859
1.6    0.0353116768721
1.62    0.0359664856103
1.64    0.0360754693231
1.66    0.035605352248
1.68    0.0347196717096
1.7    0.0336008433882
1.72    0.0324069550525
1.74    0.0320487377116
1.76    0.032014868819
1.78    0.03220731446
1.8    0.0326473458582
1.82    0.0333271895472
1.84    0.0342141843652
1.86    0.0352568751662
1.88    0.0363995303882
1.9    0.0375910368595
1.92    0.0387879429951
1.94    0.0399628134486
1.96    0.0410879245687
1.98    0.0421437000899
2.0    0.0431049466545
2.02    0.0439357196128
2.04    0.0446013395504
2.06    0.0450872560708
2.08    0.0453859559112
2.1    0.0454992633131
2.12    0.0454220244019
2.14    0.0451558035423
2.16    0.0447052882945
2.18    0.0440784135447
2.2    0.0432834008858
2.22    0.0423312445707
2.24    0.0419657581267
2.26    0.0424997696278
2.28    0.0429917426844
2.3    0.0434430591802
2.32    0.043855787385
2.34    0.0442285982339
2.36    0.0445617445375
2.38    0.0448552530196
2.4    0.04511019002
2.42    0.0453265032948
2.44    0.0460959438656
2.46    0.0469847539512
2.48    0.0478110866866
2.5    0.04857779502
2.52    0.0492817693336
2.54    0.049921576129
2.56    0.050491054444
2.58    0.0509883112415
2.6    0.0514147631662
2.62    0.0517720214315
2.64    0.0520621568801
2.66    0.0522931662975
2.68    0.0524691040535
2.7    0.0525986734069
2.72    0.0526938383219
2.74    0.0527749140741
2.76    0.0531357958989
2.78    0.0549044921772
2.8    0.0565550907509
2.82    0.058184003618
2.84    0.0597878333232
2.86    0.0613238313887
2.88    0.0627984976764
2.9    0.0642305851141
2.92    0.065654179963
2.94    0.0670976495781
2.96    0.0685822697781
2.98    0.0701220024356
3.0    0.071726064599
3.02    0.0733988502561
3.04    0.0751377200154
3.06    0.0769370808257
3.08    0.0787810146069
3.1    0.0806493073321
3.12    0.0825104647315
3.14    0.0843321969887
3.16    0.0860932303612
3.18    0.0877678590705
3.2    0.0893396841073
3.22    0.0907898391478
3.24    0.0921182418029
3.26    0.0933492898578
3.28    0.0945391419891
3.3    0.0958942182366
3.32    0.0974868347968
3.34    0.0990048645427
3.36    0.100422476541
3.38    0.101735406695
3.4    0.102964392563
3.42    0.104383809879
3.44    0.105870778384
3.46    0.107257385659
3.48    0.108552145423
3.5    0.10976454253
3.52    0.110905774613
3.54    0.111989470666
3.56    0.113028924573
3.58    0.114039794695
3.6    0.115034583222
3.62    0.116022049307
3.64    0.117008161349
3.66    0.118003141035
3.68    0.119009243081
3.7    0.120041907334
3.72    0.121109270623
3.74    0.122219650953
3.76    0.123376495941
3.78    0.124578611453
3.8    0.125816465349
3.82    0.12707420815
3.84    0.128335864832
3.86    0.129592749846
3.88    0.130829722966
3.9    0.132039445736
3.92    0.133214600969
3.94    0.134350481031
3.96    0.136742259232
3.98    0.139372769356
4.0    0.142013566676
4.02    0.14465592473
4.04    0.147291002486
4.06    0.149909206976
4.08    0.152497784733
4.1    0.155042676311
4.12    0.157531204621
4.14    0.15995243682
4.16    0.16229899691
4.18    0.164570749272
4.2    0.166759502904
4.22    0.168856110754
4.24    0.170848925451
4.26    0.172727363485
4.28    0.174610649905
4.3    0.178907172683
4.32    0.183200189947
4.34    0.187479946393
4.36    0.191745701065
4.38    0.195986948819
4.4    0.200203819317
4.42    0.204388240792
4.44    0.208539164778
4.46    0.212655324166
4.48    0.216738142183
4.5    0.220789629073
4.52    0.224814916553
4.54    0.228819950763
4.56    0.232813775241
4.58    0.236813709486
4.6    0.24082425391
4.62    0.24482250607
4.64    0.248780940169
4.66    0.252675684439
4.68    0.256494003964
4.7    0.260221467543
4.72    0.263849039315
4.74    0.267374194338
4.76    0.270790502193
4.78    0.274097820029
4.8    0.277300111949
4.82    0.280409816248
4.84    0.283436039958
4.86    0.286398064403
4.88    0.289310776391
4.9    0.292196364651
4.92    0.295090591419
4.94    0.298048728011
4.96    0.301051948169
4.98    0.304032380097
5.0    0.30695129356
5.02    0.309799453371
5.04    0.312569776231
5.06    0.31526555518
5.08    0.317904878175
5.1    0.320493911799
5.12    0.323029222471
5.14    0.325499455296
5.16    0.327893347611
5.18    0.330214345563
5.2    0.332466175435
5.22    0.334662656743
5.24    0.336809065867
5.26    0.338898342581
5.28    0.340917353464
5.3    0.342862243041
5.32    0.344727961808
5.34    0.346519132502
5.36    0.348238984276
5.38    0.349892976127
5.4    0.351493465491
5.42    0.353052770095
5.44    0.354568332317
5.46    0.356033607503
5.48    0.357436430862
5.5    0.358766373422
5.52    0.360006185864
5.54    0.361147680268
5.56    0.362190937828
5.58    0.363137298637
5.6    0.364008772879
5.62    0.364842042936
5.64    0.365685388598
5.66    0.366562762996
5.68    0.367536516633
5.7    0.368649950678
5.72    0.369765532305
5.74    0.370812191321
5.76    0.371767649185
5.78    0.37302872065
5.8    0.374651721826
5.82    0.376217040531
5.84    0.377728035294
5.86    0.379178932578
5.88    0.380573212017
5.9    0.381911858656
5.92    0.383195565262
5.94    0.384429009108
5.96    0.385618547275
5.98    0.386771643325
6.0    0.387901269078
6.02    0.389027381452
6.04    0.390174886101
6.06    0.391395618649
6.08    0.392708177332
6.1    0.394047812245
6.12    0.395380130803
6.14    0.396692870792
6.16    0.397975157514
6.18    0.399221034142
6.2    0.400425585028
6.22    0.401584105016
6.24    0.402694245149
6.26    0.403757171233
6.28    0.404772580109
6.3    0.405739876593
6.32    0.40666382428
6.34    0.407551211263
6.36    0.408408602424
6.38    0.409249592777
6.4    0.410081984614
6.42    0.410904099919
6.44    0.411712403517
6.46    0.412499298904
6.48    0.413261684538
6.5    0.413996033565
6.52    0.414701576416
6.54    0.415377695674
6.56    0.416022595615
6.58    0.416636668428
6.6    0.417220305128
6.62    0.417773895431
6.64    0.418297827587
6.66    0.418792488265
6.68    0.419258099819
6.7    0.419693908459
6.72    0.420099142086
6.74    0.420472858632
6.76    0.42081509843
6.78    0.421126308931
6.8    0.421406934865
6.82    0.421657418191
6.84    0.421878629252
6.86    0.422071705304
6.88    0.422236995318
6.9    0.422374377302
6.92    0.422484370485
6.94    0.422568627043
6.96    0.422627805835
6.98    0.422662780097
7.0    0.422676370464
7.02    0.422671928952
7.04    0.422655081091
7.06    0.42262954341
7.08    0.422595943893
7.1    0.422552461999
7.12    0.422490820853
7.14    0.422405092771
7.16    0.422292709034
7.18    0.42215128352
7.2    0.421979052143
7.22    0.421773341284
7.24    0.421536941497
7.26    0.421267442852
7.28    0.42096443539
7.3    0.420628170981
7.32    0.42025883414
7.34    0.419856857018
7.36    0.419423168815
7.38    0.418959340361
7.4    0.418464578688
7.42    0.417939481875
7.44    0.417384734157
7.46    0.416801118606
7.48    0.41618935876
7.5    0.415550050999
7.52    0.414883751591
7.54    0.414192027546
7.56    0.413476082328
7.58    0.412735583627
7.6    0.41197117261
7.62    0.411183381303
7.64    0.410373138847
7.66    0.409543572322
7.68    0.408693034228
7.7    0.407822132317
7.72    0.406934292202
7.74    0.40602889789
7.76    0.405106023564
7.78    0.404169025998
7.8    0.403214731682
7.82    0.402246619051
7.84    0.401263662617
7.86    0.40026864598
7.88    0.399261412879
7.9    0.398245931047
7.92    0.39722388775
7.94    0.396198771409
7.96    0.395173693195
7.98    0.394150067706
8.0    0.393130308188
8.02    0.392116188675
8.04    0.391106484974
8.06    0.390101078498
8.08    0.389100062102
8.1    0.388098012175
8.12    0.387093417615
8.14    0.386084175133
8.16    0.385067079088
8.18    0.384041772116
8.2    0.383006632939
8.22    0.381961351907
8.24    0.38090378314
8.26    0.379834052174
8.28    0.378752234814
8.3    0.377659160392
8.32    0.377164161626
8.34    0.376637294701
8.36    0.376070437576
8.38    0.375463835647
8.4    0.374817548587
8.42    0.374131272149
8.44    0.373405688563
8.46    0.372641645288
8.48    0.371839980419
8.5    0.371001522558
8.52    0.370127233744
8.54    0.369220860432
8.56    0.368287342697
8.58    0.367331669374
8.6    0.366364626437
8.62    0.365401103226
8.64    0.364458667398
8.66    0.363534501388
8.68    0.362615857017
8.7    0.36168884524
8.72    0.360745759162
8.74    0.359779347675
8.76    0.358788937009
8.78    0.357772249517
8.8    0.356728164468
8.82    0.355657399143
8.84    0.354561854924
8.86    0.353442435785
8.88    0.352301001587
8.9    0.351137101717
8.92    0.349951126573
8.94    0.348743666901
8.96    0.347516033854
8.98    0.34627178734
9.0    0.34501418909
9.02    0.343748749646
9.04    0.342481729627
9.06    0.341220055356
9.08    0.339970885406
9.1    0.338734524086
9.12    0.337505636738
9.14    0.336276966407
9.16    0.335040876537
9.18    0.333794649339
9.2    0.332537627696
9.22    0.331268925616
9.24    0.329987287194
9.26    0.328691368176
9.28    0.327380544393
9.3    0.32605300723
9.32    0.324708517218
9.34    0.323347508147
9.36    0.321971641758
9.38    0.320582592988
9.4    0.319181883097
9.42    0.31777431625
9.44    0.316360550901
9.46    0.314940921619
9.48    0.313513001293
9.5    0.31207671766
9.52    0.310629978776
9.54    0.309172752602
9.56    0.307705524805
9.58    0.306229386599
9.6    0.304743927934
9.62    0.303249527429
9.64    0.301936248909
9.66    0.301783535318
9.68    0.30162562662
9.7    0.301466538955
9.72    0.301302614162
9.74    0.301137144874
9.76    0.300967441715
9.78    0.300795583131
9.8    0.300620332646
9.82    0.300442097051
9.84    0.300261523767
9.86    0.300077179249
9.88    0.299891501315
9.9    0.299701488691
9.92    0.299510918049
9.94    0.299316107772
9.96    0.29912039691
9.98    0.298921030061
10.0    0.298720431908
