0.05    0.000104028293903
0.07    0.000204259736465
0.09    0.000404330063167
0.1    0.000579346406602
0.12    0.00106194136674
0.14    0.00204624033621
0.16    0.00186401199772
0.18    0.00272992593102
0.2    0.00378463228572
0.22    0.00380883951824
0.24    0.00418986590927
0.26    0.00564086753015
0.28    0.00719297879134
0.3    0.00812359728373
0.32    0.00929123999664
0.34    0.0128785156781
0.36    0.013802660901
0.38    0.0132274463614
0.4    0.0143847393802
0.42    0.0162751752745
0.44    0.0169286121761
0.46    0.0182645623961
0.48    0.0234730722065
0.5    0.0281271684001
0.52    0.0337801105178
0.54    0.0406856171218
0.56    0.0479718451758
0.58    0.0542617406703
0.6    0.0575094591405
0.62    0.0587437888345
0.64    0.0610660197724
0.66    0.0615472742911
0.68    0.0592745555603
0.7    0.055809479451
0.72    0.0503111322747
0.74    0.0438839033279
0.76    0.0387416576534
0.78    0.0375588724539
0.8    0.039130316028
0.82    0.042748594369
0.84    0.0462255111711
0.86    0.0487165416051
0.88    0.0500380542705
0.9    0.0503741081769
0.92    0.0501896585325
0.94    0.0500459826949
0.96    0.0504705580318
0.98    0.054252681854
1.0    0.058656563153
1.02    0.0626144718749
1.04    0.067411975372
1.06    0.0727523875595
1.08    0.0760990339091
1.1    0.0781585880743
1.12    0.0804923253088
1.14    0.0839244541479
1.16    0.088073104406
1.18    0.091909189515
1.2    0.0946413868503
1.22    0.0961388402946
1.24    0.0969864914271
1.26    0.0980917417689
1.28    0.10016898854
1.3    0.103468687937
1.32    0.107709565407
1.34    0.112320495165
1.36    0.116629663244
1.38    0.119942070741
1.4    0.1215828128
1.42    0.121021618486
1.44    0.118011772883
1.46    0.112539837591
1.48    0.104695924283
1.5    0.112775225543
1.52    0.124493869519
1.54    0.131555596452
1.56    0.134309903401
1.58    0.133567747032
1.6    0.130693554321
1.62    0.127488164674
1.64    0.125754183007
1.66    0.126785586944
1.68    0.130862889623
1.7    0.137243355711
1.72    0.144526969937
1.74    0.151243542097
1.76    0.156154565555
1.78    0.160607974413
1.8    0.163649860257
1.82    0.163468197905
1.84    0.159835260608
1.86    0.152702371461
1.88    0.142754010428
1.9    0.130894028059
1.92    0.129386578775
1.94    0.126515066932
1.96    0.12339792863
1.98    0.120092462808
2.0    0.116439332138
2.02    0.114994554869
2.04    0.11352949093
2.06    0.11122556937
2.08    0.10818361508
2.1    0.104512546633
2.12    0.100349170852
2.14    0.102592374499
2.16    0.104151057006
2.18    0.108540624805
2.2    0.113108600574
2.22    0.116725943622
2.24    0.119405076233
2.26    0.121286508605
2.28    0.12260111283
2.3    0.123569058313
2.32    0.124291138614
2.34    0.124761589594
2.36    0.125021084366
2.38    0.125119365076
2.4    0.125118469652
2.42    0.125059176003
2.44    0.124966469263
2.46    0.124837573222
2.48    0.124662228518
2.5    0.124456023226
2.52    0.124239394364
2.54    0.124044220211
2.56    0.123933264251
2.58    0.123972517654
2.6    0.124154789083
2.62    0.124414514652
2.64    0.124720587942
2.66    0.125054721201
2.68    0.125375036734
2.7    0.125638008804
2.72    0.125785805053
2.74    0.125776307687
2.76    0.125570718766
2.78    0.125117058688
2.8    0.124367034794
2.82    0.124776106571
2.84    0.126410113429
2.86    0.127899231523
2.88    0.12917505127
2.9    0.130186615393
2.92    0.130902794751
2.94    0.131286519785
2.96    0.131322446238
2.98    0.131001732542
3.0    0.130314508964
3.02    0.12925129833
3.04    0.127832883502
3.06    0.126050807646
3.08    0.123892014169
3.1    0.121367881617
3.12    0.118493589
3.14    0.115308756955
3.16    0.111859539488
3.18    0.108188524147
3.2    0.104337962031
3.22    0.100372866932
3.24    0.0963617001599
3.26    0.0923745897325
3.28    0.0884935432331
3.3    0.0847979390706
3.32    0.0843606993105
3.34    0.085749661025
3.36    0.0869890086661
3.38    0.0880692784095
3.4    0.0889878660563
3.42    0.0897299917562
3.44    0.0902951969554
3.46    0.0906769326225
3.48    0.0908720180305
3.5    0.0909338514363
3.52    0.0920866185136
3.54    0.0926755726344
3.56    0.0926611639227
3.58    0.0920727474418
3.6    0.0910018350067
3.62    0.0930974751363
3.64    0.0973965516021
3.66    0.101782554885
3.68    0.10618689412
3.7    0.110548357043
3.72    0.11480814407
3.74    0.118912675083
3.76    0.122816449769
3.78    0.126473605236
3.8    0.129844179183
3.82    0.132902077317
3.84    0.135626809443
3.86    0.137994145999
3.88    0.139978859075
3.9    0.141561384863
3.92    0.142734009438
3.94    0.143496425695
3.96    0.143847864278
3.98    0.143788346092
4.0    0.143316688238
4.02    0.142438997291
4.04    0.141171291709
4.06    0.139530251402
4.08    0.137527841359
4.1    0.135194692814
4.12    0.135838368249
4.14    0.137994709481
4.16    0.139333160831
4.18    0.1398171714
4.2    0.139440766783
4.22    0.13821962936
4.24    0.136187400204
4.26    0.133390648203
4.28    0.129894394349
4.3    0.125778633718
4.32    0.12113032956
4.34    0.120144708014
4.36    0.121080967005
4.38    0.12158634894
4.4    0.121703802807
4.42    0.121475843029
4.44    0.120952301844
4.46    0.120190173062
4.48    0.119239732346
4.5    0.118152797861
4.52    0.116968798035
4.54    0.115719553595
4.56    0.114439735908
4.58    0.11317559561
4.6    0.11197683967
4.62    0.110862260058
4.64    0.109835195697
4.66    0.108907962047
4.68    0.108515514581
4.7    0.109198796782
4.72    0.109871126219
4.74    0.110555121341
4.76    0.111271509128
4.78    0.112035400083
4.8    0.112851435624
4.82    0.113724197191
4.84    0.114657939644
4.86    0.115644456907
4.88    0.116675898358
4.9    0.117741818248
4.92    0.118828795949
4.94    0.119925875422
4.96    0.121017748675
4.98    0.122109045549
5.0    0.123233592564
5.02    0.124360221472
5.04    0.12543198224
5.06    0.126419696256
5.08    0.127299158729
5.1    0.128044088465
5.12    0.128634458648
5.14    0.129051159487
5.16    0.129278157415
5.18    0.129295845403
5.2    0.129091563655
5.22    0.128656102821
5.24    0.127978715032
5.26    0.127051635269
5.28    0.125874970257
5.3    0.12444939609
5.32    0.122776317039
5.34    0.120862100493
5.36    0.118716839418
5.38    0.116353733187
5.4    0.113781469972
5.42    0.114197973134
5.44    0.114838519068
5.46    0.115259083209
5.48    0.115463932428
5.5    0.115454719437
5.52    0.115234087176
5.54    0.114812421382
5.56    0.11419676459
5.58    0.115331060015
5.6    0.117472806555
5.62    0.119538014722
5.64    0.121833431052
5.66    0.123860739894
5.68    0.125618000457
5.7    0.127110789535
5.72    0.128336297392
5.74    0.129307321602
5.76    0.130027034935
5.78    0.130506816371
5.8    0.130762031617
5.82    0.130804597597
5.84    0.130649154682
5.86    0.130311995255
5.88    0.129809865219
5.9    0.129159716745
5.92    0.128378717731
5.94    0.127976287658
5.96    0.129620908579
5.98    0.131132920479
6.0    0.132464478104
6.02    0.133613524475
6.04    0.134593277754
6.06    0.135427665285
6.08    0.136163063134
6.1    0.136851797314
6.12    0.137503124222
6.14    0.138110054537
6.16    0.138800779854
6.18    0.139548384674
6.2    0.140271585223
6.22    0.140962690414
6.24    0.141617646899
6.26    0.142238087613
6.28    0.142826048715
6.3    0.143385427766
6.32    0.143920267973
6.34    0.144433711423
6.36    0.144925789766
6.38    0.145399386132
6.4    0.145854657444
6.42    0.146292478154
6.44    0.146715206924
6.46    0.147130150021
6.48    0.147550901548
6.5    0.148198570406
6.52    0.149089196214
6.54    0.149988896925
6.56    0.150893854357
6.58    0.151780958943
6.6    0.152640971824
6.62    0.15357390907
6.64    0.154528371958
6.66    0.15543883659
6.68    0.156296685876
6.7    0.15709587499
6.72    0.157833408457
6.74    0.158506986656
6.76    0.159111248373
6.78    0.159636892429
6.8    0.160073015185
6.82    0.160410818198
6.84    0.160643104371
6.86    0.160764975981
6.88    0.160773309396
6.9    0.160666660841
6.92    0.160445130555
6.94    0.160110956142
6.96    0.159665016764
6.98    0.159111894361
7.0    0.158458469678
7.02    0.157713871371
7.04    0.156887375124
7.06    0.155984388392
7.08    0.155008116546
7.1    0.153966893492
7.12    0.152881607263
7.14    0.151800739776
7.16    0.150687843489
7.18    0.149522474392
7.2    0.148304440347
7.22    0.147036656478
7.24    0.145725137243
7.26    0.144374808119
7.28    0.142994165529
7.3    0.141589425038
7.32    0.140167614723
7.34    0.13873605995
7.36    0.137301848869
7.38    0.135871775703
7.4    0.13445231105
7.42    0.133049583864
7.44    0.131669347951
7.46    0.130316900552
7.48    0.128996988048
7.5    0.127713751199
7.52    0.12647070838
7.54    0.125271079563
7.56    0.124117342662
7.58    0.123010911605
7.6    0.121952907238
7.62    0.120943882788
7.64    0.11998550535
7.66    0.119075833318
7.68    0.118214209919
7.7    0.117400565992
7.72    0.116631485489
7.74    0.115906065858
7.76    0.115221181823
7.78    0.114573415714
7.8    0.113961029988
7.82    0.113379424982
7.84    0.112825259629
7.86    0.112605546754
7.88    0.112591436989
7.9    0.112617512258
7.92    0.112681622793
7.94    0.112781280733
7.96    0.112914310438
7.98    0.113078819905
8.0    0.113269755916
8.02    0.113483566448
8.04    0.113716502492
8.06    0.113964951826
8.08    0.114227293595
8.1    0.1144967756
8.12    0.114769166349
8.14    0.115040185419
8.16    0.115309008174
8.18    0.115568170447
8.2    0.115813258019
8.22    0.116042161642
8.24    0.116250805724
8.26    0.116433185414
8.28    0.116587846963
8.3    0.116710812942
8.32    0.116796437333
8.34    0.116845715804
8.36    0.116851637802
8.38    0.116813331252
8.4    0.116727998794
8.42    0.116592253535
8.44    0.116405847118
8.46    0.116164678242
8.48    0.115869251434
8.5    0.115516679268
8.52    0.11510625443
8.54    0.114638292152
8.56    0.114110517079
8.58    0.113523474247
8.6    0.112878197436
8.62    0.112173634074
8.64    0.111410428662
8.66    0.110589378117
8.68    0.109711490662
8.7    0.108778002832
8.72    0.107790364134
8.74    0.106750632564
8.76    0.105741290604
8.78    0.104736382075
8.8    0.103678622882
8.82    0.10256966992
8.84    0.101411492636
8.86    0.100206299207
8.88    0.0989572388323
8.9    0.097666545797
8.92    0.0963374615483
8.94    0.0949723779644
8.96    0.0935734174046
8.98    0.0926250631483
9.0    0.0929572438133
9.02    0.0932441174902
9.04    0.0934837287652
9.06    0.0936752261847
9.08    0.0938185194378
9.1    0.0939118249108
9.12    0.0939559248352
9.14    0.0939493495256
9.16    0.0938922426263
9.18    0.0937850442843
9.2    0.0937640579059
9.22    0.0938985221111
9.24    0.0939793896968
9.26    0.094010417142
9.28    0.093988351801
9.3    0.0939144408201
9.32    0.0937887842251
9.34    0.0936092825092
9.36    0.0933801457108
9.38    0.0930968271517
9.4    0.0927634266769
9.42    0.0923781972097
9.44    0.0919410278224
9.46    0.0914557752758
9.48    0.0909188202838
9.5    0.0905457203036
9.52    0.0914335148753
9.54    0.0922984249006
9.56    0.0931397650205
9.58    0.0939586465313
9.6    0.0947538952339
9.62    0.0955238101301
9.64    0.0962678537638
9.66    0.0969855259779
9.68    0.0976773001447
9.7    0.0983441129798
9.72    0.0989833219377
9.74    0.0995945691015
9.76    0.100177531892
9.78    0.100733528359
9.8    0.101262532607
9.82    0.101762523056
9.84    0.102233310003
9.86    0.102674736316
9.88    0.103090010722
9.9    0.103475934621
9.92    0.103832231477
9.94    0.104158864926
9.96    0.104457934927
9.98    0.104728857676
10.0    0.104970184938
