0.05    4.57488384053e-05
0.07    9.3992175561e-05
0.09    0.000173156213643
0.1    0.000223084416319
0.12    0.000344519843277
0.14    0.000513149201158
0.16    0.000761286744571
0.18    0.00132392143231
0.2    0.00203915129156
0.22    0.00312777966378
0.24    0.00350741958338
0.26    0.00303197476712
0.28    0.00333902609275
0.3    0.00449893316111
0.32    0.00532431851012
0.34    0.00510944013724
0.36    0.00509402154809
0.38    0.0053021916563
0.4    0.00478761241893
0.42    0.00510113632037
0.44    0.00601915230334
0.46    0.00767359686708
0.48    0.00843123515971
0.5    0.00908627072173
0.52    0.010062351401
0.54    0.0116567992992
0.56    0.0158292549687
0.58    0.0209366369084
0.6    0.0233565601751
0.62    0.022583055691
0.64    0.0204024982676
0.66    0.0175849790465
0.68    0.0144938364519
0.7    0.0115799203613
0.72    0.0100354375465
0.74    0.00935877370857
0.76    0.00900756377034
0.78    0.00922145829916
0.8    0.00958798878116
0.82    0.00952732247884
0.84    0.00975656165842
0.86    0.0100771444287
0.88    0.0103750510506
0.9    0.0100797798196
0.92    0.0100743008559
0.94    0.00977431599642
0.96    0.00957812274826
0.98    0.00882372520724
1.0    0.00797676745584
1.02    0.00794417155113
1.04    0.00854760454497
1.06    0.00892963433971
1.08    0.00909069256115
1.1    0.00882363302333
1.12    0.008478950395
1.14    0.00833279806313
1.16    0.00810226043265
1.18    0.00782319063466
1.2    0.00767282368493
1.22    0.00763948021534
1.24    0.00750403932527
1.26    0.0076107896633
1.28    0.0079068658415
1.3    0.00810239528843
1.32    0.00824084221287
1.34    0.00834697165447
1.36    0.00825426990255
1.38    0.0091323464475
1.4    0.00995069462477
1.42    0.0103977163065
1.44    0.0104831593595
1.46    0.0101742331242
1.48    0.00962914359188
1.5    0.00893693340835
1.52    0.00880890384699
1.54    0.00861777926747
1.56    0.00826124758642
1.58    0.0078546986762
1.6    0.00758466128338
1.62    0.0078676690022
1.64    0.00805802348592
1.66    0.00816932241155
1.68    0.00825406999684
1.7    0.00828813513515
1.72    0.00831112928629
1.74    0.00826584217671
1.76    0.00824463843558
1.78    0.00829340240945
1.8    0.00846148920742
1.82    0.00904322716474
1.84    0.00954982779468
1.86    0.00994670618405
1.88    0.010263846581
1.9    0.0107857030052
1.92    0.0115521926698
1.94    0.0120272236576
1.96    0.0121946037124
1.98    0.0125855199251
2.0    0.0132364316346
2.02    0.0136930864781
2.04    0.0140534202345
2.06    0.0144839047841
2.08    0.0149940153604
2.1    0.0155692769404
2.12    0.0162056551809
2.14    0.0168946812477
2.16    0.0176090796775
2.18    0.0183043051286
2.2    0.018949775537
2.22    0.0195323346327
2.24    0.0200635611005
2.26    0.0205706899781
2.28    0.0210730585036
2.3    0.0215926228633
2.32    0.0221463898065
2.34    0.0227402248259
2.36    0.023339719156
2.38    0.0239178031544
2.4    0.0244416157126
2.42    0.0248827684867
2.44    0.0252403065362
2.46    0.0255012368373
2.48    0.0256580198363
2.5    0.0257140453866
2.52    0.025648664013
2.54    0.0254836001893
2.56    0.0252465270538
2.58    0.0249657216911
2.6    0.0248649351128
2.62    0.0250335201869
2.64    0.0251949457098
2.66    0.0253404345799
2.68    0.0254458770404
2.7    0.0255010111659
2.72    0.0255073870399
2.74    0.0254541660993
2.76    0.0253248833025
2.78    0.0251147354617
2.8    0.0248292843321
2.82    0.0244805262263
2.84    0.0240604116839
2.86    0.0235788060099
2.88    0.0232827196672
2.9    0.0230350284038
2.92    0.0227758410905
2.94    0.0225256382626
2.96    0.0222841339286
2.98    0.0220585635694
3.0    0.021834354443
3.02    0.0216019761131
3.04    0.0213551658722
3.06    0.0210874084591
3.08    0.0208530431198
3.1    0.0208366510931
3.12    0.020807886719
3.14    0.0210902061785
3.16    0.0215355909754
3.18    0.021981201984
3.2    0.0224264800592
3.22    0.0228461333038
3.24    0.0232496464101
3.26    0.0236090094919
3.28    0.0239328287963
3.3    0.0241990097772
3.32    0.0244140466813
3.34    0.0245613112106
3.36    0.0246456859495
3.38    0.024655109743
3.4    0.0245952555555
3.42    0.0244555511672
3.44    0.024246499413
3.46    0.0239553473421
3.48    0.0236003607109
3.5    0.0231647217063
3.52    0.0226744230974
3.54    0.0221766087345
3.56    0.0220010714018
3.58    0.0217671398574
3.6    0.0214872543595
3.62    0.0211571942785
3.64    0.0207780711555
3.66    0.0203622261918
3.68    0.0199006734553
3.7    0.0194103879389
3.72    0.0189519037104
3.74    0.0188277500944
3.76    0.0186603589937
3.78    0.0184691677833
3.8    0.0182564065094
3.82    0.0182851918595
3.84    0.0182871108112
3.86    0.0182449116144
3.88    0.0181611593783
3.9    0.018057610207
3.92    0.0179197299169
3.94    0.0177479117222
3.96    0.0175450842185
3.98    0.0173847287818
4.0    0.0174426805347
4.02    0.0174821137764
4.04    0.0174967719344
4.06    0.0174881149432
4.08    0.0174575971433
4.1    0.0174074101418
4.12    0.0173500784546
4.14    0.0172745454928
4.16    0.0171820945106
4.18    0.0170739494576
4.2    0.0169512706854
4.22    0.0168151528711
4.24    0.0166666249491
4.26    0.0165066518182
4.28    0.0163422970322
4.3    0.0161702558944
4.32    0.015988806538
4.34    0.0157987054672
4.36    0.0156006715703
4.38    0.0153953931149
4.4    0.0151835348795
4.42    0.0149657452268
4.44    0.0147426629472
4.46    0.0145149237204
4.48    0.0142831660686
4.5    0.0141047924694
4.52    0.0142099192487
4.54    0.0143179264193
4.56    0.0144286999567
4.58    0.0145421136346
4.6    0.0146580301141
4.62    0.014776302035
4.64    0.0148967731022
4.66    0.0150192791611
4.68    0.0151436492541
4.7    0.0152697066535
4.72    0.0153972698655
4.74    0.0155261536017
4.76    0.015656169713
4.78    0.0157871280839
4.8    0.0159188374841
4.82    0.016051106376
4.84    0.0161837436747
4.86    0.0163165594622
4.88    0.016449365653
4.9    0.0165834545905
4.92    0.0167182970321
4.94    0.0168526644224
4.96    0.0169863803014
4.98    0.0171192724421
5.0    0.0172511732479
5.02    0.0173825911905
5.04    0.0175151008236
5.06    0.0176462192121
5.08    0.0177757980692
5.1    0.0179036949745
5.12    0.0180297735445
5.14    0.018153903567
5.16    0.0182759611045
5.18    0.0183992870719
5.2    0.0185204364869
5.22    0.0186392318169
5.24    0.0187555717712
5.26    0.0188693613965
5.28    0.018980512032
5.3    0.0190889412462
5.32    0.0191945727541
5.34    0.0192973363178
5.36    0.0194185180396
5.38    0.0196160436379
5.4    0.019811784209
5.42    0.0200056217895
5.44    0.0201974437084
5.46    0.0203871426064
5.48    0.0205746164356
5.5    0.0207597684428
5.52    0.0209463531221
5.54    0.0211306496481
5.56    0.021312415906
5.58    0.0214915732213
5.6    0.0216680479172
5.62    0.0218417712248
5.64    0.0220126791847
5.66    0.0221807125393
5.68    0.0223458166189
5.7    0.0225079412212
5.72    0.0226670404859
5.74    0.0228230727642
5.76    0.0229760004855
5.78    0.0231257900213
5.8    0.0232724115457
5.82    0.0234158388965
5.84    0.023560170479
5.86    0.0237017095841
5.88    0.0238768463213
5.9    0.0244110789549
5.92    0.0249441741799
5.94    0.0254766832905
5.96    0.0260051160171
5.98    0.0265287500392
6.0    0.0270468829104
6.02    0.0275588328847
6.04    0.0280639396477
6.06    0.0285615649573
6.08    0.0290510931968
6.1    0.0295319318418
6.12    0.0300035118482
6.14    0.0304676414255
6.16    0.030927493027
6.18    0.0313767881576
6.2    0.0318150425545
6.22    0.0322417961728
6.24    0.0326566131945
6.26    0.0330590819818
6.28    0.0334488149794
6.3    0.0338254485675
6.32    0.0341886428699
6.34    0.0345460651842
6.36    0.034891918384
6.38    0.0352236068112
6.4    0.0355408712137
6.42    0.0358434746533
6.44    0.0361312021276
6.46    0.036403860167
6.48    0.036661276409
6.5    0.0369032991534
6.52    0.0371391945455
6.54    0.0373614811429
6.56    0.037568098113
6.58    0.0377589612096
6.6    0.0379340045955
6.62    0.0380931803313
6.64    0.038236457858
6.66    0.0383638234742
6.68    0.0384781618793
6.7    0.0385853758294
6.72    0.0386767200516
6.74    0.0387522341829
6.76    0.0388119723058
6.78    0.0388560024249
6.8    0.0388844059452
6.82    0.0388972771547
6.84    0.0388949548811
6.86    0.0388884695115
6.88    0.038866735049
6.9    0.0388487711879
6.92    0.0390764717891
6.94    0.0393002615629
6.96    0.0395084492074
6.98    0.039701022067
7.0    0.0398779816097
7.02    0.0400393430014
7.04    0.0401851346786
7.06    0.0403270467518
7.08    0.0404535997007
7.1    0.0405647152704
7.12    0.0406604634557
7.14    0.0407409256028
7.16    0.0408061939939
7.18    0.0408598338805
7.2    0.0409065615037
7.22    0.0409383690734
7.24    0.0409553823741
7.26    0.040957736306
7.28    0.0409455744941
7.3    0.0409218314994
7.32    0.0408922133269
7.34    0.040848463944
7.36    0.0407907530114
7.38    0.0407192572364
7.4    0.0406438282139
7.42    0.0405559811191
7.44    0.0404575165504
7.46    0.0403537091525
7.48    0.0402449465622
7.5    0.040139824099
7.52    0.0400318564917
7.54    0.0399179190315
7.56    0.039794604386
7.58    0.0396655963137
7.6    0.0395241649305
7.62    0.0393705239264
7.64    0.0392142054625
7.66    0.0390465150849
7.68    0.0388671420167
7.7    0.0386763117697
7.72    0.0384742529765
7.74    0.038390625537
7.76    0.0387779158954
7.78    0.0391457669882
7.8    0.0395016515922
7.82    0.0398406369581
7.84    0.0401675138558
7.86    0.0405100908971
7.88    0.0409084700098
7.9    0.0412966705
7.92    0.041673407296
7.94    0.0420368301021
7.96    0.0423853382765
7.98    0.0427220411508
8.0    0.0430439165733
8.02    0.0433486128263
8.04    0.0436425496068
8.06    0.0439182557233
8.08    0.0441819337859
8.1    0.0444306777038
8.12    0.0446630736414
8.14    0.0448840653909
8.16    0.0450855805748
8.18    0.0452774090569
8.2    0.0454485207204
8.22    0.0456109893867
8.24    0.0457543860185
8.26    0.0458871739102
8.28    0.0460065781731
8.3    0.0461151210113
8.32    0.0462997591375
8.34    0.0464862632936
8.36    0.0466651578929
8.38    0.0468344219219
8.4    0.0469914870943
8.42    0.0471336721861
8.44    0.0472676911918
8.46    0.0473836765976
8.48    0.0474902807836
8.5    0.0475773095568
8.52    0.0476566909459
8.54    0.0477171192456
8.56    0.0477648119056
8.58    0.0477993357515
8.6    0.0478159858718
8.62    0.0478253299804
8.64    0.0478166721887
8.66    0.0478009832137
8.68    0.0477721145439
8.7    0.0477334281113
8.72    0.0476886541037
8.74    0.0476348283547
8.76    0.0475716297475
8.78    0.0474995177314
8.8    0.0474210224175
8.82    0.0473361311223
8.84    0.0472452614958
8.86    0.0471479434997
8.88    0.0470426533544
8.9    0.0469283198425
8.92    0.0468088213511
8.94    0.0466794403237
8.96    0.0465407981273
8.98    0.0463936050939
9.0    0.0462366493065
9.02    0.0460683818935
9.04    0.0458939446171
9.06    0.0457064768211
9.08    0.0455135680835
9.1    0.04530999023
9.12    0.0451014784709
9.14    0.0448988334392
9.16    0.04471371734
9.18    0.0445233998012
9.2    0.044328070153
9.22    0.0441228641259
9.24    0.0439096692001
9.26    0.0436903778079
9.28    0.0434602798501
9.3    0.0432211487584
9.32    0.0429782805983
9.34    0.0427254621663
9.36    0.042463030032
9.38    0.042195988547
9.4    0.0420277501066
9.42    0.0419302078669
9.44    0.0418255753585
9.46    0.0417169898264
9.48    0.0416048398578
9.5    0.0414859906656
9.52    0.0413606016428
9.54    0.0412288319385
9.56    0.0410908403701
9.58    0.0409467853378
9.6    0.0407968247421
9.62    0.0406425900945
9.64    0.0404867900073
9.66    0.0403254621993
9.68    0.0401587616384
9.7    0.0399868424734
9.72    0.0398098579663
9.74    0.039627960428
9.76    0.0394413011573
9.78    0.0392500303817
9.8    0.0390542972001
9.82    0.0388587859222
9.84    0.0386592014773
9.86    0.0384555033196
9.88    0.0382478357611
9.9    0.0380363417773
9.92    0.0378211629646
9.94    0.0376024394978
9.96    0.0373803100915
9.98    0.0371549119647
10.0    0.0369263808047
