0.05    0.000349232871801
0.07    0.000647508432342
0.09    0.00135764517581
0.1    0.00173292595403
0.12    0.00250472394734
0.14    0.00371385259562
0.16    0.00530182117681
0.18    0.00682397861331
0.2    0.0147299575711
0.22    0.0207248798127
0.24    0.0226878540416
0.26    0.0220342865703
0.28    0.0252436016609
0.3    0.0290387786003
0.32    0.0331426892755
0.34    0.0321159188216
0.36    0.0340946336419
0.38    0.0446478667496
0.4    0.063829334248
0.42    0.0902837457403
0.44    0.103717719655
0.46    0.119055480396
0.48    0.127039078483
0.5    0.125670778915
0.52    0.114609677224
0.54    0.0993318488533
0.56    0.085324555665
0.58    0.0765318069629
0.6    0.0756249462462
0.62    0.0765272455419
0.64    0.0848150959113
0.66    0.0995547133421
0.68    0.106315902616
0.7    0.103752229657
0.72    0.0942929268599
0.74    0.0848537550813
0.76    0.0917570782578
0.78    0.092105178751
0.8    0.0918471825468
0.82    0.0956156512612
0.84    0.100409786744
0.86    0.105118163117
0.88    0.108292852716
0.9    0.108413441599
0.92    0.104909983475
0.94    0.0980138333913
0.96    0.0887485372037
0.98    0.0789190114356
1.0    0.0758538387963
1.02    0.0743350561531
1.04    0.075490701801
1.06    0.0791306435437
1.08    0.0839398782192
1.1    0.0881629539956
1.12    0.0903497067823
1.14    0.0896343599268
1.16    0.08603481642
1.18    0.0821454657027
1.2    0.0781700469646
1.22    0.0739320483929
1.24    0.070551678554
1.26    0.072235912891
1.28    0.0791577588455
1.3    0.0859072146006
1.32    0.0917776599854
1.34    0.0960894625411
1.36    0.0986624939369
1.38    0.0985545017837
1.4    0.097358159318
1.42    0.100634847715
1.44    0.102579847107
1.46    0.103333833144
1.48    0.103524222655
1.5    0.10662356449
1.52    0.109347318967
1.54    0.111426011514
1.56    0.114939386412
1.58    0.12053582566
1.6    0.123207206138
1.62    0.122852872882
1.64    0.122212167515
1.66    0.120765589509
1.68    0.117890086632
1.7    0.114183166268
1.72    0.110330973463
1.74    0.10701932484
1.76    0.104702601402
1.78    0.10345596317
1.8    0.103057662263
1.82    0.103149501802
1.84    0.10333097037
1.86    0.103319404576
1.88    0.103067032872
1.9    0.110025430962
1.92    0.117885862539
1.94    0.126187384596
1.96    0.13473593804
1.98    0.143245937411
2.0    0.151607664482
2.02    0.159590280318
2.04    0.167059352079
2.06    0.173891633799
2.08    0.17997987953
2.1    0.189230694507
2.12    0.19770829145
2.14    0.205202480364
2.16    0.211666738558
2.18    0.217334785772
2.2    0.226811146202
2.22    0.236347029117
2.24    0.248204038033
2.26    0.25888026698
2.28    0.267528662592
2.3    0.274356161821
2.32    0.279406964984
2.34    0.282672506211
2.36    0.284025566486
2.38    0.283416344229
2.4    0.280795341795
2.42    0.276376120011
2.44    0.270620862096
2.46    0.27093547079
2.48    0.270672588777
2.5    0.269635053391
2.52    0.267958181978
2.54    0.265722688927
2.56    0.262998946886
2.58    0.259842981619
2.6    0.256274216509
2.62    0.252312034165
2.64    0.247985453122
2.66    0.243302680641
2.68    0.238279749615
2.7    0.232896464867
2.72    0.228030764368
2.74    0.224716507464
2.76    0.221390881264
2.78    0.217981714506
2.8    0.214509297748
2.82    0.210957826169
2.84    0.207350488452
2.86    0.203709974264
2.88    0.200056621652
2.9    0.196406376157
2.92    0.192769188538
2.94    0.189152851128
2.96    0.185608133754
2.98    0.182095883027
3.0    0.178661124459
3.02    0.1752984748
3.04    0.172036486474
3.06    0.168851545812
3.08    0.165807515347
3.1    0.162855600148
3.12    0.160019322788
3.14    0.157323435036
3.16    0.154735792789
3.18    0.15225903819
3.2    0.149929406204
3.22    0.147709493449
3.24    0.145595319234
3.26    0.143584389378
3.28    0.141700160159
3.3    0.13990681494
3.32    0.138198408473
3.34    0.136568368786
3.36    0.135026055375
3.38    0.133556935674
3.4    0.132143610579
3.42    0.130778489701
3.44    0.130045052632
3.46    0.129642102964
3.48    0.129320374754
3.5    0.129064064217
3.52    0.128867631969
3.54    0.128726431187
3.56    0.128635746756
3.58    0.128590830942
3.6    0.128586935655
3.62    0.128619341467
3.64    0.128683383543
3.66    0.128774474666
3.68    0.128888125521
3.7    0.129019962414
3.72    0.129165742588
3.74    0.129321367308
3.76    0.129482892871
3.78    0.129658343337
3.8    0.129839064531
3.82    0.130015260575
3.84    0.13052478312
3.86    0.131018515178
3.88    0.131335269253
3.9    0.13148592795
3.92    0.131439250764
3.94    0.131227637004
3.96    0.130870508425
3.98    0.130926050775
4.0    0.13095816684
4.02    0.130961421138
4.04    0.13093430771
4.06    0.130875483229
4.08    0.130783762119
4.1    0.130658111356
4.12    0.130515363814
4.14    0.130341705037
4.16    0.130131811307
4.18    0.129885176059
4.2    0.129601417292
4.22    0.12929310165
4.24    0.128956503615
4.26    0.128582131678
4.28    0.128170019359
4.3    0.127730612051
4.32    0.127265002703
4.34    0.126762030331
4.36    0.126222058886
4.38    0.125662843724
4.4    0.12521093623
4.42    0.126088661324
4.44    0.126965237013
4.46    0.127839673653
4.48    0.128711023859
4.5    0.129578382122
4.52    0.130440884328
4.54    0.131297707217
4.56    0.132148067775
4.58    0.132991222566
4.6    0.133826467016
4.62    0.134653134649
4.64    0.135470596289
4.66    0.136278259224
4.68    0.137075566345
4.7    0.137861995256
4.72    0.138637057369
4.74    0.139400296985
4.76    0.140151290353
4.78    0.140889644735
4.8    0.141624799172
4.82    0.142348880001
4.84    0.143059406171
4.86    0.143756091077
4.88    0.144438674552
4.9    0.145106921937
4.92    0.145760623157
4.94    0.146399591812
4.96    0.147023664271
4.98    0.147632698784
5.0    0.148226574602
5.02    0.148805191121
5.04    0.149368467024
5.06    0.149916339463
5.08    0.150448763234
5.1    0.150965709984
5.12    0.151467167436
5.14    0.151953138625
5.16    0.152423641154
5.18    0.152878706478
5.2    0.153318379197
5.22    0.153742716374
5.24    0.154151786868
5.26    0.154545670693
5.28    0.154924458389
5.3    0.155290866282
5.32    0.155652002023
5.34    0.155998305235
5.36    0.156329899076
5.38    0.156646914563
5.4    0.156949490063
5.42    0.157237770794
5.44    0.157511908345
5.46    0.157772060218
5.48    0.158018389381
5.5    0.158251063843
5.52    0.158470256242
5.54    0.158676143452
5.56    0.158868906205
5.58    0.159048728727
5.6    0.159215798393
5.62    0.15937030539
5.64    0.159512442403
5.66    0.159642404307
5.68    0.159760387881
5.7    0.159866591523
5.72    0.159961214994
5.74    0.16004445916
5.76    0.160116525754
5.78    0.160177617149
5.8    0.160227936137
5.82    0.160267685729
5.84    0.160297068954
5.86    0.160316288679
5.88    0.160332905414
5.9    0.16034192545
5.92    0.160341273788
5.94    0.160331150816
5.96    0.160311756047
5.98    0.160283287982
6.0    0.160245943987
6.02    0.160199920173
6.04    0.16014541129
6.06    0.160082610619
6.08    0.160011709882
6.1    0.159932899145
6.12    0.159846366742
6.14    0.159752299193
6.16    0.159650881135
6.18    0.159542295257
6.2    0.159426722237
6.22    0.159304340687
6.24    0.159175327107
6.26    0.159039855833
6.28    0.158898098999
6.3    0.1587502265
6.32    0.158596405959
6.34    0.158436802694
6.36    0.158271579699
6.38    0.158100897618
6.4    0.157924914724
6.42    0.157743786909
6.44    0.157557667669
6.46    0.15736670809
6.48    0.157171056849
6.5    0.156970860203
6.52    0.15676626199
6.54    0.156557403629
6.56    0.156344424118
6.58    0.156127460048
6.6    0.155906645598
6.62    0.155682112552
6.64    0.155453990304
6.66    0.155226329543
6.68    0.154996894329
6.7    0.154764153618
6.72    0.154528228384
6.74    0.154289237289
6.76    0.154047296697
6.78    0.153802520692
6.8    0.1535550211
6.82    0.153304907506
6.84    0.153052287277
6.86    0.152797265583
6.88    0.152539945422
6.9    0.152280427638
6.92    0.152018810951
6.94    0.151755191976
6.96    0.151489665251
6.98    0.151222323265
7.0    0.150953256475
7.02    0.150682553342
7.04    0.150410300351
7.06    0.150136582042
7.08    0.149861481031
7.1    0.149585078046
7.12    0.149307451945
7.14    0.149028679748
7.16    0.148748836669
7.18    0.148467996132
7.2    0.14818622981
7.22    0.147903607647
7.24    0.147620197886
7.26    0.147336067098
7.28    0.147051280208
7.3    0.146765900524
7.32    0.146479989764
7.34    0.14619360808
7.36    0.145945300854
7.38    0.146382424692
7.4    0.146796624293
7.42    0.147177940034
7.44    0.147524186578
7.46    0.147835844849
7.48    0.148113407628
7.5    0.148364458004
7.52    0.148590357514
7.54    0.148783576803
7.56    0.148944642373
7.58    0.1490740884
7.6    0.149172455925
7.62    0.149253320549
7.64    0.149305409926
7.66    0.149327930456
7.68    0.149321439915
7.7    0.149286499557
7.72    0.149225423767
7.74    0.149148790525
7.76    0.14904524592
7.78    0.148915356602
7.8    0.148759689915
7.82    0.148578813373
7.84    0.148377082881
7.86    0.148160062331
7.88    0.147919360575
7.9    0.147655539655
7.92    0.147369159652
7.94    0.147060778289
7.96    0.146740678479
7.98    0.146401552447
8.0    0.146041905364
8.02    0.14566228138
8.04    0.145265427741
8.06    0.144858420638
8.08    0.144432868628
8.1    0.144218961414
8.12    0.144156887845
8.14    0.144072177206
8.16    0.143965321119
8.18    0.143836809683
8.2    0.143695131021
8.22    0.143536253694
8.24    0.143357029493
8.26    0.143157938584
8.28    0.14294344259
8.3    0.142716972045
8.32    0.142471905908
8.34    0.142208710983
8.36    0.141931868362
8.38    0.141644167322
8.4    0.141339563455
8.42    0.141018507488
8.44    0.140689530764
8.46    0.140346714978
8.48    0.139988621927
8.5    0.13962071378
8.52    0.13924276817
8.54    0.138850679179
8.56    0.138447588094
8.58    0.138037475099
8.6    0.137614310002
8.62    0.137178495702
8.64    0.136738177323
8.66    0.1362867318
8.68    0.135823669049
8.7    0.135351085053
8.72    0.135582934584
8.74    0.135843172621
8.76    0.136093945459
8.78    0.136335392299
8.8    0.136567651831
8.82    0.136796446832
8.84    0.137016717482
8.86    0.137228169108
8.88    0.137430937509
8.9    0.13762515776
8.92    0.137810964169
8.94    0.137988490241
8.96    0.138157868636
8.98    0.138320599402
9.0    0.138479705771
9.02    0.1386310111
9.04    0.13877464418
9.06    0.138910732829
9.08    0.139039403854
9.1    0.139160783032
9.12    0.139274995086
9.14    0.139382163662
9.16    0.139482411307
9.18    0.139578253668
9.2    0.139670207996
9.22    0.139755555777
9.24    0.139834415004
9.26    0.139906902508
9.28    0.139973133944
9.3    0.140033223779
9.32    0.140087285281
9.34    0.140135430511
9.36    0.140177770311
9.38    0.140216722904
9.4    0.140252524286
9.42    0.140282799753
9.44    0.14030765535
9.46    0.140327195886
9.48    0.140341524937
9.5    0.140350744836
9.52    0.140354956676
9.54    0.140354260306
9.56    0.140349671316
9.58    0.140343815505
9.6    0.140333299525
9.62    0.140318218466
9.64    0.140298666187
9.66    0.140274735318
9.68    0.140246517265
9.7    0.140214102213
9.72    0.140177728589
9.74    0.140141224415
9.76    0.14010074431
9.78    0.140056373867
9.8    0.140008197488
9.82    0.139956298386
9.84    0.139900758599
9.86    0.139841658987
9.88    0.139782121464
9.9    0.139719872045
9.92    0.139654258339
9.94    0.139585356863
9.96    0.139513243008
9.98    0.139437991037
10.0    0.139360024751
