0.05    9.31010721732e-05
0.07    0.000280144038313
0.09    0.00059112982563
0.1    0.000760323973433
0.12    0.00111124434272
0.14    0.00176225252198
0.16    0.00231705658684
0.18    0.00304762605766
0.2    0.00339752186636
0.22    0.0051978006505
0.24    0.00719288009133
0.26    0.00624997846314
0.28    0.0065223710362
0.3    0.00708302566727
0.32    0.0081820767245
0.34    0.00879433183989
0.36    0.00889553288898
0.38    0.00997047422245
0.4    0.0115962194601
0.42    0.0118664671284
0.44    0.0126897711389
0.46    0.014030003379
0.48    0.0141522423181
0.5    0.0132409106423
0.52    0.0126964626104
0.54    0.0169200162522
0.56    0.020651443056
0.58    0.0228554612351
0.6    0.0245144785957
0.62    0.0258631588203
0.64    0.0268387812512
0.66    0.0270928623454
0.68    0.0266419817397
0.7    0.0253827161549
0.72    0.0236913107758
0.74    0.0224197080949
0.76    0.0218393048622
0.78    0.0239898355418
0.8    0.0272662636097
0.82    0.0305198018557
0.84    0.0344894401558
0.86    0.0360148819368
0.88    0.0342997816638
0.9    0.0319184004512
0.92    0.0330026287904
0.94    0.0333513143827
0.96    0.0329803915517
0.98    0.0352211797211
1.0    0.0385678619355
1.02    0.0407579038988
1.04    0.0404085599553
1.06    0.0377120458557
1.08    0.035790496147
1.1    0.0333093850649
1.12    0.0334552632137
1.14    0.0346624965537
1.16    0.037596373331
1.18    0.0412470182224
1.2    0.0445792026082
1.22    0.047173295428
1.24    0.0490472171172
1.26    0.0502670869481
1.28    0.0521525823063
1.3    0.0548744758634
1.32    0.0566410105503
1.34    0.0578252990034
1.36    0.0587758585707
1.38    0.0637964524621
1.4    0.0685798042788
1.42    0.0726563142182
1.44    0.076042674241
1.46    0.0788155321186
1.48    0.0808334330005
1.5    0.0822107510271
1.52    0.0838224464824
1.54    0.083815045207
1.56    0.0823293618402
1.58    0.0794580997991
1.6    0.0752197784192
1.62    0.0777726378337
1.64    0.0805688236701
1.66    0.082929178684
1.68    0.0848005829197
1.7    0.0861240007026
1.72    0.0868736822142
1.74    0.0874671071141
1.76    0.0930044506419
1.78    0.0979949988601
1.8    0.102154584128
1.82    0.105109511286
1.84    0.112041615511
1.86    0.118035456525
1.88    0.122509286446
1.9    0.125052800927
1.92    0.125544509247
1.94    0.124395735972
1.96    0.125108265505
1.98    0.123837259731
2.0    0.121421208138
2.02    0.118220115981
2.04    0.113502382999
2.06    0.110249592412
2.08    0.110006580492
2.1    0.109419610729
2.12    0.10853375434
2.14    0.1073985791
2.16    0.106045108189
2.18    0.104501380222
2.2    0.102802329788
2.22    0.101013954504
2.24    0.0994190520462
2.26    0.0980050573781
2.28    0.0965236653541
2.3    0.094919923211
2.32    0.0931824370245
2.34    0.0913303003146
2.36    0.0893814100712
2.38    0.0873745196406
2.4    0.0853421074224
2.42    0.0833278052194
2.44    0.0834616705888
2.46    0.0849358690456
2.48    0.0853798591148
2.5    0.0847127647128
2.52    0.086406020114
2.54    0.0882473717133
2.56    0.0898304928644
2.58    0.091174043074
2.6    0.0922788041725
2.62    0.0931466036019
2.64    0.0937582184372
2.66    0.0940876697815
2.68    0.0941220789385
2.7    0.0945768989481
2.72    0.0950851782415
2.74    0.0953386715107
2.76    0.0951614240042
2.78    0.0944862903541
2.8    0.0932897641402
2.82    0.0915562719381
2.84    0.0911939570596
2.86    0.0908646188584
2.88    0.0903889701038
2.9    0.089516015317
2.92    0.0882111565253
2.94    0.0864908275581
2.96    0.084374990644
2.98    0.0819167907625
3.0    0.0803058009758
3.02    0.0842380267002
3.04    0.0874743142865
3.06    0.0900274630041
3.08    0.0919413616989
3.1    0.0932928086714
3.12    0.0941844127874
3.14    0.0947234195201
3.16    0.0950313800482
3.18    0.0952284354233
3.2    0.0954400476447
3.22    0.0957358093937
3.24    0.0961799275739
3.26    0.096816336978
3.28    0.0975551736062
3.3    0.0983542644568
3.32    0.0991765035787
3.34    0.099964959461
3.36    0.100672417948
3.38    0.101309705048
3.4    0.101985908643
3.42    0.102537758581
3.44    0.102861998804
3.46    0.102849882039
3.48    0.102450145013
3.5    0.101641637664
3.52    0.100469723437
3.54    0.0989886794208
3.56    0.0983389367429
3.58    0.100418608423
3.6    0.102126777145
3.62    0.103473357138
3.64    0.104493984957
3.66    0.105157387524
3.68    0.105445246692
3.7    0.105361521151
3.72    0.104925414443
3.74    0.104167650396
3.76    0.103117804862
3.78    0.101811084505
3.8    0.100291854696
3.82    0.0985994603518
3.84    0.0967755048858
3.86    0.0948622862504
3.88    0.092899001942
3.9    0.0909233660138
3.92    0.0889731229638
3.94    0.087088699515
3.96    0.0853000529035
3.98    0.0836413726749
4.0    0.082143215721
4.02    0.0808298214856
4.04    0.0797231161979
4.06    0.0788386966973
4.08    0.0781879719228
4.1    0.0777824304676
4.12    0.0776221433486
4.14    0.0777089579461
4.16    0.0780354003538
4.18    0.0785961870797
4.2    0.0793755253299
4.22    0.0803626198824
4.24    0.0815370663802
4.26    0.0828802455096
4.28    0.084374548861
4.3    0.0859963782466
4.32    0.0877245015117
4.34    0.0895373000664
4.36    0.0914144069578
4.38    0.0933357965197
4.4    0.095278786061
4.42    0.0972288566022
4.44    0.0991643047447
4.46    0.101070844772
4.48    0.102933729419
4.5    0.104737024803
4.52    0.106467513718
4.54    0.108112778517
4.56    0.109661333833
4.58    0.11110481959
4.6    0.112433734855
4.62    0.113639080011
4.64    0.114714396297
4.66    0.115654669593
4.68    0.116456181414
4.7    0.117117312746
4.72    0.117636776684
4.74    0.118012118251
4.76    0.118243281585
4.78    0.118330952059
4.8    0.118276550394
4.82    0.118082218987
4.84    0.117751407272
4.86    0.117290374307
4.88    0.116699995462
4.9    0.115984680336
4.92    0.11514923789
4.94    0.114202441008
4.96    0.113149318881
4.98    0.111993447748
5.0    0.11074290842
5.02    0.109408238852
5.04    0.10799083712
5.06    0.106501074706
5.08    0.104947160031
5.1    0.103331724391
5.12    0.101669888741
5.14    0.0999610710112
5.16    0.0982180728531
5.18    0.0964440566891
5.2    0.0946486846947
5.22    0.0928362880161
5.24    0.091015308926
5.26    0.0908205495625
5.28    0.0914663232259
5.3    0.0919927803438
5.32    0.0924058673826
5.34    0.0927117415464
5.36    0.092916614171
5.38    0.093026664259
5.4    0.0930492203961
5.42    0.0929924440859
5.44    0.0928595129736
5.46    0.092656016328
5.48    0.0923918334183
5.5    0.0920703433835
5.52    0.091694173177
5.54    0.0912756242864
5.56    0.0908117953502
5.58    0.090311470606
5.6    0.0897762759476
5.62    0.0892100782054
5.64    0.0886160385446
5.66    0.0879957550776
5.68    0.0873515503192
5.7    0.0866848549943
5.72    0.0859954185726
5.74    0.0852860745027
5.76    0.0845528404405
5.78    0.0838010782111
5.8    0.0830231197069
5.82    0.0822254175176
5.84    0.0814001039902
5.86    0.0805496910386
5.88    0.0796709272314
5.9    0.0787608730248
5.92    0.0778212748522
5.94    0.0777026935552
5.96    0.0777283998298
5.98    0.0777602730049
6.0    0.0777914752253
6.02    0.0778216342954
6.04    0.0778483268391
6.06    0.077866304893
6.08    0.0778773767389
6.1    0.0780760472801
6.12    0.0783205484679
6.14    0.078552026247
6.16    0.0787657104651
6.18    0.0789613193508
6.2    0.0791308091031
6.22    0.0794420173772
6.24    0.0801837041371
6.26    0.0809322625997
6.28    0.0816850075135
6.3    0.0824397623455
6.32    0.0831966710089
6.34    0.0839494031848
6.36    0.0846949852268
6.38    0.0854326294664
6.4    0.086159861901
6.42    0.0868710553494
6.44    0.0875653081348
6.46    0.0882409123484
6.48    0.088891606777
6.5    0.0895198436898
6.52    0.0901180530362
6.54    0.0906889379807
6.56    0.0912274650635
6.58    0.0917340367576
6.6    0.0922567305726
6.62    0.0927585642593
6.64    0.0932248979683
6.66    0.0936519352869
6.68    0.0940369667469
6.7    0.094377547153
6.72    0.09467242828
6.74    0.0949194067093
6.76    0.095115992761
6.78    0.0952603567181
6.8    0.0953508045479
6.82    0.0953882628484
6.84    0.0953693863032
6.86    0.0952924658303
6.88    0.0951575310976
6.9    0.0949647563467
6.92    0.0947106827299
6.94    0.0943966455881
6.96    0.094022402087
6.98    0.0935848076963
7.0    0.0930886693979
7.02    0.0925290743754
7.04    0.0925426174938
7.06    0.0932021790475
7.08    0.0938205440685
7.1    0.094399987089
7.12    0.094939128284
7.14    0.0954377495785
7.16    0.0958982893067
7.18    0.096329038987
7.2    0.0967258081265
7.22    0.0970815515237
7.24    0.0973939238337
7.26    0.0976613990062
7.28    0.0978819572409
7.3    0.0980551966908
7.32    0.0981826963407
7.34    0.0982605590397
7.36    0.0982916238367
7.38    0.0982736314399
7.4    0.0982068226101
7.42    0.0980923801196
7.44    0.0979277773714
7.46    0.0977173110834
7.48    0.0974571694343
7.5    0.097150656692
7.52    0.0968716489319
7.54    0.096590681266
7.56    0.0962649585566
7.58    0.0958942099849
7.6    0.0954787015607
7.62    0.0950686170601
7.64    0.0946517716771
7.66    0.0941882993602
7.68    0.0936787149533
7.7    0.0931245327194
7.72    0.0925248338677
7.74    0.091881038141
7.76    0.0911942337094
7.78    0.0904627961942
7.8    0.0896922451767
7.82    0.0895404785522
7.84    0.0903938548827
7.86    0.0912318638397
7.88    0.0920541170765
7.9    0.0928608936626
7.92    0.0936538345395
7.94    0.0944300118786
7.96    0.0951891036864
7.98    0.095931528985
8.0    0.0966590418057
8.02    0.0973686486455
8.04    0.0980600919415
8.06    0.0987342869766
8.08    0.0993923469777
8.1    0.10003160348
8.12    0.100651860586
8.14    0.101254801606
8.16    0.101840312949
8.18    0.102406356505
8.2    0.102952794748
8.22    0.103482322488
8.24    0.103993069362
8.26    0.104483903653
8.28    0.104954794458
8.3    0.105409492834
8.32    0.105844083202
8.34    0.106258520235
8.36    0.106654013177
8.38    0.107032025404
8.4    0.107389829315
8.42    0.107727426727
8.44    0.108047101878
8.46    0.108348320067
8.48    0.108629404537
8.5    0.108890399809
8.52    0.109134133118
8.54    0.109359096725
8.56    0.109564158796
8.58    0.109749402068
8.6    0.109917283849
8.62    0.110067112325
8.64    0.110197411672
8.66    0.110308298416
8.68    0.110400682231
8.7    0.110477008083
8.72    0.110534300379
8.74    0.110572705089
8.76    0.110592375195
8.78    0.110595264921
8.8    0.110581736873
8.82    0.110549948669
8.84    0.110500077505
8.86    0.110432306278
8.88    0.110348399179
8.9    0.110249060031
8.92    0.110132372363
8.94    0.109998538379
8.96    0.109847764755
8.98    0.109680739572
9.0    0.109500239816
9.02    0.10930341205
9.04    0.10909047772
9.06    0.10886166164
9.08    0.108617191738
9.1    0.108359685569
9.12    0.108087919593
9.14    0.107801163461
9.16    0.107499654972
9.18    0.107183634051
9.2    0.106854479006
9.22    0.1065132957
9.24    0.10615829139
9.26    0.10578971226
9.28    0.105407805728
9.3    0.105013838522
9.32    0.10460896692
9.34    0.104191474937
9.36    0.103761613071
9.38    0.103319632278
9.4    0.102868372122
9.42    0.102405651412
9.44    0.101931523707
9.46    0.10144700248
9.48    0.100953439823
9.5    0.100449180408
9.52    0.0999356115822
9.54    0.0994132145281
9.56    0.0988816805305
9.58    0.0983419783775
9.6    0.0977947787044
9.62    0.0972403790953
9.64    0.0966792253281
9.66    0.0961110479479
9.68    0.0955350495417
9.7    0.0949527343586
9.72    0.0943621672935
9.74    0.0937651287668
9.76    0.0931607860868
9.78    0.0925488184631
9.8    0.0919312154538
9.82    0.0913066783184
9.84    0.0906751716208
9.86    0.0900378185665
9.88    0.0893949197744
9.9    0.0887456913003
9.92    0.0880903567069
9.94    0.0874303687215
9.96    0.087286246747
9.98    0.0874474309505
10.0    0.0876014763523
