0.05    1.50701544875e-05
0.07    3.33245508408e-05
0.09    6.39023740021e-05
0.1    7.54055907828e-05
0.12    0.000135881300276
0.14    0.000172676278685
0.16    0.000307932155918
0.18    0.000405538278537
0.2    0.000611374211427
0.22    0.000910590036404
0.24    0.000693919376773
0.26    0.000746313576308
0.28    0.000900195431044
0.3    0.00116590026831
0.32    0.0013409683453
0.34    0.00186439625545
0.36    0.0020405612111
0.38    0.00216816112522
0.4    0.00243676742851
0.42    0.00317848257135
0.44    0.00345023121171
0.46    0.00371638751215
0.48    0.00450780474721
0.5    0.00502608643937
0.52    0.00527858850043
0.54    0.00639669553686
0.56    0.00686237960353
0.58    0.00654494661914
0.6    0.00632817234015
0.62    0.00686902075628
0.64    0.00642752008186
0.66    0.00574133205975
0.68    0.00534405614075
0.7    0.0057865694858
0.72    0.00646828390712
0.74    0.00717478489227
0.76    0.00734500524289
0.78    0.00670143011103
0.8    0.00707589400735
0.82    0.00713019825908
0.84    0.00668986038975
0.86    0.00599733534334
0.88    0.00642270452341
0.9    0.00699763261407
0.92    0.00755993462586
0.94    0.00821417293642
0.96    0.00897202912527
0.98    0.00965261634874
1.0    0.0100088695207
1.02    0.00991841178152
1.04    0.00913244187272
1.06    0.0085656852068
1.08    0.00796947663145
1.1    0.0073069417889
1.12    0.00673429969923
1.14    0.00758380768844
1.16    0.00847910125311
1.18    0.00913304383478
1.2    0.00938240465869
1.22    0.00973368138339
1.24    0.00982309882772
1.26    0.00971633105843
1.28    0.0104724611182
1.3    0.0116856493552
1.32    0.0124482999124
1.34    0.0129810313311
1.36    0.0135584220446
1.38    0.0139413206175
1.4    0.0141456872702
1.42    0.0142437640302
1.44    0.0142683537525
1.46    0.0143137903977
1.48    0.0147248410318
1.5    0.016589170583
1.52    0.0181421373291
1.54    0.0191475170705
1.56    0.0194398926915
1.58    0.0190974286549
1.6    0.0184108382323
1.62    0.017700913777
1.64    0.0173463954665
1.66    0.0173789017895
1.68    0.0177075909077
1.7    0.0181763211784
1.72    0.0186558527005
1.74    0.0189223543413
1.76    0.0188539662493
1.78    0.0184418995702
1.8    0.0176827905902
1.82    0.016686214751
1.84    0.0155237916084
1.86    0.0143251503464
1.88    0.0134875798421
1.9    0.0129047370997
1.92    0.0122996669219
1.94    0.0117835495597
1.96    0.0115031412605
1.98    0.0115369373771
2.0    0.0118658853292
2.02    0.0123922474936
2.04    0.0129938714829
2.06    0.0135797999368
2.08    0.0141166224519
2.1    0.0146368195661
2.12    0.015167735339
2.14    0.0157142036057
2.16    0.0162978842211
2.18    0.0169971015936
2.2    0.0179018510637
2.22    0.0188313322129
2.24    0.0197719103879
2.26    0.0207283879682
2.28    0.0217031645459
2.3    0.0226868839659
2.32    0.0236458449455
2.34    0.02453095177
2.36    0.0252907768113
2.38    0.0258786576499
2.4    0.0262772097265
2.42    0.026463611221
2.44    0.0264430661784
2.46    0.0262552268892
2.48    0.0258908628655
2.5    0.0253859392594
2.52    0.0248230369861
2.54    0.0247251963184
2.56    0.0245046207161
2.58    0.0242562182797
2.6    0.0240309532751
2.62    0.0237188298527
2.64    0.0233078314808
2.66    0.0228197935956
2.68    0.022807958085
2.7    0.0229064517824
2.72    0.0229657075014
2.74    0.0229894459263
2.76    0.022964350222
2.78    0.02285706539
2.8    0.0226676544841
2.82    0.022372766701
2.84    0.0219566969768
2.86    0.0214416959414
2.88    0.0208134949987
2.9    0.0201176936294
2.92    0.019363630303
2.94    0.018634263707
2.96    0.0180667846731
2.98    0.0174875800746
3.0    0.0169335204317
3.02    0.0164070521334
3.04    0.015923029978
3.06    0.0154900406748
3.08    0.015110399111
3.1    0.0147809075967
3.12    0.0144941690096
3.14    0.0142402046919
3.16    0.014008128283
3.18    0.0137876598519
3.2    0.0135703200843
3.22    0.0133502103864
3.24    0.0131243509974
3.26    0.0128954833091
3.28    0.0126632184577
3.3    0.0124307166577
3.32    0.0122030096299
3.34    0.0119854275929
3.36    0.0117828756611
3.38    0.0115992458498
3.4    0.0114370096345
3.42    0.011297009603
3.44    0.0111784449969
3.46    0.0110790268574
3.48    0.0109952651861
3.5    0.0109228432649
3.52    0.0108570326525
3.54    0.0107931054879
3.56    0.0107267074043
3.58    0.0106541633007
3.6    0.0105726981732
3.62    0.0104805651015
3.64    0.0103770814234
3.66    0.010262581522
3.68    0.010138300131
3.7    0.0100062035252
3.72    0.00986878747336
3.74    0.00972886062907
3.76    0.00958933043467
3.78    0.00945300598871
3.8    0.0093224290653
3.82    0.00919974092538
3.84    0.00908658904042
3.86    0.00898407460468
3.88    0.0088927389256
3.9    0.00881258456552
3.92    0.00874312551386
3.94    0.00868345969558
3.96    0.00863235672443
3.98    0.00858835391585
4.0    0.00854985408819
4.02    0.00851521950248
4.04    0.00848285731445
4.06    0.00845129304405
4.08    0.00841922971944
4.1    0.00838559145601
4.12    0.00834955122964
4.14    0.00831054345997
4.16    0.00826826270985
4.18    0.00822265032222
4.2    0.0081738711569
4.22    0.00812228276941
4.24    0.00806839940813
4.26    0.00801285311926
4.28    0.00795635406431
4.3    0.00789965189842
4.32    0.00784349975388
4.34    0.00778862204428
4.36    0.00773568697028
4.38    0.00768528428494
4.4    0.00763790857751
4.42    0.00759394806912
4.44    0.00755367868855
4.46    0.00751726301452
4.48    0.00748475353295
4.5    0.00745609956333
4.52    0.00743115715334
4.54    0.00740970122229
4.56    0.00739143924581
4.58    0.00737602581203
4.6    0.00736307743665
4.62    0.00735218709665
4.64    0.00734331970138
4.66    0.00733573098837
4.68    0.00732890142952
4.7    0.0073224577479
4.72    0.00731605989937
4.74    0.00730940702727
4.76    0.0073022416575
4.78    0.00729435221191
4.8    0.00728557396034
4.82    0.00727578856521
4.84    0.00726492239556
4.86    0.00725294380215
4.88    0.00723985955159
4.9    0.0072257106172
4.92    0.00721056751764
4.94    0.00719452538319
4.96    0.00717769891458
4.98    0.00716021738132
5.0    0.00714221978712
5.02    0.0071238503092
5.04    0.0071052540978
5.06    0.00708657350172
5.08    0.00706794476644
5.1    0.0070494952333
5.12    0.00703134105187
5.14    0.00701358540329
5.16    0.00699631721958
5.18    0.00697961037383
5.2    0.0069635233075
5.22    0.00694809905478
5.24    0.00693336561906
5.26    0.00691933665415
5.28    0.00690601240097
5.3    0.00689338083077
5.32    0.00688141894694
5.34    0.00687009419954
5.36    0.00685936596986
5.38    0.00684918708527
5.4    0.0068395053292
5.42    0.00683026491497
5.44    0.00682140789645
5.46    0.00681287549339
5.48    0.00680460931325
5.5    0.00679655245552
5.52    0.00678865048883
5.54    0.00678085229444
5.56    0.00677311077318
5.58    0.00676538341603
5.6    0.00675763274102
5.62    0.00674982660133
5.64    0.00674193837156
5.66    0.0067339470204
5.68    0.00672583707948
5.7    0.00671759851848
5.72    0.00670922653781
5.74    0.0067007212899
5.76    0.00669208754054
5.78    0.00668333428136
5.8    0.00667447430436
5.82    0.00666552374875
5.84    0.00665650162991
5.86    0.00664742935941
5.88    0.00663833026448
5.9    0.00662922911411
5.92    0.00662015165862
5.94    0.00661112418816
5.96    0.00660217311516
5.98    0.00659332458454
6.0    0.00658460411498
6.02    0.00657603627369
6.04    0.00656764438618
6.06    0.00655945028227
6.08    0.00655147407861
6.1    0.00654373399754
6.12    0.00653624622184
6.14    0.00652902478406
6.16    0.00652208148915
6.18    0.0065154258687
6.2    0.00650906516469
6.22    0.00650300434057
6.24    0.00649724611749
6.26    0.00649179103313
6.28    0.00648663752062
6.3    0.00648178200519
6.32    0.00647721901597
6.34    0.00647294131052
6.36    0.00646894000969
6.38    0.00646520474065
6.4    0.00646172378579
6.42    0.00645848423564
6.44    0.00645547214366
6.46    0.00645267268145
6.48    0.00645007029257
6.5    0.00644764884359
6.52    0.00644539177122
6.54    0.0064432822242
6.56    0.00644130319907
6.58    0.00643943766908
6.6    0.00643766870538
6.62    0.00643597959015
6.64    0.0064343539211
6.66    0.00643277570709
6.68    0.00643122945471
6.7    0.0064297002458
6.72    0.00642817380569
6.74    0.00642663656261
6.76    0.00642507569808
6.78    0.0064234791888
6.8    0.00642183584016
6.82    0.0064201353118
6.84    0.00641836813557
6.86    0.00641652572634
6.88    0.00641460038605
6.9    0.00641258530152
6.92    0.00641047453644
6.94    0.00640826301814
6.96    0.00640594651943
6.98    0.00640352163624
7.0    0.00640098576129
7.02    0.0063983370545
7.04    0.00639557441038
7.06    0.00639269742305
7.08    0.00638970634909
7.1    0.00638660206887
7.12    0.00638338604648
7.14    0.00638006028891
7.16    0.00637662730456
7.18    0.00637309006152
7.2    0.00636945194593
7.22    0.00636571672058
7.24    0.00636188848414
7.26    0.00635797163109
7.28    0.00635397081264
7.3    0.00634989089877
7.32    0.00634573694157
7.34    0.00634151413994
7.36    0.00633722780592
7.38    0.00633288333247
7.4    0.00632848616308
7.42    0.00632404176307
7.44    0.00631955559258
7.46    0.00631503308148
7.48    0.00631047960609
7.5    0.00630590046757
7.52    0.0063013008723
7.54    0.00629668591388
7.56    0.00629206055699
7.58    0.00628742962287
7.6    0.00628279777652
7.62    0.00627816951548
7.64    0.00627354916013
7.66    0.00626894084558
7.68    0.00626434851484
7.7    0.00625977591346
7.72    0.00625522658536
7.74    0.00625070386995
7.76    0.00624621090032
7.78    0.00624175060254
7.8    0.00623732569587
7.82    0.00623293869401
7.84    0.00622859190705
7.86    0.00622428744428
7.88    0.00622002721768
7.9    0.006215812946
7.92    0.00621164615948
7.94    0.00620752820502
7.96    0.00620346025176
7.98    0.00619944329713
8.0    0.00619547817318
8.02    0.00619156555314
8.04    0.00618770595827
8.06    0.00618389976487
8.08    0.00618014721138
8.1    0.00617644840564
8.12    0.0061728033321
8.14    0.00616921185917
8.16    0.00616567374643
8.18    0.00616218865188
8.2    0.00615875613905
8.22    0.00615537568407
8.24    0.00615204668252
8.26    0.00614876845627
8.28    0.00614554026002
8.3    0.00614236128772
8.32    0.00613923067884
8.34    0.00613614752434
8.36    0.00613311087249
8.38    0.00613011973446
8.4    0.00612717308966
8.42    0.00612426989081
8.44    0.00612140906887
8.46    0.00611858953767
8.48    0.00611581019821
8.5    0.00611306994289
8.52    0.0061103676594
8.54    0.0061077022343
8.56    0.00610507255656
8.58    0.00610247752064
8.6    0.00609991602953
8.62    0.00609738699744
8.64    0.00609488935231
8.66    0.00609242203816
8.68    0.00608998401714
8.7    0.00608757427146
8.72    0.00608519180507
8.74    0.00608283564521
8.76    0.00608050484371
8.78    0.00607819847823
8.8    0.00607591565321
8.82    0.00607365550076
8.84    0.00607141718134
8.86    0.00606919988439
8.88    0.00606700282871
8.9    0.0060648252628
8.92    0.00606266646509
8.94    0.00606052574397
8.96    0.00605840243786
8.98    0.00605629591503
9.0    0.00605420557347
9.02    0.0060521308406
9.04    0.00605007117291
9.06    0.00604802605557
9.08    0.00604599500195
9.1    0.0060439775531
9.12    0.00604197327715
9.14    0.0060399817687
9.16    0.00603800264816
9.18    0.00603603556105
9.2    0.00603408017725
9.22    0.00603213619028
9.24    0.00603020331651
9.26    0.00602828129437
9.28    0.00602636988352
9.3    0.00602446886407
9.32    0.00602257803573
9.34    0.00602069721698
9.36    0.00601882624428
9.38    0.00601696497119
9.4    0.00601511326757
9.42    0.00601327101875
9.44    0.00601143812476
9.46    0.00600961449948
9.48    0.00600780006987
9.5    0.00600599477521
9.52    0.00600419856632
9.54    0.00600241140484
9.56    0.00600063326248
9.58    0.00599886412032
9.6    0.00599710396813
9.62    0.00599535280369
9.64    0.00599361063215
9.66    0.00599187746537
9.68    0.00599015332139
9.7    0.00598843822374
9.72    0.00598673220096
9.74    0.00598503528604
9.76    0.00598334751586
9.78    0.00598166893075
9.8    0.00597999957395
9.82    0.00597833949124
9.84    0.00597668873043
9.86    0.00597504734099
9.88    0.00597341537364
9.9    0.00597179288001
9.92    0.00597017991225
9.94    0.00596857652275
9.96    0.00596698276378
9.98    0.00596539868725
10.0    0.0059638243444
