0.05    4.93975147342e-05
0.07    0.000105664453292
0.09    0.000220794463547
0.1    0.000249445874415
0.12    0.000459671382757
0.14    0.000710948359055
0.16    0.00104513543749
0.18    0.00141533440142
0.2    0.00156177562343
0.22    0.00183963029852
0.24    0.00253805284168
0.26    0.00321979782131
0.28    0.00345518654787
0.3    0.00396791828818
0.32    0.00510590160811
0.34    0.00665937965457
0.36    0.00743467575504
0.38    0.00754788720779
0.4    0.00732896776542
0.42    0.00731180602539
0.44    0.00796363838112
0.46    0.00937238102866
0.48    0.0103614528087
0.5    0.011202179315
0.52    0.0114144693309
0.54    0.0120281893819
0.56    0.0153608658379
0.58    0.0189262131383
0.6    0.019078461891
0.62    0.0187419230702
0.64    0.0169687244072
0.66    0.0159699941598
0.68    0.0165507295363
0.7    0.0179381134131
0.72    0.0205765465556
0.74    0.0225539072894
0.76    0.0260870256295
0.78    0.0325020578593
0.8    0.0391799252613
0.82    0.0444805772229
0.84    0.0473662455556
0.86    0.0479108677967
0.88    0.0470379899754
0.9    0.0458521436926
0.92    0.0462310751407
0.94    0.0484544826727
0.96    0.0516087044812
0.98    0.0560313637172
1.0    0.0614703723722
1.02    0.0676000986463
1.04    0.0738458028227
1.06    0.0797362529543
1.08    0.0848043764105
1.1    0.088828920985
1.12    0.0916332894632
1.14    0.0928111628109
1.16    0.0926055897458
1.18    0.0910846966163
1.2    0.0883376612288
1.22    0.0845820424011
1.24    0.0800112334398
1.26    0.0748055953332
1.28    0.069130182846
1.3    0.0637244261294
1.32    0.0617984114505
1.34    0.0628545278372
1.36    0.0638040306536
1.38    0.0645777221622
1.4    0.0651002542431
1.42    0.0653002996288
1.44    0.0653171762807
1.46    0.065008053869
1.48    0.0644177651038
1.5    0.0636966404136
1.52    0.0627203035609
1.54    0.0617483684081
1.56    0.0614883349627
1.58    0.0669487961243
1.6    0.072547880682
1.62    0.0781300451834
1.64    0.0834148071048
1.66    0.0882671872228
1.68    0.0925819473162
1.7    0.0962843850009
1.72    0.0993181299768
1.74    0.10183973528
1.76    0.103664714143
1.78    0.105010703178
1.8    0.105786863706
1.82    0.106125122612
1.84    0.1061770721
1.86    0.105934038732
1.88    0.105152422554
1.9    0.103722542265
1.92    0.10308852867
1.94    0.103210339342
1.96    0.102093908055
1.98    0.100070695672
2.0    0.0970750166786
2.02    0.0933142061651
2.04    0.0911454666457
2.06    0.0898602850913
2.08    0.0882135862092
2.1    0.0864252626081
2.12    0.084367726365
2.14    0.0821079588274
2.16    0.0797140098417
2.18    0.0772780027497
2.2    0.0748597186774
2.22    0.0736292501505
2.24    0.0752882372378
2.26    0.0767656426819
2.28    0.0779518739217
2.3    0.0786109784344
2.32    0.0785570749497
2.34    0.0777364383959
2.36    0.0761887689941
2.38    0.0758958842568
2.4    0.0759423782716
2.42    0.0759576122997
2.44    0.0759076838838
2.46    0.075823332872
2.48    0.0762017374566
2.5    0.0770987379227
2.52    0.0779610123872
2.54    0.0788517729305
2.56    0.0813942886225
2.58    0.0840317128978
2.6    0.0865551219731
2.62    0.0888495123133
2.64    0.0921869363359
2.66    0.0964143385585
2.68    0.100766539522
2.7    0.105217266902
2.72    0.109740657362
2.74    0.114311415786
2.76    0.11890495415
2.78    0.123497511609
2.8    0.128066257306
2.82    0.13258937729
2.84    0.137064056029
2.86    0.141545805714
2.88    0.145934011621
2.9    0.150210880896
2.92    0.15435984972
2.94    0.158471547267
2.96    0.162474448269
2.98    0.166315051715
3.0    0.169981129215
3.02    0.173628285357
3.04    0.177092408224
3.06    0.180358092607
3.08    0.183525305139
3.1    0.186562480872
3.12    0.189384304389
3.14    0.192076381561
3.16    0.194652614738
3.18    0.197003015195
3.2    0.199239902094
3.22    0.20133613336
3.24    0.203201796438
3.26    0.205016749619
3.28    0.20662706255
3.3    0.20809965033
3.32    0.209457403712
3.34    0.210666713246
3.36    0.21177648808
3.38    0.212810673385
3.4    0.213759154605
3.42    0.214654641785
3.44    0.215492034029
3.46    0.21630363457
3.48    0.216990380676
3.5    0.217588791618
3.52    0.218081708312
3.54    0.218463469533
3.56    0.218731055297
3.58    0.218905795213
3.6    0.218953969652
3.62    0.218931799587
3.64    0.218801861429
3.66    0.218593207928
3.68    0.218343687682
3.7    0.218027008848
3.72    0.217688868569
3.74    0.217359947257
3.76    0.219684638577
3.78    0.2228307612
3.8    0.22574829784
3.82    0.228521337306
3.84    0.231081042874
3.86    0.233392582927
3.88    0.235576421818
3.9    0.237522802691
3.92    0.239245321626
3.94    0.240810841654
3.96    0.242088507199
3.98    0.243258208773
4.0    0.244117678859
4.02    0.244883818732
4.04    0.245359773656
4.06    0.245725700119
4.08    0.24584919757
4.1    0.24583508584
4.12    0.245640081346
4.14    0.245266569058
4.16    0.2447829309
4.18    0.244093051929
4.2    0.243327317221
4.22    0.242400504872
4.24    0.241323808109
4.26    0.240185356553
4.28    0.238896776509
4.3    0.23749098974
4.32    0.236040612246
4.34    0.23450044985
4.36    0.232895674229
4.38    0.231238654081
4.4    0.229541145767
4.42    0.227822485154
4.44    0.226107198939
4.46    0.224457980631
4.48    0.222955452363
4.5    0.221627520257
4.52    0.220358390126
4.54    0.219094808816
4.56    0.217815260566
4.58    0.216500480422
4.6    0.215138378454
4.62    0.213719472664
4.64    0.212232134976
4.66    0.210704054772
4.68    0.209118536678
4.7    0.207440434785
4.72    0.207246899511
4.74    0.207066974416
4.76    0.206897890428
4.78    0.206688811544
4.8    0.20710910335
4.82    0.207545199336
4.84    0.207970664659
4.86    0.208401671989
4.88    0.208800244437
4.9    0.209167127396
4.92    0.20950305176
4.94    0.209808734098
4.96    0.210084876842
4.98    0.210385367486
5.0    0.21066010146
5.02    0.210906542043
5.04    0.211125341371
5.06    0.211317138878
5.08    0.21148256153
5.1    0.211665272826
5.12    0.211831600376
5.14    0.211972618168
5.16    0.212088910569
5.18    0.212181050874
5.2    0.212249601536
5.22    0.212328051722
5.24    0.212399318186
5.26    0.21244791276
5.28    0.212474362126
5.3    0.212479183366
5.32    0.212462884156
5.34    0.212427101868
5.36    0.212414944604
5.38    0.212382465457
5.4    0.212330142055
5.42    0.212258443664
5.44    0.212167831362
5.46    0.212058758201
5.48    0.211931669373
5.5    0.211806732618
5.52    0.211685408077
5.54    0.211546735413
5.56    0.211391135694
5.58    0.21121902291
5.6    0.211030804109
5.62    0.210826879516
5.64    0.210607642656
5.66    0.210373480476
5.68    0.210144839471
5.7    0.209917833908
5.72    0.209676455646
5.74    0.209421072245
5.76    0.209152045234
5.78    0.208869730209
5.8    0.20857447692
5.82    0.208266629361
5.84    0.207946525854
5.86    0.207614499132
5.88    0.20727087642
5.9    0.206939041067
5.92    0.20660384707
5.94    0.206257498753
5.96    0.205900307761
5.98    0.205532580593
6.0    0.205154618664
6.02    0.204766718369
6.04    0.204369171146
6.06    0.203962263536
6.08    0.203546277245
6.1    0.2031214892
6.12    0.202688171606
6.14    0.202246592002
6.16    0.201821514226
6.18    0.201389379055
6.2    0.200949319013
6.22    0.200501588913
6.24    0.200046439145
6.26    0.199584115727
6.28    0.199114860352
6.3    0.198638910437
6.32    0.198156499169
6.34    0.197667855558
6.36    0.197173204476
6.38    0.19667276671
6.4    0.196166759006
6.42    0.195655394113
6.44    0.195153474247
6.46    0.194652169308
6.48    0.194145752911
6.5    0.193634427209
6.52    0.193118390551
6.54    0.192597837524
6.56    0.192072959
6.58    0.191543942176
6.6    0.191010970618
6.62    0.190474224307
6.64    0.189933879678
6.66    0.189390109663
6.68    0.188843083735
6.7    0.188292967953
6.72    0.187739925
6.74    0.18719578387
6.76    0.186653029006
6.78    0.186107512221
6.8    0.185559387477
6.82    0.185008805534
6.84    0.184455913989
6.86    0.183900857318
6.88    0.183343776921
6.9    0.182784811157
6.92    0.182224095391
6.94    0.181661762029
6.96    0.181097940564
6.98    0.180532757614
7.0    0.179966336961
7.02    0.179398799594
7.04    0.178830263749
7.06    0.17826927017
7.08    0.177710879415
7.1    0.177151586629
7.12    0.176591503135
7.14    0.176030737662
7.16    0.175469396381
7.18    0.174907582943
7.2    0.174345398519
7.22    0.173782941835
7.24    0.173220309216
7.26    0.172657594619
7.28    0.17209488967
7.3    0.171532283706
7.32    0.170969863808
7.34    0.170407714836
7.36    0.169845919474
7.38    0.169284558256
7.4    0.168723709607
7.42    0.16816344988
7.44    0.167603853386
7.46    0.167046151752
7.48    0.166496108928
7.5    0.16594676125
7.52    0.165398178157
7.54    0.164850427184
7.56    0.164303573994
7.58    0.163757682413
7.6    0.163212814463
7.62    0.162669030393
7.64    0.162126388709
7.66    0.161584946213
7.68    0.161044758028
7.7    0.160505877633
7.72    0.159968356889
7.74    0.159432246076
7.76    0.158897593917
7.78    0.158364447615
7.8    0.157832852873
7.82    0.157302853931
7.84    0.156774493591
7.86    0.156247813245
7.88    0.155722852906
7.9    0.155199651232
7.92    0.154678245555
7.94    0.154158671909
7.96    0.153640965052
7.98    0.153125158498
8.0    0.152611284539
8.02    0.152099374272
8.04    0.151589457623
8.06    0.15108156337
8.08    0.150575719174
8.1    0.150071951595
8.12    0.149570286118
8.14    0.149070747181
8.16    0.148573358191
8.18    0.148078141551
8.2    0.147585118681
8.22    0.147094310037
8.24    0.14660573514
8.26    0.146119412587
8.28    0.145636121405
8.3    0.14515732463
8.32    0.144680741397
8.34    0.144206388484
8.36    0.143734281826
8.38    0.143264436534
8.4    0.142796866913
8.42    0.142331586481
8.44    0.141868607991
8.46    0.141407943446
8.48    0.140949604115
8.5    0.140493600554
8.52    0.140039942624
8.54    0.139588639504
8.56    0.139139699711
8.58    0.138693131112
8.6    0.138248940948
8.62    0.137807135841
8.64    0.137367721815
8.66    0.136930704307
8.68    0.13649608819
8.7    0.136063877775
8.72    0.135634076837
8.74    0.135206688623
8.76    0.134781715867
8.78    0.134359160803
8.8    0.133939025181
8.82    0.133521310278
8.84    0.133106016907
8.86    0.132693145438
8.88    0.132282695804
8.9    0.131874667513
8.92    0.131469059664
8.94    0.131065870955
8.96    0.131689094737
8.98    0.133215366847
9.0    0.134661224616
9.02    0.136049032426
9.04    0.1373667674
9.06    0.138604065909
9.08    0.139761067609
9.1    0.140871228418
9.12    0.141902464952
9.14    0.142854675259
9.16    0.14373491858
9.18    0.144564898739
9.2    0.145317913489
9.22    0.145994819626
9.24    0.146606306516
9.26    0.147167562515
9.28    0.147655664865
9.3    0.148071774384
9.32    0.148426110373
9.34    0.14873486471
9.36    0.148975258708
9.38    0.14914868071
9.4    0.149260921244
9.42    0.149336505299
9.44    0.149349227657
9.46    0.149300634196
9.48    0.14919230534
9.5    0.149051562711
9.52    0.148858519752
9.54    0.148610210988
9.56    0.148308296474
9.58    0.147964331525
9.6    0.14758844915
9.62    0.147163534219
9.64    0.14669127449
9.66    0.146173360122
9.68    0.145625400554
9.7    0.145047099201
9.72    0.144427674982
9.74    0.143768791663
9.76    0.143072102305
9.78    0.142344928791
9.8    0.141600914204
9.82    0.14082342466
9.84    0.140014045606
9.86    0.139174341986
9.88    0.138305856487
9.9    0.137414894496
9.92    0.136513709571
9.94    0.135587682339
9.96    0.134638253394
9.98    0.133666834845
10.0    0.132674809259
