0.05    6.23125850075e-05
0.07    0.000203601670953
0.09    0.000520431525875
0.1    0.000566100595159
0.12    0.00072508248369
0.14    0.00115840518671
0.16    0.00133435426771
0.18    0.00157604126949
0.2    0.0017645637119
0.22    0.00241840859938
0.24    0.00236903437768
0.26    0.00277466680521
0.28    0.00305073039185
0.3    0.00429874911374
0.32    0.00436738155661
0.34    0.00421665931137
0.36    0.00434167496775
0.38    0.00531344812857
0.4    0.0065282094654
0.42    0.00629972104344
0.44    0.00592481701592
0.46    0.00536258111846
0.48    0.00587870006285
0.5    0.00725164464499
0.52    0.00911310208397
0.54    0.0118810613225
0.56    0.0127692711508
0.58    0.0126096313894
0.6    0.0125602082211
0.62    0.0134744799991
0.64    0.01427919221
0.66    0.0146233552106
0.68    0.0140031206333
0.7    0.0153141817705
0.72    0.0189628487156
0.74    0.0217680030912
0.76    0.0217674069335
0.78    0.0220425781868
0.8    0.0220376085179
0.82    0.0234495505108
0.84    0.0262469435029
0.86    0.0283533402909
0.88    0.0303439440455
0.9    0.0370918464456
0.92    0.0459483275759
0.94    0.0533656255122
0.96    0.0573729548635
0.98    0.0583082424311
1.0    0.0553720935472
1.02    0.0527603570486
1.04    0.0494492019025
1.06    0.0462023153739
1.08    0.0469479070923
1.1    0.049793207006
1.12    0.0568553286288
1.14    0.0629684015711
1.16    0.0661712018417
1.18    0.0657749232286
1.2    0.0625552768729
1.22    0.0590837677801
1.24    0.0624590279658
1.26    0.0641070126358
1.28    0.0641974270521
1.3    0.0634705172277
1.32    0.0619357847084
1.34    0.0597070522952
1.36    0.0568622055565
1.38    0.0536498940186
1.4    0.051534503899
1.42    0.0496515513698
1.44    0.0483640948081
1.46    0.0476382952874
1.48    0.0473561888149
1.5    0.0470877041071
1.52    0.0497699278098
1.54    0.0517293715867
1.56    0.0524502717142
1.58    0.0522938982066
1.6    0.0517255773481
1.62    0.0515328242012
1.64    0.0520963475048
1.66    0.053299756266
1.68    0.0545599667369
1.7    0.0552423339398
1.72    0.0551378301403
1.74    0.0545499755658
1.76    0.0541496554549
1.78    0.0546341580553
1.8    0.0561321177986
1.82    0.0581264937519
1.84    0.060011275149
1.86    0.0611979755506
1.88    0.0663704757481
1.9    0.0712840734369
1.92    0.0745632202364
1.94    0.076150165045
1.96    0.0760120555453
1.98    0.0743509509357
2.0    0.0716428617994
2.02    0.069544075927
2.04    0.0690864959674
2.06    0.0678215133621
2.08    0.0667604212266
2.1    0.0680153542389
2.12    0.0692925275063
2.14    0.0709422652271
2.16    0.0730964362935
2.18    0.0758679089549
2.2    0.0792187464171
2.22    0.0830482814116
2.24    0.0873327804618
2.26    0.0919483412244
2.28    0.0968228564021
2.3    0.101832798429
2.32    0.106781868602
2.34    0.111466731433
2.36    0.115722585192
2.38    0.119427716304
2.4    0.122536219409
2.42    0.125047263683
2.44    0.128035019569
2.46    0.132106085044
2.48    0.135740278718
2.5    0.13903683805
2.52    0.142078613978
2.54    0.144940029238
2.56    0.147669773021
2.58    0.150279676105
2.6    0.152671955627
2.62    0.154742055841
2.64    0.156408292385
2.66    0.157623347799
2.68    0.158364885159
2.7    0.158688495046
2.72    0.158512886701
2.74    0.15783139542
2.76    0.156745355178
2.78    0.155340555714
2.8    0.153758900433
2.82    0.15194849231
2.84    0.149571318343
2.86    0.146409640489
2.88    0.142300451875
2.9    0.141019710641
2.92    0.144798113502
2.94    0.147730317961
2.96    0.149626184749
2.98    0.150538623534
3.0    0.150352644895
3.02    0.149025886029
3.04    0.146626673608
3.06    0.143230913382
3.08    0.139944970469
3.1    0.137361060724
3.12    0.134145358511
3.14    0.130295585663
3.16    0.12594054408
3.18    0.121250587262
3.2    0.116609226076
3.22    0.112105142961
3.24    0.107595330661
3.26    0.103684073891
3.28    0.100174006413
3.3    0.0971206649277
3.32    0.0946446465184
3.34    0.0927735484185
3.36    0.0915446805219
3.38    0.0909551370183
3.4    0.0924719029671
3.42    0.0943633745741
3.44    0.096040931321
3.46    0.0975146267206
3.48    0.0987968402824
3.5    0.0998991520475
3.52    0.100785978043
3.54    0.103123274526
3.56    0.106715759655
3.58    0.110284154708
3.6    0.11370292252
3.62    0.116897800095
3.64    0.119706847583
3.66    0.122038601466
3.68    0.123827151481
3.7    0.125067396062
3.72    0.125708591034
3.74    0.125743919796
3.76    0.125248217779
3.78    0.125314633011
3.8    0.125449749381
3.82    0.125099523383
3.84    0.124305888211
3.86    0.123117297559
3.88    0.121593780916
3.9    0.119870146407
3.92    0.118271454693
3.94    0.116614936268
3.96    0.114981920881
3.98    0.113436051542
4.0    0.112068150042
4.02    0.110935542608
4.04    0.110057280284
4.06    0.109498178673
4.08    0.109239426846
4.1    0.109256971522
4.12    0.109548108755
4.14    0.11006072913
4.16    0.110712902439
4.18    0.11149096984
4.2    0.112281555991
4.22    0.11303707429
4.24    0.113685666612
4.26    0.11417044251
4.28    0.114413511095
4.3    0.114424555763
4.32    0.11411038537
4.34    0.113451447639
4.36    0.115057044036
4.38    0.117030173582
4.4    0.11873859354
4.42    0.120141172323
4.44    0.121216228377
4.46    0.12194111382
4.48    0.122323563054
4.5    0.12232765155
4.52    0.122023525934
4.54    0.121356375954
4.56    0.12038770687
4.58    0.119128698829
4.6    0.117569993359
4.62    0.115804929179
4.64    0.113779171524
4.66    0.111590990324
4.68    0.109196613334
4.7    0.106697244406
4.72    0.104085053687
4.74    0.101378855946
4.76    0.0986502733356
4.78    0.0964224768726
4.8    0.0952732431447
4.82    0.0940258317892
4.84    0.0926968604777
4.86    0.0913256893778
4.88    0.0899892874193
4.9    0.0887186066535
4.92    0.0874384946997
4.94    0.0861695625689
4.96    0.0849379300343
4.98    0.0837347996997
5.0    0.0825777678545
5.02    0.0814559053764
5.04    0.0803805449534
5.06    0.0793837897239
5.08    0.0784455506435
5.1    0.0775710352622
5.12    0.0767637577258
5.14    0.0760256627701
5.16    0.0753572560815
5.18    0.0747577373907
5.2    0.0742251333216
5.22    0.0737626387239
5.24    0.073368924205
5.26    0.0730305537748
5.28    0.0727423050073
5.3    0.0724983572769
5.32    0.0722923922638
5.34    0.0721176880411
5.36    0.0721619014094
5.38    0.0724125553701
5.4    0.0727258716729
5.42    0.0730977014375
5.44    0.0735273323173
5.46    0.0740060117812
5.48    0.0745285382079
5.5    0.0750900518859
5.52    0.0756855802262
5.54    0.0763100541344
5.56    0.0769583249884
5.58    0.0776264951106
5.6    0.0783126824762
5.62    0.0790083073858
5.64    0.0797080900659
5.66    0.0804067631003
5.68    0.0810990949485
5.7    0.0817799144333
5.72    0.0824441360217
5.74    0.0830867856954
5.76    0.0837052059496
5.78    0.0843079862218
5.8    0.0848762944044
5.82    0.0854057959821
5.84    0.0858923909796
5.86    0.0863414447755
5.88    0.0867533605936
5.9    0.0871124295775
5.92    0.0874156260038
5.94    0.0876602611426
5.96    0.0878604797368
5.98    0.0880065058601
6.0    0.0880883253317
6.02    0.0881046299171
6.04    0.0880545033671
6.06    0.0879496905499
6.08    0.0877911753513
6.1    0.0875656143508
6.12    0.0872735693472
6.14    0.0869159882841
6.16    0.0865119106528
6.18    0.086051432501
6.2    0.0855297832947
6.22    0.0849967978549
6.24    0.085101746903
6.26    0.0851191651881
6.28    0.0850509661392
6.3    0.08489957163
6.32    0.0846678868466
6.34    0.0843592717033
6.36    0.083984358463
6.38    0.0835643695562
6.4    0.0830787521901
6.42    0.0825322697104
6.44    0.0819299673008
6.46    0.0812771306645
6.48    0.0805792438203
6.5    0.0798419463913
6.52    0.0790709907632
6.54    0.0782721994648
6.56    0.0774514231159
6.58    0.0766246273641
6.6    0.0757931446985
6.62    0.0749555317111
6.64    0.0741173798066
6.66    0.0732841251809
6.68    0.0724610156857
6.7    0.0716530799826
6.72    0.0708650991439
6.74    0.0701015808257
6.76    0.0693667361132
6.78    0.068664459116
6.8    0.0679983093602
6.82    0.0673714970033
6.84    0.0667868708736
6.86    0.0662469093164
6.88    0.065753713803
6.9    0.0657950304209
6.92    0.0660754500111
6.94    0.0663520012222
6.96    0.0666245437485
6.98    0.0668929421783
7.0    0.0671570659626
7.02    0.0674167893802
7.04    0.067671991498
7.06    0.0679225561291
7.08    0.0681683717867
7.1    0.068409331636
7.12    0.0686453334423
7.14    0.0688793066547
7.16    0.0691120990189
7.18    0.0693397046591
7.2    0.0695620364469
7.22    0.06977901158
7.24    0.0699905515201
7.26    0.0701965819279
7.28    0.0703970325977
7.3    0.0705918373907
7.32    0.0707809341662
7.34    0.0709642647124
7.36    0.0711417746763
7.38    0.0713134134926
7.4    0.0714791343117
7.42    0.0716388939272
7.44    0.0717926527036
7.46    0.0719403745024
7.48    0.0720820266087
7.5    0.0722175796581
7.52    0.0723470075617
7.54    0.0724702874335
7.56    0.0725873995157
7.58    0.0726983271056
7.6    0.0728030564818
7.62    0.0729015768312
7.64    0.0729938801763
7.66    0.0730799613025
7.68    0.0731598176861
7.7    0.0732334494232
7.72    0.0733008591581
7.74    0.0733620520137
7.76    0.0734170355213
7.78    0.0734659833112
7.8    0.0735160673222
7.82    0.073559958135
7.84    0.0735976705726
7.86    0.0736292215685
7.88    0.0736546301012
7.9    0.0736739171298
7.92    0.0736871055305
7.94    0.0736942200336
7.96    0.0736952871619
7.98    0.0736903351699
8.0    0.0741960217319
8.02    0.0753892179875
8.04    0.0765671013682
8.06    0.0777264992126
8.08    0.0788643238339
8.1    0.0799823285642
8.12    0.0810794394513
8.14    0.0821470185739
8.16    0.0831823999003
8.18    0.0841830529014
8.2    0.0851465908248
8.22    0.0860707781339
8.24    0.0869535371011
8.26    0.0877929535698
8.28    0.0885872818827
8.3    0.0893349489827
8.32    0.0900463858115
8.34    0.090713352568
8.36    0.0913302560069
8.38    0.0918961934512
8.4    0.0924104433892
8.42    0.0928724651789
8.44    0.0932818980707
8.46    0.0936385595753
8.48    0.0939592327836
8.5    0.0942279146869
8.52    0.0944442290113
8.54    0.0946086357388
8.56    0.0947217572284
8.58    0.0947843734487
8.6    0.0947974167798
8.62    0.094773510713
8.64    0.094706785933
8.66    0.09459378795
8.68    0.0944359659761
8.7    0.0942348920406
8.72    0.0939922539984
8.74    0.0937098483377
8.76    0.0933895728207
8.78    0.093042964792
8.8    0.0926654853808
8.82    0.0922557954392
8.84    0.0918161026792
8.86    0.0913486798085
8.88    0.0908558568047
8.9    0.0903400132103
8.92    0.0898035704798
8.94    0.0892489844008
8.96    0.0886787376038
8.98    0.0880953321938
9.0    0.0875012825083
9.02    0.0868991080357
9.04    0.0862913264944
9.06    0.085680447099
9.08    0.0850723375254
9.1    0.0844657558439
9.12    0.0838628347208
9.14    0.0832659943471
9.16    0.082677617509
9.18    0.0821000441509
9.2    0.0815355661936
9.22    0.0809864226091
9.24    0.0804547947643
9.26    0.0799428020338
9.28    0.0794524976857
9.3    0.0789858650369
9.32    0.0785456847075
9.34    0.0781360090267
9.36    0.0777559673508
9.38    0.0774072076124
9.4    0.0770912919588
9.42    0.0768096946228
9.44    0.0765638000586
9.46    0.0763549013412
9.48    0.07618419882
9.5    0.0760527990236
9.52    0.0759617138117
9.54    0.0759118597637
9.56    0.0759040578012
9.58    0.0759390330361
9.6    0.0760174148364
9.62    0.0761397371026
9.64    0.0763064387495
9.66    0.0765178643784
9.68    0.0767742651414
9.7    0.0770833205708
9.72    0.0774385333905
9.74    0.0778388885862
9.76    0.0782842497017
9.78    0.0787743940487
9.8    0.0793090145583
9.82    0.0798877217488
9.84    0.0805100458217
9.86    0.0811754388506
9.88    0.0818832770862
9.9    0.0826328633408
9.92    0.0834234294586
9.94    0.0842541388662
9.96    0.0851240891852
9.98    0.0860334940004
10.0    0.0869846737163
