0.05    2.23305925598e-05
0.07    4.53870351382e-05
0.09    8.0021946308e-05
0.1    0.000100356782748
0.12    0.000156489742016
0.14    0.000294358943763
0.16    0.000424976793171
0.18    0.00053896757547
0.2    0.000699652849352
0.22    0.000895055737364
0.24    0.001093851608
0.26    0.00137480559254
0.28    0.00193438769479
0.3    0.00223097698819
0.32    0.00230271461917
0.34    0.00293607765073
0.36    0.00306983240226
0.38    0.0032279903598
0.4    0.00379005121732
0.42    0.00437809109495
0.44    0.00549167341039
0.46    0.00512801145197
0.48    0.00511849383655
0.5    0.0054463133302
0.52    0.0066793829319
0.54    0.00685399645589
0.56    0.00659872108039
0.58    0.0067423196208
0.6    0.00661349499819
0.62    0.00622637824186
0.64    0.00707093197382
0.66    0.00792443364918
0.68    0.00764960027454
0.7    0.00674824434816
0.72    0.00681884695476
0.74    0.00840237155067
0.76    0.00956616784752
0.78    0.0100660084078
0.8    0.0111496860635
0.82    0.0119565069538
0.84    0.011992396265
0.86    0.0121139244215
0.88    0.0123312708168
0.9    0.0123275120051
0.92    0.0121321660416
0.94    0.0122502593604
0.96    0.0126899506216
0.98    0.0126206764912
1.0    0.0123102956811
1.02    0.0120281147042
1.04    0.0119488017944
1.06    0.0115962466063
1.08    0.0116784960412
1.1    0.0123032817262
1.12    0.0131258338847
1.14    0.0150395834972
1.16    0.0168506018042
1.18    0.0181413411178
1.2    0.0190899544282
1.22    0.0198011080198
1.24    0.019931696977
1.26    0.0210405894071
1.28    0.0224474402146
1.3    0.0228392507939
1.32    0.0227935630735
1.34    0.0228595050186
1.36    0.0231426788748
1.38    0.0233932976684
1.4    0.023972978984
1.42    0.0244442015254
1.44    0.025002632261
1.46    0.0258632952902
1.48    0.0271549454051
1.5    0.0292021897883
1.52    0.0318767227621
1.54    0.0349842046148
1.56    0.0383964408301
1.58    0.0419019435571
1.6    0.0452775288559
1.62    0.0483517121573
1.64    0.0510376829803
1.66    0.0534171070859
1.68    0.0554078231504
1.7    0.0570942768338
1.72    0.0584510117362
1.74    0.0592954034724
1.76    0.0605149317527
1.78    0.0606620389908
1.8    0.0596386027197
1.82    0.0574265123717
1.84    0.059755342509
1.86    0.0619150579
1.88    0.0637488095179
1.9    0.0652617091036
1.92    0.066416856548
1.94    0.0671750195678
1.96    0.0675031714986
1.98    0.0673223061552
2.0    0.0666964733164
2.02    0.0656621178094
2.04    0.0642559589816
2.06    0.0626014906173
2.08    0.0607136273884
2.1    0.0604937131103
2.12    0.0633537087532
2.14    0.0653995617652
2.16    0.0665774358521
2.18    0.0674135624059
2.2    0.0683416200381
2.22    0.0685889009829
2.24    0.0681189963143
2.26    0.0670812072253
2.28    0.0655410614744
2.3    0.0636298879251
2.32    0.0615405321832
2.34    0.0594854816188
2.36    0.05857202093
2.38    0.0587879664569
2.4    0.0587384764762
2.42    0.0584217495372
2.44    0.0598057363709
2.46    0.0615183697356
2.48    0.0633842859752
2.5    0.06527366237
2.52    0.0669685433802
2.54    0.068321767105
2.56    0.06923638739
2.58    0.069682378267
2.6    0.0698800093784
2.62    0.0707911509179
2.64    0.0713307192987
2.66    0.0720686831126
2.68    0.072358039458
2.7    0.0721689320159
2.72    0.0714940812849
2.74    0.0703622204375
2.76    0.0688408207931
2.78    0.0669429789381
2.8    0.067126043701
2.82    0.0682697358237
2.84    0.069595769208
2.86    0.0707899481518
2.88    0.0718797540925
2.9    0.0729031272808
2.92    0.0738993561495
2.94    0.0749254061336
2.96    0.0759538926786
2.98    0.076982523257
3.0    0.0780433434369
3.02    0.0790374384805
3.04    0.0799883511033
3.06    0.0808263353352
3.08    0.0814962091807
3.1    0.0820438386916
3.12    0.0823800379503
3.14    0.0825024146837
3.16    0.0824656341791
3.18    0.0822488999884
3.2    0.0818763666938
3.22    0.0813839278999
3.24    0.0808202155277
3.26    0.0802189095551
3.28    0.0796011265814
3.3    0.0790568479593
3.32    0.0804528253702
3.34    0.0815830720789
3.36    0.0824737402865
3.38    0.0831266302144
3.4    0.0835613029683
3.42    0.0838180877201
3.44    0.0839251954529
3.46    0.0838988867986
3.48    0.0837383342105
3.5    0.0834867353916
3.52    0.0831461857219
3.54    0.0827623820708
3.56    0.0823394211901
3.58    0.0818427870192
3.6    0.0812738525108
3.62    0.0806001173236
3.64    0.0798639745276
3.66    0.0806118750695
3.68    0.0835308548434
3.7    0.0862440063024
3.72    0.0887451097864
3.74    0.0910898801532
3.76    0.0933190670402
3.78    0.0954654277099
3.8    0.0975004710788
3.82    0.0992890313715
3.84    0.100782630784
3.86    0.101924350276
3.88    0.102694756753
3.9    0.103684051943
3.92    0.106129896702
3.94    0.10812042938
3.96    0.109640906081
3.98    0.110677272541
4.0    0.111239089641
4.02    0.111311894589
4.04    0.112053885599
4.06    0.114184511096
4.08    0.1161548936
4.1    0.117926899316
4.12    0.119466296576
4.14    0.120761035188
4.16    0.121817436567
4.18    0.122586151616
4.2    0.123066221771
4.22    0.123311756441
4.24    0.123259552833
4.26    0.122947896107
4.28    0.122406291259
4.3    0.121598914841
4.32    0.120585803035
4.34    0.11936703248
4.36    0.117935872631
4.38    0.116344395704
4.4    0.116757630866
4.42    0.120718153827
4.44    0.12570653559
4.46    0.130879323852
4.48    0.136135865206
4.5    0.141411646804
4.52    0.146645731405
4.54    0.151779327743
4.56    0.156756791417
4.58    0.161527663586
4.6    0.166087000253
4.62    0.170370306326
4.64    0.174358537465
4.66    0.17803189658
4.68    0.181348339745
4.7    0.184322540982
4.72    0.186915334508
4.74    0.189147860731
4.76    0.191011949356
4.78    0.192501517783
4.8    0.193666163049
4.82    0.194477211043
4.84    0.194961661661
4.86    0.195153731949
4.88    0.195031327918
4.9    0.194649316524
4.92    0.194003076658
4.94    0.19312979272
4.96    0.192045866233
4.98    0.190794625875
5.0    0.189380029942
5.02    0.187883865992
5.04    0.186953113468
5.06    0.186184113814
5.08    0.185365331167
5.1    0.184524702062
5.12    0.183688719793
5.14    0.182895973968
5.16    0.18217606281
5.18    0.181535186954
5.2    0.180988930731
5.22    0.180598869366
5.24    0.180331753054
5.26    0.180212418412
5.28    0.180260202495
5.3    0.18044401956
5.32    0.180790955613
5.34    0.181272147293
5.36    0.181862174593
5.38    0.18257922891
5.4    0.183374419062
5.42    0.184225751559
5.44    0.185112827397
5.46    0.18603004788
5.48    0.186927013791
5.5    0.187774842119
5.52    0.188544497154
5.54    0.189208615255
5.56    0.189765781564
5.58    0.190170463006
5.6    0.190403566631
5.62    0.190448859186
5.64    0.190291939602
5.66    0.189922592715
5.68    0.189336247529
5.7    0.18853069359
5.72    0.187503212467
5.74    0.186251718386
5.76    0.184776208972
5.78    0.183078536574
5.8    0.181165712436
5.82    0.179038567221
5.84    0.176696912764
5.86    0.174149339041
5.88    0.171406540536
5.9    0.168480357971
5.92    0.166557075553
5.94    0.164706532905
5.96    0.162680062327
5.98    0.160492725408
6.0    0.158160778953
6.02    0.155701332292
6.04    0.15313301758
6.06    0.151352244821
6.08    0.150735909854
6.1    0.150002082688
6.12    0.149162244532
6.14    0.148226646438
6.16    0.147222569205
6.18    0.146304681014
6.2    0.146123993472
6.22    0.145876565605
6.24    0.145564927441
6.26    0.145191982795
6.28    0.14477777191
6.3    0.144317727711
6.32    0.143808969489
6.34    0.143258426435
6.36    0.142689594792
6.38    0.142091691597
6.4    0.14146516664
6.42    0.140810294638
6.44    0.140141973135
6.46    0.139455908681
6.48    0.140105429302
6.5    0.141096440182
6.52    0.142090616522
6.54    0.143083289661
6.56    0.144086944067
6.58    0.145094290291
6.6    0.146095867209
6.62    0.147112446366
6.64    0.148111166546
6.66    0.149126351467
6.68    0.150117943687
6.7    0.151117951063
6.72    0.152094936259
6.74    0.153064328533
6.76    0.154016389264
6.78    0.154937351705
6.8    0.155851766263
6.82    0.156716463292
6.84    0.1575694782
6.86    0.158373189683
6.88    0.159138386511
6.9    0.159864506767
6.92    0.160527149859
6.94    0.161158444465
6.96    0.161707468914
6.98    0.162225977837
7.0    0.162653676939
7.02    0.163043552691
7.04    0.163348964269
7.06    0.163593348152
7.08    0.163777828398
7.1    0.163899856148
7.12    0.163972033909
7.14    0.164022260752
7.16    0.164052954158
7.18    0.164061854393
7.2    0.164035779818
7.22    0.163969849864
7.24    0.163848599594
7.26    0.163666319116
7.28    0.163413278784
7.3    0.163076449721
7.32    0.162643282746
7.34    0.162119031238
7.36    0.161502442249
7.38    0.160770706913
7.4    0.159948429439
7.42    0.159017128763
7.44    0.157973447608
7.46    0.156839671991
7.48    0.155582389582
7.5    0.154241780053
7.52    0.152936284075
7.54    0.153539167796
7.56    0.154059834829
7.58    0.154491793457
7.6    0.154855084715
7.62    0.155120616296
7.64    0.15531891935
7.66    0.155430886556
7.68    0.155457918245
7.7    0.155419933174
7.72    0.155311754761
7.74    0.155134766866
7.76    0.154891574702
7.78    0.154581726289
7.8    0.154203382741
7.82    0.153754473911
7.84    0.153247647951
7.86    0.152666700871
7.88    0.152006457906
7.9    0.151778692731
7.92    0.151600471702
7.94    0.151278662729
7.96    0.150815832474
7.98    0.150214961596
8.0    0.1494789598
8.02    0.148709026126
8.04    0.149131099169
8.06    0.149494650931
8.08    0.149794693471
8.1    0.150018654171
8.12    0.150198564298
8.14    0.150298005214
8.16    0.150339887124
8.18    0.15032337153
8.2    0.150229277122
8.22    0.150098365603
8.24    0.149893738795
8.26    0.149640976145
8.28    0.149329745207
8.3    0.148973434548
8.32    0.148561386841
8.34    0.148117656285
8.36    0.147634114873
8.38    0.147121753988
8.4    0.146601299697
8.42    0.146061588054
8.44    0.145492021958
8.46    0.144884996897
8.48    0.144250960115
8.5    0.143580208638
8.52    0.142869740321
8.54    0.142131731568
8.56    0.141354099079
8.58    0.1405415586
8.6    0.139688945018
8.62    0.138807300939
8.64    0.13787774774
8.66    0.136927619208
8.68    0.135937806285
8.7    0.135402312323
8.72    0.134984206508
8.74    0.134527881112
8.76    0.134054872543
8.78    0.133549717186
8.8    0.133009274583
8.82    0.132450817148
8.84    0.131866283782
8.86    0.131249750298
8.88    0.130624048353
8.9    0.12996937511
8.92    0.129305411768
8.94    0.128637588994
8.96    0.127974655288
8.98    0.127305803818
9.0    0.126617893418
9.02    0.125920914834
9.04    0.125198530662
9.06    0.124468724307
9.08    0.123717852335
9.1    0.122944426633
9.12    0.122165139716
9.14    0.121367625688
9.16    0.120550338821
9.18    0.119717218867
9.2    0.118880090295
9.22    0.118025881503
9.24    0.117155628131
9.26    0.116270515402
9.28    0.115386044547
9.3    0.11448807943
9.32    0.113577601035
9.34    0.11265557461
9.36    0.111732648121
9.38    0.110803075292
9.4    0.109864294353
9.42    0.108917206448
9.44    0.107972735698
9.46    0.107022825326
9.48    0.106066765111
9.5    0.105114213009
9.52    0.104158429154
9.54    0.10321769682
9.56    0.102305069973
9.58    0.101397056205
9.6    0.100484756598
9.62    0.0995750368987
9.64    0.0986656175791
9.66    0.0977537322701
9.68    0.0968400855702
9.7    0.0959302316679
9.72    0.0950229834744
9.74    0.0941156047675
9.76    0.0932087294672
9.78    0.0923029722877
9.8    0.0913989287478
9.82    0.0907598925179
9.84    0.090366309137
9.86    0.089968250955
9.88    0.0895712222845
9.9    0.0891714215787
9.92    0.0887676261865
9.94    0.0883600382896
9.96    0.0879488567477
9.98    0.0875342770825
10.0    0.087116491461
