0.05    0.000133052894888
0.07    0.000280824670771
0.09    0.000491933131509
0.1    0.000779031315022
0.12    0.00153403991344
0.14    0.00221366324516
0.16    0.00235510595998
0.18    0.00261991723586
0.2    0.00374751800845
0.22    0.00547234768611
0.24    0.00612439547476
0.26    0.00636922907626
0.28    0.00733083657329
0.3    0.011523344629
0.32    0.0116488360774
0.34    0.0137919709311
0.36    0.0166450500589
0.38    0.0199540191445
0.4    0.0222924522777
0.42    0.0249270403651
0.44    0.0261130895591
0.46    0.0315620083465
0.48    0.0343070372095
0.5    0.036878850198
0.52    0.0391729448152
0.54    0.0475078262419
0.56    0.0549574715557
0.58    0.0611014075255
0.6    0.0652383917178
0.62    0.0680554878387
0.64    0.0705363459831
0.66    0.0735675773951
0.68    0.0774939038593
0.7    0.0812301278047
0.72    0.0838988926215
0.74    0.0850564059106
0.76    0.0853671474566
0.78    0.0850611591522
0.8    0.0836530094222
0.82    0.0803132663006
0.84    0.0751945072235
0.86    0.0718388619087
0.88    0.0684470373721
0.9    0.0653616060576
0.92    0.0624286945787
0.94    0.0593305504623
0.96    0.0561918776329
0.98    0.0537039130715
1.0    0.0563557243685
1.02    0.0599727680375
1.04    0.0639487592755
1.06    0.0687394020397
1.08    0.0752430440458
1.1    0.0839674165817
1.12    0.0945967483208
1.14    0.10612993509
1.16    0.117547637689
1.18    0.127558060916
1.2    0.13510106465
1.22    0.139021492876
1.24    0.139675329253
1.26    0.139304106004
1.28    0.137130848358
1.3    0.132215560559
1.32    0.125246532039
1.34    0.116970389376
1.36    0.108195985513
1.38    0.108439231499
1.4    0.110806753373
1.42    0.114613580309
1.44    0.119562502922
1.46    0.125197057936
1.48    0.131102597762
1.5    0.136786946507
1.52    0.14191984783
1.54    0.146297203634
1.56    0.149801349471
1.58    0.152381657548
1.6    0.153859730328
1.62    0.154207375216
1.64    0.153527320105
1.66    0.151917752676
1.68    0.149576281035
1.7    0.14671770587
1.72    0.143525298164
1.74    0.140123069635
1.76    0.136595745863
1.78    0.13305152591
1.8    0.129648110914
1.82    0.128300656206
1.84    0.126634366134
1.86    0.124030447035
1.88    0.126059603057
1.9    0.12725278225
1.92    0.127619163491
1.94    0.127148465943
1.96    0.125843159319
1.98    0.123725216982
2.0    0.120827449538
2.02    0.11723624815
2.04    0.112973339543
2.06    0.108108997437
2.08    0.106138646705
2.1    0.108304809696
2.12    0.110472075449
2.14    0.112623289173
2.16    0.114694060449
2.18    0.116659560318
2.2    0.11855836989
2.22    0.120335877973
2.24    0.121945955522
2.26    0.123411587318
2.28    0.124734721217
2.3    0.125846701469
2.32    0.126777769579
2.34    0.127541043738
2.36    0.128071233569
2.38    0.128418059724
2.4    0.128577081572
2.42    0.128502351496
2.44    0.128265527152
2.46    0.127832817483
2.48    0.12718384023
2.5    0.12640723745
2.52    0.125441953898
2.54    0.124296082193
2.56    0.123051547809
2.58    0.121646140836
2.6    0.120103474149
2.62    0.11848800013
2.64    0.116754207692
2.66    0.114918298938
2.68    0.113046129968
2.7    0.111102070836
2.72    0.109098892569
2.74    0.107058465852
2.76    0.105017962641
2.78    0.102957750144
2.8    0.100891160296
2.82    0.0988307069224
2.84    0.100491059583
2.86    0.102529706706
2.88    0.104316594174
2.9    0.105850943336
2.92    0.107131576577
2.94    0.10815654858
2.96    0.108944586361
2.98    0.109484817776
3.0    0.109776291305
3.02    0.111389014867
3.04    0.113662254025
3.06    0.115219592345
3.08    0.116102410302
3.1    0.11636133309
3.12    0.116093051568
3.14    0.115410851962
3.16    0.114279163004
3.18    0.112703567487
3.2    0.110741765201
3.22    0.108466272574
3.24    0.105953355338
3.26    0.103272291191
3.28    0.100511994155
3.3    0.0991273730693
3.32    0.0997367159926
3.34    0.100298039158
3.36    0.100840409788
3.38    0.101349237993
3.4    0.101839014951
3.42    0.102319450548
3.44    0.102777430708
3.46    0.103243956583
3.48    0.103702300816
3.5    0.104156055017
3.52    0.104627741646
3.54    0.105095885808
3.56    0.105631018255
3.58    0.10692728848
3.6    0.108210722972
3.62    0.109499936989
3.64    0.110791963601
3.66    0.112077713146
3.68    0.11336663071
3.7    0.114669426322
3.72    0.115968819051
3.74    0.117265071573
3.76    0.11858247207
3.78    0.119897457765
3.8    0.121208199049
3.82    0.122529062383
3.84    0.123854189457
3.86    0.125171844672
3.88    0.126486104214
3.9    0.12781054496
3.92    0.131294064775
3.94    0.13503771994
3.96    0.1386325505
3.98    0.142046488167
4.0    0.145243481402
4.02    0.148200114498
4.04    0.150895102521
4.06    0.153309073815
4.08    0.155424245931
4.1    0.157224192462
4.12    0.15869382552
4.14    0.159826097563
4.16    0.160617314163
4.18    0.161045043295
4.2    0.161104006432
4.22    0.160812053288
4.24    0.160141085826
4.26    0.1591099937
4.28    0.157709147782
4.3    0.155945382361
4.32    0.153822498839
4.34    0.152353386569
4.36    0.153127788165
4.38    0.15385494464
4.4    0.154534301037
4.42    0.155189309628
4.44    0.155802467945
4.46    0.156366699853
4.48    0.156889165748
4.5    0.157385550682
4.52    0.15783266194
4.54    0.158230605888
4.56    0.158606639209
4.58    0.158936646442
4.6    0.159218070077
4.62    0.159473119598
4.64    0.159687802826
4.66    0.159855061281
4.68    0.159995975244
4.7    0.160098612251
4.72    0.160155462921
4.74    0.160189027286
4.76    0.16018412655
4.78    0.1601354639
4.8    0.16006833414
4.82    0.15996137724
4.84    0.159814349448
4.86    0.15965145625
4.88    0.159448657329
4.9    0.16017664407
4.92    0.161035171159
4.94    0.16176557053
4.96    0.162367523299
4.98    0.16327088772
5.0    0.164592908377
5.02    0.165854214347
5.04    0.167051692036
5.06    0.168183359375
5.08    0.169248693713
5.1    0.170248352181
5.12    0.171183299557
5.14    0.172053674467
5.16    0.172858008666
5.18    0.173601206497
5.2    0.174280176152
5.22    0.174887328689
5.24    0.175423196741
5.26    0.17590295011
5.28    0.176309309085
5.3    0.176649374496
5.32    0.176937434775
5.34    0.177166342124
5.36    0.177348016858
5.38    0.177511145614
5.4    0.177674742407
5.42    0.177806460277
5.44    0.177897665417
5.46    0.177940872573
5.48    0.177932199696
5.5    0.177872593017
5.52    0.177767728013
5.54    0.177626504189
5.56    0.177537818773
5.58    0.177864372304
5.6    0.178198410045
5.62    0.178585530653
5.64    0.179048175345
5.66    0.179677792559
5.68    0.180387193515
5.7    0.181070148134
5.72    0.181714786804
5.74    0.182313805176
5.76    0.182861272466
5.78    0.183366457984
5.8    0.183822361236
5.82    0.18422353894
5.84    0.184588211868
5.86    0.184902854563
5.88    0.185168519383
5.9    0.185402312034
5.92    0.185590607706
5.94    0.185733392487
5.96    0.185845696409
5.98    0.185911863857
6.0    0.185938074136
6.02    0.18592448858
6.04    0.185869043251
6.06    0.185770975492
6.08    0.185638203507
6.1    0.185454097057
6.12    0.185245069415
6.14    0.184990296282
6.16    0.184690349779
6.18    0.184368927503
6.2    0.184002397257
6.22    0.183592442474
6.24    0.183165422496
6.26    0.182696910653
6.28    0.182188226558
6.3    0.181658406653
6.32    0.181097192431
6.34    0.180499190889
6.36    0.179872640928
6.38    0.179227491653
6.4    0.178548760544
6.42    0.177837623652
6.44    0.177112780294
6.46    0.176361388437
6.48    0.175580552092
6.5    0.174778508864
6.52    0.173962011144
6.54    0.173118850636
6.56    0.172250188921
6.58    0.17137563725
6.6    0.170477028715
6.62    0.169555330236
6.64    0.16862683524
6.66    0.167679172533
6.68    0.166710795698
6.7    0.165739326573
6.72    0.164748541028
6.74    0.163746915611
6.76    0.162735733849
6.78    0.16171273906
6.8    0.160683065474
6.82    0.159690590827
6.84    0.159521557026
6.86    0.159343677788
6.88    0.159157218809
6.9    0.158962439203
6.92    0.158759591645
6.94    0.158548922499
6.96    0.158330671956
6.98    0.158113964777
7.0    0.157890727002
7.02    0.157660446111
7.04    0.15742334079
7.06    0.157179624206
7.08    0.156929504134
7.1    0.156673183085
7.12    0.156411076597
7.14    0.156151513525
7.16    0.1558861926
7.18    0.155615298261
7.2    0.155339010275
7.22    0.15505750385
7.24    0.154770949749
7.26    0.154479514401
7.28    0.154183360006
7.3    0.153889024555
7.32    0.153591409276
7.34    0.153289418242
7.36    0.152983199413
7.38    0.152672897019
7.4    0.152358651656
7.42    0.152040600377
7.44    0.151718876789
7.46    0.151397657952
7.48    0.151075651502
7.5    0.150750246856
7.52    0.150421566173
7.54    0.15008972857
7.56    0.149754850202
7.58    0.149417044345
7.6    0.149811799318
7.62    0.150450933828
7.64    0.151061460632
7.66    0.151641510812
7.68    0.152188589367
7.7    0.152700048561
7.72    0.153173685788
7.74    0.15360818164
7.76    0.154009740646
7.78    0.154374133588
7.8    0.154699912405
7.82    0.154992600171
7.84    0.155251302876
7.86    0.155472374296
7.88    0.155661751842
7.9    0.155817458536
7.92    0.155935096856
7.94    0.156026370193
7.96    0.156079179147
7.98    0.1561028335
8.0    0.156092516662
8.02    0.156050866747
8.04    0.155979016138
8.06    0.155874667684
8.08    0.155742883304
8.1    0.155578415412
8.12    0.15538827533
8.14    0.155166236067
8.16    0.154919308726
8.18    0.154642211178
8.2    0.15433990917
8.22    0.154010227926
8.24    0.153653690168
8.26    0.153273858207
8.28    0.152864042553
8.3    0.152436448496
8.32    0.151978789462
8.34    0.151501252249
8.36    0.150999518722
8.38    0.150471548089
8.4    0.149928007867
8.42    0.149357830892
8.44    0.148767791493
8.46    0.148159304397
8.48    0.147526202554
8.5    0.146878391433
8.52    0.146210352414
8.54    0.14551997887
8.56    0.144819053599
8.58    0.144096664124
8.6    0.143357722805
8.62    0.142605605004
8.64    0.141833865971
8.66    0.141052133758
8.68    0.140253690479
8.7    0.139441937901
8.72    0.13861861006
8.74    0.13778049905
8.76    0.136934049135
8.78    0.136072885978
8.8    0.135205019532
8.82    0.134323706544
8.84    0.133436072504
8.86    0.132537209508
8.88    0.131631400656
8.9    0.130717401864
8.92    0.129794955402
8.94    0.128868101874
8.96    0.127933528334
8.98    0.126992885816
9.0    0.126048818245
9.02    0.125099089331
9.04    0.124643896698
9.06    0.124634056316
9.08    0.124620395572
9.1    0.124602983858
9.12    0.124581889622
9.14    0.124557180377
9.16    0.12452892271
9.18    0.124497182296
9.2    0.124462023906
9.22    0.124425669656
9.24    0.124388459057
9.26    0.124347973234
9.28    0.124304273822
9.3    0.124257421604
9.32    0.124207476522
9.34    0.124154497683
9.36    0.124098543371
9.38    0.124039671056
9.4    0.123977937406
9.42    0.123913398292
9.44    0.1238461088
9.46    0.123776123238
9.48    0.123703692125
9.5    0.123632518497
9.52    0.123558765673
9.54    0.123482485305
9.56    0.123403728309
9.58    0.123322544878
9.6    0.123238984486
9.62    0.123153095903
9.64    0.123064927196
9.66    0.122974525744
9.68    0.12288193824
9.7    0.122787210704
9.72    0.122690388488
9.74    0.122591516285
9.76    0.122490638138
9.78    0.12238787099
9.8    0.122286591901
9.82    0.122183398813
9.84    0.122078333571
9.86    0.121971437403
9.88    0.121862750934
9.9    0.121752314183
9.92    0.121640166584
9.94    0.121526346978
9.96    0.121410893631
9.98    0.121293844237
10.0    0.121175235924
