0.05    0.000137741621879
0.07    0.000426295921403
0.09    0.00069039607484
0.1    0.000911403451097
0.12    0.00163627847378
0.14    0.00300184067691
0.16    0.00374182112744
0.18    0.00453859972764
0.2    0.00503988805511
0.22    0.00688655259214
0.24    0.00913584364439
0.26    0.00844930220759
0.28    0.00785658453033
0.3    0.00576911462118
0.32    0.00602791249459
0.34    0.00650989573638
0.36    0.00625161883914
0.38    0.00552237203862
0.4    0.00429439143419
0.42    0.00423544118376
0.44    0.00406825834708
0.46    0.00432433926942
0.48    0.00508304529371
0.5    0.00526746080387
0.52    0.00552486249654
0.54    0.00512211388471
0.56    0.00560924977799
0.58    0.0060722158573
0.6    0.00580965780469
0.62    0.00587107553537
0.64    0.00565623280407
0.66    0.00526428730537
0.68    0.00565132878071
0.7    0.00629517756958
0.72    0.00670399091534
0.74    0.00680479513276
0.76    0.00647433436023
0.78    0.00578755810958
0.8    0.00573623756507
0.82    0.00589528434129
0.84    0.00569437836745
0.86    0.00546680190125
0.88    0.00526757731779
0.9    0.0057325883015
0.92    0.00589388258539
0.94    0.00580120723795
0.96    0.00589965277674
0.98    0.006174253146
1.0    0.00629679366407
1.02    0.00642627206621
1.04    0.00628926092255
1.06    0.00598827863839
1.08    0.00579193458541
1.1    0.0059033242766
1.12    0.00634165810591
1.14    0.00709477307098
1.16    0.00808360338041
1.18    0.00895463248129
1.2    0.0102588331021
1.22    0.0109986659095
1.24    0.011168657108
1.26    0.0111206097997
1.28    0.0110329834193
1.3    0.0111800599532
1.32    0.0114006823914
1.34    0.0115852091602
1.36    0.0117518235085
1.38    0.0118651051495
1.4    0.0120261593361
1.42    0.0121609018469
1.44    0.0122216559888
1.46    0.0125425435349
1.48    0.012992763726
1.5    0.0131931230626
1.52    0.0131215626722
1.54    0.012863097401
1.56    0.0125049038145
1.58    0.012188333552
1.6    0.0120720604657
1.62    0.0122870810185
1.64    0.0127472894446
1.66    0.0133735932304
1.68    0.0139962822694
1.7    0.0144476875804
1.72    0.0146952094839
1.74    0.0147966554932
1.76    0.0147277068783
1.78    0.0143824749482
1.8    0.014181722445
1.82    0.0138073980893
1.84    0.0133466217226
1.86    0.0128537254774
1.88    0.0123211780342
1.9    0.0117358593837
1.92    0.0111423549187
1.94    0.0106129995246
1.96    0.0103264862446
1.98    0.0100312863819
2.0    0.00974080633815
2.02    0.00944901240198
2.04    0.00916660981926
2.06    0.00890239214025
2.08    0.00866154736524
2.1    0.00844404374859
2.12    0.00824391514819
2.14    0.0081319219559
2.16    0.00802979956973
2.18    0.00792252885491
2.2    0.00803744447214
2.22    0.00817203321172
2.24    0.00839258406276
2.26    0.00863557740765
2.28    0.00887426962326
2.3    0.00910310662153
2.32    0.00931427443209
2.34    0.00951251797869
2.36    0.00976490896153
2.38    0.00996814810335
2.4    0.0100582415122
2.42    0.0100546995813
2.44    0.0101512292242
2.46    0.0101102216151
2.48    0.0100028421072
2.5    0.00998669191036
2.52    0.00982029096933
2.54    0.00952269266422
2.56    0.00913546372855
2.58    0.00903255011952
2.6    0.00939377076917
2.62    0.00968014878048
2.64    0.00988884884986
2.66    0.0100214103945
2.68    0.0100829097503
2.7    0.0100810002044
2.72    0.0100249322237
2.74    0.00992463808284
2.76    0.00978994288564
2.78    0.00962994077712
2.8    0.00945255338678
2.82    0.00926426892528
2.84    0.00907004586216
2.86    0.00887335509787
2.88    0.00867632886459
2.9    0.00858822275257
2.92    0.00865881990098
2.94    0.0087205279557
2.96    0.00877452132332
2.98    0.00882130369311
3.0    0.0088608159773
3.02    0.00889256727928
3.04    0.00891577558162
3.06    0.00892950682878
3.08    0.00893280339262
3.1    0.008924795325
3.12    0.00890479013897
3.14    0.00887233898657
3.16    0.00882727892706
3.18    0.00876975245838
3.2    0.00870020660006
3.22    0.00862055640192
3.24    0.00853537410728
3.26    0.00844064886858
3.28    0.00833771296782
3.3    0.00822801835231
3.32    0.00811308408455
3.34    0.00799444553608
3.36    0.00787360741165
3.38    0.00775200218958
3.4    0.00763095507671
3.42    0.007511656123
3.44    0.00739513973786
3.46    0.00728227150447
3.48    0.0071737419065
3.5    0.00707006636295
3.52    0.00697159080921
3.54    0.00687850196154
3.56    0.00679084135128
3.58    0.00670852220734
3.6    0.00663134829352
3.62    0.00655903386312
3.64    0.0064912239706
3.66    0.00642751447129
3.68    0.0063674711406
3.7    0.00631064744784
3.72    0.0062566006229
3.74    0.00620490575331
3.76    0.00615516774169
3.78    0.00610703103774
3.8    0.00606018713321
3.82    0.00601437987224
3.84    0.00596940868254
3.86    0.00592512987559
3.88    0.0058814561966
3.9    0.00583835482792
3.92    0.00579584406437
3.94    0.00575398888542
3.96    0.00571289564977
3.98    0.00567270613205
4.0    0.00563359111144
4.02    0.00559574370816
4.04    0.00555937264704
4.06    0.00552469560903
4.08    0.00549193281115
4.1    0.00546130093544
4.12    0.00543300750646
4.14    0.00540724579706
4.16    0.00538419032253
4.18    0.00536399296541
4.2    0.00534677975578
4.22    0.0053326483172
4.24    0.00532166597405
4.26    0.00531386850444
4.28    0.00530925951239
4.3    0.00530781038418
4.32    0.00530946078689
4.34    0.00531411966167
4.36    0.00532166666012
4.38    0.00533195396958
4.4    0.00534480847168
4.42    0.00536003417807
4.44    0.00537741488778
4.46    0.00539671701244
4.48    0.00541769251722
4.5    0.00544008192852
4.52    0.00546361736259
4.54    0.00548802553255
4.56    0.00551303069559
4.58    0.00553835750581
4.6    0.00556373374242
4.62    0.00558889288722
4.64    0.00561357652928
4.66    0.00563753657886
4.68    0.00566053727634
4.7    0.00568235698572
4.72    0.0057027897658
4.74    0.00572164671506
4.76    0.00573875708958
4.78    0.00575396919594
4.8    0.00576715106323
4.82    0.00577819090092
4.84    0.00578699735073
4.86    0.00579349954256
4.88    0.00579764696579
4.9    0.00579940916828
4.92    0.00579877529645
4.94    0.00579575349014
4.96    0.00579037014675
4.98    0.00578266906907
5.0    0.00577271051139
5.02    0.00576057013849
5.04    0.00574633791167
5.06    0.00573011691569
5.08    0.00571202214007
5.1    0.00569217922762
5.12    0.00567072320235
5.14    0.0056477971882
5.16    0.0056235511295
5.18    0.00559814052292
5.2    0.0055717251702
5.22    0.00554446795982
5.24    0.00551653368518
5.26    0.00548808790591
5.28    0.00545929585808
5.3    0.00543032141835
5.32    0.00540132612627
5.34    0.00537246826833
5.36    0.00534390202626
5.38    0.00531577669197
5.4    0.00528823595039
5.42    0.00526141723108
5.44    0.00523545112887
5.46    0.00521046089346
5.48    0.00518656198693
5.5    0.00516386170844
5.52    0.00514245888429
5.54    0.0051224436216
5.56    0.00510389712343
5.58    0.00508689156294
5.6    0.00507149001386
5.62    0.00505774643455
5.64    0.00504570570255
5.66    0.00504571715435
5.68    0.00506861624218
5.7    0.00509060690048
5.72    0.00511158297773
5.74    0.005131445582
5.76    0.00515010334441
5.78    0.00516747262986
5.8    0.00518347769682
5.82    0.00519805080803
5.84    0.0052111322944
5.86    0.00522267057426
5.88    0.00523262213048
5.9    0.00524095144781
5.92    0.00524763091316
5.94    0.00525264068128
5.96    0.00525596850854
5.98    0.00525760955746
6.0    0.00525756617459
6.02    0.00525584764438
6.04    0.00525246992152
6.06    0.00524745534449
6.08    0.0052408323324
6.1    0.00523263506798
6.12    0.00524581590683
6.14    0.00526919657114
6.16    0.0052931251785
6.18    0.00531751452625
6.2    0.00534227772165
6.22    0.00536732848581
6.24    0.00539258144189
6.26    0.00541795238757
6.28    0.00544335855137
6.3    0.0054687188326
6.32    0.00549395402481
6.34    0.00551898702288
6.36    0.00554374301354
6.38    0.00556814964964
6.4    0.00559213720832
6.42    0.00561563873313
6.44    0.00563859016066
6.46    0.00566093043188
6.48    0.00568260158845
6.5    0.00570354885473
6.52    0.00572372070556
6.54    0.00574306892065
6.56    0.00576154862579
6.58    0.0057791183216
6.6    0.00579573990028
6.62    0.00581137865089
6.64    0.00582600325382
6.66    0.00583958576492
6.68    0.00585210158995
6.7    0.00586352944986
6.72    0.00587385133753
6.74    0.00588305246651
6.76    0.00589112121237
6.78    0.00589804904719
6.8    0.0059038304677
6.82    0.00590846291776
6.84    0.00591194670549
6.86    0.00591428491583
6.88    0.00591548331877
6.9    0.00591555027394
6.92    0.0059144966319
6.94    0.00591233563273
6.96    0.00590908280215
6.98    0.00590475584576
7.0    0.00589937454184
7.02    0.00589296063281
7.04    0.00588553771611
7.06    0.00587713113451
7.08    0.0058677678664
7.1    0.00585747641621
7.12    0.00584628670541
7.14    0.00583422996421
7.16    0.00582133862435
7.18    0.00580764621307
7.2    0.00579318724869
7.22    0.00577799713772
7.24    0.005762112074
7.26    0.00574556893979
7.28    0.00572840520912
7.3    0.00571065885344
7.32    0.00569236824978
7.34    0.00567357209149
7.36    0.00565430930165
7.38    0.00563461894925
7.4    0.00561454016824
7.42    0.00559411207947
7.44    0.00557337371558
7.46    0.00555236394891
7.48    0.00553112142244
7.5    0.00550968448376
7.52    0.00548809112211
7.54    0.00546637890849
7.56    0.00544458493887
7.58    0.00542274578032
7.6    0.00540089742037
7.62    0.00537907521916
7.64    0.00535731386469
7.66    0.00533564733106
7.68    0.00531410883938
7.7    0.00529273082179
7.72    0.00527154488803
7.74    0.00525058179498
7.76    0.00522987141866
7.78    0.00520944272902
7.8    0.00518932376719
7.82    0.00516954162524
7.84    0.00515012242832
7.86    0.00513109131921
7.88    0.00511247244513
7.9    0.00509428894667
7.92    0.00507656294892
7.94    0.00505931555466
7.96    0.0050425668394
7.98    0.00502633584851
8.0    0.00501064059595
8.02    0.00499549806494
8.04    0.00498092421012
8.06    0.00496693396142
8.08    0.0049535412294
8.1    0.00494075891201
8.12    0.00492859890274
8.14    0.00491707210009
8.16    0.00492378704632
8.18    0.00494119065708
8.2    0.0049582139499
8.22    0.00497483535312
8.24    0.00499103418783
8.26    0.00500679067456
8.28    0.00502208593817
8.3    0.00503690201119
8.32    0.00505122183576
8.34    0.0050650292639
8.36    0.00507830905657
8.38    0.00509104688128
8.4    0.00510322930849
8.42    0.00511484380672
8.44    0.00512587873656
8.46    0.0051363233435
8.48    0.00514616774987
8.5    0.00515540294558
8.52    0.00516402077808
8.54    0.00517201394139
8.56    0.00517937596428
8.58    0.00518610119775
8.6    0.00519218480165
8.62    0.00519762273083
8.64    0.00520241172044
8.66    0.00520654927085
8.68    0.0052100336319
8.7    0.00521286378674
8.72    0.00521503943523
8.74    0.00521656097687
8.76    0.0052174294935
8.78    0.00521764673151
8.8    0.00521721508395
8.82    0.0052161375723
8.84    0.00521441782799
8.86    0.00521206007388
8.88    0.00520906910551
8.9    0.00520545027223
8.92    0.00520120945833
8.94    0.00519635306405
8.96    0.00519088798662
8.98    0.00518482160126
9.0    0.00517816174226
9.02    0.00517091668411
9.04    0.00516309512268
9.06    0.00515470615651
9.08    0.00514575926827
9.1    0.00513626430627
9.12    0.00513317425571
9.14    0.00515028252469
9.16    0.00516768411843
9.18    0.0051853640959
9.2    0.0052033075155
9.22    0.00522149944835
9.24    0.00523992499119
9.26    0.00525856927872
9.28    0.00527741749561
9.3    0.00529645488827
9.32    0.00531566677582
9.34    0.00533503856103
9.36    0.00535455574051
9.38    0.0053742039149
9.4    0.00539396879825
9.42    0.00541383622722
9.44    0.00543379216989
9.46    0.00545382273415
9.48    0.00547391417561
9.5    0.00549405290537
9.52    0.00551422549712
9.54    0.00553441869416
9.56    0.00555461941584
9.58    0.00557481476383
9.6    0.00559499202786
9.62    0.00561513869122
9.64    0.00563524243608
9.66    0.00565529114805
9.68    0.00567527292097
9.7    0.00569517606092
9.72    0.00571498909018
9.74    0.00573470075092
9.76    0.00575430000838
9.78    0.00577377605393
9.8    0.0057931183079
9.82    0.00581231642193
9.84    0.00583136028136
9.86    0.00585024000699
9.88    0.00586894595698
9.9    0.00588746872824
9.92    0.00590579915763
9.94    0.00592392832311
9.96    0.00594184754442
9.98    0.00595954838369
10.0    0.00597702264584
