0.05    7.55720950134e-05
0.07    0.000137792312307
0.09    0.000293557707649
0.1    0.000444903310317
0.12    0.000725287208672
0.14    0.00143296850495
0.16    0.00207541803838
0.18    0.00272086030346
0.2    0.00334613675006
0.22    0.00442714692007
0.24    0.00471174715241
0.26    0.00373334020407
0.28    0.00373647707153
0.3    0.00459043885337
0.32    0.00618561781637
0.34    0.00666991462405
0.36    0.00672629356987
0.38    0.00700787093786
0.4    0.0072551271692
0.42    0.00725003012526
0.44    0.00898501276849
0.46    0.00958046355571
0.48    0.0108474154163
0.5    0.0116370811151
0.52    0.0120307518014
0.54    0.0120829105838
0.56    0.0119094781512
0.58    0.0115871819481
0.6    0.0111652091271
0.62    0.0107042227859
0.64    0.0118013845872
0.66    0.0117302488609
0.68    0.0123592737352
0.7    0.0134435735348
0.72    0.0146317172594
0.74    0.0157849518095
0.76    0.0167017800862
0.78    0.0171747702503
0.8    0.0170559808782
0.82    0.0162570526097
0.84    0.0153133354589
0.86    0.0157109546098
0.88    0.0158521444449
0.9    0.0156913869011
0.92    0.0152625557939
0.94    0.0146225510732
0.96    0.0138788354337
0.98    0.0130685962767
1.0    0.0121762689446
1.02    0.0112830086224
1.04    0.012694709722
1.06    0.0140278742316
1.08    0.0148327625473
1.1    0.0153710536114
1.12    0.0155811572541
1.14    0.0159471492099
1.16    0.0163830181037
1.18    0.0168257210053
1.2    0.0176103057722
1.22    0.0188806505461
1.24    0.0208895707848
1.26    0.0236899862117
1.28    0.026668495105
1.3    0.0297046984496
1.32    0.0326518780207
1.34    0.0353050502305
1.36    0.0374840506367
1.38    0.0390010418992
1.4    0.0397277818686
1.42    0.039599867327
1.44    0.0386303655571
1.46    0.036918768366
1.48    0.034621486412
1.5    0.0354502435515
1.52    0.0353304290091
1.54    0.0342613806965
1.56    0.0326118216724
1.58    0.030799939327
1.6    0.0292326976364
1.62    0.0282454253652
1.64    0.0294113879271
1.66    0.0308536569318
1.68    0.032199804011
1.7    0.0334597339978
1.72    0.0345914685639
1.74    0.0355763268308
1.76    0.0363995112904
1.78    0.0370762977923
1.8    0.0375732022107
1.82    0.0379022382476
1.84    0.0388828953343
1.86    0.0401244550544
1.88    0.0413155557145
1.9    0.0424452824036
1.92    0.0435039078474
1.94    0.0444825260563
1.96    0.0453727620783
1.98    0.0461667900966
2.0    0.0468574204464
2.02    0.0474457721263
2.04    0.0479419619212
2.06    0.0483225689988
2.08    0.0485949212732
2.1    0.0487760883307
2.12    0.0488447951393
2.14    0.0488194622143
2.16    0.048716044062
2.18    0.0485331409993
2.2    0.0482912296552
2.22    0.0480567787673
2.24    0.0478758107355
2.26    0.0476583193388
2.28    0.0474172846044
2.3    0.0471720219764
2.32    0.0469128095834
2.34    0.046640452964
2.36    0.0463589642976
2.38    0.0460430091539
2.4    0.0456796217225
2.42    0.045274002989
2.44    0.0448333958767
2.46    0.0443602573291
2.48    0.0438508997398
2.5    0.0433072757517
2.52    0.042732260327
2.54    0.042122253252
2.56    0.0414878521557
2.58    0.040843852994
2.6    0.0402577588563
2.62    0.0396995726968
2.64    0.0391229083029
2.66    0.0385348469404
2.68    0.0379256800108
2.7    0.0378491565072
2.72    0.0377279355885
2.74    0.0375485677366
2.76    0.0373096124245
2.78    0.0370161294939
2.8    0.0366798859105
2.82    0.0363147763605
2.84    0.0359437244782
2.86    0.035682337772
2.88    0.0363406839
2.9    0.03718276663
2.92    0.0378224960187
2.94    0.0382577504992
2.96    0.0384916105231
2.98    0.038535957581
3.0    0.0384058389387
3.02    0.0389893672658
3.04    0.0398981158272
3.06    0.040677858647
3.08    0.0413312466127
3.1    0.0418635928207
3.12    0.0422808223859
3.14    0.0425893114343
3.16    0.042795777388
3.18    0.0429070684174
3.2    0.0429299104733
3.22    0.042870830821
3.24    0.0427363321282
3.26    0.0425330635142
3.28    0.0422696223127
3.3    0.0419493075121
3.32    0.0415777247606
3.34    0.0411598921516
3.36    0.0406999594795
3.38    0.0402009563718
3.4    0.0396654343693
3.42    0.0390968227486
3.44    0.0385009452867
3.46    0.0378887375965
3.48    0.0372600072155
3.5    0.0366127223524
3.52    0.0359391839316
3.54    0.0352366475915
3.56    0.0345091418351
3.58    0.0337478771122
3.6    0.0329589224185
3.62    0.0326500796866
3.64    0.0328165475464
3.66    0.032972294812
3.68    0.0331227526569
3.7    0.0332672236543
3.72    0.0333996164417
3.74    0.0335299474655
3.76    0.0336476572875
3.78    0.0337571132918
3.8    0.033857417827
3.82    0.033942719013
3.84    0.0340227307652
3.86    0.0340857496245
3.88    0.0341363084811
3.9    0.0341746527015
3.92    0.0341938387813
3.94    0.03420335888
3.96    0.0341938075201
3.98    0.0341705562192
4.0    0.0341298967296
4.02    0.0340786581139
4.04    0.0340738923904
4.06    0.0341567078693
4.08    0.0342404594998
4.1    0.0343128677145
4.12    0.0343724326021
4.14    0.0344134095992
4.16    0.0344350747122
4.18    0.0344427136748
4.2    0.0345214018447
4.22    0.0346278911757
4.24    0.0347079350686
4.26    0.0347731037254
4.28    0.0348103172291
4.3    0.034828177
4.32    0.0348219308312
4.34    0.0347874457363
4.36    0.0347370851715
4.38    0.0346588069345
4.4    0.0345524717492
4.42    0.0344285224193
4.44    0.0342788538434
4.46    0.0341017393204
4.48    0.0339003480478
4.5    0.0336810759991
4.52    0.0334353504238
4.54    0.0331636492307
4.56    0.0328695781277
4.58    0.0325583611454
4.6    0.0325444736324
4.62    0.032683185109
4.64    0.0327922404554
4.66    0.0328819759079
4.68    0.0329432445055
4.7    0.0329866125279
4.72    0.0330014887541
4.74    0.0330611325554
4.76    0.0334392051835
4.78    0.0338049125228
4.8    0.0341628666551
4.82    0.0345068922794
4.84    0.0348369014007
4.86    0.0351528259566
4.88    0.0354602795465
4.9    0.0357554712393
4.92    0.0360364905295
4.94    0.0363033367851
4.96    0.0365630637246
4.98    0.0368091696921
5.0    0.0370416664678
5.02    0.0372671468176
5.04    0.0374811717101
5.06    0.0376892959051
5.08    0.0378923461654
5.1    0.0380870398694
5.12    0.0382729407417
5.14    0.0384475760122
5.16    0.0386136311769
5.18    0.0387662610881
5.2    0.0389094449156
5.22    0.0390428200334
5.24    0.0391631608399
5.26    0.0392730070575
5.28    0.0393747861521
5.3    0.0394639793634
5.32    0.0395430697642
5.34    0.0396144769572
5.36    0.0396737931912
5.38    0.0398256606026
5.4    0.0400422997064
5.42    0.0402581816016
5.44    0.0404701304292
5.46    0.040673456581
5.48    0.0412660002519
5.5    0.0420080261998
5.52    0.0427239204502
5.54    0.0434132459202
5.56    0.0440745615639
5.58    0.0447068372028
5.6    0.0453079900778
5.62    0.0458820087929
5.64    0.0464198709184
5.66    0.046930160353
5.68    0.0474026273015
5.7    0.0478467269692
5.72    0.048254581427
5.74    0.0486297872577
5.76    0.048973419474
5.78    0.0492795728197
5.8    0.0495593430095
5.82    0.0498025726649
5.84    0.0500131003267
5.86    0.0501946990547
5.88    0.0503405041642
5.9    0.0504577229398
5.92    0.0505444302842
5.94    0.0505968772076
5.96    0.0506240446433
5.98    0.0506205060285
6.0    0.0505845449861
6.02    0.0505261277174
6.04    0.0504377480128
6.06    0.0503190215311
6.08    0.0501804857462
6.1    0.050013247439
6.12    0.0498188262803
6.14    0.0496057115066
6.16    0.0493660089945
6.18    0.0491039560866
6.2    0.0488226157421
6.22    0.0485171205613
6.24    0.048196903095
6.26    0.0478546516593
6.28    0.0474983277018
6.3    0.0471247117474
6.32    0.0467356386362
6.34    0.046334167853
6.36    0.0459201224139
6.38    0.045786780356
6.4    0.0457259377896
6.42    0.0456514131687
6.44    0.0455687505533
6.46    0.0454726429256
6.48    0.0453666175469
6.5    0.0452505521419
6.52    0.0451246277038
6.54    0.0449897692162
6.56    0.0448485579052
6.58    0.0447020414416
6.6    0.0445491408681
6.62    0.0443903302009
6.64    0.0442220991525
6.66    0.0440477850906
6.68    0.043863478668
6.7    0.0436722198426
6.72    0.0434738153626
6.74    0.0432663967342
6.76    0.0430503191138
6.78    0.0428294412291
6.8    0.0426014836708
6.82    0.0423657980583
6.84    0.0421227222424
6.86    0.041872589266
6.88    0.0416182507974
6.9    0.0413588685074
6.92    0.0410932912385
6.94    0.0408218319551
6.96    0.040544798185
6.98    0.0402624919154
7.0    0.0399752374562
7.02    0.0396865670745
7.04    0.0393933947095
7.06    0.0390960004085
7.08    0.0387946583805
7.1    0.0384896369582
7.12    0.0381811985621
7.14    0.0378695996803
7.16    0.0375550908553
7.18    0.0372402790097
7.2    0.0369231420052
7.22    0.0366037201268
7.24    0.0363555414945
7.26    0.0361298430405
7.28    0.0359004946622
7.3    0.0356690555614
7.32    0.0354341629802
7.34    0.0351952074592
7.36    0.0349539406479
7.38    0.0347104647403
7.4    0.0344635322348
7.42    0.0342133640458
7.44    0.0339601762351
7.46    0.0337051179879
7.48    0.0334490508423
7.5    0.0331905051501
7.52    0.0329296785822
7.54    0.0326667639985
7.56    0.0324019494629
7.58    0.0321354182689
7.6    0.0318673489621
7.62    0.0315983751886
7.64    0.0313297119462
7.66    0.0310599487081
7.68    0.0307892465067
7.7    0.0305177618185
7.72    0.030245646612
7.74    0.0299730483926
7.76    0.0297001102564
7.78    0.0294269709369
7.8    0.029153764864
7.82    0.0288806222186
7.84    0.0286076689889
7.86    0.0283350270346
7.88    0.0283008774072
7.9    0.0283326461096
7.92    0.0283639321936
7.94    0.0283947405852
7.96    0.0284250761815
7.98    0.0284549438496
8.0    0.0284843484264
8.02    0.0285132947187
8.04    0.0285417875015
8.06    0.0285698315189
8.08    0.0285974314828
8.1    0.0286245920733
8.12    0.0286513179379
8.14    0.0286776136913
8.16    0.0287034839153
8.18    0.0287289331582
8.2    0.0287539659352
8.22    0.0287785867274
8.24    0.0288027999823
8.26    0.0288266101133
8.28    0.0288500214996
8.3    0.0288730384862
8.32    0.0288956653834
8.34    0.0289179064673
8.36    0.0289397659792
8.38    0.028961248126
8.4    0.0289823570796
8.42    0.0290030969773
8.44    0.0290234719217
8.46    0.0290434859806
8.48    0.0290631431869
8.5    0.029082447539
8.52    0.0291014030004
8.54    0.0291200135
8.56    0.029138282932
8.58    0.0291562151561
8.6    0.0291738139976
8.62    0.029191083247
8.64    0.0292080266609
8.66    0.0292246479613
8.68    0.0292409508365
8.7    0.0292569389402
8.72    0.0292726158927
8.74    0.0292879852801
8.76    0.0293030506552
8.78    0.029317815537
8.8    0.0293322834113
8.82    0.0293464577306
8.84    0.0293603419143
8.86    0.0293739393489
8.88    0.0293872533883
8.9    0.0294002873536
8.92    0.0294130445335
8.94    0.0294255281848
8.96    0.0294377415319
8.98    0.0294496877674
9.0    0.0294613700524
9.02    0.0294727915164
9.04    0.0294839552576
9.06    0.0294948643432
9.08    0.0295055218095
9.1    0.029515930662
9.12    0.0295260938758
9.14    0.0295360143959
9.16    0.029545695137
9.18    0.0295551389841
9.2    0.0295643487925
9.22    0.0295733273881
9.24    0.0295820775677
9.26    0.029590602099
9.28    0.0295989037209
9.3    0.029606985144
9.32    0.0296148490503
9.34    0.0296224980939
9.36    0.0296299349009
9.38    0.0296371620698
9.4    0.0296441821717
9.42    0.0296509977506
9.44    0.0296576113231
9.46    0.0296642486725
9.48    0.0296708527035
9.5    0.0296772594537
9.52    0.0296834713514
9.54    0.0296894907988
9.56    0.0296953201724
9.58    0.0297009618233
9.6    0.0297064180774
9.62    0.0297116912356
9.64    0.0297167835741
9.66    0.0297216973443
9.68    0.0297264347734
9.7    0.0297309980646
9.72    0.029735389397
9.74    0.0297396109261
9.76    0.0297436647839
9.78    0.0297475530792
9.8    0.0297512778978
9.82    0.0297548413026
9.84    0.0297582453338
9.86    0.0297614920094
9.88    0.0297645833252
9.9    0.0297675212549
9.92    0.0297703077504
9.94    0.0297729447424
9.96    0.0297754341398
9.98    0.0297777778306
10.0    0.029779977682
