0.05    4.16689024117e-05
0.07    0.000122315086393
0.09    0.000238100736175
0.1    0.000387575222128
0.12    0.00061147599686
0.14    0.000673171025579
0.16    0.000849528015897
0.18    0.000945716950282
0.2    0.00103741301009
0.22    0.00105582351327
0.24    0.00140437544952
0.26    0.0016366993417
0.28    0.00164912422224
0.3    0.0015279725916
0.32    0.00166538907974
0.34    0.00221858108734
0.36    0.00240904813176
0.38    0.00286756176725
0.4    0.00349213400219
0.42    0.00331781851575
0.44    0.00296184360372
0.46    0.00256362618479
0.48    0.0026889356008
0.5    0.00283672712066
0.52    0.00296873646632
0.54    0.00279030662708
0.56    0.00311825896673
0.58    0.0036396149767
0.6    0.00365175137929
0.62    0.00368027534643
0.64    0.0033406609068
0.66    0.00379902468223
0.68    0.00395749045527
0.7    0.00388980072857
0.72    0.00370955459038
0.74    0.00377272161241
0.76    0.00371133230224
0.78    0.00357554910479
0.8    0.00368844404419
0.82    0.00406761131692
0.84    0.00438343353752
0.86    0.00516232149498
0.88    0.00602260885549
0.9    0.00661855984934
0.92    0.0068883738879
0.94    0.00682081496779
0.96    0.00645428711796
0.98    0.00638038831036
1.0    0.0062012324415
1.02    0.00621619451933
1.04    0.00612534823828
1.06    0.00602571437091
1.08    0.00614967892315
1.1    0.00669947931406
1.12    0.00705337996733
1.14    0.00728935497464
1.16    0.00759764659057
1.18    0.0080206726846
1.2    0.00836838309408
1.22    0.00858402436062
1.24    0.00874006044476
1.26    0.00895472655211
1.28    0.0091137474546
1.3    0.00916991059857
1.32    0.00970959547789
1.34    0.0102006729717
1.36    0.0102763207578
1.38    0.00995746956348
1.4    0.00948718098366
1.42    0.00913564940308
1.44    0.00906205774842
1.46    0.00927377104106
1.48    0.00964288276154
1.5    0.010111627914
1.52    0.0104850738316
1.54    0.0107278882393
1.56    0.0108934127384
1.58    0.011154537609
1.6    0.0116441157107
1.62    0.0124011457948
1.64    0.013315381313
1.66    0.0142071107239
1.68    0.0149194229692
1.7    0.0153963102658
1.72    0.0156227150112
1.74    0.0156997177495
1.76    0.0158049826098
1.78    0.016183971327
1.8    0.0170113178318
1.82    0.0183256317169
1.84    0.0199394597497
1.86    0.0215382685736
1.88    0.0228025783315
1.9    0.0236019147631
1.92    0.0238844848684
1.94    0.0237185787095
1.96    0.0230864852491
1.98    0.0221521828154
2.0    0.0212043253447
2.02    0.0208245191689
2.04    0.0205664900066
2.06    0.0204191713144
2.08    0.0203592834891
2.1    0.020247111599
2.12    0.0199836921815
2.14    0.0195486401505
2.16    0.0189434247231
2.18    0.0182597233111
2.2    0.0182516460642
2.22    0.0184928872495
2.24    0.0187259462746
2.26    0.0189346199541
2.28    0.0191661435634
2.3    0.019543589087
2.32    0.0198901612101
2.34    0.0201905480783
2.36    0.0204660713755
2.38    0.0207423129418
2.4    0.0209861751992
2.42    0.0211816490054
2.44    0.0213662164976
2.46    0.0216289560939
2.48    0.0218833437778
2.5    0.0220812398141
2.52    0.0222238774507
2.54    0.0223060073794
2.56    0.0226642868227
2.58    0.0228407519773
2.6    0.0237341161086
2.62    0.0247398135276
2.64    0.0257103915936
2.66    0.0266465050156
2.68    0.0274699958007
2.7    0.0281543151714
2.72    0.0287369984975
2.74    0.0292359506097
2.76    0.0296727609153
2.78    0.0300546857927
2.8    0.0303768639867
2.82    0.030635235188
2.84    0.0308553067301
2.86    0.0310473499244
2.88    0.0311899549415
2.9    0.0325680538853
2.92    0.0344325281179
2.94    0.0359988745025
2.96    0.0374299985753
2.98    0.0387034795844
3.0    0.0397053084263
3.02    0.0403381771558
3.04    0.0405701945234
3.06    0.0403871143356
3.08    0.0398075147459
3.1    0.0388876950783
3.12    0.0378321410999
3.14    0.0365626320522
3.16    0.0350793923413
3.18    0.0345679648772
3.2    0.0346001970841
3.22    0.0345700510588
3.24    0.0344597224408
3.26    0.0343610169875
3.28    0.0342709989572
3.3    0.0341264358138
3.32    0.0339256353413
3.34    0.0337029910781
3.36    0.0334840566937
3.38    0.0335230084982
3.4    0.0348167231991
3.42    0.0360622794546
3.44    0.0372840189815
3.46    0.0384652246127
3.48    0.0396026356416
3.5    0.0406647995313
3.52    0.0416143735554
3.54    0.0424056927805
3.56    0.0430005160512
3.58    0.0433711556088
3.6    0.0435089916569
3.62    0.0434040442191
3.64    0.0430434898246
3.66    0.0424426513397
3.68    0.0416164865473
3.7    0.0405905738197
3.72    0.0394277506071
3.74    0.0381574033353
3.76    0.0368403033857
3.78    0.0355202080223
3.8    0.0342423802174
3.82    0.0330491977647
3.84    0.031966716883
3.86    0.0310350604092
3.88    0.0307485151517
3.9    0.0308621277444
3.92    0.0308830748328
3.94    0.03084352338
3.96    0.0307297126029
3.98    0.0305735996137
4.0    0.0303727836808
4.02    0.0301386493364
4.04    0.0298861585643
4.06    0.0296177744496
4.08    0.0293360685367
4.1    0.0291202995528
4.12    0.0293509797228
4.14    0.030033802512
4.16    0.030702812175
4.18    0.0313648877929
4.2    0.0320185484279
4.22    0.0326493129656
4.24    0.0332637343098
4.26    0.0338613632015
4.28    0.0344253632018
4.3    0.0349687802752
4.32    0.035481361213
4.34    0.0359576750564
4.36    0.0364092100078
4.38    0.0368302196495
4.4    0.0372466320126
4.42    0.0376410694515
4.44    0.0380111731679
4.46    0.0383581704354
4.48    0.0386843230175
4.5    0.0389694240826
4.52    0.0392289854994
4.54    0.0395030647428
4.56    0.0408020096745
4.58    0.0421041111859
4.6    0.0434229777935
4.62    0.0447756540495
4.64    0.0461285776297
4.66    0.047482787587
4.68    0.0488557125899
4.7    0.0502137386051
4.72    0.0516173115667
4.74    0.0530211183584
4.76    0.0543897368723
4.78    0.0557046982631
4.8    0.056976159483
4.82    0.0581951781324
4.84    0.0593678892321
4.86    0.060523218495
4.88    0.0616521427172
4.9    0.0627277368653
4.92    0.0637499859104
4.94    0.0647146027791
4.96    0.0656118441671
4.98    0.0664464841577
5.0    0.0672183800431
5.02    0.0679368655025
5.04    0.0694096447625
5.06    0.0714851233404
5.08    0.0737317069868
5.1    0.075911509671
5.12    0.0780257361594
5.14    0.0800744760089
5.16    0.0820675575244
5.18    0.0839884726447
5.2    0.0858317141201
5.22    0.0876137696136
5.24    0.0893293992689
5.26    0.0909475389982
5.28    0.0924589376403
5.3    0.093883661055
5.32    0.0952131322368
5.34    0.0964105283159
5.36    0.0974438681063
5.38    0.0982982513656
5.4    0.0989783051893
5.42    0.0994756632858
5.44    0.0997821259063
5.46    0.0998903746291
5.48    0.100793683628
5.5    0.102257828515
5.52    0.10349960124
5.54    0.104545826187
5.56    0.105402882718
5.58    0.106048494537
5.6    0.106459172782
5.62    0.106638028384
5.64    0.10662254597
5.66    0.10642325077
5.68    0.106027888534
5.7    0.105444629898
5.72    0.104674783121
5.74    0.103719044416
5.76    0.102590441593
5.78    0.101316317531
5.8    0.0998800125739
5.82    0.0983158063043
5.84    0.0966210445321
5.86    0.0948171619797
5.88    0.0929285259934
5.9    0.0909812006218
5.92    0.0890000932682
5.94    0.0870092290192
5.96    0.0850325305662
5.98    0.0830920728328
6.0    0.0812054916611
6.02    0.079387066112
6.04    0.0776673380725
6.06    0.0764941107604
6.08    0.0756090747635
6.1    0.0746138784283
6.12    0.0735568439178
6.14    0.0723993243568
6.16    0.0711667171169
6.18    0.0698645000574
6.2    0.0686399184208
6.22    0.0681771739224
6.24    0.067852817241
6.26    0.0676555583679
6.28    0.0675689305801
6.3    0.067577277027
6.32    0.0676640655856
6.34    0.0678219508142
6.36    0.0680221797006
6.38    0.0682542864041
6.4    0.0684999163132
6.42    0.0687452098073
6.44    0.068969982242
6.46    0.0691725801346
6.48    0.0693331539749
6.5    0.0694430483535
6.52    0.069494354464
6.54    0.0694810024181
6.56    0.0693982012536
6.58    0.0694186344089
6.6    0.0699752310705
6.62    0.0704640661457
6.64    0.070887387685
6.66    0.0712334124762
6.68    0.0714979039748
6.7    0.0716802605008
6.72    0.0717785830963
6.74    0.0717895694477
6.76    0.0717106576291
6.78    0.0715475535488
6.8    0.0712942166891
6.82    0.0709503150933
6.84    0.0705189011522
6.86    0.0700110410922
6.88    0.0694298431482
6.9    0.0687802443298
6.92    0.0680684647711
6.94    0.0672993597096
6.96    0.0664769002802
6.98    0.0656141750197
7.0    0.0647052666002
7.02    0.0637693817441
7.04    0.0628039865201
7.06    0.0618275498103
7.08    0.0608366621892
7.1    0.0598516937744
7.12    0.058872636022
7.14    0.0579067064114
7.16    0.0569669182701
7.18    0.0560597618899
7.2    0.0551893066617
7.22    0.0548743343064
7.24    0.0549195373316
7.26    0.0549460435851
7.28    0.054967996066
7.3    0.0549717044568
7.32    0.0549594270752
7.34    0.0549410180602
7.36    0.0549047465523
7.38    0.0548509284103
7.4    0.0547900330985
7.42    0.0547157522945
7.44    0.0546247389543
7.46    0.0545268206428
7.48    0.0544165694225
7.5    0.0542904257512
7.52    0.0541552324
7.54    0.0540110974076
7.56    0.0538519282131
7.58    0.0536780782804
7.6    0.0534899039144
7.62    0.0532877638144
7.64    0.0530769796071
7.66    0.0528596570205
7.68    0.0526292478466
7.7    0.0523861140259
7.72    0.0524617152653
7.74    0.0527947287155
7.76    0.0531098999036
7.78    0.0534106364866
7.8    0.0536846281396
7.82    0.0539286280564
7.84    0.0541440418948
7.86    0.0543191768473
7.88    0.0544608260987
7.9    0.0545590137218
7.92    0.0546143694114
7.94    0.0546302021725
7.96    0.054601363835
7.98    0.0545241249654
8.0    0.0543957832133
8.02    0.0542220255994
8.04    0.053997230131
8.06    0.053722657145
8.08    0.0533987657232
8.1    0.0530246829604
8.12    0.05260172967
8.14    0.0521315998059
8.16    0.051614998601
8.18    0.0518126303069
8.2    0.0520950941408
8.22    0.0523401330129
8.24    0.0525433420003
8.26    0.0527016581244
8.28    0.0528163233075
8.3    0.0528908335895
8.32    0.0529225435693
8.34    0.0529138274413
8.36    0.0528680590786
8.38    0.0527897998374
8.4    0.0526717484326
8.42    0.0525143302533
8.44    0.0523117084647
8.46    0.0520656864494
8.48    0.0517839621829
8.5    0.0518361380761
8.52    0.0520106445191
8.54    0.0521520633334
8.56    0.052261494573
8.58    0.0523356303065
8.6    0.052374533564
8.62    0.0523823368905
8.64    0.052357934583
8.66    0.0522994568125
8.68    0.0522102871587
8.7    0.0520921349395
8.72    0.0519436846677
8.74    0.0517689120927
8.76    0.0515679515676
8.78    0.0513441158212
8.8    0.0510931009001
8.82    0.0508193044736
8.84    0.0508179322793
8.86    0.0510636816255
8.88    0.0512871237102
8.9    0.0514791142015
8.92    0.0516491782732
8.94    0.0517900713447
8.96    0.0519118676001
8.98    0.0520197217458
9.0    0.0521057545694
9.02    0.0521714166402
9.04    0.0522102634274
9.06    0.052231930988
9.08    0.0522291966742
9.1    0.0522094841029
9.12    0.0521739811465
9.14    0.052125057692
9.16    0.0520579476168
9.18    0.0519729898675
9.2    0.0518744540201
9.22    0.0517576381969
9.24    0.051623709076
9.26    0.0514759521094
9.28    0.0513185150545
9.3    0.0511472601261
9.32    0.0509633747145
9.34    0.0507680435242
9.36    0.0505640393144
9.38    0.0503552442154
9.4    0.0501382345715
9.42    0.0499141500996
9.44    0.0496841122203
9.46    0.0494495763788
9.48    0.0492155389855
9.5    0.0489785142404
9.52    0.0487395281922
9.54    0.0484995770955
9.56    0.0482612264451
9.58    0.0480256443223
9.6    0.0477916520266
9.62    0.0475601155842
9.64    0.0473325545674
9.66    0.0471109784969
9.68    0.0468940191888
9.7    0.0466823954209
9.72    0.0464767854438
9.74    0.0462778264278
9.76    0.0460861140501
9.78    0.045903444977
9.8    0.0457292166701
9.82    0.0455636209656
9.84    0.0454070953756
9.86    0.0452600358556
9.88    0.0451227970885
9.9    0.0449956928747
9.92    0.0448789966177
9.94    0.0447729419006
9.96    0.044677723149
9.98    0.0445934963739
10.0    0.0445203799878
