0.05    5.13886798495e-05
0.07    0.000104916886599
0.09    0.000206632740256
0.1    0.000251721987671
0.12    0.000394606675988
0.14    0.000829518262643
0.16    0.00142628337156
0.18    0.00192807533554
0.2    0.00222503688808
0.22    0.00294480339523
0.24    0.00351128706056
0.26    0.00441247638907
0.28    0.00432660399393
0.3    0.00486000267031
0.32    0.00694927932807
0.34    0.00829354435473
0.36    0.00829895060391
0.38    0.00891917198254
0.4    0.0100193170864
0.42    0.0162627049231
0.44    0.0200436709228
0.46    0.019351815935
0.48    0.0144303615671
0.5    0.0122837061896
0.52    0.0112675494053
0.54    0.0122620850861
0.56    0.0128285804607
0.58    0.011917022435
0.6    0.0110390091355
0.62    0.00985600457126
0.64    0.0099942636191
0.66    0.0126270731121
0.68    0.0150835425363
0.7    0.0161802337736
0.72    0.0161533422232
0.74    0.0168189037906
0.76    0.0191692712764
0.78    0.0220674934381
0.8    0.0237475201395
0.82    0.0242913007254
0.84    0.0242072648575
0.86    0.0235645298364
0.88    0.0236259435347
0.9    0.0250150883174
0.92    0.0259868047406
0.94    0.0262661238112
0.96    0.0255820595194
0.98    0.0243486251183
1.0    0.0239473349263
1.02    0.0242454947043
1.04    0.0279074447571
1.06    0.02942807625
1.08    0.0289732086095
1.1    0.0269274149335
1.12    0.0262819091686
1.14    0.0267084725899
1.16    0.0265988523288
1.18    0.025966394454
1.2    0.0262165758594
1.22    0.0266773814692
1.24    0.0266921544302
1.26    0.0277548023255
1.28    0.0288721388761
1.3    0.029583603075
1.32    0.0300447577302
1.34    0.0302354161851
1.36    0.0300755467264
1.38    0.0295701113074
1.4    0.0287869734601
1.42    0.0278223151522
1.44    0.0267424675483
1.46    0.0255741947293
1.48    0.0243002381927
1.5    0.0232540581757
1.52    0.0220970667896
1.54    0.0209981880468
1.56    0.0203692301848
1.58    0.0208827815205
1.6    0.0211846106779
1.62    0.0212331126008
1.64    0.0210101574062
1.66    0.0205190623582
1.68    0.0201212465625
1.7    0.0196564949688
1.72    0.020109730699
1.74    0.0204473860229
1.76    0.0206541772235
1.78    0.0207420988593
1.8    0.0207291239368
1.82    0.0206261954488
1.84    0.0204500248294
1.86    0.020463383783
1.88    0.0210355022668
1.9    0.0217886118393
1.92    0.0227335863568
1.94    0.0238156262072
1.96    0.0252122150654
1.98    0.0266473444127
2.0    0.027984432644
2.02    0.0291281466738
2.04    0.0300030686391
2.06    0.0305498798668
2.08    0.0307287693149
2.1    0.0305186748096
2.12    0.0299236034009
2.14    0.0289722524285
2.16    0.028525251095
2.18    0.0289196817787
2.2    0.029298574037
2.22    0.0296537070617
2.24    0.0299366999208
2.26    0.0301096606892
2.28    0.0301596105149
2.3    0.0300918854466
2.32    0.0299223351726
2.34    0.0296716380952
2.36    0.0293660539093
2.38    0.0290340588752
2.4    0.0287090024082
2.42    0.0284175101134
2.44    0.0281864546018
2.46    0.0289589306292
2.48    0.0296980587837
2.5    0.0302724866289
2.52    0.0306887988829
2.54    0.0309562397551
2.56    0.0310789505437
2.58    0.0310542648291
2.6    0.0315373369729
2.62    0.0322547965377
2.64    0.0330182546627
2.66    0.0338132635013
2.68    0.0346200681563
2.7    0.0354189838314
2.72    0.0361943396475
2.74    0.0369250351308
2.76    0.0375990015486
2.78    0.0381991170741
2.8    0.0387151969541
2.82    0.0391396099771
2.84    0.0394723264799
2.86    0.0397175258438
2.88    0.0398913505186
2.9    0.0403212944444
2.92    0.0407066894396
2.94    0.0413945579582
2.96    0.0422515918756
2.98    0.043557844229
3.0    0.0448327560513
3.02    0.0460569550487
3.04    0.0472239129519
3.06    0.0483279821219
3.08    0.0493686658669
3.1    0.0503438482224
3.12    0.0512558273708
3.14    0.0521054918748
3.16    0.0528937477498
3.18    0.0536236274533
3.2    0.0542963242373
3.22    0.0549147906961
3.24    0.0554795917087
3.26    0.055994541128
3.28    0.0564613168558
3.3    0.0568807654336
3.32    0.0572544856011
3.34    0.0575815681065
3.36    0.0578626880447
3.38    0.0580972724217
3.4    0.0582863369242
3.42    0.0584308226689
3.44    0.0585318015242
3.46    0.0585900544126
3.48    0.0586059996991
3.5    0.0585825590133
3.52    0.0585176833297
3.54    0.0584132700836
3.56    0.0582705953568
3.58    0.0580896231015
3.6    0.0578723723943
3.62    0.0576192485044
3.64    0.0573312441144
3.66    0.0570100352511
3.68    0.0566552097106
3.7    0.0562699651159
3.72    0.0558528295823
3.74    0.0554075524699
3.76    0.0549328472685
3.78    0.0544320543297
3.8    0.0539056044263
3.82    0.0533540129051
3.84    0.0527801652865
3.86    0.0522862673062
3.88    0.0522540150727
3.9    0.052155666585
3.92    0.0519942920996
3.94    0.0517698064958
3.96    0.0514885209126
3.98    0.051149764759
4.0    0.05075891328
4.02    0.0503167659277
4.04    0.0498286570558
4.06    0.0492969588437
4.08    0.0487262804657
4.1    0.0481213482519
4.12    0.0474848427643
4.14    0.0468215389248
4.16    0.0461357540144
4.18    0.0454307810463
4.2    0.0447098060711
4.22    0.0439764589009
4.24    0.0432343018735
4.26    0.0424849225741
4.28    0.0417323621045
4.3    0.0409783830325
4.32    0.0402266995928
4.34    0.0394820008263
4.36    0.0387495911191
4.38    0.0380297300269
4.4    0.037317673884
4.42    0.0366112968428
4.44    0.0359104444117
4.46    0.0352142809013
4.48    0.0346521780564
4.5    0.0345637122346
4.52    0.0344735170563
4.54    0.0343790959837
4.56    0.0342832149354
4.58    0.034184519662
4.6    0.0340841477544
4.62    0.0339826950225
4.64    0.0338790944941
4.66    0.0337760030968
4.68    0.0336716115627
4.7    0.0335664418104
4.72    0.0334622658881
4.74    0.0333573526911
4.76    0.0332524266658
4.78    0.0331488632587
4.8    0.0330450639942
4.82    0.0329412863408
4.84    0.0328394597392
4.86    0.0327376363579
4.88    0.0326358516103
4.9    0.0325355305149
4.92    0.0324358189323
4.94    0.0323360657973
4.96    0.0322365458271
4.98    0.0321384336223
5.0    0.0320399983057
5.02    0.0319411133005
5.04    0.0318426580793
5.06    0.0317443136339
5.08    0.0316450256213
5.1    0.0317125187275
5.12    0.0317900910514
5.14    0.0318652729487
5.16    0.0319384979145
5.18    0.0320110301576
5.2    0.0320807596607
5.22    0.0321480780496
5.24    0.0322141899953
5.26    0.0322769670511
5.28    0.0323363308202
5.3    0.0323943279396
5.32    0.0324483740563
5.34    0.0324982515575
5.36    0.0325455093183
5.38    0.0325888697594
5.4    0.0326273864436
5.42    0.0326614247355
5.44    0.0326920640486
5.46    0.0327171769697
5.48    0.032736539345
5.5    0.0327515666924
5.52    0.0327612653236
5.54    0.0327645625542
5.56    0.0327612523188
5.58    0.0327535734828
5.6    0.0327389476164
5.62    0.0327171340431
5.64    0.032688436238
5.66    0.0326542080124
5.68    0.0326122834559
5.7    0.0325625137043
5.72    0.0325054325991
5.74    0.032442021461
5.76    0.0323703704064
5.78    0.0322903722601
5.8    0.0322038698648
5.82    0.0323426001344
5.84    0.0324792110709
5.86    0.032613557606
5.88    0.0327454992579
5.9    0.032875587004
5.92    0.0330034239737
5.94    0.033128476198
5.96    0.0332506219936
5.98    0.0333697475183
6.0    0.0334868936125
6.02    0.0336008090813
6.04    0.0337113919142
6.06    0.0338185452255
6.08    0.0339233736459
6.1    0.0340773335865
6.12    0.034349190528
6.14    0.0346190491571
6.16    0.0349956653768
6.18    0.0354420889278
6.2    0.0359129752985
6.22    0.0364079471862
6.24    0.0369270013844
6.26    0.0374689676769
6.28    0.038033170912
6.3    0.0386188538891
6.32    0.0392251812602
6.34    0.039851243618
6.36    0.0404960617449
6.38    0.0411585910503
6.4    0.0418377260671
6.42    0.0425323051208
6.44    0.0432411150168
6.46    0.0439628957938
6.48    0.0446968383343
6.5    0.0454414761917
6.52    0.0461952069129
6.54    0.0469570331797
6.56    0.0477259903848
6.58    0.0484999228537
6.6    0.0492788580416
6.62    0.050060060967
6.64    0.0508437656237
6.66    0.0516274479278
6.68    0.0524105537277
6.7    0.0531918607053
6.72    0.053969676225
6.74    0.0547431931218
6.76    0.0555115704205
6.78    0.0562731720877
6.8    0.0570270226799
6.82    0.0577721718918
6.84    0.0585076793812
6.86    0.0592326221109
6.88    0.059946102939
6.9    0.0606472604889
6.92    0.0613352753832
6.94    0.0620093581991
6.96    0.0626687932811
6.98    0.0633137748619
7.0    0.063942733592
7.02    0.0645555044309
7.04    0.0651513302678
7.06    0.0657291730746
7.08    0.0662892552798
7.1    0.0668298381828
7.12    0.0673514039374
7.14    0.0678522921281
7.16    0.0683324768918
7.18    0.068791549182
7.2    0.069228567806
7.22    0.0696440810907
7.24    0.0700367206712
7.26    0.0704075585813
7.28    0.0707558234896
7.3    0.0710818445686
7.32    0.0713859178668
7.34    0.0716683168676
7.36    0.0719289492504
7.38    0.0721676085111
7.4    0.0723834521504
7.42    0.07257578331
7.44    0.0727450318836
7.46    0.0728920736168
7.48    0.0730172707969
7.5    0.0731209493595
7.52    0.0732035331639
7.54    0.0732660729975
7.56    0.073308795021
7.58    0.0733331292512
7.6    0.073339594273
7.62    0.073329630167
7.64    0.0733014080726
7.66    0.0732530045856
7.68    0.0731838667137
7.7    0.0730935810498
7.72    0.0729816997011
7.74    0.0728482966337
7.76    0.0726939068068
7.78    0.0725191850708
7.8    0.0723245602015
7.82    0.0721106736086
7.84    0.0718793156856
7.86    0.0716325275668
7.88    0.071373106268
7.9    0.0711034307632
7.92    0.0708271029503
7.94    0.0705485821111
7.96    0.070274009961
7.98    0.0701112290539
8.0    0.0701748008266
8.02    0.0702367619402
8.04    0.0702895318932
8.06    0.0703301918431
8.08    0.0703573567279
8.1    0.0703696267901
8.12    0.0703661406847
8.14    0.0703467949453
8.16    0.0703117371097
8.18    0.070261564784
8.2    0.0701963731709
8.22    0.070115736497
8.24    0.0700195715356
8.26    0.0699074752951
8.28    0.0697808454423
8.3    0.0696411036266
8.32    0.069490049411
8.34    0.0693289667692
8.36    0.0691603216256
8.38    0.0689866244913
8.4    0.0688073648527
8.42    0.0686225309496
8.44    0.0684328317434
8.46    0.0682370450233
8.48    0.0680835260908
8.5    0.0679255859542
8.52    0.0677557178549
8.54    0.067574162144
8.56    0.067381483855
8.58    0.0671781181389
8.6    0.0671998496075
8.62    0.0676048962177
8.64    0.0679965289949
8.66    0.0683746179043
8.68    0.0687390444185
8.7    0.0690896605836
8.72    0.0694262837914
8.74    0.0697487791914
8.76    0.0700576854585
8.78    0.0703530145368
8.8    0.0706344494192
8.82    0.0709021914777
8.84    0.0711565467144
8.86    0.0713982240157
8.88    0.071626689245
8.9    0.071842082261
8.92    0.072044551529
8.94    0.0722343195211
8.96    0.0724121283252
8.98    0.0725775015711
9.0    0.0727306241601
9.02    0.0728716857679
9.04    0.073000877052
9.06    0.0731184308631
9.08    0.0732249103757
9.1    0.0733200207037
9.12    0.0734039333595
9.14    0.0734768499132
9.16    0.0735390183112
9.18    0.0735906987512
9.2    0.0736321126966
9.22    0.0736634368355
9.24    0.0736848339298
9.26    0.0736964748125
9.28    0.0736986078111
9.3    0.0736913936922
9.32    0.0736749577413
9.34    0.0736494944044
9.36    0.0736151867776
9.38    0.0735722199582
9.4    0.0735208187197
9.42    0.0734613734148
9.44    0.0733941425776
9.46    0.07331919496
9.48    0.0732366958693
9.5    0.0731468370521
9.52    0.0730498401294
9.54    0.0729462330799
9.56    0.0728360897694
9.58    0.0727193541382
9.6    0.072596212457
9.62    0.0724672689811
9.64    0.0723321746953
9.66    0.0721910407219
9.68    0.0720441448714
9.7    0.0718915976065
9.72    0.0717332479362
9.74    0.0715691559085
9.76    0.0713993808104
9.78    0.0712240013012
9.8    0.0710431286607
9.82    0.0708568879698
9.84    0.0706654055046
9.86    0.0704688219404
9.88    0.0702672870924
9.9    0.0700609500069
9.92    0.0698499660318
9.94    0.069634481226
9.96    0.0694146055882
9.98    0.0691904308128
10.0    0.0689620713664
