0.05    0.000403975057403
0.07    0.00103170834954
0.09    0.00287160954438
0.1    0.00263477931636
0.12    0.00354365417595
0.14    0.0041715344255
0.16    0.00629692126881
0.18    0.00710707639856
0.2    0.00869487005767
0.22    0.0092884949989
0.24    0.0115296866094
0.26    0.0148921017854
0.28    0.017753512543
0.3    0.0193428378561
0.32    0.0189691506977
0.34    0.0208389102409
0.36    0.023384548202
0.38    0.0213818591513
0.4    0.0206798317895
0.42    0.0194543944101
0.44    0.0195916667835
0.46    0.0221038324355
0.48    0.0238492518933
0.5    0.0275735331094
0.52    0.0348076685954
0.54    0.0399278104541
0.56    0.0382700705332
0.58    0.0327194043174
0.6    0.0291981651546
0.62    0.0297063199913
0.64    0.0347576535908
0.66    0.0397809773464
0.68    0.0440118706069
0.7    0.0470452101144
0.72    0.0497183799213
0.74    0.0532252628102
0.76    0.051962076963
0.78    0.0512525938724
0.8    0.0491165717684
0.82    0.0608832298275
0.84    0.0713798590104
0.86    0.077156195375
0.88    0.0792565981095
0.9    0.0797078823051
0.92    0.0808082929409
0.94    0.0834115266076
0.96    0.0869666343129
0.98    0.090681762835
1.0    0.0937890356913
1.02    0.0961715568238
1.04    0.1036332637
1.06    0.110255340816
1.08    0.11574668339
1.1    0.119376318966
1.12    0.12023274008
1.14    0.11772532591
1.16    0.113760982711
1.18    0.119611561228
1.2    0.124019783382
1.22    0.127215734049
1.24    0.129487946309
1.26    0.13109767944
1.28    0.132494487405
1.3    0.132701934689
1.32    0.131420887782
1.34    0.129250737557
1.36    0.126995681621
1.38    0.12427824571
1.4    0.121198225355
1.42    0.118127755028
1.44    0.118417452526
1.46    0.125275395712
1.48    0.130889307862
1.5    0.135635749835
1.52    0.140029193288
1.54    0.14503788408
1.56    0.150809388542
1.58    0.157021096248
1.6    0.163558847081
1.62    0.170356643341
1.64    0.17713599778
1.66    0.183778179538
1.68    0.189952835981
1.7    0.195501539998
1.72    0.200315861574
1.74    0.204366086435
1.76    0.210134210249
1.78    0.218012290107
1.8    0.224554783351
1.82    0.229703189005
1.84    0.233302470828
1.86    0.235336808086
1.88    0.23590646995
1.9    0.236304368124
1.92    0.238568491716
1.94    0.239748373122
1.96    0.23980335877
1.98    0.238726288595
2.0    0.236578623043
2.02    0.233469163866
2.04    0.229593918062
2.06    0.225033774989
2.08    0.219896102572
2.1    0.214394504695
2.12    0.208609268504
2.14    0.202814379302
2.16    0.197086808508
2.18    0.191609222509
2.2    0.186543446326
2.22    0.187700605755
2.24    0.189471417548
2.26    0.191240194409
2.28    0.1927932985
2.3    0.194109077827
2.32    0.195174736957
2.34    0.195953378609
2.36    0.196501483542
2.38    0.196789502662
2.4    0.196831262755
2.42    0.196679057075
2.44    0.19627537261
2.46    0.196459387974
2.48    0.203139633144
2.5    0.210322597029
2.52    0.217927278154
2.54    0.225874824239
2.56    0.234089531409
2.58    0.242498851815
2.6    0.25103297182
2.62    0.259624608139
2.64    0.268209435131
2.66    0.2767271582
2.68    0.285136919844
2.7    0.29345012015
2.72    0.301562658614
2.74    0.309439221118
2.76    0.317155589303
2.78    0.324600048572
2.8    0.331798829586
2.82    0.338751715701
2.84    0.345390777725
2.86    0.351807288378
2.88    0.357871303147
2.9    0.363692507235
2.92    0.369189468912
2.94    0.374433517997
2.96    0.379406375498
2.98    0.384211537378
3.0    0.388970043302
3.02    0.393671665911
3.04    0.398231072784
3.06    0.402564672699
3.08    0.406702676107
3.1    0.410595812002
3.12    0.414336325751
3.14    0.417820717689
3.16    0.421156190109
3.18    0.424310456195
3.2    0.42726962928
3.22    0.430149121726
3.24    0.4328472793
3.26    0.43550987638
3.28    0.438065292027
3.3    0.440587466491
3.32    0.443123902836
3.34    0.445662572494
3.36    0.44818142863
3.38    0.450682333955
3.4    0.453124060931
3.42    0.455558731973
3.44    0.457948910041
3.46    0.460324372336
3.48    0.462690144152
3.5    0.465044271593
3.52    0.46741570847
3.54    0.469818887056
3.56    0.472319935044
3.58    0.475124827694
3.6    0.478013461885
3.62    0.480962663397
3.64    0.483979213216
3.66    0.48701813304
3.68    0.490128356015
3.7    0.493287645091
3.72    0.496538568294
3.74    0.499981929434
3.76    0.503538381031
3.78    0.507161456264
3.8    0.510819308105
3.82    0.514501108846
3.84    0.518203043916
3.86    0.521941651332
3.88    0.525661739166
3.9    0.529458368919
3.92    0.533236996529
3.94    0.537052780652
3.96    0.540892314601
3.98    0.544715474063
4.0    0.548614229118
4.02    0.552491792803
4.04    0.556354751589
4.06    0.560277786275
4.08    0.564168479005
4.1    0.568021487065
4.12    0.571906757915
4.14    0.575766733165
4.16    0.579571316857
4.18    0.583331524881
4.2    0.587109319371
4.22    0.590814675729
4.24    0.59444260429
4.26    0.598048537543
4.28    0.601613801608
4.3    0.605090873505
4.32    0.608513789986
4.34    0.611913478191
4.36    0.615219088479
4.38    0.618519367281
4.4    0.621751821028
4.42    0.624982785733
4.44    0.628210069003
4.46    0.631439808282
4.48    0.634673607058
4.5    0.637905676115
4.52    0.641121079369
4.54    0.644319381775
4.56    0.647527426471
4.58    0.650784637929
4.6    0.654114252772
4.62    0.657471032751
4.64    0.66081039152
4.66    0.664074821341
4.68    0.667284982005
4.7    0.670402832717
4.72    0.673447986205
4.74    0.676403494948
4.76    0.67926987192
4.78    0.682086220493
4.8    0.685252003349
4.82    0.68932860427
4.84    0.693608924529
4.86    0.698529668929
4.88    0.703360282485
4.9    0.708133867884
4.92    0.712835713598
4.94    0.717503119684
4.96    0.722355594634
4.98    0.727406377956
5.0    0.732493218335
5.02    0.737630805713
5.04    0.742841066453
5.06    0.748060276573
5.08    0.753264239795
5.1    0.758453541065
5.12    0.763589767309
5.14    0.768653275108
5.16    0.773659986516
5.18    0.778560983384
5.2    0.783391816042
5.22    0.78816430673
5.24    0.792892146228
5.26    0.797659781072
5.28    0.802406875852
5.3    0.807094821989
5.32    0.811696543134
5.34    0.816238457217
5.36    0.820690706457
5.38    0.825028363759
5.4    0.82929674641
5.42    0.833466907662
5.44    0.837538790307
5.46    0.841583532395
5.48    0.846302344369
5.5    0.850971261145
5.52    0.855559591904
5.54    0.860046869569
5.56    0.864465360669
5.58    0.868763999082
5.6    0.87293870374
5.62    0.8770438579
5.64    0.881027092623
5.66    0.88488414802
5.68    0.888670623055
5.7    0.892339585379
5.72    0.895893242789
5.74    0.899367102697
5.76    0.902761836993
5.78    0.906077164187
5.8    0.909328255758
5.82    0.912521295059
5.84    0.915650335001
5.86    0.918721967074
5.88    0.921784888145
5.9    0.925176414821
5.92    0.929048240787
5.94    0.932968626189
5.96    0.936833266495
5.98    0.940628585127
6.0    0.944358161876
6.02    0.94806255218
6.04    0.952170889116
6.06    0.956383927567
6.08    0.9605882197
6.1    0.964780855506
6.12    0.96892268629
6.14    0.97298510433
6.16    0.976942879151
6.18    0.980820551218
6.2    0.984618354305
6.22    0.988314609625
6.24    0.991950343823
6.26    0.995747844556
6.28    0.999765108011
6.3    1.00373075077
6.32    1.0076251164
6.34    1.01144988987
6.36    1.01523410235
6.38    1.01905167706
6.4    1.02290963346
6.42    1.02672979677
6.44    1.03046666327
6.46    1.03407319288
6.48    1.03761289038
6.5    1.04100837848
6.52    1.04431665515
6.54    1.04752963856
6.56    1.05069870653
6.58    1.05389981248
6.6    1.05706843898
6.62    1.06018152297
6.64    1.06323671094
6.66    1.06626104719
6.68    1.06932209343
6.7    1.0724622994
6.72    1.07557204047
6.74    1.07863069275
6.76    1.08167499146
6.78    1.08495235692
6.8    1.08825909005
6.82    1.09152967772
6.84    1.09473265022
6.86    1.09783706016
6.88    1.10084382988
6.9    1.10379365322
6.92    1.10666712025
6.94    1.10960401618
6.96    1.11288947747
6.98    1.11611518087
7.0    1.11924405692
7.02    1.12230548454
7.04    1.12529091067
7.06    1.1282764877
7.08    1.13146184282
7.1    1.13460980381
7.12    1.13768406847
7.14    1.14067337114
7.16    1.14359754767
7.18    1.14640170313
7.2    1.14916534602
7.22    1.1518218535
7.24    1.15440861033
7.26    1.1569460137
7.28    1.15977892718
7.3    1.16294463609
7.32    1.16606023668
7.34    1.16907131566
7.36    1.17202759438
7.38    1.17488197977
7.4    1.17767078187
7.42    1.18038353296
7.44    1.18303642619
7.46    1.18573089144
7.48    1.18862307814
7.5    1.19156436691
7.52    1.19447788115
7.54    1.19735198957
7.56    1.20018303291
7.58    1.20296569494
7.6    1.20569883107
7.62    1.20838607855
7.64    1.21100052025
7.66    1.21353880883
7.68    1.21604272591
7.7    1.21847084369
7.72    1.22082918725
7.74    1.22314004266
7.76    1.22543877753
7.78    1.22785446941
7.8    1.23031048313
7.82    1.23278317934
7.84    1.235363364
7.86    1.23807461938
7.88    1.24074247459
7.9    1.24331507209
7.92    1.24583161413
7.94    1.24823375204
7.96    1.25058485298
7.98    1.25280992137
8.0    1.25497782704
8.02    1.25703931042
8.04    1.25900687869
8.06    1.26090603944
8.08    1.26269813797
8.1    1.26443651458
8.12    1.26609993776
8.14    1.26771554751
8.16    1.26930295329
8.18    1.27086119109
8.2    1.27237762846
8.22    1.27382869619
8.24    1.27522480531
8.26    1.2765557153
8.28    1.27781622703
8.3    1.27904930043
8.32    1.28044454457
8.34    1.28182761257
8.36    1.28317343974
8.38    1.28444867538
8.4    1.28564739541
8.42    1.28679778888
8.44    1.2878533143
8.46    1.28887239371
8.48    1.2897943281
8.5    1.2906811384
8.52    1.29148832477
8.54    1.29224209088
8.56    1.29296504298
8.58    1.29366047263
8.6    1.29432710624
8.62    1.29494211779
8.64    1.29549300838
8.66    1.29601734793
8.68    1.29647121494
8.7    1.29688217675
8.72    1.29724870906
8.74    1.29756164911
8.76    1.29784177502
8.78    1.29810030928
8.8    1.29835726993
8.82    1.29861918626
8.84    1.29888914828
8.86    1.29915563284
8.88    1.29940466749
8.9    1.299613513
8.92    1.29976884368
8.94    1.29990880371
8.96    1.30002858374
8.98    1.30020246732
9.0    1.30037639408
9.02    1.30053581574
9.04    1.30065959551
9.06    1.30073345649
9.08    1.30078927644
9.1    1.30078111371
9.12    1.30076219755
9.14    1.30069393922
9.16    1.30066151728
9.18    1.30079232548
9.2    1.30089392381
9.22    1.30096777124
9.24    1.30100836173
9.26    1.30100778937
9.28    1.30099418565
9.3    1.30097300871
9.32    1.30110013873
9.34    1.30127998756
9.36    1.30146129093
9.38    1.30168415092
9.4    1.3020772732
9.42    1.30247260064
9.44    1.30284468499
9.46    1.30319429881
9.48    1.30417673902
9.5    1.30650099653
9.52    1.30884935254
9.54    1.3112623784
9.56    1.3138075524
9.58    1.3163929569
9.6    1.31892309459
9.62    1.32138144584
9.64    1.32379320141
9.66    1.32624550206
9.68    1.32869400472
9.7    1.33107627867
9.72    1.33336970491
9.74    1.33558901368
9.76    1.3380086662
9.78    1.34052830217
9.8    1.34302429636
9.82    1.34548181275
9.84    1.34788809435
9.86    1.35026149176
9.88    1.35260026928
9.9    1.35487301011
9.92    1.35707884259
9.94    1.35920423593
9.96    1.36130764691
9.98    1.36340334955
10.0    1.36542351962
