0.05    2.23638387347e-05
0.07    5.21840011135e-05
0.09    8.76706347502e-05
0.1    0.000135289284399
0.12    0.00021148923085
0.14    0.000300708258221
0.16    0.000451391253143
0.18    0.000499969046852
0.2    0.000938962257576
0.22    0.000851681473512
0.24    0.00129217132521
0.26    0.00174360445491
0.28    0.00210992813683
0.3    0.00234258532055
0.32    0.00293981903752
0.34    0.00266592657685
0.36    0.00299388497117
0.38    0.00284539379599
0.4    0.0026017666918
0.42    0.00268965652731
0.44    0.00373236123106
0.46    0.00392540963512
0.48    0.00409030834323
0.5    0.00383863323266
0.52    0.00404849698116
0.54    0.00459596028925
0.56    0.00522153759583
0.58    0.00656406188729
0.6    0.00729920103937
0.62    0.00745516072783
0.64    0.00729411446682
0.66    0.00662761417472
0.68    0.00733718902706
0.7    0.00830643589458
0.72    0.00906310310558
0.74    0.00918840152158
0.76    0.00890513786856
0.78    0.00872531423635
0.8    0.00830333864247
0.82    0.00792920826578
0.84    0.00765058524354
0.86    0.00687757635095
0.88    0.00595306634923
0.9    0.00580760228828
0.92    0.00623933524444
0.94    0.00658039980883
0.96    0.00679198288776
0.98    0.00685420930154
1.0    0.00673834372956
1.02    0.0071270452062
1.04    0.0076587444501
1.06    0.00768061273608
1.08    0.00763702712994
1.1    0.0078239808153
1.12    0.00776282559167
1.14    0.00812152049394
1.16    0.00843153095582
1.18    0.00878445533507
1.2    0.0091880333402
1.22    0.00957115081994
1.24    0.00986529948591
1.26    0.0100871144363
1.28    0.0102673249388
1.3    0.0104321352536
1.32    0.0105877733224
1.34    0.0111690882496
1.36    0.011731058672
1.38    0.0119740622635
1.4    0.0118325216758
1.42    0.011323132311
1.44    0.0108524119656
1.46    0.0108227823202
1.48    0.0108062240505
1.5    0.0107849491295
1.52    0.0107252164941
1.54    0.0105939984487
1.56    0.0103779688005
1.58    0.0100988774422
1.6    0.00979595895209
1.62    0.00952037749798
1.64    0.00930268523024
1.66    0.009156801818
1.68    0.00906925665352
1.7    0.00901384212839
1.72    0.0089666906245
1.74    0.00912779784766
1.76    0.0101886783786
1.78    0.0111852314531
1.8    0.0120879725441
1.82    0.0128908734383
1.84    0.0135776396542
1.86    0.0141509420379
1.88    0.0146156898765
1.9    0.0149649645829
1.92    0.0152176142155
1.94    0.0153646853978
1.96    0.015414854803
1.98    0.0155796265096
2.0    0.0161243237365
2.02    0.0169177386739
2.04    0.0178718141009
2.06    0.0186616051515
2.08    0.0193021743755
2.1    0.0198188546543
2.12    0.0202420761227
2.14    0.0205981151183
2.16    0.0209087937948
2.18    0.0212104382983
2.2    0.0215807930117
2.22    0.0220326734882
2.24    0.0224699325117
2.26    0.0228398496668
2.28    0.0231049939649
2.3    0.0232358269198
2.32    0.0232035133178
2.34    0.0229958060923
2.36    0.0226229795813
2.38    0.0221142568462
2.4    0.0215173295563
2.42    0.0208893682695
2.44    0.020344851354
2.46    0.0200634077973
2.48    0.0198109729871
2.5    0.0196091390972
2.52    0.0194784787996
2.54    0.0194351466683
2.56    0.0194824447766
2.58    0.0196198910853
2.6    0.0198276089278
2.62    0.0200876274195
2.64    0.0203861896552
2.66    0.0207087776152
2.68    0.0210421416331
2.7    0.0213855724941
2.72    0.0217404492546
2.74    0.022103621196
2.76    0.022483539355
2.78    0.0228826386731
2.8    0.0232965365256
2.82    0.0237328330299
2.84    0.0241801478683
2.86    0.0246353496265
2.88    0.0250915086824
2.9    0.0255385688649
2.92    0.0259673838303
2.94    0.0263740928083
2.96    0.0267468636475
2.98    0.0270826880131
3.0    0.0273783270169
3.02    0.0276299878575
3.04    0.0283568042131
3.06    0.0290662804026
3.08    0.0297220844411
3.1    0.0303152182943
3.12    0.0308228658846
3.14    0.0312308423227
3.16    0.0315311478142
3.18    0.0317264708778
3.2    0.0318239482854
3.22    0.0318290134196
3.24    0.031762039278
3.26    0.0316640446289
3.28    0.0319288904235
3.3    0.0321202198519
3.32    0.0322305708876
3.34    0.0322635753527
3.36    0.0322314856039
3.38    0.0321352867646
3.4    0.0321129491516
3.42    0.0323265021144
3.44    0.0324943684856
3.46    0.0326046712235
3.48    0.0326545920866
3.5    0.0326440973729
3.52    0.0325858076355
3.54    0.032632103156
3.56    0.0326091096901
3.58    0.0325172020035
3.6    0.0323544648219
3.62    0.0321452657572
3.64    0.0318980523023
3.66    0.0315889147262
3.68    0.0311988517146
3.7    0.0307237844751
3.72    0.0301649622758
3.74    0.0295303599115
3.76    0.0288377992134
3.78    0.0291903609535
3.8    0.0294996444581
3.82    0.0297559971233
3.84    0.0299598628068
3.86    0.0301048880501
3.88    0.030196808179
3.9    0.0302265310545
3.92    0.0302087771801
3.94    0.030134596501
3.96    0.0300127678913
3.98    0.0298495149784
4.0    0.0296432569217
4.02    0.0294083451492
4.04    0.0291443148795
4.06    0.0288555960391
4.08    0.0285561835843
4.1    0.0282432354793
4.12    0.0279240080214
4.14    0.0276072157384
4.16    0.0272919359857
4.18    0.0269837954128
4.2    0.0266883139104
4.22    0.0264044617434
4.24    0.0261349343468
4.26    0.0258843105248
4.28    0.0256500335196
4.3    0.025432669763
4.32    0.0252337149018
4.34    0.0250527507094
4.36    0.0248874793133
4.38    0.0247368498561
4.4    0.0246002280799
4.42    0.0244774004335
4.44    0.0243647699789
4.46    0.0242606452313
4.48    0.0241880629228
4.5    0.0241882440651
4.52    0.0241925015453
4.54    0.0241994329621
4.56    0.0242076615165
4.58    0.024215869105
4.6    0.0242261363509
4.62    0.024234844541
4.64    0.024240194333
4.66    0.0242413192606
4.68    0.0242374966078
4.7    0.0242281510122
4.72    0.0242157169026
4.74    0.0241983224839
4.76    0.0241745102928
4.78    0.0241442525797
4.8    0.0241076399
4.82    0.0240648690562
4.84    0.0240166057517
4.86    0.0241342821698
4.88    0.0243220504661
4.9    0.024505788092
4.92    0.0246802660447
4.94    0.024842110612
4.96    0.0249905421456
4.98    0.0251266600971
5.0    0.0252521468078
5.02    0.025366496681
5.04    0.025466959985
5.06    0.025554160751
5.08    0.0256413254076
5.1    0.025755267886
5.12    0.0260621930151
5.14    0.0264115847183
5.16    0.0267509795785
5.18    0.0270826691348
5.2    0.0274035897457
5.22    0.0277154017889
5.24    0.0280182006731
5.26    0.02831007342
5.28    0.02859471281
5.3    0.028868828632
5.32    0.0291331435968
5.34    0.0293892494987
5.36    0.029633631609
5.38    0.029869542032
5.4    0.0300931382674
5.42    0.0303064545939
5.44    0.030506688516
5.46    0.0306956285895
5.48    0.03086985902
5.5    0.0310321955445
5.52    0.0311782475187
5.54    0.0313113888963
5.56    0.031427936437
5.58    0.0315290394917
5.6    0.0316327086799
5.62    0.0318312624123
5.64    0.0320158592031
5.66    0.0321844551579
5.68    0.0323345618201
5.7    0.0324665271831
5.72    0.0325810909712
5.74    0.0326760966042
5.76    0.0327524061396
5.78    0.0328108300273
5.8    0.0328516812975
5.82    0.0328746136997
5.84    0.0328787378884
5.86    0.0332013898456
5.88    0.0335372737179
5.9    0.0338573681076
5.92    0.0341658800606
5.94    0.0344580553577
5.96    0.0347347479069
5.98    0.0349968524873
6.0    0.0352419606128
6.02    0.0354722444719
6.04    0.0356872570257
6.06    0.0358956869185
6.08    0.0361122676423
6.1    0.0363143853292
6.12    0.0365007448431
6.14    0.0366725216964
6.16    0.0368272051555
6.18    0.0369650484909
6.2    0.0370887576262
6.22    0.0371966832846
6.24    0.037289907697
6.26    0.0373692156947
6.28    0.0374346906937
6.3    0.0374856553424
6.32    0.0375216234057
6.34    0.0375441819714
6.36    0.0375505348252
6.38    0.0375431340775
6.4    0.0375214828504
6.42    0.0374851286672
6.44    0.0374377642197
6.46    0.037378089699
6.48    0.0373083162058
6.5    0.0372312144049
6.52    0.0371457522731
6.54    0.0370510657957
6.56    0.0369469519863
6.58    0.0368338831898
6.6    0.0367129090805
6.62    0.0365836931949
6.64    0.0364464314082
6.66    0.0363010259032
6.68    0.0361487489365
6.7    0.0359895671926
6.72    0.0358230668545
6.74    0.035650756525
6.76    0.035473472601
6.78    0.0352912864911
6.8    0.0351051216267
6.82    0.0349156126951
6.84    0.0347233241986
6.86    0.0345293152027
6.88    0.0343382206989
6.9    0.0341519557794
6.92    0.0339627833577
6.94    0.0337716873783
6.96    0.0335766222155
6.98    0.0333795525222
7.0    0.0331794794567
7.02    0.0329776319472
7.04    0.0327740978321
7.06    0.032568836586
7.08    0.0323635521731
7.1    0.0321578306249
7.12    0.0319519758698
7.14    0.0317456782294
7.16    0.0315400873753
7.18    0.0313334414108
7.2    0.0311276888859
7.22    0.0309210035057
7.24    0.0307149341842
7.26    0.0305094103895
7.28    0.0303036834806
7.3    0.0300984288815
7.32    0.0298950109233
7.34    0.0296920265345
7.36    0.0294896928022
7.38    0.0292883644101
7.4    0.0290896589066
7.42    0.0288921252334
7.44    0.0286959410835
7.46    0.028501274306
7.48    0.0283085321648
7.5    0.0281187942185
7.52    0.027930963631
7.54    0.0277451728587
7.56    0.027561545416
7.58    0.0273801960379
7.6    0.0272017680976
7.62    0.0270264264833
7.64    0.0268536113646
7.66    0.0266834058114
7.68    0.0265158848215
7.7    0.0263511154544
7.72    0.0261891569679
7.74    0.0260309023672
7.76    0.0258756010218
7.78    0.0257561980415
7.8    0.0256518942579
7.82    0.025549800625
7.84    0.0254502433504
7.86    0.0253524469226
7.88    0.025256481161
7.9    0.025162408256
7.92    0.0250702828662
7.94    0.0249801522252
7.96    0.0248920562534
7.98    0.0248060276759
8.0    0.0247221595463
8.02    0.024641472552
8.04    0.0245628873782
8.06    0.0244864107324
8.08    0.0244120427953
8.1    0.0243397773776
8.12    0.0242696020862
8.14    0.0242014984949
8.16    0.0241354423237
8.18    0.0240714036214
8.2    0.0240093469556
8.22    0.0239492316074
8.24    0.0238910117707
8.26    0.0238346367574
8.28    0.0237808553765
8.3    0.0237289574566
8.32    0.0236787200224
8.34    0.0236300758998
8.36    0.0235829540652
8.38    0.0235372798656
8.4    0.0234929752448
8.42    0.0234499589649
8.44    0.0234081468339
8.46    0.0233674519289
8.48    0.0233277848216
8.5    0.0232890538021
8.52    0.0232511651013
8.54    0.0232140231115
8.56    0.0231775306054
8.58    0.0231415889528
8.6    0.0231070466943
8.62    0.023072877827
8.64    0.0230389623083
8.66    0.0230051982704
8.68    0.0229714834353
8.7    0.0229377153099
8.72    0.0229037913758
8.74    0.0228696092739
8.76    0.0228350669846
8.78    0.0228000630024
8.8    0.0227644965041
8.82    0.0227282675128
8.84    0.022754932597
8.86    0.0228098724693
8.88    0.0228663707177
8.9    0.0229243608638
8.92    0.0229837755203
8.94    0.0230445464827
8.96    0.0231066048173
8.98    0.0231698809503
9.0    0.0232343047552
9.02    0.0232998056373
9.04    0.0233663126173
9.06    0.0234337544148
9.08    0.0235020595258
9.1    0.0235711563041
9.12    0.0236571524184
9.14    0.023755811431
9.16    0.0238561673465
9.18    0.0239578858214
9.2    0.0240608340994
9.22    0.024164950796
9.24    0.0242701736902
9.26    0.0243764398085
9.28    0.0244836855041
9.3    0.0245918465416
9.32    0.0247008581728
9.34    0.0248106552154
9.36    0.0249211721302
9.38    0.0250323430922
9.4    0.0251441539487
9.42    0.025257003044
9.44    0.025370319457
9.46    0.0254840369928
9.48    0.0255980895008
9.5    0.0257124109364
9.52    0.0258269354251
9.54    0.0259415973201
9.56    0.026056331261
9.58    0.0261710722273
9.6    0.0262857555965
9.62    0.0264003171902
9.64    0.0265146933288
9.66    0.026628860985
9.68    0.0267433984605
9.7    0.0268575743925
9.72    0.0269713274468
9.74    0.0270845969966
9.76    0.0271973231609
9.78    0.0273094468433
9.8    0.0274209097643
9.82    0.027531654498
9.84    0.0276416245013
9.86    0.0277507641464
9.88    0.0278590187469
9.9    0.0279663345869
9.92    0.028072849996
9.94    0.0281789909634
9.96    0.0282840476104
9.98    0.0283879701267
10.0    0.028490709776
