0.05    9.77742787684e-05
0.07    0.000228732856842
0.09    0.000461909434071
0.1    0.000772305487638
0.12    0.00111230978565
0.14    0.00158859359145
0.16    0.00226111564591
0.18    0.00368157255072
0.2    0.00442062276968
0.22    0.00675358533935
0.24    0.00797503089931
0.26    0.00823310696289
0.28    0.0102475409976
0.3    0.0102957512439
0.32    0.0109829436106
0.34    0.0121443235782
0.36    0.0135391034538
0.38    0.0173315641347
0.4    0.0191497594299
0.42    0.0185244719417
0.44    0.0182790386567
0.46    0.0217563215357
0.48    0.0254922384817
0.5    0.0277427258687
0.52    0.0282451093111
0.54    0.0258214067703
0.56    0.0236380228943
0.58    0.0217119343647
0.6    0.0205954856457
0.62    0.0236805999355
0.64    0.0253306430183
0.66    0.0285190504194
0.68    0.0308464068843
0.7    0.031917482297
0.72    0.0358374295933
0.74    0.0363508968366
0.76    0.0360011597058
0.78    0.0375222216676
0.8    0.0410067309027
0.82    0.0450341873517
0.84    0.0495143912189
0.86    0.0544865778721
0.88    0.0595065263802
0.9    0.0632272766566
0.92    0.0644657422956
0.94    0.0682189461912
0.96    0.0728145210945
0.98    0.0769742416919
1.0    0.0809080013766
1.02    0.0844990728181
1.04    0.0871218546905
1.06    0.0889631294645
1.08    0.0902860223595
1.1    0.0912004535258
1.12    0.0924132037527
1.14    0.093611757868
1.16    0.0955824549775
1.18    0.0976749225875
1.2    0.103735324782
1.22    0.113581371737
1.24    0.122442633518
1.26    0.129962070999
1.28    0.13592767857
1.3    0.140335230004
1.32    0.143384009329
1.34    0.145857048993
1.36    0.14789901805
1.38    0.149783015657
1.4    0.15096614897
1.42    0.1515973662
1.44    0.151680734568
1.46    0.150761615605
1.48    0.148726458372
1.5    0.145706498062
1.52    0.142094409406
1.54    0.138112786531
1.56    0.133354140424
1.58    0.128218031984
1.6    0.122967885678
1.62    0.118143548119
1.64    0.113640636381
1.66    0.109582197289
1.68    0.106005821932
1.7    0.105544408788
1.72    0.105964027464
1.74    0.105058589692
1.76    0.103131434445
1.78    0.100453725553
1.8    0.0982600538389
1.82    0.0993269867859
1.84    0.100688579171
1.86    0.102117212896
1.88    0.103456300359
1.9    0.104381711005
1.92    0.10471099414
1.94    0.104377253816
1.96    0.104574020917
1.98    0.106589198565
2.0    0.110706025398
2.02    0.114985255985
2.04    0.117924807512
2.06    0.119424530434
2.08    0.119581438121
2.1    0.118795547066
2.12    0.117028622912
2.14    0.114425405963
2.16    0.111240233264
2.18    0.107826496003
2.2    0.104550052935
2.22    0.101701022428
2.24    0.100996885379
2.26    0.100392814895
2.28    0.0999045746251
2.3    0.0995520360925
2.32    0.100445902586
2.34    0.102508680101
2.36    0.105325863444
2.38    0.109477471231
2.4    0.114170843309
2.42    0.119172943092
2.44    0.124373487394
2.46    0.129445564745
2.48    0.134243059223
2.5    0.138422055681
2.52    0.141885742146
2.54    0.144619678372
2.56    0.149259478482
2.58    0.154015998755
2.6    0.157883651393
2.62    0.160775242758
2.64    0.162692193472
2.66    0.163676837427
2.68    0.16379535954
2.7    0.163221648415
2.72    0.162049290259
2.74    0.160355056585
2.76    0.158420196563
2.78    0.156317490274
2.8    0.154264911878
2.82    0.152312384527
2.84    0.150736521988
2.86    0.149480494534
2.88    0.148629240023
2.9    0.148355579549
2.92    0.148539540094
2.94    0.14916507551
2.96    0.15027926765
2.98    0.15177597256
3.0    0.153542839991
3.02    0.155593732479
3.04    0.157743722501
3.06    0.159904925749
3.08    0.162063003782
3.1    0.164046282619
3.12    0.169650086697
3.14    0.175856813732
3.16    0.182099523401
3.18    0.188281188577
3.2    0.194335604493
3.22    0.200067980395
3.24    0.205371873911
3.26    0.210269933466
3.28    0.214621525186
3.3    0.218370816594
3.32    0.221500926493
3.34    0.223989728146
3.36    0.225792143647
3.38    0.226869812787
3.4    0.227284321767
3.42    0.227021844838
3.44    0.226109412178
3.46    0.224594425097
3.48    0.222526272354
3.5    0.21995879918
3.52    0.216962744772
3.54    0.218855353022
3.56    0.221476307647
3.58    0.223971150379
3.6    0.226173346564
3.62    0.228297912014
3.64    0.230178227565
3.66    0.232075359526
3.68    0.233810802855
3.7    0.235598673119
3.72    0.237348126602
3.74    0.239187731635
3.76    0.241142999081
3.78    0.243200699193
3.8    0.245373630082
3.82    0.247696185358
3.84    0.250196377381
3.86    0.252881367191
3.88    0.255734903962
3.9    0.258729590236
3.92    0.261881301327
3.94    0.265105275191
3.96    0.268379516823
3.98    0.271796088395
4.0    0.275274267667
4.02    0.278842998997
4.04    0.282510919194
4.06    0.286526806422
4.08    0.291251565584
4.1    0.295990980068
4.12    0.300833895484
4.14    0.305687715093
4.16    0.31055453472
4.18    0.315472161175
4.2    0.320324429583
4.22    0.325250866777
4.24    0.330089738464
4.26    0.33496556146
4.28    0.339746778439
4.3    0.344568894791
4.32    0.349309778809
4.34    0.354024940126
4.36    0.358724093744
4.38    0.363318871741
4.4    0.367899585878
4.42    0.372366142289
4.44    0.376753180506
4.46    0.381111946507
4.48    0.385451504536
4.5    0.389807903912
4.52    0.394092810823
4.54    0.398217716668
4.56    0.402267116541
4.58    0.406119189168
4.6    0.409848177275
4.62    0.413407896709
4.64    0.416839643005
4.66    0.420090344669
4.68    0.423280309326
4.7    0.426301119357
4.72    0.429185309045
4.74    0.432018518513
4.76    0.434720247211
4.78    0.437286859606
4.8    0.439776723275
4.82    0.442289817897
4.84    0.444835152874
4.86    0.447318972184
4.88    0.44967465342
4.9    0.451950974692
4.92    0.454222679323
4.94    0.456541204797
4.96    0.45916563439
4.98    0.462054192425
5.0    0.464945176436
5.02    0.467742062061
5.04    0.470400100431
5.06    0.472934254698
5.08    0.47532267381
5.1    0.477516798364
5.12    0.479551077249
5.14    0.481414071809
5.16    0.48314254723
5.18    0.484696586277
5.2    0.486202573643
5.22    0.48756343802
5.24    0.48880586634
5.26    0.49001043834
5.28    0.491167126265
5.3    0.492289002947
5.32    0.493322287055
5.34    0.494278225235
5.36    0.495164618641
5.38    0.495986858231
5.4    0.496738656741
5.42    0.497324869114
5.44    0.497903287116
5.46    0.49828993928
5.48    0.498654274664
5.5    0.498825078908
5.52    0.498993217744
5.54    0.498968628003
5.56    0.49893185122
5.58    0.498739863375
5.6    0.498478344119
5.62    0.498135908678
5.64    0.497641182695
5.66    0.497164543837
5.68    0.496534191028
5.7    0.495859874901
5.72    0.495120375655
5.74    0.494302975232
5.76    0.493468165637
5.78    0.492573392897
5.8    0.491656000122
5.82    0.490682201698
5.84    0.48969378743
5.86    0.488595404152
5.88    0.487546328804
5.9    0.486390148623
5.92    0.485193343039
5.94    0.483991584081
5.96    0.482692653236
5.98    0.481417262529
6.0    0.481430290694
6.02    0.482784323106
6.04    0.484118629611
6.06    0.485435239652
6.08    0.486784005237
6.1    0.488150266953
6.12    0.489503163532
6.14    0.490844248282
6.16    0.492190054982
6.18    0.493588082316
6.2    0.494977381884
6.22    0.496359048051
6.24    0.497741313172
6.26    0.499184483609
6.28    0.500621932117
6.3    0.502054326389
6.32    0.503482224351
6.34    0.50495743563
6.36    0.506449185496
6.38    0.507937010717
6.4    0.509421097957
6.42    0.510901540355
6.44    0.512439708984
6.46    0.513982854156
6.48    0.51552179765
6.5    0.517056326035
6.52    0.518587561544
6.54    0.52018179487
6.56    0.521770334242
6.58    0.523352712784
6.6    0.524928402493
6.62    0.526522564476
6.64    0.52815222724
6.66    0.529773201535
6.68    0.531384772097
6.7    0.532986180109
6.72    0.534619624552
6.74    0.536267608997
6.76    0.537902926734
6.78    0.539524693225
6.8    0.541131996435
6.82    0.542769404552
6.84    0.544414812725
6.86    0.546042943802
6.88    0.547652814691
6.9    0.549243428864
6.92    0.550866634645
6.94    0.552486321945
6.96    0.554083797335
6.98    0.555658039857
7.0    0.557219062322
7.02    0.558815158558
7.04    0.560385057279
7.06    0.561927743673
7.08    0.563446296578
7.1    0.565003720168
7.12    0.566531028593
7.14    0.568027238684
7.16    0.569520363107
7.18    0.571024433757
7.2    0.572494623102
7.22    0.573930000293
7.24    0.575379373074
7.26    0.576816082191
7.28    0.578215361891
7.3    0.579576349887
7.32    0.580942082299
7.34    0.582298303527
7.36    0.583613816277
7.38    0.584887839055
7.4    0.58614004992
7.42    0.587403696011
7.44    0.588623660836
7.46    0.589799252382
7.48    0.590929804912
7.5    0.592085814761
7.52    0.593199624743
7.54    0.594266515177
7.56    0.595285916601
7.58    0.596311366757
7.6    0.597309647844
7.62    0.59825881232
7.64    0.599158389304
7.66    0.60004329459
7.68    0.600917931566
7.7    0.601741607937
7.72    0.602513951607
7.74    0.603239037289
7.76    0.603983172547
7.78    0.604674853302
7.8    0.605313804724
7.82    0.605899779251
7.84    0.60647271511
7.86    0.607027118625
7.88    0.607527734892
7.9    0.60797440977
7.92    0.608367015122
7.94    0.608779392678
7.96    0.609137897951
7.98    0.609441817934
8.0    0.609691112389
8.02    0.609935888363
8.04    0.610149613648
8.06    0.610308412663
8.08    0.610420075803
8.1    0.610542472628
8.12    0.610609787555
8.14    0.610636838082
8.16    0.610667127792
8.18    0.610642317138
8.2    0.610572716943
8.22    0.610510455012
8.24    0.610393203304
8.26    0.610221161377
8.28    0.610048090058
8.3    0.6098383865
8.32    0.609574170287
8.34    0.609316042522
8.36    0.609014159859
8.38    0.608718699368
8.4    0.608379138527
8.42    0.608049362911
8.44    0.607672161453
8.46    0.607246199046
8.48    0.6068314411
8.5    0.606363141415
8.52    0.605841671131
8.54    0.605304933721
8.56    0.604746574276
8.58    0.604135728081
8.6    0.603478122248
8.62    0.602830940778
8.64    0.602132033361
8.66    0.601397134859
8.68    0.600662550094
8.7    0.599891277374
8.72    0.599121360118
8.74    0.598358916356
8.76    0.597611268386
8.78    0.59688146691
8.8    0.596146882215
8.82    0.59538873996
8.84    0.594611676744
8.86    0.59381888392
8.88    0.592976341969
8.9    0.592134172006
8.92    0.5912579037
8.94    0.590339612209
8.96    0.589430094825
8.98    0.588472353605
9.0    0.5875016873
9.02    0.586511716665
9.04    0.585483947331
9.06    0.584462272863
9.08    0.58342769783
9.1    0.582419681079
9.12    0.581431378924
9.14    0.580434203491
9.16    0.579427710753
9.18    0.578433034343
9.2    0.577420053501
9.22    0.576398374208
9.24    0.575342442236
9.26    0.574290700895
9.28    0.573194051058
9.3    0.572079450576
9.32    0.57095391494
9.34    0.569784658182
9.36    0.56862592645
9.38    0.56742898413
9.4    0.566238394886
9.42    0.565014374756
9.44    0.563798442423
9.46    0.562547956864
9.48    0.561294497257
9.5    0.560018162348
9.52    0.558706154606
9.54    0.557404589205
9.56    0.556062969386
9.58    0.554684488948
9.6    0.553318881337
9.62    0.551914448116
9.64    0.550471796575
9.66    0.549039233843
9.68    0.547574462868
9.7    0.54607270282
9.72    0.544570904344
9.74    0.543048268824
9.76    0.541489870604
9.78    0.539904304621
9.8    0.538326269237
9.82    0.536713692235
9.84    0.535069271647
9.86    0.533438287032
9.88    0.53179395281
9.9    0.530258290504
9.92    0.528748325735
9.94    0.527230704531
9.96    0.525726287527
9.98    0.524202431104
10.0    0.522685506859
